[?25l[39m [38;2;0;0;0m              [38;2;2;1;202m_[38;2;0;0;231m_[38;2;0;0;225m_[38;2;0;0;227m____[38;2;0;0;226m_[38;2;0;0;229m_[38;2;2;1;202m_               [39m
 [38;2;0;0;0m           [38;2;0;0;226m_g[38;2;0;0;225m@[38;2;0;0;226m@[38;2;0;0;222mP=[38;2;0;0;227m~~~~[38;2;0;0;222m=4[38;2;0;0;225m@[38;2;0;0;226m@[38;2;0;0;225mg[38;2;0;0;226m_[38;2;3;2;194m,           [39m
 [38;2;0;0;0m        [38;2;1;0;203m_[38;2;0;0;224ma[38;2;0;0;228m@[38;2;0;0;219mP[38;2;0;0;230m~[38;2;156;156;156m_[38;2;173;173;173my[38;2;216;216;216my[38;2;242;242;242mg[38;2;252;252;252mg[38;2;227;227;227m$[38;2;228;228;228m$[38;2;252;252;252mg[38;2;242;242;242mg[38;2;216;216;216my[38;2;169;169;169my[38;2;157;157;157m_[38;2;0;0;226m~[38;2;0;0;218m4[38;2;0;0;228m@[38;2;0;0;220mg[38;2;1;0;203m_         [39m
 [38;2;0;0;0m       [38;2;1;0;211my[38;2;0;0;228m@[38;2;0;0;211mF [38;2;193;193;193my[38;2;210;210;210m@[38;2;251;251;251m@[38;2;252;252;252m@@@@@@@@@@[38;2;251;251;251m@[38;2;220;220;220m@[38;2;190;190;190my [38;2;0;0;225m~[38;2;0;0;227m@[38;2;1;0;212my        [39m
 [38;2;0;0;0m      [38;2;0;0;216mg[38;2;0;0;217m@[38;2;0;0;196m'[38;2;148;148;148my[38;2;226;226;226m@[38;2;251;251;251m@[38;2;252;252;252m@@@@@@@@@@@@@@@[38;2;238;238;238m@[38;2;133;133;133my [38;2;0;0;222mR[38;2;0;0;213m$       [39m
 [38;2;0;0;0m     [38;2;1;1;200mj[38;2;0;0;226m@ [38;2;151;151;152my[38;2;249;249;249m@[38;2;251;251;251m@[38;2;215;215;215m@[38;2;194;194;194m@[38;2;249;249;249m@[38;2;251;251;251m@[38;2;252;252;252m@@@@@@@@@@@@@[38;2;251;251;251m@[38;2;136;136;136my [38;2;0;0;227mB[38;2;0;0;215mi      [39m
 [38;2;0;0;0m     [38;2;0;0;213m@[38;2;0;0;198m[ [38;2;221;221;221m@[38;2;252;252;252m@[38;2;251;251;251m@[38;2;190;190;190my[38;2;146;146;146m_[38;2;70;70;70m`[38;2;210;210;210m~[38;2;166;166;166mP[38;2;216;216;216m@[38;2;251;251;251m@[38;2;252;252;252m@[38;2;251;251;251m@[38;2;229;229;229m@[38;2;220;220;220m@@@@@[38;2;231;231;231m@[38;2;251;251;251m@[38;2;252;252;252m@[38;2;239;239;239m@  [38;2;0;0;223m$      [39m
 [38;2;0;0;0m     [38;2;0;0;226m@  [38;2;249;249;249m@[38;2;252;252;252m@@[38;2;251;251;251m@[38;2;207;207;207m@[38;2;142;142;142mF  [38;2;193;193;193m_[38;2;207;207;207m$[38;2;251;251;251m@[38;2;218;218;218m@[38;2;224;224;224m_[38;2;206;206;206m_____[38;2;230;230;230m_[38;2;208;208;208m@[38;2;252;252;252m@[38;2;251;251;251m@  [38;2;0;0;226m@      [39m
 [38;2;0;0;0m     [38;2;0;0;225m@  [38;2;249;249;249m@[38;2;252;252;252m@[38;2;251;251;251m@[38;2;173;173;173m_[38;2;118;118;118m_[38;2;168;168;168my[38;2;220;220;220mg[38;2;232;232;232m@[38;2;251;251;251m@[38;2;252;252;252m@@@[38;2;251;251;251m@@@@@@@[38;2;252;252;252m@@[38;2;251;251;251m@  [38;2;0;0;226m@      [39m
 [38;2;0;0;0m     [38;2;0;0;225m@  [38;2;249;249;249m@[38;2;252;252;252m@@[38;2;251;251;251m@@[38;2;252;252;252m@@@@@@@@@@@@@@@@[38;2;251;251;251m@  [38;2;0;0;226m@      [39m
 [38;2;0;0;0m     [38;2;0;0;225m@  [38;2;249;249;249m@[38;2;252;252;252m@@@@@@@@@@@@@@@@@@@@[38;2;251;251;251m@  [38;2;0;0;226m@      [39m
 [38;2;0;0;0m     [38;2;0;0;225m@  [38;2;249;249;249m@[38;2;252;252;252m@@@@@@@@@@@@@@@@@@@@[38;2;251;251;251m@  [38;2;0;0;226m@      [39m
 [38;2;0;0;0m     [38;2;0;0;225m@  [38;2;249;249;249m@[38;2;252;252;252m@@@@@@@@@@@@@@@@@@@@[38;2;251;251;251m@  [38;2;0;0;226m@      [39m
 [38;2;0;0;0m     [38;2;0;0;218m@  [38;2;241;241;241m@[38;2;252;252;252m@@@@@@@@@@@@@@@@@@@@[38;2;247;247;247m@  [38;2;0;0;223m$      [39m
 [38;2;0;0;0m     [38;2;1;1;208m`[38;2;0;0;225m@[38;2;0;0;217m_[38;2;116;116;116m~[38;2;190;190;190mA[38;2;241;241;241m@[38;2;250;250;250m@[38;2;246;246;246m@[38;2;189;189;189m@[38;2;168;168;168mF[38;2;252;252;252m~[38;2;165;165;165mM[38;2;219;219;219m@[38;2;248;248;248m@@[38;2;222;222;222m@[38;2;212;212;212mF[38;2;252;252;252m~[38;2;173;173;173mT[38;2;211;211;211mR[38;2;245;245;245m@[38;2;249;249;249m@[38;2;242;242;242m@[38;2;168;168;168m@[38;2;149;149;149m~[38;2;0;0;214m_[38;2;0;0;222m$[38;2;0;0;231m'      [39m
 [38;2;0;0;0m      [38;2;1;1;204m`[38;2;0;0;214m?[38;2;0;0;227ma[38;2;0;0;215my[38;2;0;0;226m___[38;2;0;0;206my[38;2;0;0;227ma[38;2;0;0;220m@g[38;2;0;0;225m_[38;2;0;0;226m__[38;2;0;0;225m_[38;2;0;0;221ma[38;2;0;0;217m@[38;2;0;0;226ma[38;2;0;0;207my[38;2;0;0;226m___[38;2;0;0;214my[38;2;0;0;225ma[38;2;0;0;215mF[38;2;0;0;217m'       [39m
 [38;2;0;0;0m         [38;2;0;0;228m`[38;2;0;0;229m~[38;2;0;0;231m~~[38;2;0;0;233m`  [38;2;2;2;189m`[38;2;0;0;216m~[38;2;0;0;231m~[38;2;0;0;232m~[38;2;0;0;219m~[38;2;2;2;191m`  [38;2;0;0;233m`[38;2;0;0;229m~[38;2;0;0;232m~[38;2;0;0;229m~[38;2;0;0;228m`          [39m
 [38;2;0;0;0m                                       [39m
 [38;2;0;0;0m                                       [39m
[?25h