[?25l[39m [38;2;0;0;0m              [38;2;0;0;229m_[38;2;0;0;226m_[38;2;1;1;208my[38;2;0;0;219my[38;2;0;0;221ma[38;2;0;0;220ma[38;2;0;0;219my[38;2;0;1;208my[38;2;0;0;226m_[38;2;0;0;229m_               [39m
 [38;2;0;0;0m          [38;2;0;0;224m_[38;2;0;0;211ma[38;2;0;0;217m@[38;2;0;0;225mP~[38;2;0;0;227m~[38;2;0;0;224m~[38;2;140;140;140m_[38;2;210;210;210m__[38;2;141;141;141m_[38;2;0;0;223m~[38;2;0;0;227m~[38;2;0;0;226m~[38;2;0;0;225m4[38;2;0;0;221m@[38;2;0;0;215my[38;2;0;0;224m_           [39m
 [38;2;0;0;0m        [38;2;0;0;226m_[38;2;0;0;229mg[38;2;0;0;223mP[38;2;0;0;226m~[38;2;187;187;187m_[38;2;198;198;198my[38;2;245;245;245mg[38;2;234;234;234m@[38;2;251;251;251m@@@@@@[38;2;240;240;240m@[38;2;245;245;245mg[38;2;199;199;199my[38;2;186;186;186m_[38;2;0;0;223m~[38;2;0;0;222m4$[38;2;0;0;226m_         [39m
 [38;2;0;0;0m       [38;2;0;0;219mg[38;2;0;0;227mP[38;2;0;1;206m'[38;2;149;149;149my[38;2;244;244;244mg[38;2;251;251;251m@[38;2;252;252;252m@@@@@@@@@@@@[38;2;251;251;251m@[38;2;210;210;210m@[38;2;137;137;137my[38;2;1;0;202m`[38;2;0;0;226m4[38;2;0;0;220mg        [39m
 [38;2;0;0;0m      [38;2;0;0;226mg[38;2;0;0;222mF [38;2;204;204;204mg[38;2;251;251;251m@[38;2;252;252;252m@@@@@@@@@@@@@@@@[38;2;251;251;251m@[38;2;171;171;171m@ [38;2;0;0;224m~$       [39m
 [38;2;0;0;0m     [38;2;0;0;211mj[38;2;0;0;230mF [38;2;190;190;190mg[38;2;251;251;251m@@[38;2;217;217;217mP[38;2;174;174;174mP[38;2;218;218;218m@[38;2;251;251;251m@[38;2;252;252;252m@@@@@@@@@@@@@[38;2;251;251;251m@[38;2;166;166;166m@ [38;2;0;0;218m4[38;2;0;0;219ml      [39m
 [38;2;0;0;0m     [38;2;0;0;218m@[38;2;0;0;180m[ [38;2;242;242;242m@[38;2;252;252;252m@[38;2;251;251;251m@[38;2;203;203;203mg[38;2;145;145;145my [38;2;163;163;163m`[38;2;241;241;241m~[38;2;179;179;179mR[38;2;248;248;248m@[38;2;252;252;252m@[38;2;248;248;248m@[38;2;227;227;227mP[38;2;213;213;213mPPPPP[38;2;174;174;174m@[38;2;249;249;249m@[38;2;252;252;252m@[38;2;248;248;248m@  [38;2;0;0;225m$      [39m
 [38;2;0;0;0m     [38;2;0;0;225m@  [38;2;249;249;249m@[38;2;252;252;252m@@[38;2;234;234;234m@[38;2;221;221;221mF[38;2;220;220;220m~ [38;2;118;118;118m_[38;2;171;171;171my[38;2;213;213;213m@[38;2;252;252;252m@[38;2;229;229;229m@[38;2;182;182;182my[38;2;172;172;172myyyyy[38;2;185;185;185my[38;2;223;223;223m@[38;2;252;252;252m@[38;2;251;251;251m@  [38;2;0;0;227m@      [39m
 [38;2;0;0;0m     [38;2;0;0;225m@  [38;2;249;249;249m@[38;2;252;252;252m@[38;2;251;251;251m@[38;2;167;167;167my[38;2;142;142;142my[38;2;185;185;185mg[38;2;208;208;208m@[38;2;251;251;251m@[38;2;252;252;252m@@@@@@@@@@@@@[38;2;251;251;251m@  [38;2;0;0;227m@      [39m
 [38;2;0;0;0m     [38;2;0;0;225m@  [38;2;249;249;249m@[38;2;252;252;252m@@@@@@@@@@@@@@@@@@@@[38;2;251;251;251m@  [38;2;0;0;227m@      [39m
 [38;2;0;0;0m     [38;2;0;0;225m@  [38;2;249;249;249m@[38;2;252;252;252m@@@@@@@@@@@@@@@@@@@@[38;2;251;251;251m@  [38;2;0;0;227m@      [39m
 [38;2;0;0;0m     [38;2;0;0;225m@  [38;2;249;249;249m@[38;2;252;252;252m@@@@@@@@@@@@@@@@@@@@[38;2;251;251;251m@  [38;2;0;0;226m@      [39m
 [38;2;0;0;0m     [38;2;0;0;225m@  [38;2;249;249;249m@[38;2;252;252;252m@@@@@@@@@@@@@@@@@@@@[38;2;251;251;251m@  [38;2;0;0;227m@      [39m
 [38;2;0;0;0m     [38;2;0;0;218m@[38;2;0;0;216m, [38;2;238;238;238m@[38;2;252;252;252m@@@@@@@@@@@@@@@@@@@@[38;2;247;247;247m@ [38;2;0;0;172mj[38;2;0;0;222m@      [39m
 [38;2;0;0;0m     [38;2;1;1;212m`[38;2;0;0;227m@[38;2;0;0;224m_[38;2;194;194;194m`[38;2;175;175;175mA[38;2;233;233;233m@[38;2;247;247;247m@[38;2;242;242;242m@[38;2;177;177;177m@[38;2;251;251;251m~[38;2;252;252;252m~[38;2;146;146;146m5[38;2;204;204;204m@[38;2;246;246;246m@@[38;2;210;210;210m@[38;2;203;203;203mF[38;2;251;251;251m~~[38;2;199;199;199mR[38;2;241;241;241m@[38;2;247;247;247m@[38;2;235;235;235m@[38;2;212;212;212mP[38;2;138;138;138m~[38;2;0;0;223m_[38;2;0;0;224m$[38;2;0;0;232m'      [39m
 [38;2;0;0;0m      [38;2;0;1;213m`[38;2;0;0;214m4[38;2;0;0;219m@y[38;2;0;0;226m___[38;2;0;0;213my[38;2;0;0;227mg@[38;2;0;0;223mg[38;2;0;0;227m_[38;2;0;0;226m__[38;2;0;0;227m_[38;2;0;0;223mg[38;2;0;0;226m@g[38;2;0;0;212my[38;2;0;0;226m___[38;2;0;0;219my[38;2;0;0;227ma[38;2;0;0;219mP[38;2;0;0;229m'       [39m
 [38;2;0;0;0m         [38;2;1;1;211m~[38;2;0;0;228m~[38;2;0;0;226m~[38;2;0;0;227m~[38;2;0;0;221m~  [38;2;0;0;222m`[38;2;0;0;228m~[38;2;0;0;227m~~[38;2;0;0;230m~[38;2;0;0;222m`  [38;2;0;0;220m~[38;2;0;0;228m~[38;2;0;0;226m~[38;2;0;0;229m~[38;2;0;0;213m~          [39m
 [38;2;0;0;0m                                       [39m
 [38;2;0;0;0m                                       [39m
[?25h