[?25l[39m [38;2;0;0;0m                                       [39m
 [38;2;0;0;0m             [38;2;0;0;228m_[38;2;0;0;226m_[38;2;1;0;215ma[38;2;0;0;226mg[38;2;0;0;227mgg[38;2;0;0;228mg[38;2;0;0;227mg[38;2;0;0;226mg[38;2;0;0;220my[38;2;0;0;226m_[38;2;0;0;229m_              [39m
 [38;2;0;0;0m          [38;2;0;0;229m_[38;2;0;0;227mg[38;2;0;0;228m@[38;2;0;0;220mP[38;2;0;0;226m~[38;2;0;0;231m~[38;2;122;122;122m_[38;2;202;202;202m_[38;2;249;249;249m__[38;2;203;203;203m_[38;2;121;121;121m_[38;2;0;0;229m~[38;2;0;0;226m~[38;2;0;0;220m4[38;2;0;0;227m@g[38;2;0;0;229m_           [39m
 [38;2;0;0;0m        [38;2;1;1;206my[38;2;0;0;225m@[38;2;0;0;219mF[38;2;0;0;213m~[38;2;223;223;223m_[38;2;187;187;187mg[38;2;250;250;250mg[38;2;245;245;245m@[38;2;252;252;252m@[38;2;251;251;251m@[38;2;252;252;252m@@[38;2;251;251;251m@[38;2;252;252;252m@[38;2;247;247;247m@[38;2;210;210;210m@[38;2;187;187;187mg[38;2;223;223;223m_[38;2;0;0;209m~[38;2;0;0;214m?[38;2;0;0;227m@[38;2;1;1;207my         [39m
 [38;2;0;0;0m       [38;2;0;0;229mg[38;2;0;0;227mF[38;2;0;0;192m'[38;2;168;168;169my[38;2;222;222;222m$[38;2;251;251;251m@[38;2;252;252;252m@@@@@@@@@@@@[38;2;251;251;251m@[38;2;225;225;225m@[38;2;159;159;159my [38;2;0;0;217m4[38;2;0;0;226m$[38;2;0;0;216m,       [39m
 [38;2;0;0;0m      [38;2;0;0;222m@[38;2;0;0;217mF [38;2;217;217;217mg[38;2;251;251;251m@[38;2;252;252;252m@@@@@@@@@@@@@@@@[38;2;251;251;251m@[38;2;194;194;194m$ [38;2;0;0;221m~[38;2;0;0;230m$       [39m
 [38;2;0;0;0m     [38;2;0;0;219mj[38;2;0;0;227mF [38;2;201;201;201mg[38;2;251;251;251m@[38;2;252;252;252m@@@@@@@@@@@@@@@@@@[38;2;251;251;251m@[38;2;178;178;178m@ [38;2;0;0;220m?[38;2;1;1;203m$      [39m
 [38;2;0;0;0m     [38;2;0;0;221m@[38;2;0;0;177m[ [38;2;244;244;244m@[38;2;252;252;252m@@[38;2;251;251;251m@@[38;2;245;245;245m@[38;2;244;244;244m@[38;2;246;246;246m@[38;2;251;251;251m@@[38;2;252;252;252m@@@[38;2;251;251;251m@[38;2;248;248;248m@[38;2;244;244;244m@[38;2;245;245;245m@[38;2;250;250;250m@[38;2;251;251;251m@[38;2;252;252;252m@@[38;2;249;249;249m@  [38;2;0;0;223m@      [39m
 [38;2;0;0;0m     [38;2;0;0;226m@  [38;2;249;249;249m@[38;2;252;252;252m@[38;2;199;199;199m@[38;2;187;187;187m~[38;2;153;153;153mm[38;2;108;108;108mM[38;2;147;147;147m@[38;2;114;114;114mT[38;2;177;177;177mg[38;2;199;199;199m~[38;2;236;236;236m@[38;2;246;246;246m@[38;2;235;235;235m~[38;2;171;171;171ma[38;2;117;117;117mF[38;2;132;132;132m@M[38;2;134;134;134mq[38;2;130;130;130m~[38;2;172;172;172m@[38;2;251;251;251m@@  [38;2;0;0;226m@      [39m
 [38;2;0;0;0m     [38;2;0;0;226m@  [38;2;249;249;249m@[38;2;252;252;252m@[38;2;245;245;245m@[38;2;219;219;219my[38;2;178;178;178mZ[38;2;169;169;169mg[38;2;176;176;176mg[38;2;199;199;199mg[38;2;251;251;251mg[38;2;218;218;218m@[38;2;251;251;251m@@[38;2;228;228;228mg[38;2;165;165;165mZ[38;2;158;158;158mg[38;2;176;176;176mg[38;2;180;180;180mg[38;2;237;237;237mg[38;2;251;251;251mg@[38;2;252;252;252m@[38;2;251;251;251m@  [38;2;0;0;226m@      [39m
 [38;2;0;0;0m     [38;2;0;0;226m@  [38;2;249;249;249m@[38;2;252;252;252m@@@@@@@@@@@@@@@@@@@@[38;2;251;251;251m@  [38;2;0;0;226m@      [39m
 [38;2;0;0;0m     [38;2;0;0;226m@  [38;2;249;249;249m@[38;2;252;252;252m@@@@@@@@@@@@@@@@@@@@[38;2;251;251;251m@  [38;2;0;0;227m@      [39m
 [38;2;0;0;0m     [38;2;0;0;226m@  [38;2;249;249;249m@[38;2;252;252;252m@@@@@@@@@@@@@@@@@@@@[38;2;251;251;251m@  [38;2;0;0;227m@      [39m
 [38;2;0;0;0m     [38;2;0;0;225m@  [38;2;250;250;250m@[38;2;252;252;252m@@@@@@@@@@@@@@@@@@@@[38;2;251;251;251m@  [38;2;0;0;226m@      [39m
 [38;2;0;0;0m     [38;2;1;1;203m4[38;2;0;0;232mL [38;2;183;183;183m4[38;2;251;251;251m@[38;2;252;252;252m@@@[38;2;251;251;251m@[38;2;237;237;237m@[38;2;213;213;213m@[38;2;248;248;248m@[38;2;251;251;251m@[38;2;252;252;252m@@[38;2;251;251;251m@[38;2;248;248;248m@[38;2;212;212;212m@[38;2;235;235;235m@[38;2;251;251;251m@[38;2;252;252;252m@@@[38;2;251;251;251m@[38;2;229;229;229mF [38;2;0;0;230mj[38;2;0;0;222mF      [39m
 [38;2;0;0;0m      [38;2;0;0;229m~a[38;2;0;0;225m_[38;2;164;164;164m`[38;2;237;237;237m~[38;2;251;251;251m~[38;2;247;247;247m~[38;2;144;144;144m~[38;2;0;0;228m_[38;2;0;0;226m_[38;2;0;0;224m_[38;2;202;202;202m~[38;2;250;250;250m~[38;2;251;251;251m~[38;2;220;220;220m~[38;2;0;0;224m_[38;2;0;0;226m_[38;2;0;0;228m_[38;2;127;127;127m~[38;2;245;245;245m~[38;2;251;251;251m~[38;2;242;242;242m~[38;2;175;175;175m`[38;2;0;0;225m_[38;2;0;0;229ma[38;2;0;0;214mF       [39m
 [38;2;0;0;0m        [38;2;0;0;227m~[38;2;0;0;226m~[38;2;0;0;229m=[38;2;0;0;216mP[38;2;0;0;217mP[38;2;0;0;224m=[38;2;0;0;227m~~[38;2;0;0;226m~[38;2;0;0;231m=[38;2;0;0;215mP[38;2;0;0;217mP[38;2;0;0;231m=[38;2;0;0;226m~[38;2;0;0;228m~[38;2;0;0;226m~[38;2;0;0;224m=[38;2;0;0;216m4[38;2;0;0;217mP[38;2;0;0;229m=[38;2;0;0;226m~[38;2;0;0;229m~[38;2;2;3;186m`        [39m
 [38;2;0;0;0m                                       [39m
 [38;2;0;0;0m                                       [39m
[?25h