[?25l[39m [38;2;0;0;0m                [38;2;1;0;206m_[38;2;0;0;233m_[38;2;0;0;234m__[38;2;0;0;233m_[38;2;1;0;206m_                 [39m
 [38;2;0;0;0m           [38;2;1;0;222m_[38;2;0;0;223m_[38;2;0;0;228ma[38;2;0;0;218m#[38;2;0;0;225m=[38;2;0;0;228m~[38;2;0;0;225m~[38;2;0;0;226m~~[38;2;0;0;225m~[38;2;0;0;226m~[38;2;0;0;224m=[38;2;0;0;217mR[38;2;0;0;226ma[38;2;0;0;225m_[38;2;1;0;219m_            [39m
 [38;2;0;0;0m         [38;2;0;0;230m_[38;2;0;0;217m$[38;2;0;0;227m~[38;2;0;0;217m~[38;2;223;223;223m_[38;2;194;194;194my[38;2;225;225;225mg[38;2;252;252;252mg[38;2;223;223;223m@[38;2;240;240;240m@[38;2;242;242;242m@[38;2;226;226;226m@[38;2;252;252;252mg[38;2;224;224;224mg[38;2;194;194;194my[38;2;223;223;223m_[38;2;0;0;215m~[38;2;0;0;226m~[38;2;0;0;219m@[38;2;0;0;229m_          [39m
 [38;2;0;0;0m       [38;2;0;0;216m_[38;2;0;0;219m@[38;2;0;0;228m~[38;2;95;95;95m_[38;2;184;184;184mg[38;2;232;232;232m@[38;2;251;251;251m@[38;2;252;252;252m@@@@@@@@@@[38;2;251;251;251m@[38;2;240;240;240m@[38;2;183;183;183mg[38;2;94;94;94m_[38;2;0;0;224m~[38;2;0;0;222m@[38;2;0;0;218m_        [39m
 [38;2;0;0;0m      [38;2;1;0;214mj[38;2;0;0;229mP [38;2;178;178;178my[38;2;242;242;242m@[38;2;252;252;252m@@@@@@@@@@@@@@@@[38;2;248;248;248m@[38;2;168;168;168my [38;2;0;0;227m4[38;2;1;0;209mL       [39m
 [38;2;0;0;0m      [38;2;0;0;225m@ [38;2;168;168;168my[38;2;251;251;251m@@[38;2;233;233;233m@[38;2;220;220;220m@[38;2;251;251;251m@[38;2;252;252;252m@@@@@@@@@@@@@@[38;2;251;251;251m@[38;2;155;155;155my [38;2;0;0;224mB[38;2;0;0;230m,      [39m
 [38;2;0;0;0m     [38;2;0;0;217mg[38;2;0;0;193m[ [38;2;230;230;230m@[38;2;252;252;252m@[38;2;251;251;251m@[38;2;167;167;167my[38;2;66;66;66m_[38;2;150;150;150m`[38;2;237;237;237m~[38;2;177;177;177mA[38;2;236;236;236m@[38;2;251;251;251m@[38;2;252;252;252m@[38;2;251;251;251m@[38;2;249;249;249m@[38;2;245;245;245m@@@@@[38;2;249;249;249m@[38;2;251;251;251m@[38;2;252;252;252m@[38;2;243;243;243m@  [38;2;0;0;220m$      [39m
 [38;2;0;0;0m     [38;2;0;0;226m@  [38;2;249;249;249m@[38;2;252;252;252m@@[38;2;251;251;251m@[38;2;228;228;228m@[38;2;175;175;175m=  [38;2;138;138;138m_[38;2;204;204;204m$[38;2;251;251;251m@[38;2;216;216;216m@[38;2;172;172;172m_[38;2;155;155;155m_____[38;2;179;179;179m_[38;2;219;219;219m$[38;2;252;252;252m@[38;2;251;251;251m@  [38;2;0;0;226m@      [39m
 [38;2;0;0;0m     [38;2;0;0;226m@  [38;2;249;249;249m@[38;2;252;252;252m@[38;2;251;251;251m@[38;2;133;133;133m~ [38;2;144;144;144my[38;2;193;193;193mg[38;2;215;215;215m@[38;2;251;251;251m@[38;2;252;252;252m@@@[38;2;251;251;251m@[38;2;252;252;252m@@@@@[38;2;251;251;251m@[38;2;252;252;252m@@[38;2;251;251;251m@  [38;2;0;0;226m@      [39m
 [38;2;0;0;0m     [38;2;0;0;226m@  [38;2;249;249;249m@[38;2;252;252;252m@@[38;2;251;251;251m@@[38;2;252;252;252m@@@@@@@@@@@@@@@@[38;2;251;251;251m@  [38;2;0;0;226m@      [39m
 [38;2;0;0;0m     [38;2;0;0;226m@  [38;2;249;249;249m@[38;2;252;252;252m@@@@@@@@@@@@@@@@@@@@[38;2;251;251;251m@  [38;2;0;0;226m@      [39m
 [38;2;0;0;0m     [38;2;0;0;226m@  [38;2;249;249;249m@[38;2;252;252;252m@@@@@@@@@@@@@@@@@@@@[38;2;251;251;251m@  [38;2;0;0;227m@      [39m
 [38;2;0;0;0m     [38;2;0;0;226m@  [38;2;249;249;249m@[38;2;252;252;252m@@@@@@@@@@@@@@@@@@@@[38;2;251;251;251m@  [38;2;0;0;227m@      [39m
 [38;2;0;0;0m     [38;2;0;0;225m@  [38;2;249;249;249m@[38;2;252;252;252m@@@@@@@@@@@@@@@@@@@@[38;2;251;251;251m@  [38;2;0;0;226m@      [39m
 [38;2;0;0;0m     [38;2;0;0;220m@[38;2;0;0;216m, [38;2;241;241;241m@[38;2;252;252;252m@@@@@@@@@@@@@@@@@@@@[38;2;247;247;247m@  [38;2;0;0;223m@      [39m
 [38;2;0;0;0m     [38;2;1;0;212m`[38;2;0;0;226m@[38;2;0;0;219m_[38;2;124;124;124m~[38;2;188;188;188mR[38;2;238;238;238m@[38;2;252;252;252m@[38;2;245;245;245m@[38;2;195;195;195m@[38;2;179;179;179mF[38;2;251;251;251m~[38;2;161;161;161m5[38;2;220;220;220m@[38;2;251;251;251m@@[38;2;224;224;224m@[38;2;213;213;213mF[38;2;251;251;251m~[38;2;175;175;175mT[38;2;185;185;185m@[38;2;245;245;245m@[38;2;252;252;252m@[38;2;240;240;240m@[38;2;175;175;175m@[38;2;158;158;158m~[38;2;0;0;216m_[38;2;0;0;230mg[38;2;0;0;232m'      [39m
 [38;2;0;0;0m      [38;2;1;0;217m`[38;2;0;0;223m4[38;2;0;0;227mg[38;2;0;0;213my[38;2;0;0;227m_[38;2;0;0;225m_[38;2;0;0;226m_[38;2;0;0;227m_g[38;2;0;0;226m@[38;2;0;0;221mg[38;2;0;0;227m_[38;2;0;0;225m__[38;2;0;0;227m_[38;2;0;0;223ma[38;2;0;0;224m@[38;2;0;0;227mg_[38;2;0;0;226m_[38;2;0;0;225m_[38;2;0;0;227m_[38;2;0;0;212my[38;2;0;0;227mg[38;2;0;0;226mP[38;2;1;1;202m~       [39m
 [38;2;0;0;0m        [38;2;4;3;186m`[38;2;0;0;223m~[38;2;0;0;226m~[38;2;0;0;227m~[38;2;0;0;226m~~[38;2;3;1;201m` [38;2;3;1;199m~[38;2;0;0;227m~~~~[38;2;2;2;204m~ [38;2;2;0;205m`[38;2;0;0;225m~[38;2;0;0;227m~~[38;2;0;0;226m~[38;2;0;0;225m~[38;2;4;3;187m`         [39m
 [38;2;0;0;0m                                       [39m
[?25h