[?25l[39m [38;2;0;0;0m                                       [39m
 [38;2;0;0;0m              [38;2;0;0;227m_[38;2;0;0;226m_[38;2;0;0;225m_[38;2;1;1;209my[38;2;0;0;215my[38;2;0;0;212my[38;2;1;1;203my[38;2;0;0;226m__[38;2;0;0;216m_               [39m
 [38;2;0;0;0m          [38;2;0;0;229m_[38;2;0;0;217ma[38;2;1;0;210m@[38;2;0;0;224m=[38;2;0;0;225m~[38;2;0;0;231m~[38;2;138;138;138m_[38;2;209;209;209m_[38;2;240;240;240m_[38;2;224;224;224m_[38;2;158;158;158m_[38;2;0;0;229m~[38;2;0;0;227m~[38;2;0;0;225m~[38;2;0;0;226m4[38;2;0;0;225mg[38;2;0;0;228m_            [39m
 [38;2;0;0;0m        [38;2;0;0;231m_[38;2;0;0;215m@[38;2;0;0;228m~[38;2;0;0;213m`[38;2;168;168;168my[38;2;218;218;218mg[38;2;220;220;220m@[38;2;250;250;250m@[38;2;251;251;251m@@[38;2;252;252;252m@[38;2;251;251;251m@@[38;2;252;252;252m@[38;2;235;235;235m@[38;2;234;234;234mg[38;2;183;183;183my[38;2;105;105;105m_[38;2;0;0;224m~[38;2;0;0;220mR[38;2;1;0;216my          [39m
 [38;2;0;0;0m      [38;2;1;1;193m_[38;2;0;0;230ma[38;2;0;0;229m~ [38;2;191;191;191mg[38;2;245;245;245m@[38;2;252;252;252m@@@@@@@@@@@@@[38;2;251;251;251m@[38;2;213;213;213mg[38;2;113;113;113m_[38;2;0;0;216m~[38;2;0;0;223m@[38;2;0;0;209m_        [39m
 [38;2;0;0;0m     [38;2;3;2;185m_[38;2;0;0;226m@[38;2;1;1;196m'[38;2;127;127;128my[38;2;231;231;231m@[38;2;252;252;252m@@@@@@@@@@@@@@@@@[38;2;248;248;248m@[38;2;136;136;136my [38;2;0;0;225m0[38;2;0;0;234m,       [39m
 [38;2;0;0;0m     [38;2;0;0;225m@[38;2;1;1;197m' [38;2;239;239;239m@[38;2;252;252;252m@@[38;2;223;223;223m@[38;2;160;160;160mM[38;2;174;174;174mR[38;2;238;238;238m@[38;2;251;251;251m@[38;2;252;252;252m@@@@@@@@@@@@[38;2;249;249;249m@[38;2;91;91;91m_ [38;2;0;0;233m$       [39m
 [38;2;0;0;0m     [38;2;0;0;227m@ [38;2;171;171;171m4[38;2;251;251;251m@[38;2;252;252;252m@@[38;2;234;234;234m@[38;2;207;207;207my[38;2;224;224;224m_ [38;2;129;129;129m~[38;2;175;175;175mT[38;2;191;191;191m@[38;2;251;251;251m@@[38;2;207;207;207m@[38;2;197;197;197mP[38;2;196;196;196mPPPP[38;2;197;197;197mP[38;2;199;199;199m@[38;2;251;251;251m@[38;2;181;181;181m$ [38;2;0;0;217mB[38;2;1;0;201mi      [39m
 [38;2;0;0;0m    [38;2;3;2;168mJ[38;2;0;0;220m@ [38;2;153;153;153m$[38;2;252;252;252m@@@[38;2;249;249;249m@[38;2;183;183;183m@[38;2;170;170;170mF[38;2;92;92;92m~ [38;2;135;135;135my[38;2;194;194;194mg[38;2;251;251;251m@@[38;2;168;168;168m@[38;2;185;185;185myyyyyy[38;2;202;202;202mg[38;2;251;251;251m@[38;2;204;204;204m$ [38;2;0;0;216m4[38;2;1;1;210m[      [39m
 [38;2;0;0;0m    [38;2;2;2;163mJ[38;2;0;0;223m@ [38;2;190;190;190m4[38;2;252;252;252m@@@[38;2;222;222;222m$[38;2;144;144;144my[38;2;187;187;187my[38;2;242;242;242mg[38;2;247;247;247m@[38;2;252;252;252m@@@@@@@@@@@@@[38;2;200;200;200m@ [38;2;0;0;213m4[38;2;1;1;213m[      [39m
 [38;2;0;0;0m     [38;2;0;0;227m@ [38;2;180;180;180m4[38;2;251;251;251m@[38;2;252;252;252m@@@@@@@@@@@@@@@@@@@@[38;2;211;211;211m@ [38;2;0;0;208m4[38;2;1;1;218m[      [39m
 [38;2;0;0;0m     [38;2;0;0;233m@ [38;2;164;164;165m4[38;2;251;251;251m@[38;2;252;252;252m@@@@@@@@@@@@@@@@@@@@[38;2;227;227;227m@ [38;2;1;0;201m4[38;2;0;0;222m[      [39m
 [38;2;0;0;0m     [38;2;0;0;236m@ [38;2;144;144;144m4[38;2;251;251;251m@[38;2;252;252;252m@@@@@@@@@@@@@@@@@@@@[38;2;237;237;237m@ [38;2;0;0;192mJ[38;2;1;1;204m$      [39m
 [38;2;0;0;0m     [38;2;0;0;237m@ [38;2;123;123;124m4[38;2;252;252;252m@@@@@@@@@@@@@@@@@@@@@[38;2;240;240;240m@ [38;2;0;0;182mJ[38;2;0;0;212m$      [39m
 [38;2;0;0;0m     [38;2;0;0;232m@ [38;2;72;72;73m4[38;2;250;250;250m@[38;2;252;252;252m@@@@@@@@@@@@@@@@@@@@[38;2;241;241;241m@ [38;2;0;0;187mj[38;2;0;0;215m$      [39m
 [38;2;0;0;0m     [38;2;0;0;219m`[38;2;0;0;225mg[38;2;0;0;206m,[38;2;187;187;187m~[38;2;184;184;184mF[38;2;213;213;213m@[38;2;251;251;251m@[38;2;252;252;252m@[38;2;251;251;251m@[38;2;210;210;210m@[38;2;197;197;197mF[38;2;177;177;177mF[38;2;171;171;171m@[38;2;247;247;247m@[38;2;252;252;252m@@[38;2;237;237;237m@[38;2;222;222;222mF[38;2;177;177;177mF[38;2;176;176;176mP[38;2;228;228;228m@[38;2;252;252;252m@[38;2;250;250;250m@[38;2;196;196;196m@[38;2;163;163;163m~[38;2;1;0;197m_[38;2;0;0;233ma[38;2;0;0;229m'      [39m
 [38;2;0;0;0m      [38;2;0;0;219m`[38;2;0;0;224m4[38;2;0;0;219m@[38;2;0;0;222mg[38;2;0;0;227m_[38;2;0;0;225m_[38;2;136;136;136m`[38;2;0;0;225m_[38;2;0;0;227m_[38;2;0;0;225ma[38;2;0;0;227ma[38;2;0;0;205my[38;2;0;0;223m_[38;2;128;128;128m`[38;2;113;113;113m`[38;2;0;0;225m_[38;2;0;0;216my[38;2;0;0;226ma[38;2;0;0;214mg[38;2;0;0;225m_[38;2;101;101;101m`[38;2;0;0;225m_[38;2;0;0;226m_[38;2;0;0;227mg[38;2;0;0;224mP[38;2;0;0;230m'       [39m
 [38;2;0;0;0m         [38;2;3;3;193m`[38;2;0;0;223m~[38;2;0;0;226m~~~[38;2;0;0;224m~  [38;2;2;1;201m~[38;2;0;0;226m~~~[38;2;0;0;227m~[38;2;0;0;224m` [38;2;2;0;206m`[38;2;0;0;224m~[38;2;0;0;226m~~[38;2;0;0;221m~          [39m
 [38;2;0;0;0m                                       [39m
[?25h