[?25l[39m [38;2;0;0;0m                                       [39m
 [38;2;0;0;0m              [38;2;1;1;200m_[38;2;0;0;226m__[38;2;0;0;225m_[38;2;1;1;200my[38;2;1;1;201my[38;2;0;0;225m_[38;2;0;0;226m__[38;2;0;0;223m_               [39m
 [38;2;0;0;0m           [38;2;0;0;227m_[38;2;0;0;225mg[38;2;0;0;219mR[38;2;0;0;218m=[38;2;0;0;225m~[38;2;0;0;231m~[38;2;115;115;115m_[38;2;151;151;151m_[38;2;157;157;157m_[38;2;133;133;133m_[38;2;0;0;232m~[38;2;0;0;226m~~[38;2;0;0;224m4[38;2;0;0;228ma[38;2;0;0;224m_[38;2;0;1;208m_           [39m
 [38;2;0;0;0m         [38;2;0;0;214ma[38;2;0;0;228mP[38;2;0;0;226m~[38;2;110;110;110m_[38;2;182;182;182my[38;2;228;228;228mg[38;2;223;223;223m@[38;2;249;249;249m@[38;2;252;252;252m@[38;2;251;251;251m@@[38;2;252;252;252m@@[38;2;238;238;238m@[38;2;245;245;245mg[38;2;210;210;210my[38;2;218;218;218m_[38;2;0;0;215m~[38;2;0;0;214m?[38;2;0;0;227ma[38;2;0;0;223m_         [39m
 [38;2;0;0;0m       [38;2;0;0;224m_[38;2;0;0;220m@[38;2;0;0;211m~[38;2;157;157;157m_[38;2;223;223;223mg[38;2;250;250;250m@[38;2;252;252;252m@@@@@@@@@@@@@[38;2;226;226;226m@[38;2;172;172;172my [38;2;0;0;219m?[38;2;0;0;223mg        [39m
 [38;2;0;0;0m      [38;2;0;0;215mj[38;2;0;0;227mP [38;2;189;189;189my[38;2;248;248;248m@[38;2;252;252;252m@@@@@@@@@@@@@@@@[38;2;251;251;251m@[38;2;206;206;206m@[38;2;75;75;75m,[38;2;0;0;209m~[38;2;0;0;229m$       [39m
 [38;2;0;0;0m      [38;2;0;0;231m@ [38;2;147;147;147my[38;2;250;250;250m@[38;2;215;215;215mP[38;2;172;172;172m#[38;2;225;225;225m@[38;2;251;251;251m@[38;2;252;252;252m@@@@@@@@@@@@@@@[38;2;216;216;216m@ [38;2;0;0;209m~[38;2;0;0;213m$      [39m
 [38;2;0;0;0m     [38;2;0;0;212mJ[38;2;1;0;213m[ [38;2;216;216;216m$[38;2;251;251;251m@[38;2;193;193;193mg[38;2;242;242;242m_ [38;2;196;196;196m`[38;2;248;248;248m~[38;2;194;194;194mR[38;2;250;250;250m@[38;2;252;252;252m@[38;2;247;247;247m@[38;2;228;228;228mP[38;2;220;220;220mPPPPP[38;2;180;180;180m@[38;2;250;250;250m@[38;2;252;252;252m@@[38;2;251;251;251m@[38;2;123;123;123mL [38;2;0;0;236m$      [39m
 [38;2;0;0;0m     [38;2;1;0;211m4[38;2;0;0;203m[ [38;2;233;233;233m$[38;2;251;251;251m@[38;2;234;234;234m@[38;2;222;222;222mF[38;2;198;198;198m~ [38;2;102;102;102m_[38;2;169;169;169my[38;2;220;220;220m@[38;2;252;252;252m@[38;2;221;221;221m@[38;2;170;170;170my[38;2;161;161;161myyyyy[38;2;183;183;183my[38;2;229;229;229m@[38;2;252;252;252m@@@[38;2;141;141;141mF [38;2;0;0;235m$      [39m
 [38;2;0;0;0m     [38;2;1;0;212m4[38;2;0;0;201m[ [38;2;234;234;234m$[38;2;248;248;248m@[38;2;142;142;142my[38;2;252;252;252m_[38;2;213;213;213my[38;2;251;251;251mg@[38;2;252;252;252m@@@@@@@@@@@@@@@[38;2;138;138;139mF [38;2;0;0;236m$      [39m
 [38;2;0;0;0m     [38;2;0;0;214m4[38;2;0;0;200m[ [38;2;224;224;224m@[38;2;252;252;252m@@@@@@@@@@@@@@@@@@@@@[38;2;132;132;132mF [38;2;0;0;236m$      [39m
 [38;2;0;0;0m     [38;2;0;0;217m4[38;2;0;0;196m[ [38;2;229;229;229m@[38;2;252;252;252m@@@@@@@@@@@@@@@@@@@@@[38;2;121;121;121mF [38;2;0;0;236m$      [39m
 [38;2;0;0;0m     [38;2;0;0;220m4[38;2;0;0;190m[ [38;2;236;236;236m@[38;2;252;252;252m@@@@@@@@@@@@@@@@@@@@[38;2;251;251;251m@[38;2;120;120;120mL [38;2;0;0;232m@      [39m
 [38;2;0;0;0m     [38;2;0;0;213m$  [38;2;243;243;243m@[38;2;252;252;252m@@@@@@@@@@@@@@@@@@@@[38;2;251;251;251m@[38;2;101;101;101mL [38;2;0;0;230m@      [39m
 [38;2;0;0;0m     [38;2;0;0;216m9[38;2;0;0;218m, [38;2;231;231;231m@[38;2;252;252;252m@@@@@@@@@@@@@@@@@@@@[38;2;248;248;248m@[38;2;64;64;65m~ [38;2;0;0;225m@      [39m
 [38;2;0;0;0m     [38;2;2;1;203m`[38;2;0;0;226m@[38;2;0;0;223m_[38;2;181;181;181m`[38;2;176;176;176mR[38;2;194;194;194m@[38;2;180;180;180mF[38;2;251;251;251m~[38;2;156;156;156mM[38;2;209;209;209m@[38;2;248;248;248m@[38;2;250;250;250m@[38;2;224;224;224m@[38;2;215;215;215mF[38;2;251;251;251m~~[38;2;198;198;198mR[38;2;239;239;239m@[38;2;252;252;252m@[38;2;239;239;239m@[38;2;179;179;179m@[38;2;163;163;163mF[38;2;251;251;251m~[38;2;183;183;183mF[38;2;164;164;164m~[38;2;0;0;217m_[38;2;0;0;231ma[38;2;0;0;232m'      [39m
 [38;2;0;0;0m      [38;2;2;2;199m`[38;2;0;0;226m~[38;2;0;0;216m@[38;2;0;0;217my[38;2;0;0;204my[38;2;0;0;227ma[38;2;0;0;222m@[38;2;0;0;225mg[38;2;0;0;226m_[38;2;0;0;225m__[38;2;0;0;227m_[38;2;0;0;223ma[38;2;0;0;217m@[38;2;0;0;227ma[38;2;0;0;210my[38;2;0;0;227m_[38;2;0;0;224m_[38;2;0;0;227m_[38;2;0;0;212my[38;2;0;0;225ma[38;2;0;0;221m@[38;2;0;0;225mg[38;2;0;0;226ma[38;2;0;0;213mF[38;2;1;0;220m'       [39m
 [38;2;0;0;0m         [38;2;1;0;223m`[38;2;2;2;196m~   [38;2;2;1;212m~[38;2;0;0;226m~~[38;2;1;0;220m~[38;2;3;2;193m`  [38;2;0;0;227m`[38;2;0;0;225m~[38;2;0;0;226m~[38;2;0;0;224m~[38;2;0;0;226m`  [38;2;3;2;192m`          [39m
 [38;2;0;0;0m                                       [39m
[?25h