[?25l[39m [38;2;0;0;0m                                       [39m
 [38;2;0;0;0m              [38;2;0;0;223m_[38;2;0;0;226m_[38;2;0;0;225m_[38;2;1;1;205my[38;2;0;0;214my[38;2;0;0;215my[38;2;1;1;208my[38;2;0;0;225m_[38;2;0;0;226m__               [39m
 [38;2;0;0;0m           [38;2;0;0;225m_[38;2;0;0;228ma[38;2;0;0;225mP[38;2;0;0;226m~[38;2;0;0;227m~[38;2;89;89;89m_[38;2;171;171;171m_[38;2;230;230;230m_[38;2;238;238;238m_[38;2;199;199;199m_[38;2;126;126;126m_[38;2;0;0;229m~[38;2;0;0;226m~[38;2;0;0;227m=[38;2;0;0;215m@[38;2;0;0;212my[38;2;0;0;221m_           [39m
 [38;2;0;0;0m        [38;2;2;2;186m_[38;2;0;0;221ma[38;2;0;0;227mP[38;2;0;0;225m~[38;2;169;169;169m_[38;2;200;200;200my[38;2;243;243;243mg[38;2;236;236;236m@[38;2;252;252;252m@[38;2;251;251;251m@@[38;2;252;252;252m@[38;2;251;251;251m@[38;2;252;252;252m@[38;2;249;249;249m@[38;2;217;217;217m@[38;2;201;201;201mg[38;2;136;136;136my[38;2;0;0;226m`[38;2;0;0;227m~[38;2;0;0;218m@[38;2;0;0;228m_         [39m
 [38;2;0;0;0m       [38;2;0;0;228m_[38;2;0;0;216m@[38;2;1;0;198m~[38;2;184;184;184m_[38;2;239;239;239mg[38;2;251;251;251m@[38;2;252;252;252m@@@@@@@@@@@@[38;2;251;251;251m@[38;2;239;239;239m@[38;2;194;194;194my [38;2;0;0;228m~[38;2;0;0;226mg[38;2;1;1;203m,       [39m
 [38;2;0;0;0m      [38;2;0;0;220mj[38;2;0;0;232mF [38;2;174;174;174mg[38;2;250;250;250m@[38;2;252;252;252m@@@@@@@@@@@@@@@@@[38;2;219;219;219m@[38;2;97;97;97m_[38;2;1;0;205m"[38;2;0;0;230m$[38;2;1;0;195m,      [39m
 [38;2;0;0;0m      [38;2;0;0;230m@ [38;2;154;154;154my[38;2;251;251;251m@[38;2;223;223;223m@[38;2;181;181;181mF[38;2;174;174;174mR[38;2;238;238;238m@[38;2;251;251;251m@[38;2;252;252;252m@@@@@@@@@@@@@@[38;2;225;225;225m@ [38;2;0;0;210m"[38;2;0;0;217m$      [39m
 [38;2;0;0;0m     [38;2;0;0;211mJ[38;2;1;0;212m[ [38;2;218;218;218m$[38;2;252;252;252m@[38;2;234;234;234m@[38;2;207;207;207my[38;2;224;224;224m_ [38;2;129;129;129m~[38;2;175;175;175mT[38;2;191;191;191m@[38;2;251;251;251m@@[38;2;207;207;207m@[38;2;197;197;197mP[38;2;196;196;196mPPPPP[38;2;200;200;200m@[38;2;251;251;251m@[38;2;252;252;252m@[38;2;251;251;251m@[38;2;136;136;136mL [38;2;0;0;236m$      [39m
 [38;2;0;0;0m     [38;2;1;0;211m4[38;2;0;0;204m[ [38;2;233;233;233m$[38;2;252;252;252m@[38;2;248;248;248m@[38;2;182;182;182m@[38;2;169;169;169mF[38;2;91;91;91m~ [38;2;137;137;137my[38;2;195;195;195mg[38;2;251;251;251m@@[38;2;167;167;167m@[38;2;185;185;185myyyyyy[38;2;203;203;203mg[38;2;251;251;251m@[38;2;252;252;252m@[38;2;251;251;251m@[38;2;143;143;143mF [38;2;0;0;235m$      [39m
 [38;2;0;0;0m     [38;2;0;0;211m4[38;2;0;0;203m[ [38;2;234;234;234m$[38;2;251;251;251m@[38;2;214;214;214m$[38;2;142;142;142my[38;2;190;190;190my[38;2;244;244;244mg[38;2;247;247;247m@[38;2;252;252;252m@@@@@@@@@@@@@@@[38;2;141;141;141mF [38;2;0;0;237m$      [39m
 [38;2;0;0;0m     [38;2;0;0;213m4[38;2;0;0;201m[ [38;2;222;222;222m@[38;2;252;252;252m@@@@@@@@@@@@@@@@@@@@@[38;2;136;136;136mF [38;2;0;0;236m$      [39m
 [38;2;0;0;0m     [38;2;0;0;216m4[38;2;0;0;197m[ [38;2;228;228;228m@[38;2;252;252;252m@@@@@@@@@@@@@@@@@@@@@[38;2;124;124;124mF [38;2;0;0;237m$      [39m
 [38;2;0;0;0m     [38;2;0;0;220m4[38;2;0;0;190m[ [38;2;235;235;235m@[38;2;252;252;252m@@@@@@@@@@@@@@@@@@@@[38;2;251;251;251m@[38;2;122;122;122mL [38;2;0;0;232m@      [39m
 [38;2;0;0;0m     [38;2;0;0;212m$  [38;2;242;242;242m@[38;2;252;252;252m@@@@@@@@@@@@@@@@@@@@[38;2;251;251;251m@[38;2;103;103;103mL [38;2;0;0;231m@      [39m
 [38;2;0;0;0m     [38;2;0;0;212m@  [38;2;238;238;238m@[38;2;252;252;252m@@@@@@@@@@@@@@@@@@@@[38;2;250;250;250m@[38;2;65;65;66m~ [38;2;0;0;227m@      [39m
 [38;2;0;0;0m     [38;2;1;1;209m`[38;2;0;0;225m@[38;2;0;0;214m,[38;2;150;150;150m~[38;2;186;186;186m@[38;2;249;249;249m@[38;2;202;202;202m@[38;2;193;193;193mF[38;2;178;178;178mF@[38;2;249;249;249m@[38;2;252;252;252m@@[38;2;234;234;234m@[38;2;218;218;218mF[38;2;176;176;176mF[38;2;181;181;181mP[38;2;233;233;233m@[38;2;252;252;252m@@[38;2;248;248;248m@[38;2;185;185;185m@[38;2;186;186;186mF[38;2;162;162;162mM[38;2;203;203;203m~ [38;2;0;0;230ma[38;2;2;1;196mF      [39m
 [38;2;0;0;0m      [38;2;1;0;214m`[38;2;0;0;221m4[38;2;0;0;225mg[38;2;0;0;226m_[38;2;0;0;225m__[38;2;0;0;226ma[38;2;0;0;227ma[38;2;0;0;225m__[38;2;131;131;131m`[38;2;105;105;105m`[38;2;0;0;225m_[38;2;0;0;217ma[38;2;0;0;226ma[38;2;0;0;217my[38;2;0;0;225m_[38;2;113;113;113m`[38;2;131;131;131m`[38;2;0;0;225m_[38;2;0;0;227m_a[38;2;0;0;223mg[38;2;0;0;225mgP[38;2;1;1;200m~       [39m
 [38;2;0;0;0m         [38;2;0;0;220m~[38;2;0;0;226m~[38;2;1;0;220m~  [38;2;1;0;213m~[38;2;0;0;226m~~~[38;2;0;0;227m~[38;2;1;0;216m` [38;2;0;0;221m`[38;2;0;0;225m~[38;2;0;0;226m~[38;2;0;0;225m~[38;2;0;0;227m~[38;2;1;1;211m~            [39m
 [38;2;0;0;0m                                       [39m
[?25h