[?25l[39m [38;2;0;0;0m                                       [39m
 [38;2;0;0;0m            [38;2;0;0;228m_[38;2;0;0;216my[38;2;0;0;228ma[38;2;0;0;216m#[38;2;0;0;229m=[38;2;0;0;217m=[38;2;0;0;228m~[38;2;0;0;229m~[38;2;0;0;217m=[38;2;0;0;229m=[38;2;0;0;216m#[38;2;0;0;228ma[38;2;0;0;215my[38;2;0;0;228m_             [39m
 [38;2;0;0;0m         [38;2;0;0;226m_[38;2;0;0;227maP~[38;2;106;106;106m_[38;2;153;153;153my[38;2;202;202;202my[38;2;214;214;214mg[38;2;251;251;251mg[38;2;252;252;252mgg[38;2;251;251;251mg[38;2;215;215;215mg[38;2;203;203;203my[38;2;146;146;146my[38;2;105;105;105m_[38;2;0;0;226m~4[38;2;0;0;224mg[38;2;0;0;225m_          [39m
 [38;2;0;0;0m       [38;2;2;1;194m_[38;2;0;0;229ma[38;2;0;0;217mF [38;2;179;179;179my[38;2;245;245;245mg[38;2;251;251;251m@[38;2;252;252;252m@@@@@@@@@@[38;2;251;251;251m@[38;2;207;207;207m@[38;2;172;172;172my [38;2;0;0;228m~[38;2;0;0;221m$[38;2;0;0;230m,        [39m
 [38;2;0;0;0m      [38;2;0;0;209m_[38;2;0;0;221m@[38;2;1;0;206m'[38;2;127;127;127my[38;2;213;213;213m@[38;2;251;251;251m@[38;2;252;252;252m@@@@@@@@@@@@@@@[38;2;230;230;230m@[38;2;183;183;183m_[38;2;2;2;190m`[38;2;0;0;227m#[38;2;0;0;211m_       [39m
 [38;2;0;0;0m      [38;2;0;0;229m@ [38;2;139;139;139my[38;2;247;247;247m@[38;2;252;252;252m@[38;2;250;250;250m@[38;2;248;248;248m@[38;2;251;251;251m@[38;2;252;252;252m@@@@@@@@@@@@@@[38;2;250;250;250m@[38;2;123;123;123my [38;2;0;0;225m@[38;2;0;0;221m,      [39m
 [38;2;0;0;0m     [38;2;1;0;212mg[38;2;1;0;198mF [38;2;230;230;230m$[38;2;252;252;252m@[38;2;251;251;251m@[38;2;199;199;199m_ [38;2;177;177;177m~[38;2;151;151;151mM[38;2;198;198;198m@[38;2;251;251;251m@[38;2;252;252;252m@@@[38;2;251;251;251m@@@@@@@[38;2;252;252;252m@@[38;2;237;237;237m@  [38;2;0;0;216m$      [39m
 [38;2;0;0;0m     [38;2;0;0;225m@  [38;2;249;249;249m@[38;2;252;252;252m@@[38;2;251;251;251m@[38;2;237;237;237m@[38;2;191;191;191m*  [38;2;69;69;69m`[38;2;202;202;202m$[38;2;251;251;251m@[38;2;211;211;211m@[38;2;74;74;74m~[38;2;67;67;67m`````[38;2;112;112;112m`[38;2;215;215;215m$[38;2;252;252;252m@[38;2;251;251;251m@  [38;2;0;0;225m@      [39m
 [38;2;0;0;0m     [38;2;0;0;226m@  [38;2;249;249;249m@[38;2;252;252;252m@[38;2;251;251;251m@[38;2;225;225;225m~ [38;2;162;162;162m_[38;2;183;183;183my[38;2;234;234;234mg[38;2;241;241;241m@[38;2;251;251;251m@[38;2;252;252;252m@@[38;2;249;249;249m@[38;2;247;247;247m@@@@@[38;2;249;249;249m@[38;2;251;251;251m@[38;2;252;252;252m@[38;2;251;251;251m@  [38;2;0;0;226m@      [39m
 [38;2;0;0;0m     [38;2;0;0;226m@  [38;2;249;249;249m@[38;2;252;252;252m@@[38;2;243;243;243m@[38;2;227;227;227m@[38;2;251;251;251m@[38;2;252;252;252m@@@@@@@@@@@@@@@[38;2;251;251;251m@  [38;2;0;0;226m@      [39m
 [38;2;0;0;0m     [38;2;0;0;226m@  [38;2;249;249;249m@[38;2;252;252;252m@@@@@@@@@@@@@@@@@@@@[38;2;251;251;251m@  [38;2;0;0;226m@      [39m
 [38;2;0;0;0m     [38;2;0;0;226m@  [38;2;249;249;249m@[38;2;252;252;252m@@@@@@@@@@@@@@@@@@@@[38;2;251;251;251m@  [38;2;0;0;227m@      [39m
 [38;2;0;0;0m     [38;2;0;0;226m@  [38;2;249;249;249m@[38;2;252;252;252m@@@@@@@@@@@@@@@@@@@@[38;2;251;251;251m@  [38;2;0;0;227m@      [39m
 [38;2;0;0;0m     [38;2;0;0;225m@  [38;2;249;249;249m@[38;2;252;252;252m@@@@@@@@@@@@@@@@@@@@[38;2;251;251;251m@  [38;2;0;0;226m@      [39m
 [38;2;0;0;0m     [38;2;0;0;220m@  [38;2;244;244;244m@[38;2;252;252;252m@@@@@@@@@@@@@@@@@@@@[38;2;248;248;248m@  [38;2;0;0;223m@      [39m
 [38;2;0;0;0m     [38;2;1;0;212m`[38;2;0;0;224m@[38;2;1;0;214m,[38;2;153;153;153m~[38;2;179;179;179m@[38;2;248;248;248m@[38;2;252;252;252m@[38;2;251;251;251m@[38;2;213;213;213m@[38;2;198;198;198mF[38;2;164;164;164mF[38;2;174;174;174mA[38;2;236;236;236m@[38;2;252;252;252m@@[38;2;238;238;238m@[38;2;207;207;207mP[38;2;168;168;168mF[38;2;160;160;160mM[38;2;206;206;206m@[38;2;251;251;251m@[38;2;252;252;252m@[38;2;249;249;249m@[38;2;195;195;195m@[38;2;181;181;181m~[38;2;1;0;199m_[38;2;0;0;229mg[38;2;0;0;231m'      [39m
 [38;2;0;0;0m      [38;2;1;0;218m`[38;2;0;0;225m4[38;2;0;0;227mg[38;2;0;0;225m_[38;2;0;0;223m_[38;2;106;106;106m`[38;2;0;0;225m_[38;2;0;0;227m_[38;2;0;0;224mg[38;2;0;0;220m@[38;2;0;0;216my[38;2;0;0;226m_[38;2;0;0;225m__[38;2;0;0;226m_[38;2;0;0;216my[38;2;0;0;225mg[38;2;0;0;223mg[38;2;0;0;227m_[38;2;0;0;225m_[38;2;108;108;108m`[38;2;0;0;223m_[38;2;0;0;227m_[38;2;0;0;228mg[38;2;0;0;227mP[38;2;1;1;204m~       [39m
 [38;2;0;0;0m        [38;2;4;2;190m`[38;2;0;0;224m~[38;2;0;0;226m~[38;2;0;0;227m~~[38;2;0;0;226m~[38;2;1;0;213m` [38;2;1;1;209m~[38;2;0;0;226m~[38;2;0;0;227m~~~[38;2;2;1;210m~ [38;2;1;0;211m`[38;2;0;0;224m~[38;2;0;0;227m~~~[38;2;0;0;226m~[38;2;2;2;197m`         [39m
 [38;2;0;0;0m                                       [39m
[?25h