[?25l[39m [38;2;0;0;0m              [38;2;0;0;230m_[38;2;0;0;225m_[38;2;1;1;208my[38;2;0;0;220my[38;2;0;0;221ma[38;2;0;0;220ma[38;2;0;0;219my[38;2;1;1;209my[38;2;0;0;225m_[38;2;0;0;230m_               [39m
 [38;2;0;0;0m          [38;2;0;0;224m_[38;2;0;0;216my[38;2;0;0;212m@[38;2;0;0;219m=[38;2;0;0;226m~[38;2;0;0;222m~[38;2;200;200;200m_[38;2;241;241;241m_[38;2;140;140;140my[38;2;139;139;139my[38;2;241;241;241m_[38;2;200;200;200m_[38;2;0;0;221m~[38;2;0;0;226m~[38;2;0;0;219m=[38;2;0;0;215m@[38;2;0;0;217my[38;2;0;0;223m_           [39m
 [38;2;0;0;0m        [38;2;0;0;223m_[38;2;0;0;228ma[38;2;0;0;212mF[38;2;0;0;223m`[38;2;150;150;150my[38;2;203;203;203mg[38;2;228;228;228m$[38;2;251;251;251m@@[38;2;252;252;252m@@@@[38;2;251;251;251m@@[38;2;220;220;220m@[38;2;203;203;203mg[38;2;140;140;140my[38;2;1;0;223m`[38;2;0;0;226m~[38;2;0;0;217m@[38;2;0;0;224m_         [39m
 [38;2;0;0;0m       [38;2;0;0;220mg[38;2;0;0;226mF [38;2;190;190;190my[38;2;227;227;227m@[38;2;251;251;251m@[38;2;252;252;252m@@@@@@@@@@@@@[38;2;237;237;237m@[38;2;183;183;183my [38;2;0;0;219m?[38;2;0;0;221mg        [39m
 [38;2;0;0;0m      [38;2;0;0;227mg[38;2;0;0;208mF [38;2;226;226;226mg[38;2;251;251;251m@[38;2;252;252;252m@@@@@@@@@@@@@@@@[38;2;251;251;251m@[38;2;200;200;200m@ [38;2;0;0;215m~[38;2;0;0;225m$       [39m
 [38;2;0;0;0m     [38;2;1;0;210mj[38;2;0;0;227mF [38;2;209;209;209mg[38;2;251;251;251m@@[38;2;219;219;219mP[38;2;195;195;195mF[38;2;222;222;222m@[38;2;251;251;251m@[38;2;252;252;252m@@@@@[38;2;238;238;238m@[38;2;179;179;179mM[38;2;192;192;192mR[38;2;245;245;245m@[38;2;251;251;251m@[38;2;252;252;252m@@@[38;2;251;251;251m@[38;2;188;188;188m@ [38;2;0;0;217m?[38;2;0;0;219ml      [39m
 [38;2;0;0;0m     [38;2;0;0;218m@  [38;2;246;246;246m@[38;2;252;252;252m@[38;2;251;251;251m@[38;2;200;200;200mg[38;2;248;248;248m_ [38;2;106;106;106m~[38;2;245;245;245m~[38;2;198;198;198mR[38;2;250;250;250m@[38;2;252;252;252m@@[38;2;236;236;236m@[38;2;196;196;196my_ [38;2;184;184;184m~[38;2;172;172;172mF[38;2;213;213;213m@[38;2;251;251;251m@[38;2;252;252;252m@[38;2;250;250;250m@  [38;2;0;0;226m$      [39m
 [38;2;0;0;0m     [38;2;0;0;226m@  [38;2;249;249;249m@[38;2;252;252;252m@@[38;2;247;247;247m@[38;2;176;176;176m@[38;2;165;165;165mT  [38;2;152;152;152my[38;2;207;207;207m@[38;2;252;252;252m@@[38;2;251;251;251m@[38;2;229;229;229m@[38;2;215;215;215mF[38;2;115;115;115m~ [38;2;161;161;161m_[38;2;199;199;199my[38;2;249;249;249m@[38;2;252;252;252m@[38;2;251;251;251m@  [38;2;0;0;226m@      [39m
 [38;2;0;0;0m     [38;2;0;0;226m@  [38;2;249;249;249m@[38;2;252;252;252m@[38;2;251;251;251m@[38;2;235;235;235m_[38;2;221;221;221m_[38;2;195;195;195my[38;2;243;243;243mg[38;2;248;248;248m@[38;2;251;251;251m@[38;2;252;252;252m@@@[38;2;209;209;209m@_[38;2;143;143;143my[38;2;195;195;195mg[38;2;220;220;220m@[38;2;251;251;251m@[38;2;252;252;252m@@@[38;2;251;251;251m@  [38;2;0;0;226m@      [39m
 [38;2;0;0;0m     [38;2;0;0;226m@  [38;2;249;249;249m@[38;2;252;252;252m@@@[38;2;251;251;251m@[38;2;252;252;252m@@@@@@@@[38;2;251;251;251m@[38;2;252;252;252m@@@@@@@[38;2;251;251;251m@  [38;2;0;0;226m@      [39m
 [38;2;0;0;0m     [38;2;0;0;226m@  [38;2;249;249;249m@[38;2;252;252;252m@@@@@@@@@@@@@@@@@@@@[38;2;251;251;251m@  [38;2;0;0;226m@      [39m
 [38;2;0;0;0m     [38;2;0;0;226m@  [38;2;249;249;249m@[38;2;252;252;252m@@@@@@@@@@@@@@@@@@@@[38;2;251;251;251m@  [38;2;0;0;227m@      [39m
 [38;2;0;0;0m     [38;2;0;0;226m@  [38;2;249;249;249m@[38;2;252;252;252m@@@@@@@@@@@@@@@@@@@@[38;2;251;251;251m@  [38;2;0;0;227m@      [39m
 [38;2;0;0;0m     [38;2;0;0;226m@  [38;2;250;250;250m@[38;2;252;252;252m@@@@@@@@@@@@@@@@@@@@[38;2;251;251;251m@  [38;2;0;0;226m@      [39m
 [38;2;0;0;0m     [38;2;0;0;215m9[38;2;0;0;232mL [38;2;170;170;170m4[38;2;250;250;250m@[38;2;252;252;252m@@@[38;2;250;250;250m@[38;2;207;207;207m@[38;2;208;208;208m@[38;2;250;250;250m@[38;2;252;252;252m@@@[38;2;251;251;251m@[38;2;230;230;230m@[38;2;224;224;224mR[38;2;240;240;240m@[38;2;251;251;251m@[38;2;252;252;252m@@@[38;2;247;247;247m@[38;2;221;221;221mF [38;2;0;0;218my[38;2;0;0;215m$      [39m
 [38;2;0;0;0m     [38;2;2;3;192m`[38;2;0;0;216m@[38;2;0;0;221m$[38;2;0;0;226m_[38;2;123;123;123m`[38;2;224;224;224m~[38;2;251;251;251m~[38;2;226;226;226m~[38;2;0;0;221m_[38;2;0;0;227m_[38;2;0;0;226m_[38;2;100;100;100m`[38;2;219;219;219m~[38;2;251;251;251m~[38;2;242;242;242m~[38;2;133;133;133m~[38;2;0;0;227m_[38;2;0;0;212my[38;2;0;0;227m_[38;2;166;166;166m~[38;2;246;246;246m~[38;2;251;251;251m~[38;2;211;211;211m~[38;2;0;0;225m_[38;2;0;0;207my[38;2;0;0;226mg[38;2;0;0;219m@[38;2;0;0;214m'      [39m
 [38;2;0;0;0m       [38;2;0;0;227m~[38;2;0;0;222m4[38;2;0;0;228m@[38;2;0;0;226m@@@[38;2;0;0;227m@[38;2;0;0;219mP[38;2;0;0;218m4[38;2;0;0;227m@[38;2;0;0;226m@@@[38;2;0;0;227m@[38;2;0;0;226mP[38;2;0;0;224m=[38;2;0;0;219m@[38;2;0;0;226m@[38;2;0;0;227m@[38;2;0;0;226m@@[38;2;0;0;223m@[38;2;0;0;227m=~        [39m
 [38;2;0;0;0m           [38;2;2;2;204m`      [38;2;1;2;206m`      [38;2;2;2;197m`[38;2;1;2;202m`            [39m
 [38;2;0;0;0m                                       [39m
[?25h