[?25l[39m [38;2;0;0;0m             [38;2;2;2;193m_[38;2;0;0;229m_[38;2;0;0;226m_[38;2;0;0;227m_[38;2;1;1;211my[38;2;1;0;214my[38;2;0;1;211my[38;2;1;1;202my[38;2;0;0;226m_[38;2;0;0;229m_[38;2;4;2;189m_               [39m
 [38;2;0;0;0m          [38;2;0;0;227m_[38;2;0;0;225ma[38;2;0;0;224m@P[38;2;0;0;221m=[38;2;0;0;226m~[38;2;0;0;227m~[38;2;0;0;229m~[38;2;0;0;230m~[38;2;0;0;228m~[38;2;0;0;226m~~[38;2;0;0;228m=[38;2;0;0;222m@[38;2;0;0;223m@[38;2;0;0;216mg[38;2;0;0;228m_            [39m
 [38;2;0;0;0m       [38;2;1;1;202m_[38;2;0;0;222ma[38;2;0;0;225m@[38;2;0;0;224m~[38;2;0;0;217m~[38;2;237;237;237m_[38;2;203;203;203my[38;2;238;238;238mg[38;2;226;226;226m$[38;2;242;242;242m@[38;2;250;250;250m@@@[38;2;230;230;230m@[38;2;251;251;251mg[38;2;221;221;221my[38;2;154;154;154my[38;2;65;65;65m_[38;2;0;0;225m~[38;2;0;0;221mR[38;2;0;0;223m$[38;2;0;0;225m_          [39m
 [38;2;0;0;0m      [38;2;0;0;215my[38;2;0;0;222m@[38;2;0;0;226m~[38;2;141;141;141m_[38;2;202;202;202mg[38;2;239;239;239m@[38;2;251;251;251m@[38;2;252;252;252m@@@@@@@@@@@[38;2;250;250;250m@[38;2;210;210;210mg[38;2;129;129;129m_[38;2;0;0;215m~[38;2;0;0;219m@[38;2;1;0;215mg         [39m
 [38;2;0;0;0m     [38;2;0;0;225mg[38;2;0;0;229mF [38;2;176;176;176mg[38;2;248;248;248m@[38;2;252;252;252m@@@@@@@@@@@@@@@@[38;2;249;249;249m@[38;2;166;166;166my [38;2;0;0;224m4[38;2;0;0;213m$        [39m
 [38;2;0;0;0m    [38;2;0;0;223mj[38;2;0;0;229mF [38;2;193;193;193mg[38;2;251;251;251m@[38;2;252;252;252m@@@@@@@@@@@@@@@@@@[38;2;251;251;251m@[38;2;125;125;126my [38;2;0;0;224m@[38;2;1;0;217m;       [39m
 [38;2;0;0;0m    [38;2;0;0;232m@  [38;2;224;224;224m@[38;2;221;221;221m@@@@@[38;2;237;237;237m@[38;2;251;251;251m@[38;2;252;252;252m@@@@@@@@@@@@@[38;2;228;228;228m@ [38;2;1;0;193m4[38;2;0;1;210m$       [39m
 [38;2;0;0;0m    [38;2;0;0;237m@  [38;2;215;215;215m_[38;2;202;202;202m_____[38;2;234;234;234m_[38;2;223;223;223m@[38;2;252;252;252m@@@@@@@@@@@@@[38;2;242;242;242m@  [38;2;0;0;215m$       [39m
 [38;2;0;0;0m    [38;2;0;0;236m@ [38;2;102;102;102m4[38;2;251;251;251m@@@@@@@[38;2;252;252;252m@@@@@@@@@@@@@@[38;2;244;244;244m@  [38;2;0;0;218m$       [39m
 [38;2;0;0;0m    [38;2;0;0;233m@ [38;2;80;80;81m4[38;2;250;250;250m@[38;2;252;252;252m@@@@@@@@@@@@@@@@@@@@[38;2;249;249;249m@  [38;2;0;0;222m$       [39m
 [38;2;0;0;0m    [38;2;0;0;225m@  [38;2;250;250;250m@[38;2;252;252;252m@@@@@@@@@@@@@@@@@@@@[38;2;251;251;251m@  [38;2;0;0;226m@       [39m
 [38;2;0;0;0m    [38;2;0;0;215m9  [38;2;236;236;236m@[38;2;252;252;252m@@@@@@@@@@@@@@@@@@@@[38;2;251;251;251m@[38;2;123;123;123mL [38;2;0;0;232m@       [39m
 [38;2;0;0;0m    [38;2;2;1;203m4[38;2;1;1;210m[ [38;2;221;221;221m$[38;2;252;252;252m@@@@@@@@@@@@@@@@@@@@[38;2;251;251;251m@[38;2;128;128;128m@ [38;2;0;0;231m$       [39m
 [38;2;0;0;0m     [38;2;0;0;223m@ [38;2;180;180;180m4[38;2;251;251;251m@[38;2;252;252;252m@@@@@@@@@@@@@@@@@@@[38;2;251;251;251m@[38;2;148;148;148m@ [38;2;0;0;220m$[38;2;0;0;198m|      [39m
 [38;2;0;0;0m     [38;2;0;0;228m~[38;2;0;0;220mg[38;2;0;0;207m,[38;2;206;206;206m~R[38;2;210;210;210mP[38;2;252;252;252m~~[38;2;168;168;168m5[38;2;220;220;220m@[38;2;246;246;246m@[38;2;245;245;245m@[38;2;195;195;195m@[38;2;172;172;172mF[38;2;251;251;251m~[38;2;176;176;176mT[38;2;183;183;183m@[38;2;244;244;244m@[38;2;246;246;246m@[38;2;224;224;224m@[38;2;216;216;216mF[38;2;252;252;252m~~[38;2;189;189;189mF [38;2;0;0;217mj[38;2;0;0;221m@       [39m
 [38;2;0;0;0m      [38;2;2;1;195m~[38;2;0;0;213m4[38;2;0;0;227ma[38;2;0;0;214my[38;2;0;0;215my[38;2;0;0;226ma[38;2;0;0;218m@[38;2;0;0;221mg[38;2;0;0;225m_[38;2;0;0;226m__[38;2;0;0;204my[38;2;0;0;225mg[38;2;0;0;219m@[38;2;0;0;227ma[38;2;0;0;211my[38;2;0;0;226m__[38;2;0;0;225m_[38;2;0;0;216ma@@[38;2;0;0;225mg[38;2;0;0;216m@[38;2;0;0;229m~        [39m
 [38;2;0;0;0m         [38;2;0;0;229m``  [38;2;2;3;186m`[38;2;1;0;212m~[38;2;0;0;231m~[38;2;0;0;232m~[38;2;0;0;213m~   [38;2;0;0;233m`[38;2;0;0;227m~[38;2;0;0;232m~[38;2;0;0;227m~[38;2;0;0;221m`             [39m
 [38;2;0;0;0m                                       [39m
 [38;2;0;0;0m                                       [39m
[?25h