[?25l[39m [38;2;0;0;0m             [38;2;0;0;227m_[38;2;0;0;225m_[38;2;0;0;214my[38;2;0;0;227ma[38;2;0;0;228ma[38;2;0;0;226ma[38;2;0;0;227ma[38;2;0;0;228ma[38;2;0;0;225mg[38;2;0;0;215my[38;2;0;0;225m_[38;2;0;0;227m_              [39m
 [38;2;0;0;0m          [38;2;0;0;229m_[38;2;0;0;227ma[38;2;0;0;225mP~[38;2;0;0;224m~[38;2;191;191;191m_[38;2;143;143;143my[38;2;169;169;169my[38;2;183;183;183myy[38;2;168;168;168my[38;2;138;138;138my[38;2;192;192;192m_[38;2;0;0;223m~[38;2;0;0;226m~4[38;2;0;0;224mg[38;2;0;0;229m_           [39m
 [38;2;0;0;0m        [38;2;0;0;231m_[38;2;0;0;218m@[38;2;0;0;229m~[38;2;89;89;89m_[38;2;187;187;187my[38;2;246;246;246mg[38;2;248;248;248m@[38;2;251;251;251m@[38;2;252;252;252m@@@@@@[38;2;251;251;251m@[38;2;250;250;250m@[38;2;246;246;246mg[38;2;184;184;184my[38;2;90;90;90m_[38;2;0;0;225m~[38;2;0;0;218m@[38;2;0;0;231m_         [39m
 [38;2;0;0;0m       [38;2;0;0;228mg[38;2;0;0;215mF [38;2;189;189;189mg[38;2;246;246;246m@[38;2;252;252;252m@@@@@@@@@@@@@@[38;2;250;250;250m@[38;2;188;188;188mg [38;2;0;0;226m~[38;2;0;0;225m$[38;2;0;0;205m,       [39m
 [38;2;0;0;0m      [38;2;0;0;222m@[38;2;0;0;202m~ [38;2;214;214;214m$[38;2;251;251;251m@[38;2;235;235;235m@[38;2;223;223;223m@[38;2;251;251;251m@[38;2;252;252;252m@@@@@@@@@@@@@@[38;2;224;224;224m@[38;2;82;82;82m,[38;2;0;0;205m"[38;2;0;0;230m$       [39m
 [38;2;0;0;0m     [38;2;0;0;217mj[38;2;0;0;221mF [38;2;221;221;221mg[38;2;251;251;251m@@[38;2;157;157;157my[38;2;65;65;65m_[38;2;177;177;177m`[38;2;245;245;245m~[38;2;192;192;192mR[38;2;245;245;245m@[38;2;251;251;251m@[38;2;252;252;252m@[38;2;251;251;251m@@[38;2;250;250;250m@@@@@[38;2;251;251;251m@@[38;2;252;252;252m@[38;2;207;207;207m@ [38;2;0;0;208m?[38;2;1;1;201m$      [39m
 [38;2;0;0;0m     [38;2;0;0;222m@  [38;2;248;248;248m@[38;2;252;252;252m@@[38;2;251;251;251m@[38;2;243;243;243m@[38;2;213;213;213m=   [38;2;200;200;200m$[38;2;251;251;251m@[38;2;214;214;214m@      [38;2;80;80;80m_[38;2;217;217;217m$[38;2;252;252;252m@[38;2;251;251;251m@  [38;2;0;0;227m$      [39m
 [38;2;0;0;0m     [38;2;0;0;226m@  [38;2;249;249;249m@[38;2;252;252;252m@[38;2;251;251;251m@[38;2;190;190;190m~ [38;2;202;202;202m_[38;2;201;201;201my[38;2;248;248;248mg[38;2;251;251;251m@[38;2;252;252;252m@@@[38;2;251;251;251m@[38;2;252;252;252m@@@@@@@@[38;2;251;251;251m@  [38;2;0;0;226m@      [39m
 [38;2;0;0;0m     [38;2;0;0;225m@  [38;2;249;249;249m@[38;2;252;252;252m@@[38;2;247;247;247m@[38;2;240;240;240m@[38;2;251;251;251m@[38;2;252;252;252m@@@@@@@@@@@@@@@[38;2;251;251;251m@  [38;2;0;0;226m@      [39m
 [38;2;0;0;0m     [38;2;0;0;225m@  [38;2;249;249;249m@[38;2;252;252;252m@@@@@@@@@@@@@@@@@@@@[38;2;251;251;251m@  [38;2;0;0;226m@      [39m
 [38;2;0;0;0m     [38;2;0;0;225m@  [38;2;249;249;249m@[38;2;252;252;252m@@@@@@@@@@@@@@@@@@@@[38;2;251;251;251m@  [38;2;0;0;226m@      [39m
 [38;2;0;0;0m     [38;2;0;0;225m@  [38;2;249;249;249m@[38;2;252;252;252m@@@@@@@@@@@@@@@@@@@@[38;2;251;251;251m@  [38;2;0;0;226m@      [39m
 [38;2;0;0;0m     [38;2;0;0;225m@  [38;2;249;249;249m@[38;2;252;252;252m@@@@@@@@@@@@@@@@@@@@[38;2;251;251;251m@  [38;2;0;0;226m@      [39m
 [38;2;0;0;0m     [38;2;0;0;224m@  [38;2;244;244;244m@[38;2;252;252;252m@@@@@@@@@@@@@@@@@@@@[38;2;248;248;248m@  [38;2;0;0;224m@      [39m
 [38;2;0;0;0m     [38;2;1;1;202m?[38;2;0;0;222m@[38;2;0;0;215m,[38;2;155;155;155m~[38;2;177;177;177m@[38;2;249;249;249m@[38;2;251;251;251m@[38;2;250;250;250m@[38;2;212;212;212m@[38;2;199;199;199mF[38;2;173;173;173mT[38;2;171;171;171mA[38;2;238;238;238m@[38;2;251;251;251m@@[38;2;239;239;239m@[38;2;225;225;225mF[38;2;173;173;173mT[38;2;147;147;147m5[38;2;203;203;203m@[38;2;250;250;250m@[38;2;251;251;251m@[38;2;249;249;249m@[38;2;190;190;190m@[38;2;177;177;177m~[38;2;1;0;199m_[38;2;0;0;229mg[38;2;0;0;217mF      [39m
 [38;2;0;0;0m      [38;2;0;0;224m~@[38;2;0;0;226mg[38;2;0;0;227m_[38;2;0;0;226m_[38;2;0;0;229m_[38;2;0;0;227m_[38;2;0;0;226m_[38;2;0;0;225ma[38;2;0;0;218m@[38;2;0;0;217my[38;2;0;0;226m_[38;2;0;0;228m__[38;2;0;0;226m_[38;2;0;0;217my[38;2;0;0;226mg[38;2;0;0;223mg[38;2;0;0;226m_[38;2;0;0;227m_[38;2;0;0;229m_[38;2;0;0;226m_[38;2;0;0;227m_[38;2;0;0;226mg[38;2;0;0;224m@~       [39m
 [38;2;0;0;0m        [38;2;1;0;219m~[38;2;0;0;226m~[38;2;0;0;221m=[38;2;0;0;232m=[38;2;0;0;227m=[38;2;0;0;226m~~[38;2;0;0;228m`[38;2;0;0;227m~[38;2;0;0;226m~[38;2;0;0;231m==[38;2;0;0;227m~[38;2;0;0;228m~[38;2;0;0;229m`[38;2;0;0;223m~[38;2;0;0;226m~[38;2;0;0;227m=[38;2;0;0;232m=[38;2;0;0;220m=[38;2;0;0;225m~[38;2;0;0;217m~         [39m
 [38;2;0;0;0m                                       [39m
 [38;2;0;0;0m                                       [39m
[?25h