[?25l[39m [38;2;0;0;0m                                       [39m
 [38;2;0;0;0m             [38;2;1;1;201m_[38;2;0;0;226m__[38;2;1;1;210my[38;2;0;0;214ma[38;2;0;0;220ma[38;2;0;0;219ma[38;2;0;0;218my[38;2;1;1;203my[38;2;0;0;226m_[38;2;0;0;228m_               [39m
 [38;2;0;0;0m          [38;2;0;0;231m_[38;2;0;0;223ma[38;2;0;0;222m@[38;2;0;0;220mP[38;2;0;0;227m~~[38;2;0;0;231m~[38;2;142;142;142m_[38;2;169;169;169m_[38;2;157;157;157m_[38;2;119;119;119m_[38;2;0;0;230m~[38;2;0;0;226m~[38;2;0;0;219m=[38;2;0;0;215m@[38;2;0;0;228mg[38;2;1;1;202my[38;2;1;1;206m,           [39m
 [38;2;0;0;0m        [38;2;0;0;229m_[38;2;0;0;222m@[38;2;0;0;213mF[38;2;0;0;209m~[38;2;134;134;134my[38;2;187;187;187mg[38;2;248;248;248mg[38;2;239;239;239m@[38;2;252;252;252m@[38;2;251;251;251m@@@[38;2;252;252;252m@[38;2;251;251;251m@[38;2;227;227;227m@[38;2;225;225;225mg[38;2;174;174;174my[38;2;92;92;92m_[38;2;0;0;224m~[38;2;0;0;222mR[38;2;0;0;221mg[38;2;0;0;223m,         [39m
 [38;2;0;0;0m      [38;2;1;2;188m_[38;2;0;0;230mg[38;2;0;0;220mF [38;2;196;196;196my[38;2;225;225;225m@[38;2;251;251;251m@[38;2;252;252;252m@@@@@@@@@@@@[38;2;250;250;250m@[38;2;214;214;214mg[38;2;123;123;123m_[38;2;0;0;216m~[38;2;0;0;223m@[38;2;0;0;225m_        [39m
 [38;2;0;0;0m      [38;2;0;0;229m@[38;2;1;0;200m~[38;2;108;108;108m_[38;2;203;203;203m@[38;2;251;251;251m@[38;2;252;252;252m@@@@@@@@@@@@@@@@[38;2;250;250;250m@[38;2;157;157;157my [38;2;0;0;229m4[38;2;0;0;212mL       [39m
 [38;2;0;0;0m     [38;2;0;0;227mg[38;2;0;0;198mF [38;2;224;224;224m$[38;2;252;252;252m@[38;2;248;248;248m@[38;2;194;194;194mM[38;2;178;178;178m#[38;2;232;232;232m@[38;2;251;251;251m@[38;2;252;252;252m@@@@@@@@@@@@@[38;2;251;251;251m@[38;2;110;110;110mL [38;2;0;0;229m@[38;2;1;0;200m,      [39m
 [38;2;0;0;0m     [38;2;0;0;235m@ [38;2;123;123;123my[38;2;251;251;251m@[38;2;252;252;252m@[38;2;249;249;249m@[38;2;215;215;215my[38;2;234;234;234m_ [38;2;219;219;219m`[38;2;249;249;249m~[38;2;173;173;173m@[38;2;251;251;251m@[38;2;252;252;252m@[38;2;243;243;243m@[38;2;170;170;170m@[38;2;218;218;218mPPPPP[38;2;186;186;186m@[38;2;251;251;251m@[38;2;252;252;252m@[38;2;216;216;216m$ [38;2;0;0;210m4[38;2;1;0;218m[      [39m
 [38;2;0;0;0m     [38;2;0;0;234m@ [38;2;160;160;160m4[38;2;251;251;251m@[38;2;252;252;252m@@[38;2;225;225;225m@[38;2;214;214;214mF[38;2;170;170;170m~ [38;2;148;148;148m_[38;2;183;183;183my[38;2;236;236;236m@[38;2;251;251;251m@[38;2;218;218;218m$[38;2;170;170;170my[38;2;165;165;165myyyyy[38;2;194;194;194my[38;2;240;240;240m@[38;2;252;252;252m@[38;2;230;230;230m@ [38;2;0;0;202mJ[38;2;1;0;223m[      [39m
 [38;2;0;0;0m     [38;2;0;0;234m@ [38;2;155;155;155m4[38;2;251;251;251m@[38;2;252;252;252m@[38;2;240;240;240m@[38;2;252;252;252m_[38;2;148;148;148my[38;2;189;189;189mg[38;2;227;227;227m$[38;2;251;251;251m@[38;2;252;252;252m@@@@@@@@@@@@@[38;2;233;233;233m@ [38;2;0;0;201mJ[38;2;1;0;223m[      [39m
 [38;2;0;0;0m     [38;2;0;0;236m@ [38;2;147;147;148m4[38;2;251;251;251m@[38;2;252;252;252m@@@@@@@@@@@@@@@@@@@@[38;2;237;237;237m@ [38;2;0;0;195mJ[38;2;1;1;203m$      [39m
 [38;2;0;0;0m     [38;2;0;0;236m@ [38;2;138;138;138m4[38;2;251;251;251m@[38;2;252;252;252m@@@@@@@@@@@@@@@@@@@@[38;2;238;238;238m@ [38;2;0;0;191mJ[38;2;1;0;207m$      [39m
 [38;2;0;0;0m     [38;2;0;0;236m@ [38;2;123;123;123m4[38;2;252;252;252m@@@@@@@@@@@@@@@@@@@@@[38;2;240;240;240m@ [38;2;0;0;182mJ[38;2;0;0;213m$      [39m
 [38;2;0;0;0m     [38;2;0;0;236m@ [38;2;101;101;101m4[38;2;251;251;251m@[38;2;252;252;252m@@@@@@@@@@@@@@@@@@@@[38;2;245;245;245m@  [38;2;0;0;219m$      [39m
 [38;2;0;0;0m     [38;2;0;0;215m@[38;2;1;0;218m, [38;2;215;215;215m@[38;2;251;251;251m@[38;2;252;252;252m@@@@[38;2;251;251;251m@@[38;2;252;252;252m@@@@@@[38;2;251;251;251m@@[38;2;252;252;252m@@@@[38;2;251;251;251m@[38;2;203;203;203m@ [38;2;0;0;221mj[38;2;0;0;222mF      [39m
 [38;2;0;0;0m     [38;2;3;2;193m`[38;2;1;1;213m@[38;2;0;0;210my[38;2;0;0;200m_[38;2;231;231;231m~[38;2;183;183;183mP[38;2;193;193;193mR[38;2;208;208;208mP[38;2;181;181;181mF[38;2;150;150;150m~[38;2;135;135;135m`[38;2;177;177;177m~[38;2;172;172;172mF[38;2;191;191;191m#R[38;2;205;205;205mF[38;2;218;218;218m~[38;2;141;141;141m`[38;2;197;197;197m`[38;2;243;243;243m~[38;2;192;192;192mP[38;2;193;193;193mR[38;2;214;214;214mF[38;2;238;238;238m~[38;2;0;0;192m_[38;2;0;0;217my[38;2;0;0;228mP       [39m
 [38;2;0;0;0m       [38;2;0;0;223m~[38;2;0;0;216m=[38;2;0;0;215m@[38;2;0;0;228ma[38;2;0;0;229mg[38;2;0;0;228mga[38;2;0;0;223mP[38;2;0;0;226m~4[38;2;0;0;228mag[38;2;0;0;229mg[38;2;0;0;227ma[38;2;1;0;210m@[38;2;0;0;227m~[38;2;0;0;222m=[38;2;0;0;216m@[38;2;0;0;226mg[38;2;0;0;229mg[38;2;0;0;226mg[38;2;0;0;213m@[38;2;0;0;221m=[38;2;0;0;219m~        [39m
 [38;2;0;0;0m                                       [39m
 [38;2;0;0;0m                                       [39m
[?25h