[?25l[39m [38;2;0;0;0m                                       [39m
 [38;2;0;0;0m             [38;2;0;0;226m_[38;2;0;0;225m_[38;2;1;0;213my[38;2;0;0;223mg[38;2;0;0;230ma[38;2;0;0;229ma[38;2;0;0;228ma[38;2;0;0;230ma[38;2;0;0;224ma[38;2;0;0;219my[38;2;0;0;225m_[38;2;0;0;228m_              [39m
 [38;2;0;0;0m          [38;2;0;0;231m_[38;2;0;0;226ma[38;2;0;0;227mP[38;2;0;0;225m~[38;2;0;0;230m~[38;2;166;166;166m_[38;2;253;253;253m_[38;2;172;172;172my[38;2;186;186;186my[38;2;187;187;187my[38;2;177;177;177my[38;2;149;149;149my[38;2;212;212;212m_[38;2;0;0;222m~[38;2;0;0;226m~[38;2;0;0;223m4[38;2;0;0;228ma[38;2;0;0;226m_           [39m
 [38;2;0;0;0m        [38;2;0;0;226m_[38;2;0;0;216m@[38;2;0;0;229m~[38;2;1;1;189m`[38;2;177;177;177my[38;2;237;237;237mg[38;2;241;241;241m@[38;2;251;251;251m@[38;2;252;252;252m@@@@@@[38;2;251;251;251m@@[38;2;213;213;213m@[38;2;208;208;208my[38;2;157;157;157m_[38;2;0;0;222m~[38;2;0;0;229m4[38;2;0;0;216my         [39m
 [38;2;0;0;0m       [38;2;0;0;221mg[38;2;0;0;227mF [38;2;197;197;197my[38;2;238;238;238m@[38;2;251;251;251m@[38;2;252;252;252m@@@@@@@@@@@@@[38;2;251;251;251m@[38;2;219;219;219mg[38;2;104;104;104m_[38;2;0;0;216m~[38;2;0;0;224m@[38;2;0;0;232m,       [39m
 [38;2;0;0;0m      [38;2;0;0;221mg[38;2;0;0;216mF [38;2;221;221;221mg[38;2;251;251;251m@[38;2;252;252;252m@@@@@@@@@@@@@@@@@[38;2;244;244;244m@[38;2;149;149;149m_ [38;2;0;0;225m@[38;2;0;0;223m,      [39m
 [38;2;0;0;0m     [38;2;2;2;182mj[38;2;0;0;218m@ [38;2;173;173;173mg[38;2;251;251;251m@[38;2;248;248;248m@[38;2;240;240;240m~[38;2;233;233;233m~[38;2;172;172;172mP[38;2;222;222;222m@[38;2;251;251;251m@[38;2;252;252;252m@@@@@@@@@@@@@[38;2;239;239;239m@ [38;2;2;2;189m`[38;2;0;0;223m$      [39m
 [38;2;0;0;0m     [38;2;1;0;211m4[38;2;1;0;206m[ [38;2;232;232;232m$[38;2;252;252;252m@@[38;2;221;221;221m@[38;2;193;193;193mg[38;2;124;124;124my [38;2;178;178;178m`[38;2;247;247;247m~[38;2;228;228;228m@[38;2;252;252;252m@[38;2;220;220;220m@[38;2;252;252;252m~~[38;2;251;251;251m~~~~~[38;2;236;236;236m@[38;2;252;252;252m@@[38;2;139;139;139mL [38;2;0;0;236m$      [39m
 [38;2;0;0;0m     [38;2;0;0;213m4[38;2;0;0;201m[ [38;2;222;222;222m@[38;2;252;252;252m@[38;2;251;251;251m@[38;2;226;226;226mF[38;2;234;234;234m~[38;2;95;95;95m`[38;2;122;122;122m_[38;2;173;173;173my[38;2;225;225;225mg[38;2;247;247;247m@[38;2;252;252;252m@[38;2;246;246;246m@[38;2;234;234;234mg[38;2;232;232;232mggggg[38;2;238;238;238mg[38;2;249;249;249m@[38;2;252;252;252m@@[38;2;134;134;134mF [38;2;0;0;236m$      [39m
 [38;2;0;0;0m     [38;2;0;0;214m4[38;2;0;0;199m[ [38;2;224;224;224m@[38;2;252;252;252m@[38;2;251;251;251m@[38;2;193;193;193mg[38;2;223;223;223my[38;2;222;222;222m$[38;2;251;251;251m@[38;2;252;252;252m@@@@@@@@@@@@@@[38;2;251;251;251m@[38;2;130;130;130mF [38;2;0;0;237m$      [39m
 [38;2;0;0;0m     [38;2;1;0;216m4[38;2;0;0;197m[ [38;2;227;227;227m@[38;2;252;252;252m@@@@@@@@@@@@@@@@@@@@@[38;2;124;124;124mF [38;2;0;0;237m$      [39m
 [38;2;0;0;0m     [38;2;0;0;218m4[38;2;0;0;194m[ [38;2;232;232;232m@[38;2;252;252;252m@@@@@@@@@@@@@@@@@@@@@[38;2;128;128;128mL [38;2;0;0;232m@      [39m
 [38;2;0;0;0m     [38;2;0;0;221m4  [38;2;239;239;239m@[38;2;252;252;252m@@@@@@@@@@@@@@@@@@@@[38;2;251;251;251m@[38;2;113;113;113mL [38;2;0;0;231m@      [39m
 [38;2;0;0;0m     [38;2;0;0;214m$  [38;2;244;244;245m@[38;2;252;252;252m@@@@@@@@@@@@@@@@@@@@[38;2;251;251;251m@[38;2;95;95;96mL [38;2;0;0;230m@      [39m
 [38;2;0;0;0m     [38;2;0;0;214m@  [38;2;241;241;241m@[38;2;252;252;252m@@@@@@@@@@@@@@@@@@@@[38;2;250;250;250m@  [38;2;0;0;227m@      [39m
 [38;2;0;0;0m     [38;2;1;1;210m`[38;2;0;0;223m@[38;2;0;0;209m,[38;2;162;162;162m~[38;2;197;197;197m@[38;2;251;251;251m@[38;2;247;247;247m@[38;2;181;181;181m@[38;2;189;189;189mF[38;2;192;192;192mF[38;2;222;222;222m@[38;2;252;252;252m@[38;2;251;251;251m@[38;2;252;252;252m@[38;2;218;218;218m@[38;2;205;205;205mF[38;2;183;183;183mF[38;2;179;179;179m@[38;2;250;250;250m@[38;2;251;251;251m@@[38;2;243;243;243m@[38;2;214;214;214mP[38;2;185;185;185mF[38;2;210;210;210m~ [38;2;0;0;227mg[38;2;1;1;200mF      [39m
 [38;2;0;0;0m      [38;2;1;0;216m`[38;2;0;0;226m4[38;2;0;0;224mg[38;2;0;0;225m_[38;2;0;0;227m_[38;2;0;0;225m_[38;2;0;0;227m_[38;2;0;0;224mg[38;2;0;0;216mg[38;2;0;0;225m_[38;2;111;111;111m`[38;2;151;151;151m`[38;2;0;0;227m_[38;2;0;0;225m_a[38;2;0;0;226mg_[38;2;0;0;225m_[38;2;148;148;148m`[38;2;137;137;137m`[38;2;0;0;225m_[38;2;0;0;213my[38;2;0;0;226ma[38;2;0;0;228mg[38;2;0;0;229mP[38;2;1;1;205m~       [39m
 [38;2;0;0;0m        [38;2;2;4;189m`[38;2;0;0;224m~[38;2;0;0;227m~[38;2;0;0;226m~[38;2;1;0;211m~ [38;2;2;0;208m`[38;2;0;0;225m~[38;2;0;0;227m~[38;2;0;0;226m~~~[38;2;3;2;190m` [38;2;1;0;217m~[38;2;0;0;226m~~~~[38;2;0;0;228m` [38;2;3;3;193m`         [39m
 [38;2;0;0;0m                                       [39m
[?25h