[?25l[39m [38;2;0;0;0m                                       [39m
 [38;2;0;0;0m             [38;2;0;0;227m_[38;2;0;0;225m_[38;2;0;0;218mg[38;2;0;0;229ma[38;2;0;0;224ma[38;2;0;0;220mm[38;2;0;0;216m#[38;2;0;0;224ma[38;2;0;0;229ma[38;2;0;0;222mg[38;2;1;1;203my[38;2;0;0;226m_              [39m
 [38;2;0;0;0m          [38;2;0;0;228m_a[38;2;0;0;225mP~[38;2;0;0;218m~[38;2;227;227;227m_[38;2;167;167;167my[38;2;190;190;190my[38;2;199;199;199my[38;2;201;201;201my[38;2;194;194;194my[38;2;173;173;173my[38;2;248;248;248m_[38;2;108;108;108m_[38;2;0;0;226m~[38;2;0;0;223m=[38;2;0;0;215m@[38;2;1;1;202my[38;2;1;1;200m,          [39m
 [38;2;0;0;0m        [38;2;0;0;230m_[38;2;0;0;218m@[38;2;0;0;228m~[38;2;92;92;92m_[38;2;197;197;197my[38;2;247;247;247mg[38;2;250;250;250m@[38;2;251;251;251m@[38;2;252;252;252m@@@@@@@@[38;2;228;228;228m@[38;2;192;192;192mg[38;2;194;194;194m_[38;2;0;0;217m~[38;2;0;0;228m4[38;2;1;0;214mg[38;2;2;1;189m,        [39m
 [38;2;0;0;0m       [38;2;0;0;227mg[38;2;0;0;220mF [38;2;180;180;180mg[38;2;245;245;245m@[38;2;252;252;252m@@@@@@@@@@@@@@[38;2;251;251;251m@[38;2;202;202;202m$[38;2;129;129;129m_[38;2;0;0;208m~[38;2;0;0;223m@[38;2;0;0;234m,       [39m
 [38;2;0;0;0m      [38;2;0;0;227mg[38;2;1;0;203mF [38;2;233;233;233mg[38;2;251;251;251m@[38;2;252;252;252m@@@[38;2;251;251;251m@[38;2;252;252;252m@@@@@@@@@@@@@[38;2;248;248;248m@[38;2;110;110;111my [38;2;0;0;224m@[38;2;0;0;225m,      [39m
 [38;2;0;0;0m     [38;2;1;1;193mj[38;2;0;0;230mF [38;2;191;191;191mg[38;2;251;251;251m@[38;2;252;252;252m@@[38;2;251;251;251m@[38;2;216;216;216mF[38;2;189;189;189m~[38;2;246;246;246m~[38;2;194;194;194mR[38;2;246;246;246m@[38;2;251;251;251m@[38;2;252;252;252m@@@@@@@@@@[38;2;241;241;241m@  [38;2;0;0;223m$      [39m
 [38;2;0;0;0m     [38;2;0;0;214m4[38;2;0;0;201m[ [38;2;221;221;221m@[38;2;252;252;252m@@@@[38;2;251;251;251m@[38;2;244;244;244mg[38;2;192;192;192my  [38;2;173;173;173m~[38;2;180;180;180m5[38;2;251;251;251m@[38;2;249;249;249m@[38;2;147;147;147mM[38;2;250;250;250m~~~~~~[38;2;192;192;192m5[38;2;130;130;130mL [38;2;0;0;236m$      [39m
 [38;2;0;0;0m     [38;2;0;0;215m4[38;2;0;0;198m[ [38;2;227;227;227m@[38;2;252;252;252m@@@[38;2;251;251;251m@[38;2;190;190;190m@[38;2;243;243;243m~[38;2;143;143;143m`[38;2;82;82;82m_[38;2;162;162;162my[38;2;214;214;214mg[38;2;235;235;235m@[38;2;252;252;252m@[38;2;251;251;251m@[38;2;212;212;212m@[38;2;240;240;240mggggg[38;2;242;242;242mg[38;2;238;238;238m@[38;2;125;125;125mF [38;2;0;0;237m$      [39m
 [38;2;0;0;0m     [38;2;0;0;216m4[38;2;0;0;197m[ [38;2;229;229;229m@[38;2;252;252;252m@@@[38;2;251;251;251m@[38;2;215;215;215m@[38;2;229;229;229my[38;2;251;251;251mg@[38;2;252;252;252m@@@@@@@@@@@@@[38;2;138;138;138mL [38;2;0;0;236m$      [39m
 [38;2;0;0;0m     [38;2;0;0;218m4[38;2;0;0;194m[ [38;2;232;232;232m@[38;2;252;252;252m@@@@@@@@@@@@@@@@@@@@@[38;2;130;130;130mL [38;2;0;0;232m@      [39m
 [38;2;0;0;0m     [38;2;0;0;220m4[38;2;0;0;191m[ [38;2;236;236;236m@[38;2;252;252;252m@@@@@@@@@@@@@@@@@@@@[38;2;251;251;251m@[38;2;120;120;120mL [38;2;0;0;232m@      [39m
 [38;2;0;0;0m     [38;2;0;0;216mg  [38;2;241;241;241m@[38;2;252;252;252m@@@@@@@@@@@@@@@@@@@@[38;2;251;251;251m@[38;2;106;106;107mL [38;2;0;0;231m@      [39m
 [38;2;0;0;0m     [38;2;0;0;215m@  [38;2;246;246;246m@[38;2;252;252;252m@@@@@@@@@@@@@@@@@@@@[38;2;251;251;251m@[38;2;90;90;90mL [38;2;0;0;231m@      [39m
 [38;2;0;0;0m     [38;2;0;0;214m@  [38;2;242;242;242m@[38;2;252;252;252m@@@@@@@@@@@@@@@@@@@@[38;2;250;250;250m@  [38;2;0;0;226m@      [39m
 [38;2;0;0;0m     [38;2;1;1;211m`[38;2;0;0;223m@[38;2;0;0;209m,[38;2;161;161;161m~[38;2;193;193;193mF[38;2;184;184;184mF[38;2;200;200;200m@[38;2;251;251;251m@@[38;2;252;252;252m@[38;2;232;232;232m@[38;2;216;216;216mF[38;2;183;183;183mF[38;2;161;161;161m@[38;2;244;244;244m@[38;2;251;251;251m@@[38;2;247;247;247m@[38;2;180;180;180m@[38;2;187;187;187mF[38;2;171;171;171mP[38;2;219;219;219m@[38;2;251;251;251m@[38;2;214;214;214m@[38;2;208;208;208m~ [38;2;0;0;229ma[38;2;1;1;199mF      [39m
 [38;2;0;0;0m      [38;2;1;0;216m`[38;2;0;0;225m4g[38;2;0;0;226ma[38;2;0;0;225mg_[38;2;0;0;226m_[38;2;148;148;148m`[38;2;117;117;117m`[38;2;0;0;225m_[38;2;0;0;219ma[38;2;0;0;227ma[38;2;0;0;207my[38;2;0;0;225m_[38;2;137;137;137m`[38;2;140;140;140m`[38;2;0;0;225m_[38;2;0;0;227m_[38;2;0;0;226ma[38;2;0;0;218mg[38;2;0;0;225m__[38;2;0;0;227m_[38;2;0;0;224mg[38;2;0;0;229mP[38;2;1;1;204m~       [39m
 [38;2;0;0;0m        [38;2;2;3;190m` [38;2;3;4;185m`[38;2;0;0;222m~[38;2;0;0;226m~~~~[38;2;1;0;211m` [38;2;2;1;201m~[38;2;0;0;226m~[38;2;0;0;227m~[38;2;0;0;226m~~[38;2;1;1;208m~ [38;2;2;0;201m`[38;2;0;0;224m~[38;2;0;0;226m~[38;2;0;0;225m~[38;2;3;3;192m`         [39m
 [38;2;0;0;0m                                       [39m
[?25h