[?25l[39m [38;2;0;0;0m                                       [39m
 [38;2;0;0;0m            [38;2;0;0;227m_[38;2;0;0;226m_[38;2;0;0;221ma[38;2;0;0;227mg[38;2;0;0;220m@[38;2;0;0;225m@[38;2;0;0;227m@@[38;2;0;0;226m@[38;2;0;0;221m@[38;2;0;0;227mg[38;2;0;0;219mg[38;2;0;0;226m__             [39m
 [38;2;0;0;0m         [38;2;1;0;205m_[38;2;0;0;214ma[38;2;0;0;223m@[38;2;0;0;218m@[38;2;0;0;227m~~[38;2;89;89;89m_[38;2;215;215;215m_[38;2;253;253;253m_[38;2;154;154;154my[38;2;153;153;153my[38;2;253;253;253m_[38;2;215;215;215m_[38;2;89;89;89m_[38;2;0;0;227m~[38;2;0;0;226m~[38;2;0;0;218m@[38;2;0;0;225m@[38;2;0;0;217my[38;2;1;1;206m_          [39m
 [38;2;0;0;0m        [38;2;0;0;222ma[38;2;0;0;227m@[38;2;0;0;209mF[38;2;0;0;213m`[38;2;163;163;163my[38;2;222;222;222mg[38;2;227;227;227m@[38;2;252;252;252m@[38;2;251;251;251m@[38;2;252;252;252m@@@@[38;2;251;251;251m@[38;2;252;252;252m@[38;2;233;233;233m@[38;2;222;222;222mg[38;2;156;156;156my[38;2;0;0;213m`[38;2;0;0;226m~@[38;2;0;0;218mg[38;2;0;1;204m,        [39m
 [38;2;0;0;0m      [38;2;2;1;198m_[38;2;0;0;225m@[38;2;0;0;224mF [38;2;197;197;197my[38;2;233;233;233m@[38;2;252;252;252m@@@@@@@@@@@@@@[38;2;241;241;241m@[38;2;192;192;192my [38;2;0;0;216m?[38;2;0;0;227m@[38;2;0;0;236m,       [39m
 [38;2;0;0;0m      [38;2;0;0;229m@[38;2;0;0;203mF [38;2;232;232;232mg[38;2;251;251;251m@[38;2;252;252;252m@@@@@@@@@@@@@@@@[38;2;251;251;251m@[38;2;207;207;207m@ [38;2;0;0;211m~[38;2;0;0;230m@[38;2;0;0;209m,      [39m
 [38;2;0;0;0m     [38;2;1;0;212m4[38;2;0;0;224mF [38;2;213;213;213mg[38;2;251;251;251m@@[38;2;193;193;193mF[38;2;251;251;251m~[38;2;187;187;187mR[38;2;244;244;244m@[38;2;251;251;251m@[38;2;252;252;252m@@@@@@@@@@@@[38;2;251;251;251m@[38;2;194;194;194m@ [38;2;0;0;214m?[38;2;0;0;211m$      [39m
 [38;2;0;0;0m     [38;2;0;0;223m@  [38;2;247;247;247m@[38;2;252;252;252m@[38;2;251;251;251m@[38;2;246;246;246mg[38;2;201;201;201my[38;2;199;199;199m_ [38;2;161;161;161m~[38;2;180;180;180mT[38;2;233;233;233m@[38;2;252;252;252m@[38;2;239;239;239m@[38;2;199;199;199mF[38;2;181;181;181mFFFFF[38;2;158;158;158m5[38;2;239;239;239m@[38;2;252;252;252m@[38;2;251;251;251m@  [38;2;0;0;225m@      [39m
 [38;2;0;0;0m     [38;2;0;0;225m@  [38;2;249;249;249m@[38;2;252;252;252m@[38;2;251;251;251m@[38;2;193;193;193m@[38;2;178;178;178mF[38;2;149;149;149m~ [38;2;234;234;234m_[38;2;213;213;213my[38;2;235;235;235m@[38;2;252;252;252m@[38;2;242;242;242m@[38;2;225;225;225my[38;2;215;215;215myyyyy[38;2;196;196;196mg[38;2;239;239;239m@[38;2;252;252;252m@[38;2;251;251;251m@  [38;2;0;0;227m@      [39m
 [38;2;0;0;0m     [38;2;0;0;225m@  [38;2;249;249;249m@[38;2;252;252;252m@[38;2;251;251;251m@[38;2;209;209;209my[38;2;190;190;190my[38;2;239;239;239mg[38;2;246;246;246m@[38;2;251;251;251m@[38;2;252;252;252m@@@@@@@@@@@@@[38;2;251;251;251m@  [38;2;0;0;227m@      [39m
 [38;2;0;0;0m     [38;2;0;0;225m@  [38;2;249;249;249m@[38;2;252;252;252m@@@@@@@@@@@@@@@@@@@@[38;2;251;251;251m@  [38;2;0;0;227m@      [39m
 [38;2;0;0;0m     [38;2;0;0;225m@  [38;2;249;249;249m@[38;2;252;252;252m@@@@@@@@@@@@@@@@@@@@[38;2;251;251;251m@  [38;2;0;0;226m@      [39m
 [38;2;0;0;0m     [38;2;0;0;225m@  [38;2;249;249;249m@[38;2;252;252;252m@@@@@@@@@@@@@@@@@@@@[38;2;251;251;251m@  [38;2;0;0;227m@      [39m
 [38;2;0;0;0m     [38;2;0;0;223m@  [38;2;249;249;249m@[38;2;252;252;252m@@@@@@@@@@@@@@@@@@@@[38;2;251;251;251m@  [38;2;0;0;225m@      [39m
 [38;2;0;0;0m     [38;2;2;1;195m7[38;2;0;0;218m$ [38;2;159;159;159m7[38;2;237;237;237m@[38;2;251;251;251m@[38;2;252;252;252m@[38;2;251;251;251m@[38;2;248;248;248m@[38;2;181;181;181m@[38;2;208;208;208mP[38;2;206;206;206m@[38;2;251;251;251m@[38;2;252;252;252m@@[38;2;251;251;251m@[38;2;212;212;212m@[38;2;211;211;211mP[38;2;202;202;202mR[38;2;247;247;247m@[38;2;251;251;251m@[38;2;252;252;252m@[38;2;251;251;251m@[38;2;241;241;241m@[38;2;182;182;182mF [38;2;0;0;222mg[38;2;0;0;210mF      [39m
 [38;2;0;0;0m      [38;2;0;0;216m~@y[38;2;0;0;227m_[38;2;123;123;123m~[38;2;209;209;209m~[38;2;168;168;168m~[38;2;0;0;227m_[38;2;0;0;225m_[38;2;0;0;223mg[38;2;0;0;226m_[38;2;158;158;158m`[38;2;193;193;193m~[38;2;202;202;202m~[38;2;158;158;158m`[38;2;0;0;226m_[38;2;0;0;224ma[38;2;0;0;225m_[38;2;0;0;228m_[38;2;155;155;155m~[38;2;213;213;213m~[38;2;140;140;140m~[38;2;0;0;228m_[38;2;0;0;214my[38;2;0;0;216m@[38;2;0;0;218m~       [39m
 [38;2;0;0;0m        [38;2;0;0;225m`~[38;2;0;0;227m~~~[38;2;0;0;225m~[38;2;0;0;216m~[38;2;0;0;206m`[38;2;0;0;228m~[38;2;0;0;226m~[38;2;0;0;227m~~[38;2;0;0;226m~[38;2;0;0;229m~[38;2;0;0;207m`[38;2;1;0;214m~[38;2;0;0;226m~[38;2;0;0;227m~~~[38;2;0;0;226m~[38;2;0;2;202m~         [39m
 [38;2;0;0;0m                                       [39m
 [38;2;0;0;0m                                       [39m
[?25h