[?25l[39m [38;2;0;0;0m                                       [39m
 [38;2;0;0;0m            [38;2;0;0;228m_[38;2;0;0;226m_[38;2;0;0;224mg[38;2;0;0;226mg[38;2;0;0;224m@[38;2;0;0;227m@[38;2;0;0;228m@@[38;2;0;0;227m@[38;2;0;0;225m@[38;2;0;0;226mg[38;2;0;0;224mg[38;2;0;0;226m_[38;2;0;0;228m_             [39m
 [38;2;0;0;0m         [38;2;1;0;214m_[38;2;0;0;221ma[38;2;0;0;226m@[38;2;0;0;215m@[38;2;0;0;227m~[38;2;0;0;228m~[38;2;111;111;111m_[38;2;235;235;235m_[38;2;146;146;146my[38;2;165;165;165my[38;2;164;164;164my[38;2;143;143;143my[38;2;236;236;236m_[38;2;112;112;112m_[38;2;0;0;227m~[38;2;0;0;226m~[38;2;0;0;221mR[38;2;0;0;226m@[38;2;1;0;216mg[38;2;1;0;213m_          [39m
 [38;2;0;0;0m        [38;2;0;0;224ma[38;2;0;0;225m@[38;2;0;0;227m~[38;2;0;0;201m`[38;2;171;171;171my[38;2;229;229;229mg[38;2;233;233;233m@[38;2;252;252;252m@[38;2;251;251;251m@[38;2;252;252;252m@@@@[38;2;251;251;251m@[38;2;252;252;252m@[38;2;238;238;238m@[38;2;229;229;229mg[38;2;164;164;164my[38;2;2;0;204m`[38;2;0;0;225m~[38;2;0;0;224m@[38;2;0;0;221mg[38;2;1;1;215m,        [39m
 [38;2;0;0;0m      [38;2;1;0;204m_[38;2;0;0;226m@[38;2;0;0;222mF [38;2;202;202;202my[38;2;239;239;239m@[38;2;251;251;251m@[38;2;252;252;252m@@@@@@@@@@@@@[38;2;246;246;246m@[38;2;197;197;197my [38;2;0;0;213m?[38;2;0;0;228m@[38;2;0;0;236m,       [39m
 [38;2;0;0;0m      [38;2;0;0;230m@[38;2;0;0;213m~ [38;2;235;235;235mg[38;2;251;251;251m@[38;2;252;252;252m@@@@@@@@@@@@@@@@@[38;2;212;212;212m@[38;2;69;69;69m,[38;2;0;0;207m~[38;2;0;0;230m@[38;2;1;0;214m,      [39m
 [38;2;0;0;0m     [38;2;0;0;223mJF [38;2;215;215;215mg[38;2;251;251;251m@@[38;2;187;187;187mF[38;2;251;251;251m~[38;2;177;177;177mR[38;2;240;240;240m@[38;2;251;251;251m@[38;2;252;252;252m@@@@@@@@@@@@@[38;2;198;198;198m@ [38;2;0;0;213m?[38;2;0;0;212m$      [39m
 [38;2;0;0;0m     [38;2;0;0;224m@  [38;2;247;247;247m@[38;2;252;252;252m@[38;2;251;251;251m@[38;2;207;207;207m@[38;2;206;206;206my[38;2;212;212;212m_ [38;2;137;137;137m~[38;2;176;176;176mT[38;2;230;230;230m@[38;2;252;252;252m@[38;2;238;238;238m@[38;2;189;189;189mF[38;2;168;168;168mFFFFF[38;2;158;158;158mM[38;2;237;237;237m@[38;2;252;252;252m@[38;2;251;251;251m@  [38;2;0;0;225m@      [39m
 [38;2;0;0;0m     [38;2;0;0;226m@  [38;2;249;249;249m@[38;2;252;252;252m@[38;2;251;251;251m@[38;2;188;188;188m@[38;2;167;167;167mF[38;2;134;134;134m~ [38;2;138;138;138my[38;2;187;187;187mg[38;2;238;238;238m@[38;2;252;252;252m@[38;2;245;245;245m@[38;2;203;203;203mg[38;2;189;189;189mggggg[38;2;207;207;207mg[38;2;241;241;241m@[38;2;252;252;252m@[38;2;251;251;251m@  [38;2;0;0;226m@      [39m
 [38;2;0;0;0m     [38;2;0;0;226m@  [38;2;249;249;249m@[38;2;252;252;252m@@[38;2;215;215;215my[38;2;197;197;197my[38;2;245;245;245mg[38;2;248;248;248m@[38;2;252;252;252m@@@@@@@@@@@@@@[38;2;251;251;251m@  [38;2;0;0;226m@      [39m
 [38;2;0;0;0m     [38;2;0;0;226m@  [38;2;249;249;249m@[38;2;252;252;252m@@@@@@@@@@@@@@@@@@@@[38;2;251;251;251m@  [38;2;0;0;226m@      [39m
 [38;2;0;0;0m     [38;2;0;0;226m@  [38;2;249;249;249m@[38;2;252;252;252m@@@@@@@@@@@@@@@@@@@@[38;2;251;251;251m@  [38;2;0;0;227m@      [39m
 [38;2;0;0;0m     [38;2;0;0;226m@  [38;2;249;249;249m@[38;2;252;252;252m@@@@@@@@@@@@@@@@@@@@[38;2;251;251;251m@  [38;2;0;0;227m@      [39m
 [38;2;0;0;0m     [38;2;0;0;223m@  [38;2;248;248;248m@[38;2;252;252;252m@@@@@@@@@@@@@@@@@@@@[38;2;250;250;250m@  [38;2;0;0;225m@      [39m
 [38;2;0;0;0m     [38;2;2;2;193m7[38;2;0;0;220m$ [38;2;151;151;151m7[38;2;229;229;229m@[38;2;251;251;251m@[38;2;252;252;252m@[38;2;251;251;251m@[38;2;245;245;245m@[38;2;228;228;228mP[38;2;193;193;193mP[38;2;196;196;196m@[38;2;251;251;251m@[38;2;252;252;252m@@[38;2;251;251;251m@[38;2;205;205;205m@[38;2;195;195;195mP[38;2;198;198;198mA[38;2;244;244;244m@[38;2;251;251;251m@[38;2;252;252;252m@[38;2;251;251;251m@[38;2;236;236;236m@[38;2;167;167;167mF [38;2;0;0;224mg[38;2;1;0;207mF      [39m
 [38;2;0;0;0m      [38;2;0;0;212m~[38;2;0;0;214m@[38;2;0;0;220my[38;2;0;0;227m_[38;2;200;200;200m`[38;2;180;180;180m~[38;2;134;134;134m~[38;2;0;0;228m_[38;2;0;0;208my[38;2;0;0;226mg_[38;2;115;115;115m`[38;2;163;163;163m~[38;2;172;172;172m~[38;2;114;114;114m`[38;2;0;0;226m_[38;2;0;0;225mg[38;2;0;0;208my[38;2;0;0;228m_[38;2;123;123;123m~[38;2;184;184;184m~[38;2;108;108;108m~[38;2;0;0;227m_[38;2;0;0;218my[38;2;0;0;215m@[38;2;0;0;216m~       [39m
 [38;2;0;0;0m        [38;2;0;0;222m`[38;2;0;0;226m~[38;2;0;0;227m~~~[38;2;0;0;225m~[38;2;1;1;209m~[38;2;1;1;192m`[38;2;0;0;227m~[38;2;0;0;226m~~[38;2;0;0;227m~[38;2;0;0;225m~[38;2;0;0;228m~[38;2;3;1;190m`[38;2;1;1;208m~[38;2;0;0;226m~~[38;2;0;0;227m~~~[38;2;0;0;226m`         [39m
 [38;2;0;0;0m                                       [39m
 [38;2;0;0;0m                                       [39m
[?25h