[?25l[39m [38;2;0;0;0m                                       [39m
 [38;2;0;0;0m              [38;2;0;0;226m_[38;2;0;0;227m__[38;2;1;1;209my[38;2;0;0;214my[38;2;0;0;213my[38;2;1;1;205my[38;2;0;0;226m_[38;2;0;0;227m_[38;2;0;0;217m_               [39m
 [38;2;0;0;0m          [38;2;0;0;228m_[38;2;0;0;215ma@[38;2;0;0;221mP[38;2;0;0;226m~~[38;2;0;0;232m~[38;2;134;134;134m_[38;2;153;153;153m_[38;2;144;144;144m_[38;2;101;101;101m_[38;2;0;0;230m~[38;2;0;0;226m~[38;2;0;0;224m=[38;2;0;0;220m@[38;2;0;0;227mg[38;2;0;0;228m_            [39m
 [38;2;0;0;0m        [38;2;0;0;229m_[38;2;0;0;218m@[38;2;0;0;212mF[38;2;0;0;210m~[38;2;136;136;136my[38;2;187;187;187mg[38;2;248;248;248mg[38;2;238;238;238m@[38;2;252;252;252m@@[38;2;251;251;251m@@[38;2;252;252;252m@[38;2;248;248;248m@[38;2;221;221;221m@[38;2;216;216;216mg[38;2;162;162;162my[38;2;0;0;203m`[38;2;0;0;225m~[38;2;0;0;217m@[38;2;0;0;218my[38;2;1;1;193m,         [39m
 [38;2;0;0;0m      [38;2;1;2;188m_[38;2;0;0;229mg[38;2;0;0;217mF [38;2;199;199;199my[38;2;228;228;228m@[38;2;251;251;251m@[38;2;252;252;252m@@@@@@@@@@@@[38;2;249;249;249m@[38;2;197;197;197mg[38;2;94;94;94m_[38;2;0;0;222m~[38;2;0;0;225m@[38;2;0;0;215m_        [39m
 [38;2;0;0;0m      [38;2;0;0;228m@[38;2;1;0;211m'[38;2;126;126;126m_[38;2;212;212;212m@[38;2;251;251;251m@[38;2;252;252;252m@@@@@@@@@@@@@@@@[38;2;244;244;244m@[38;2;129;129;130my [38;2;0;0;224m0[38;2;0;0;218m;       [39m
 [38;2;0;0;0m     [38;2;0;0;230mg[38;2;1;1;206m' [38;2;223;223;223m@[38;2;252;252;252m@[38;2;250;250;250m@[38;2;199;199;199mM[38;2;191;191;191mP[38;2;233;233;233m@[38;2;251;251;251m@[38;2;252;252;252m@@@@@@@@@@@@@[38;2;249;249;249m@[38;2;98;98;98m_ [38;2;0;0;229m@       [39m
 [38;2;0;0;0m     [38;2;0;0;232m@ [38;2;143;143;143md[38;2;251;251;251m@[38;2;252;252;252m@[38;2;250;250;250m@[38;2;214;214;214my[38;2;232;232;232m_ [38;2;222;222;222m`[38;2;172;172;172mT[38;2;174;174;174m@[38;2;251;251;251m@[38;2;252;252;252m@[38;2;245;245;245m@[38;2;226;226;226mP[38;2;220;220;220mPPPPP[38;2;188;188;188m@[38;2;251;251;251m@[38;2;252;252;252m@[38;2;192;192;192m$ [38;2;0;0;216m9[38;2;0;0;211mi      [39m
 [38;2;0;0;0m     [38;2;0;0;228m@ [38;2;181;181;181m4[38;2;251;251;251m@[38;2;252;252;252m@[38;2;251;251;251m@[38;2;231;231;231m@[38;2;220;220;220mF[38;2;176;176;176m~ [38;2;115;115;115m_[38;2;174;174;174my[38;2;231;231;231m@[38;2;252;252;252m@[38;2;223;223;223m$[38;2;165;165;165my[38;2;159;159;159myyyyy[38;2;186;186;186my[38;2;236;236;236m@[38;2;252;252;252m@[38;2;210;210;210m@ [38;2;0;0;208m4[38;2;1;1;218m[      [39m
 [38;2;0;0;0m     [38;2;0;0;229m@ [38;2;176;176;176m4[38;2;251;251;251m@[38;2;252;252;252m@[38;2;243;243;243m@[38;2;252;252;252m_[38;2;251;251;251m_[38;2;215;215;215my[38;2;220;220;220m$[38;2;251;251;251m@[38;2;252;252;252m@@@@@@@@@@@@@[38;2;215;215;215m@ [38;2;0;0;206m4[38;2;1;1;219m[      [39m
 [38;2;0;0;0m     [38;2;0;0;232m@ [38;2;167;167;167m4[38;2;251;251;251m@[38;2;252;252;252m@@@@@@@@@@@@@@@@@@@@[38;2;224;224;224m@ [38;2;0;1;202m4[38;2;1;0;221m[      [39m
 [38;2;0;0;0m     [38;2;0;0;234m@ [38;2;153;153;153m4[38;2;251;251;251m@[38;2;252;252;252m@@@@@@@@@@@@@@@@@@@@[38;2;235;235;235m@ [38;2;0;0;197mJ[38;2;0;0;224m[      [39m
 [38;2;0;0;0m     [38;2;0;0;236m@ [38;2;136;136;136m4[38;2;251;251;251m@[38;2;252;252;252m@@@@@@@@@@@@@@@@@@@@[38;2;238;238;238m@ [38;2;0;0;190mJ[38;2;1;0;209m$      [39m
 [38;2;0;0;0m     [38;2;0;0;237m@ [38;2;114;114;115m4[38;2;252;252;252m@@@@@@@@@@@@@@@@@@@@@[38;2;242;242;242m@  [38;2;0;0;215m$      [39m
 [38;2;0;0;0m     [38;2;0;0;224m@[38;2;0;0;213m,[38;2;64;64;65m"[38;2;239;239;239m@[38;2;252;252;252m@@@@@@@@@@@@@@@@@@@@[38;2;221;221;221m@ [38;2;0;0;210mj[38;2;0;0;223mF      [39m
 [38;2;0;0;0m     [38;2;2;1;204m`[38;2;0;0;223m@[38;2;0;0;227m_[38;2;148;148;148m`[38;2;172;172;172mT[38;2;204;204;204mR[38;2;217;217;217m@[38;2;208;208;208m@[38;2;205;205;205mP[38;2;238;238;238m~[38;2;194;194;194m~[38;2;237;237;237m~[38;2;190;190;190mP[38;2;206;206;206m@[38;2;217;217;217m@[38;2;207;207;207mR[38;2;178;178;178mF[38;2;205;205;205m~[38;2;211;211;211m~[38;2;145;145;145m5[38;2;186;186;186m@[38;2;217;217;217m@[38;2;187;187;187m@[38;2;191;191;191mF[38;2;75;75;75m~[38;2;0;0;229m_[38;2;0;0;221m@[38;2;0;0;206m'      [39m
 [38;2;0;0;0m       [38;2;0;0;228m~[38;2;0;0;224m4[38;2;0;0;227ma[38;2;0;0;221my[38;2;0;0;204my[38;2;0;0;207my[38;2;0;0;223mga[38;2;0;0;229m=[38;2;0;0;217m@[38;2;0;0;225mg[38;2;0;0;209my[38;2;0;0;204my[38;2;0;0;217ma[38;2;0;0;228ma[38;2;0;0;225mP[38;2;0;0;226m4[38;2;0;0;228ma[38;2;0;0;217my[38;2;0;0;204my[38;2;0;0;218my[38;2;0;0;227maP[38;2;0;0;228m~        [39m
 [38;2;0;0;0m          [38;2;2;1;207m`[38;2;0;0;228m`[38;2;1;0;226m`     [38;2;1;0;224m`[38;2;0;0;227m`[38;2;2;1;209m`    [38;2;1;1;216m`[38;2;0;0;227m`[38;2;1;1;217m`           [39m
 [38;2;0;0;0m                                       [39m
[?25h