[?25l[39m [38;2;0;0;0m               [38;2;1;0;217m_[38;2;0;0;232m_[38;2;0;0;224m_[38;2;0;0;225m___[38;2;0;0;230m_[38;2;1;0;217m_                [39m
 [38;2;0;0;0m           [38;2;0;0;229m_[38;2;1;0;218ma[38;2;0;0;223ms[38;2;0;0;219mP[38;2;0;0;227m~[38;2;0;0;226m~[38;2;0;0;230m~[38;2;0;0;227m~[38;2;0;0;228m~[38;2;0;0;229m~[38;2;0;0;226m~~=[38;2;1;0;213m@[38;2;1;0;214mg[38;2;0;0;229m_            [39m
 [38;2;0;0;0m         [38;2;0;0;216my[38;2;0;0;227mP[38;2;0;0;226m~[38;2;85;85;85m_[38;2;168;168;168my[38;2;197;197;197mg[38;2;252;252;252mg[38;2;238;238;238m@[38;2;250;250;250m@[38;2;251;251;251m@@@[38;2;242;242;242m@[38;2;252;252;252mg[38;2;197;197;197mg[38;2;163;163;163my[38;2;85;85;85m_[38;2;0;0;224m~[38;2;0;0;221mR[38;2;0;0;216my[38;2;2;1;201m,         [39m
 [38;2;0;0;0m       [38;2;0;0;227m_[38;2;0;0;217m@[38;2;0;0;212m~[38;2;167;167;167m_[38;2;223;223;223mg[38;2;249;249;249m@[38;2;252;252;252m@@@@@@@@@@@@[38;2;251;251;251m@[38;2;223;223;223mg[38;2;169;169;169m_[38;2;0;0;208m~[38;2;0;0;223mR[38;2;0;0;228m_        [39m
 [38;2;0;0;0m      [38;2;0;0;226mj[38;2;0;0;231mF [38;2;176;176;176mg[38;2;250;250;250m@[38;2;252;252;252m@@@@@@@@@@@@@@@@[38;2;251;251;251m@[38;2;173;173;173mg [38;2;0;0;200m5[38;2;0;0;225mL       [39m
 [38;2;0;0;0m     [38;2;3;1;187mj[38;2;0;0;218m@ [38;2;168;168;168mg[38;2;251;251;251m@@[38;2;200;200;200m@[38;2;201;201;201mR[38;2;244;244;244m@[38;2;251;251;251m@[38;2;252;252;252m@@@@@@@@@@@@@[38;2;251;251;251m@[38;2;140;140;140m@ [38;2;0;0;220mR[38;2;1;1;205mi      [39m
 [38;2;0;0;0m     [38;2;0;0;220mg[38;2;1;1;196m' [38;2;237;237;237m@[38;2;252;252;252m@[38;2;251;251;251m@[38;2;203;203;203my_ [38;2;173;173;173m~[38;2;149;149;149mM[38;2;196;196;196m@[38;2;252;252;252m@@@[38;2;214;214;214m@[38;2;205;205;205m@@@@@[38;2;216;216;216m@[38;2;251;251;251m@[38;2;252;252;252m@[38;2;246;246;246m@  [38;2;0;0;222m$      [39m
 [38;2;0;0;0m     [38;2;0;0;225m@  [38;2;249;249;249m@[38;2;252;252;252m@@[38;2;249;249;249m@[38;2;188;188;188m@[38;2;147;147;147mF  [38;2;226;226;226m_[38;2;199;199;199m@[38;2;251;251;251m@[38;2;220;220;220m@[38;2;253;253;253m_[38;2;254;254;254m_____[38;2;253;253;253m_[38;2;212;212;212m@[38;2;252;252;252m@[38;2;251;251;251m@  [38;2;0;0;227m@      [39m
 [38;2;0;0;0m     [38;2;0;0;225m@  [38;2;249;249;249m@[38;2;252;252;252m@[38;2;251;251;251m@[38;2;222;222;222m_[38;2;196;196;196m_[38;2;184;184;184my[38;2;235;235;235mg[38;2;242;242;242m@[38;2;251;251;251m@[38;2;252;252;252m@@@@@@@@@@@@[38;2;251;251;251m@  [38;2;0;0;227m@      [39m
 [38;2;0;0;0m     [38;2;0;0;225m@  [38;2;249;249;249m@[38;2;252;252;252m@@[38;2;251;251;251m@@[38;2;252;252;252m@@@@@@@@@@@@@@@@[38;2;251;251;251m@  [38;2;0;0;227m@      [39m
 [38;2;0;0;0m     [38;2;0;0;225m@  [38;2;249;249;249m@[38;2;252;252;252m@@@@@@@@@@@@@@@@@@@@[38;2;251;251;251m@  [38;2;0;0;227m@      [39m
 [38;2;0;0;0m     [38;2;0;0;225m@  [38;2;249;249;249m@[38;2;252;252;252m@@@@@@@@@@@@@@@@@@@@[38;2;251;251;251m@  [38;2;0;0;227m@      [39m
 [38;2;0;0;0m     [38;2;0;0;225m@  [38;2;249;249;249m@[38;2;252;252;252m@@@@@@@@@@@@@@@@@@@@[38;2;251;251;251m@  [38;2;0;0;227m@      [39m
 [38;2;0;0;0m     [38;2;0;0;226m@  [38;2;249;249;249m@[38;2;252;252;252m@@@@@@@@@@@@@@@@@@@@[38;2;251;251;251m@  [38;2;0;0;226m@      [39m
 [38;2;0;0;0m     [38;2;0;0;219m@[38;2;0;0;218m, [38;2;235;235;235m@[38;2;252;252;252m@@@@@@@@@@@@@@@@@@@@[38;2;244;244;244m@ [38;2;1;0;179mj[38;2;0;0;222m@      [39m
 [38;2;0;0;0m     [38;2;1;0;212m`[38;2;0;0;228m@[38;2;0;0;230m_[38;2;166;166;166m`[38;2;172;172;172mP[38;2;217;217;217m@[38;2;232;232;232m@[38;2;185;185;185m@[38;2;168;168;168mF[38;2;232;232;232m~[38;2;248;248;248m~[38;2;200;200;200mR[38;2;230;230;230m@[38;2;236;236;236m@[38;2;213;213;213m@[38;2;209;209;209mF[38;2;238;238;238m~[38;2;237;237;237m~[38;2;172;172;172mP[38;2;216;216;216m@[38;2;237;237;237m@[38;2;229;229;229m@[38;2;171;171;171m@[38;2;248;248;248m~[38;2;118;118;118m~[38;2;0;0;225m_[38;2;0;0;224m@[38;2;0;0;233m'      [39m
 [38;2;0;0;0m      [38;2;1;0;216m`[38;2;0;0;219m4[38;2;0;0;223m@[38;2;0;0;221mg[38;2;0;0;227m__[38;2;0;0;213my[38;2;0;0;228mg@[38;2;0;0;227mg[38;2;0;0;217my[38;2;0;0;227m__[38;2;0;0;201my[38;2;0;0;225mg@[38;2;0;0;223m@[38;2;0;0;222mg[38;2;0;0;227m___[38;2;0;0;215ma[38;2;0;0;226mg[38;2;0;0;228m@[38;2;0;0;222mP[38;2;0;0;231m'       [39m
 [38;2;0;0;0m         [38;2;0;0;218m~[38;2;0;0;227m~[38;2;0;0;226m~[38;2;0;0;227m~[38;2;0;0;219m` [38;2;2;0;214m`[38;2;0;0;224m~[38;2;0;0;226m~[38;2;0;0;227m~~[38;2;0;1;212m~  [38;2;1;1;215m~[38;2;0;0;227m~~[38;2;0;0;226m~~[38;2;2;1;204m`          [39m
 [38;2;0;0;0m                                       [39m
[?25h