[?25l[39m [38;2;0;0;0m               [38;2;0;0;230m_[38;2;0;0;225m__[38;2;0;0;226m__[38;2;0;0;225m__[38;2;0;0;230m_                [39m
 [38;2;0;0;0m           [38;2;0;0;226m_[38;2;0;0;223mg[38;2;0;0;219m#[38;2;0;0;220m=[38;2;0;0;226m~[38;2;0;0;228m~[38;2;0;0;224m~[38;2;90;90;90m__[38;2;0;0;223m~[38;2;0;0;229m~[38;2;0;0;226m~[38;2;0;0;218m=[38;2;0;0;211m@[38;2;0;0;223mg[38;2;0;0;226m_            [39m
 [38;2;0;0;0m        [38;2;2;2;186m_[38;2;0;0;219ma[38;2;0;0;229mP~[38;2;134;134;134m_[38;2;181;181;181my[38;2;223;223;223mg[38;2;227;227;227m$[38;2;249;249;249m@[38;2;252;252;252m@[38;2;251;251;251m@@[38;2;252;252;252m@[38;2;250;250;250m@[38;2;231;231;231m$[38;2;223;223;223mg[38;2;179;179;179my[38;2;135;135;135m_[38;2;0;0;225m~[38;2;0;0;230m4[38;2;1;0;216mg[38;2;1;0;220m,         [39m
 [38;2;0;0;0m       [38;2;1;1;204my[38;2;0;0;230mP[38;2;1;0;201m~[38;2;124;124;124my[38;2;236;236;236mg[38;2;250;250;250m@[38;2;252;252;252m@@@@@@@@@@@@[38;2;251;251;251m@[38;2;207;207;207m$[38;2;201;201;201m_[38;2;0;0;220m`[38;2;0;0;231m4[38;2;1;1;205my        [39m
 [38;2;0;0;0m      [38;2;0;0;213mg[38;2;0;0;227mF [38;2;189;189;189mg[38;2;251;251;251m@[38;2;252;252;252m@@@@@@@@@@@@@@@@[38;2;251;251;251m@[38;2;185;185;185mg [38;2;0;0;219m?[38;2;1;0;212mg       [39m
 [38;2;0;0;0m     [38;2;2;1;193mj[38;2;0;0;214m@ [38;2;178;178;178mg[38;2;251;251;251m@[38;2;252;252;252m@@[38;2;251;251;251m@[38;2;250;250;250m@[38;2;246;246;246m@[38;2;251;251;251m@@[38;2;252;252;252m@@@@[38;2;251;251;251m@@[38;2;247;247;247m@[38;2;249;249;249m@[38;2;251;251;251m@[38;2;252;252;252m@@[38;2;251;251;251m@[38;2;171;171;171mg [38;2;0;0;217mR[38;2;1;0;209mi      [39m
 [38;2;0;0;0m     [38;2;0;0;222mg[38;2;1;1;193m' [38;2;240;240;240m@[38;2;252;252;252m@[38;2;249;249;249m@[38;2;206;206;206mF[38;2;142;142;142my[38;2;162;162;162ma[38;2;215;215;215ma[38;2;167;167;167mw[38;2;152;152;152m~[38;2;199;199;199m4[38;2;251;251;251m@@[38;2;190;190;190m@[38;2;208;208;208m~[38;2;168;168;168mw[38;2;196;196;196ma[38;2;182;182;182ma[38;2;131;131;131my[38;2;240;240;240m~[38;2;241;241;241m@[38;2;252;252;252m@[38;2;247;247;247m@  [38;2;0;0;223m$      [39m
 [38;2;0;0;0m     [38;2;0;0;226m@  [38;2;249;249;249m@[38;2;251;251;251m@[38;2;161;161;161m@[38;2;86;86;86mu[38;2;167;167;167mF [38;2;179;179;179ms [38;2;199;199;199m$ [38;2;221;221;221m@[38;2;238;238;238m@ [38;2;193;193;193m$ a [38;2;130;130;130m4[38;2;113;113;113mL[38;2;154;154;154mg[38;2;252;252;252m@[38;2;251;251;251m@  [38;2;0;0;226m@      [39m
 [38;2;0;0;0m     [38;2;0;0;226m@  [38;2;249;249;249m@[38;2;252;252;252m@[38;2;225;225;225m@[38;2;134;134;134m_$[38;2;167;167;167mw[38;2;188;188;188my[38;2;192;192;192my[38;2;193;193;193my[38;2;229;229;229mg[38;2;251;251;251m@@[38;2;161;161;161my[38;2;153;153;153m?[38;2;145;145;145ma[38;2;166;166;166my[38;2;203;203;203ma[38;2;190;190;190my[38;2;188;188;188mg[38;2;242;242;242m@[38;2;252;252;252m@[38;2;251;251;251m@  [38;2;0;0;226m@      [39m
 [38;2;0;0;0m     [38;2;0;0;226m@  [38;2;249;249;249m@[38;2;252;252;252m@@[38;2;251;251;251m@[38;2;252;252;252mg[38;2;209;209;209mg[38;2;221;221;221my[38;2;220;220;220ma[38;2;251;251;251m@[38;2;252;252;252m@@@@[38;2;232;232;232m@[38;2;233;233;233mg[38;2;223;223;223my[38;2;225;225;225my@[38;2;252;252;252m@@@[38;2;251;251;251m@  [38;2;0;0;226m@      [39m
 [38;2;0;0;0m     [38;2;0;0;226m@  [38;2;249;249;249m@[38;2;252;252;252m@@@@@@@@@@@@@@@@@@@@[38;2;251;251;251m@  [38;2;0;0;226m@      [39m
 [38;2;0;0;0m     [38;2;0;0;226m@  [38;2;249;249;249m@[38;2;252;252;252m@@@@@@@@@@@@@@@@@@@@[38;2;251;251;251m@  [38;2;0;0;227m@      [39m
 [38;2;0;0;0m     [38;2;0;0;226m@  [38;2;249;249;249m@[38;2;252;252;252m@@@@@@@@@@@@@@@@@@@@[38;2;251;251;251m@  [38;2;0;0;227m@      [39m
 [38;2;0;0;0m     [38;2;0;0;225m@  [38;2;249;249;249m@[38;2;252;252;252m@@@@@@@@@@@@@@@@@@@@[38;2;251;251;251m@  [38;2;0;0;227m@      [39m
 [38;2;0;0;0m     [38;2;0;0;218m@[38;2;1;0;219m, [38;2;227;227;227m@[38;2;252;252;252m@@@@@@@@@@@@@@@@@@@@[38;2;240;240;240m@ [38;2;1;0;187mj[38;2;0;0;222m@      [39m
 [38;2;0;0;0m     [38;2;1;1;211m`[38;2;0;0;229m@_[38;2;119;119;119m`[38;2;170;170;170mF[38;2;195;195;195m@[38;2;228;228;228m@[38;2;212;212;212m@[38;2;219;219;219mF[38;2;237;237;237m~[38;2;219;219;219m~[38;2;246;246;246m~[38;2;200;200;200mR[38;2;223;223;223m@[38;2;225;225;225m@[38;2;179;179;179m@[38;2;166;166;166mF[38;2;219;219;219m~[38;2;233;233;233m~[38;2;179;179;179mP[38;2;209;209;209m@[38;2;229;229;229m@[38;2;202;202;202m@[38;2;207;207;207mF[38;2;132;132;132m`[38;2;0;0;230m_[38;2;0;0;226m@[38;2;0;0;233m'      [39m
 [38;2;0;0;0m      [38;2;1;1;213m`[38;2;0;0;214m4[38;2;0;0;227m@g[38;2;0;0;211my[38;2;0;0;196my[38;2;0;0;205my[38;2;0;0;224mg[38;2;0;0;219m@[38;2;0;0;227m@g[38;2;0;0;220my[38;2;0;0;199myy[38;2;0;0;216ma[38;2;0;0;227mg@[38;2;0;0;222m@[38;2;0;0;224mg[38;2;0;0;205my[38;2;0;0;196my[38;2;0;0;211my[38;2;0;0;227mg[38;2;0;0;225m@[38;2;0;0;221mP[38;2;0;0;229m'       [39m
 [38;2;0;0;0m         [38;2;1;1;212m~[38;2;0;0;226m~[38;2;0;0;227m~~[38;2;0;0;222m~  [38;2;0;0;224m`[38;2;0;0;225m~[38;2;0;0;228m~[38;2;0;0;227m~[38;2;0;0;226m~[38;2;0;0;224m`  [38;2;1;0;218m~[38;2;0;0;227m~~[38;2;0;0;226m~[38;2;1;0;213m~          [39m
 [38;2;0;0;0m                                       [39m
[?25h