[?25l[39m [38;2;0;0;0m                                       [39m
 [38;2;0;0;0m              [38;2;0;0;226m_[38;2;0;0;225m_[38;2;1;0;213my[38;2;0;0;220mg[38;2;0;0;223mgg[38;2;0;0;222mg[38;2;0;0;218my[38;2;0;0;225m_[38;2;0;0;226m_[38;2;0;0;214m_              [39m
 [38;2;0;0;0m          [38;2;0;0;215m_[38;2;0;0;213my[38;2;0;0;215m$[38;2;0;0;223m=[38;2;0;0;225m~~[38;2;194;194;194m_[38;2;253;253;253m_[38;2;152;152;152my[38;2;155;155;155my[38;2;253;253;253m_[38;2;231;231;231m_[38;2;113;113;113m_[38;2;0;0;227m~[38;2;0;0;225m~[38;2;0;0;218mR[38;2;0;0;222mg[38;2;0;0;230m_           [39m
 [38;2;0;0;0m        [38;2;0;0;212m_[38;2;0;0;229ma[38;2;0;0;219mF[38;2;0;0;204m~[38;2;136;136;136my[38;2;203;203;203mg[38;2;219;219;219m@[38;2;251;251;251m@@[38;2;252;252;252m@@@@[38;2;251;251;251m@[38;2;252;252;252m@[38;2;240;240;240m@[38;2;235;235;235mg[38;2;177;177;177my[38;2;78;78;78m_[38;2;0;0;225m~[38;2;0;0;217m@[38;2;0;0;231m_         [39m
 [38;2;0;0;0m       [38;2;0;0;213my[38;2;0;0;228mP[38;2;0;0;196m'[38;2;162;162;162my[38;2;209;209;209m@[38;2;251;251;251m@[38;2;252;252;252m@@@@@@@@@@@@@[38;2;249;249;249m@[38;2;190;190;190mg[38;2;69;69;69m,[38;2;0;0;225m~[38;2;0;0;226m$[38;2;0;0;225m,       [39m
 [38;2;0;0;0m      [38;2;0;0;210mg[38;2;0;0;227mF [38;2;198;198;198mg[38;2;251;251;251m@[38;2;252;252;252m@@@@@@@@@@@@@@@@@[38;2;235;235;235m@[38;2;123;123;123m_[38;2;2;1;195m`[38;2;0;0;230m$[38;2;0;0;212m,      [39m
 [38;2;0;0;0m      [38;2;0;0;225m@ [38;2;151;151;152mg[38;2;251;251;251m@[38;2;243;243;243m@[38;2;166;166;166mF[38;2;176;176;176mT[38;2;177;177;177m@[38;2;249;249;249m@[38;2;252;252;252m@@@@@@@@@@@@@@[38;2;234;234;234m@ [38;2;2;1;202m`[38;2;0;0;220m$      [39m
 [38;2;0;0;0m     [38;2;1;1;208m4[38;2;1;0;209m[ [38;2;226;226;226m$[38;2;252;252;252m@@[38;2;237;237;237mg[38;2;185;185;185my[38;2;150;150;150m_ [38;2;202;202;202m~[38;2;159;159;159m5[38;2;246;246;246m@[38;2;251;251;251m@[38;2;218;218;218m@[38;2;188;188;188mF[38;2;181;181;181mFFFFF[38;2;172;172;172m5[38;2;249;249;249m@[38;2;252;252;252m@[38;2;251;251;251m@[38;2;141;141;141mL [38;2;0;0;236m$      [39m
 [38;2;0;0;0m     [38;2;1;0;211m4[38;2;0;0;204m[ [38;2;234;234;234m$[38;2;252;252;252m@[38;2;250;250;250m@[38;2;174;174;174m@[38;2;249;249;249m~[38;2;172;172;172m` [38;2;149;149;149my[38;2;199;199;199mg[38;2;246;246;246m@[38;2;252;252;252m@[38;2;226;226;226m@[38;2;219;219;219my[38;2;215;215;215myyyyy[38;2;211;211;211mg[38;2;249;249;249m@[38;2;252;252;252m@@[38;2;140;140;140mF [38;2;0;0;236m$      [39m
 [38;2;0;0;0m     [38;2;0;0;212m4[38;2;0;0;201m[ [38;2;234;234;234m$[38;2;252;252;252m@[38;2;245;245;245m@[38;2;194;194;194my[38;2;201;201;201my[38;2;248;248;248mg[38;2;250;250;250m@[38;2;252;252;252m@@@@@@@@@@@@@@@[38;2;137;137;137mF [38;2;0;0;237m$      [39m
 [38;2;0;0;0m     [38;2;0;0;214m4[38;2;0;0;190ml [38;2;224;224;224m@[38;2;252;252;252m@@@@@@@@@@@@@@@@@@@@@[38;2;131;131;131mF [38;2;0;0;237m$      [39m
 [38;2;0;0;0m     [38;2;0;0;217m4[38;2;0;0;196m[ [38;2;229;229;229m@[38;2;252;252;252m@@@@@@@@@@@@@@@@@@@@@[38;2;120;120;120mF [38;2;0;0;237m$      [39m
 [38;2;0;0;0m     [38;2;0;0;220m4  [38;2;237;237;237m@[38;2;252;252;252m@@@@@@@@@@@@@@@@@@@@[38;2;251;251;251m@[38;2;119;119;119mL [38;2;0;0;232m@      [39m
 [38;2;0;0;0m     [38;2;0;0;212m$  [38;2;243;243;243m@[38;2;252;252;252m@@@@@@@@@@@@@@@@@@@@[38;2;251;251;251m@[38;2;100;100;101mL [38;2;0;0;231m@      [39m
 [38;2;0;0;0m     [38;2;0;0;213m@  [38;2;240;240;240m@[38;2;252;252;252m@@@@@@@@@@@@@@@@@@@@[38;2;250;250;250m@[38;2;64;64;65m~ [38;2;0;0;227m@      [39m
 [38;2;0;0;0m     [38;2;1;1;210m`[38;2;0;0;224m@[38;2;0;0;210m,[38;2;160;160;160m~[38;2;197;197;197m@[38;2;251;251;251m@[38;2;240;240;240m@[38;2;208;208;208mP[38;2;184;184;184mF[38;2;178;178;178m#[38;2;238;238;238m@[38;2;251;251;251m@@[38;2;250;250;250m@[38;2;196;196;196m@[38;2;194;194;194mF[38;2;186;186;186mF[38;2;206;206;206m@[38;2;252;252;252m@[38;2;251;251;251m@[38;2;252;252;252m@[38;2;231;231;231m@[38;2;214;214;214mF[38;2;183;183;183mF[38;2;138;138;138mF [38;2;0;0;227mg[38;2;1;1;201mF      [39m
 [38;2;0;0;0m      [38;2;1;0;216m`[38;2;0;0;226m4[38;2;0;0;224mg[38;2;0;0;225m_[38;2;0;0;226m_[38;2;0;0;225m_[38;2;0;0;214my[38;2;0;0;226ma[38;2;0;0;214my[38;2;0;0;225m_[38;2;133;133;133m`[38;2;147;147;147m`[38;2;0;0;226m__g[38;2;0;0;223mg[38;2;0;0;227m__[38;2;153;153;153m`[38;2;118;118;118m`[38;2;0;0;225m_[38;2;0;0;220ma[38;2;0;0;226mag[38;2;0;0;229mP[38;2;1;0;205m~       [39m
 [38;2;0;0;0m        [38;2;2;4;189m`[38;2;0;0;224m~[38;2;0;0;226m~~[38;2;0;0;227m` [38;2;0;0;228m`[38;2;0;0;226m~~~~[38;2;0;0;219m~  [38;2;0;0;223m~[38;2;0;0;226m~~~[38;2;0;0;227m~[38;2;1;0;214m` [38;2;3;2;200m`         [39m
 [38;2;0;0;0m                                       [39m
[?25h