[?25l[39m [38;2;0;0;0m                                       [39m
 [38;2;0;0;0m             [38;2;0;0;227m_[38;2;0;0;226m_[38;2;1;1;214ma[38;2;0;0;226mg[38;2;0;0;227mg[38;2;0;0;228mg[38;2;0;0;227mgg[38;2;0;0;226mg[38;2;0;0;220my[38;2;0;0;226m_[38;2;0;0;228m_              [39m
 [38;2;0;0;0m          [38;2;0;0;229m_[38;2;0;0;227mg@[38;2;0;0;220mP[38;2;0;0;226m~[38;2;0;0;230m~[38;2;121;121;121m_[38;2;202;202;202m_[38;2;249;249;249m_[38;2;248;248;248m_[38;2;203;203;203m_[38;2;122;122;122m_[38;2;0;0;230m~[38;2;0;0;226m~[38;2;0;0;220m4[38;2;0;0;227m@g[38;2;0;0;229m_           [39m
 [38;2;0;0;0m        [38;2;1;1;206my[38;2;0;0;226m@[38;2;0;0;218mF[38;2;0;0;213m~[38;2;222;222;222m_[38;2;187;187;187mg[38;2;250;250;250mg[38;2;245;245;245m@[38;2;252;252;252m@[38;2;251;251;251m@[38;2;252;252;252m@@[38;2;251;251;251m@[38;2;252;252;252m@[38;2;247;247;247m@[38;2;210;210;210m@[38;2;187;187;187mg[38;2;223;223;223m_[38;2;0;0;210m~[38;2;0;0;214m?[38;2;0;0;227m@[38;2;1;1;206my         [39m
 [38;2;0;0;0m       [38;2;0;0;228mg[38;2;0;0;222mP[38;2;0;0;191m'[38;2;169;169;169my[38;2;222;222;222m$[38;2;251;251;251m@[38;2;252;252;252m@@@@@@@@@@@@[38;2;251;251;251m@[38;2;225;225;225m@[38;2;158;158;158my [38;2;0;0;218m4[38;2;0;0;226m$[38;2;1;0;216m,       [39m
 [38;2;0;0;0m      [38;2;0;0;222m@[38;2;0;0;217mF [38;2;218;218;218mg[38;2;251;251;251m@[38;2;252;252;252m@@@@@@@@@@@@@@@@[38;2;251;251;251m@[38;2;194;194;194m$ [38;2;0;0;221m~[38;2;0;0;226m@       [39m
 [38;2;0;0;0m     [38;2;0;0;216mJ[38;2;0;0;227mF [38;2;201;201;201mg[38;2;251;251;251m@@[38;2;222;222;222mF[38;2;160;160;160mM[38;2;193;193;193m@[38;2;251;251;251m@[38;2;252;252;252m@@@@@@@@@@@@@[38;2;251;251;251m@[38;2;178;178;178m@ [38;2;0;0;220m?[38;2;1;1;203m$      [39m
 [38;2;0;0;0m     [38;2;0;0;221m@[38;2;0;0;177m[ [38;2;244;244;244m@[38;2;252;252;252m@[38;2;251;251;251m@[38;2;224;224;224mg[38;2;172;172;172my[38;2;135;135;135m_ [38;2;224;224;224m~[38;2;169;169;169m5[38;2;244;244;244m@[38;2;252;252;252m@[38;2;245;245;245m@[38;2;206;206;206mPFFFFF[38;2;199;199;199mP[38;2;246;246;246m@[38;2;252;252;252m@[38;2;249;249;249m@  [38;2;0;0;226m$      [39m
 [38;2;0;0;0m     [38;2;0;0;226m@  [38;2;249;249;249m@[38;2;252;252;252m@@[38;2;220;220;220m@[38;2;207;207;207mF[38;2;208;208;208m~ [38;2;174;174;174m_[38;2;187;187;187my[38;2;222;222;222m@[38;2;252;252;252m@[38;2;235;235;235m@[38;2;198;198;198my[38;2;188;188;188myyyyy[38;2;202;202;202my[38;2;231;231;231m@[38;2;252;252;252m@[38;2;251;251;251m@  [38;2;0;0;226m@      [39m
 [38;2;0;0;0m     [38;2;0;0;226m@  [38;2;249;249;249m@[38;2;252;252;252m@[38;2;251;251;251m@[38;2;188;188;188my[38;2;167;167;167my[38;2;211;211;211ma[38;2;222;222;222m@[38;2;251;251;251m@[38;2;252;252;252m@@@@@@@@@@@@@[38;2;251;251;251m@  [38;2;0;0;226m@      [39m
 [38;2;0;0;0m     [38;2;0;0;226m@  [38;2;249;249;249m@[38;2;252;252;252m@@@@@@@@@@@@@@@@@@@@[38;2;251;251;251m@  [38;2;0;0;226m@      [39m
 [38;2;0;0;0m     [38;2;0;0;226m@  [38;2;249;249;249m@[38;2;252;252;252m@@@@@@@@@@@@@@@@@@@@[38;2;251;251;251m@  [38;2;0;0;227m@      [39m
 [38;2;0;0;0m     [38;2;0;0;226m@  [38;2;249;249;249m@[38;2;252;252;252m@@@@@@@@@@@@@@@@@@@@[38;2;251;251;251m@  [38;2;0;0;227m@      [39m
 [38;2;0;0;0m     [38;2;0;0;225m@  [38;2;250;250;250m@[38;2;252;252;252m@@@@@@@@@@@@@@@@@@@@[38;2;251;251;251m@  [38;2;0;0;226m@      [39m
 [38;2;0;0;0m     [38;2;1;1;203m4[38;2;0;0;233mL [38;2;184;184;184m4[38;2;251;251;251m@[38;2;252;252;252m@@@[38;2;251;251;251m@[38;2;236;236;236m@[38;2;212;212;212m@[38;2;248;248;248m@[38;2;251;251;251m@[38;2;252;252;252m@@[38;2;251;251;251m@[38;2;248;248;248m@[38;2;211;211;211m@[38;2;235;235;235m@[38;2;251;251;251m@[38;2;252;252;252m@@@[38;2;251;251;251m@[38;2;229;229;229mF [38;2;0;0;230mj[38;2;0;0;222mF      [39m
 [38;2;0;0;0m      [38;2;0;0;229m~[38;2;0;0;228ma[38;2;0;0;225m_[38;2;165;165;165m`[38;2;237;237;237m~[38;2;251;251;251m~[38;2;247;247;247m~[38;2;145;145;145m~[38;2;0;0;228m_[38;2;0;0;226m_[38;2;0;0;222m_[38;2;202;202;202m~[38;2;250;250;250m~[38;2;251;251;251m~[38;2;220;220;220m~[38;2;0;0;224m_[38;2;0;0;226m_[38;2;0;0;227m_[38;2;126;126;126m~[38;2;245;245;245m~[38;2;251;251;251m~[38;2;242;242;242m~[38;2;174;174;174m`[38;2;0;0;225m_[38;2;0;0;229ma[38;2;0;0;216mF       [39m
 [38;2;0;0;0m        [38;2;0;0;226m~[38;2;0;0;227m~[38;2;0;0;230m=[38;2;0;0;216mPP[38;2;1;0;223m=[38;2;0;0;227m~[38;2;0;0;228m~[38;2;0;0;226m~[38;2;0;0;231m=[38;2;0;0;215mP[38;2;0;0;217mP[38;2;0;0;230m=[38;2;0;0;226m~[38;2;0;0;228m~[38;2;0;0;227m~[38;2;0;0;225m=[38;2;0;0;216m4[38;2;0;0;218mP[38;2;0;0;229m=[38;2;0;0;226m~[38;2;0;0;228m~[38;2;2;3;189m`        [39m
 [38;2;0;0;0m                                       [39m
 [38;2;0;0;0m                                       [39m
[?25h