[?25l[39m [38;2;0;0;0m                                       [39m
 [38;2;0;0;0m              [38;2;0;0;219m_[38;2;0;0;225m_[38;2;0;0;226m__[38;2;1;1;204myy[38;2;0;0;226m___[38;2;0;0;220m_               [39m
 [38;2;0;0;0m          [38;2;2;2;186m_[38;2;0;0;225m_[38;2;0;0;227mgP[38;2;0;0;226m~[38;2;0;0;225m~[38;2;0;0;231m~[38;2;121;121;121m_[38;2;150;150;150m__[38;2;121;121;121m_[38;2;0;0;231m~[38;2;0;0;225m~[38;2;0;0;226m~4g[38;2;0;0;225m_[38;2;1;2;201m,           [39m
 [38;2;0;0;0m        [38;2;0;0;208m_[38;2;0;0;226maP[38;2;0;0;225m~[38;2;171;171;171m_[38;2;195;195;195my[38;2;237;237;237mg[38;2;228;228;228m@[38;2;251;251;251m@[38;2;252;252;252m@[38;2;251;251;251m@@[38;2;252;252;252m@@[38;2;232;232;232m@[38;2;237;237;237mg[38;2;194;194;194my[38;2;171;171;171m_[38;2;0;0;222m~[38;2;0;0;225m4[38;2;0;0;223mg[38;2;0;0;206m_         [39m
 [38;2;0;0;0m       [38;2;0;0;214my[38;2;0;0;229mP[38;2;0;0;210m'[38;2;139;139;140my[38;2;244;244;244mg[38;2;251;251;251m@[38;2;252;252;252m@@@@@@@@@@@@[38;2;251;251;251m@[38;2;216;216;216m$[38;2;125;125;125my[38;2;1;1;209m`[38;2;0;0;229m4[38;2;0;0;215my        [39m
 [38;2;0;0;0m      [38;2;0;0;219mg[38;2;0;0;224mF [38;2;199;199;199mg[38;2;251;251;251m@[38;2;252;252;252m@@@@@@@@@@@@@@@@[38;2;251;251;251m@[38;2;165;165;165m@ [38;2;0;0;214m?[38;2;0;0;216m$       [39m
 [38;2;0;0;0m     [38;2;1;1;201mj[38;2;0;0;231mF [38;2;186;186;186mg[38;2;251;251;251m@@[38;2;223;223;223mP[38;2;171;171;171m#[38;2;223;223;223m@[38;2;251;251;251m@[38;2;252;252;252m@@@@@@@@@@@@@[38;2;251;251;251m@[38;2;165;165;165m$ [38;2;0;0;221m4[38;2;0;0;216mi      [39m
 [38;2;0;0;0m     [38;2;0;0;216m@[38;2;0;0;182m[ [38;2;241;241;241m@[38;2;252;252;252m@@[38;2;197;197;197mg[38;2;243;243;243m_ [38;2;184;184;184m`[38;2;248;248;248m~[38;2;190;190;190mR[38;2;249;249;249m@[38;2;252;252;252m@[38;2;249;249;249m@[38;2;206;206;206mR[38;2;220;220;220mPPPPP[38;2;178;178;178m@[38;2;250;250;250m@[38;2;252;252;252m@[38;2;248;248;248m@  [38;2;0;0;225m$      [39m
 [38;2;0;0;0m     [38;2;0;0;225m@  [38;2;249;249;249m@[38;2;252;252;252m@[38;2;251;251;251m@[38;2;238;238;238m@[38;2;209;209;209mP[38;2;148;148;148mT [38;2;80;80;80m_[38;2;162;162;162my[38;2;211;211;211m@[38;2;252;252;252m@[38;2;227;227;227m@[38;2;171;171;171my[38;2;159;159;159myyyyy[38;2;177;177;177my[38;2;221;221;221m@[38;2;252;252;252m@[38;2;251;251;251m@  [38;2;0;0;227m@      [39m
 [38;2;0;0;0m     [38;2;0;0;225m@  [38;2;249;249;249m@[38;2;252;252;252m@[38;2;251;251;251m@[38;2;152;152;152my[38;2;252;252;252m_[38;2;207;207;207my[38;2;250;250;250mg[38;2;251;251;251m@[38;2;252;252;252m@@@@@@@@@@@@@[38;2;251;251;251m@  [38;2;0;0;227m@      [39m
 [38;2;0;0;0m     [38;2;0;0;225m@  [38;2;249;249;249m@[38;2;252;252;252m@@@@@@@@@@@@@@@@@@@@[38;2;251;251;251m@  [38;2;0;0;227m@      [39m
 [38;2;0;0;0m     [38;2;0;0;225m@  [38;2;249;249;249m@[38;2;252;252;252m@@@@@@@@@@@@@@@@@@@@[38;2;251;251;251m@  [38;2;0;0;226m@      [39m
 [38;2;0;0;0m     [38;2;0;0;225m@  [38;2;249;249;249m@[38;2;252;252;252m@@@@@@@@@@@@@@@@@@@@[38;2;251;251;251m@  [38;2;0;0;227m@      [39m
 [38;2;0;0;0m     [38;2;0;0;225m@  [38;2;249;249;249m@[38;2;252;252;252m@@@@@@@@@@@@@@@@@@@@[38;2;251;251;251m@  [38;2;0;0;226m@      [39m
 [38;2;0;0;0m     [38;2;0;0;215m@[38;2;0;0;216m, [38;2;237;237;237m@[38;2;252;252;252m@@@@@@@@@@@@@@@@@@@@[38;2;245;245;245m@ [38;2;1;0;175mj[38;2;0;0;222m$      [39m
 [38;2;0;0;0m     [38;2;2;1;205m`[38;2;0;0;225m@[38;2;0;0;226m_[38;2;177;177;177m`[38;2;168;168;168m#[38;2;223;223;223m@[38;2;242;242;242m@[38;2;232;232;232m@[38;2;174;174;174m@[38;2;251;251;251m~[38;2;239;239;239m~[38;2;140;140;140m5[38;2;199;199;199m@[38;2;239;239;239m@@[38;2;206;206;206m@[38;2;195;195;195mF[38;2;240;240;240m~[38;2;248;248;248m~[38;2;163;163;163m@[38;2;231;231;231m@[38;2;243;243;243m@[38;2;227;227;227m@[38;2;224;224;224mF[38;2;132;132;132m~[38;2;0;0;226m_[38;2;0;0;224m$[38;2;0;0;229m'      [39m
 [38;2;0;0;0m      [38;2;2;3;193m`[38;2;0;0;226m~[38;2;0;0;217m@[38;2;0;0;216mg[38;2;0;0;227m___[38;2;0;0;215my[38;2;0;0;227ma[38;2;0;0;220mR[38;2;0;0;226mg[38;2;0;0;202my[38;2;0;0;227m__[38;2;0;0;226m_[38;2;0;0;227mg[38;2;0;0;220mR[38;2;0;0;227ma[38;2;0;0;215my[38;2;0;0;227m___[38;2;0;0;219ma[38;2;0;0;224ms[38;2;1;1;206mF[38;2;1;1;202m'       [39m
 [38;2;0;0;0m         [38;2;3;0;207m`[38;2;1;1;215m~[38;2;0;0;223m~[38;2;1;0;221m~`   [38;2;0;0;227m`[38;2;0;0;223m~[38;2;0;0;224m~[38;2;2;2;198m~   [38;2;0;0;221m`[38;2;1;0;219m~[38;2;0;0;225m~[38;2;0;0;217m~[38;2;1;0;210m`          [39m
 [38;2;0;0;0m                                       [39m
[?25h