[?25l[39m [38;2;0;0;0m                                       [39m
 [38;2;0;0;0m              [38;2;0;0;223m_[38;2;0;0;226m__[38;2;1;1;201my[38;2;1;1;208myy[38;2;1;1;201my[38;2;0;0;226m__[38;2;0;0;224m_               [39m
 [38;2;0;0;0m          [38;2;1;2;196m_[38;2;0;0;225m_[38;2;0;0;227mgP[38;2;0;0;226m~[38;2;0;0;225m~[38;2;0;0;231m~[38;2;120;120;120m_[38;2;149;149;149m_[38;2;150;150;150m_[38;2;120;120;120m_[38;2;0;0;231m~[38;2;0;0;225m~[38;2;0;0;226m~4[38;2;0;0;227mg[38;2;0;0;225m_[38;2;2;1;195m_           [39m
 [38;2;0;0;0m        [38;2;0;0;211m_[38;2;0;0;225mg[38;2;0;0;226mP[38;2;0;0;225m~[38;2;169;169;169m_[38;2;195;195;195my[38;2;237;237;237mg[38;2;228;228;228m@[38;2;251;251;251m@[38;2;252;252;252m@[38;2;251;251;251m@@[38;2;252;252;252m@[38;2;251;251;251m@[38;2;232;232;232m@[38;2;237;237;237mg[38;2;193;193;193my[38;2;170;170;170m_[38;2;0;0;222m~[38;2;0;0;225m4[38;2;0;0;224mg[38;2;0;0;211m_         [39m
 [38;2;0;0;0m       [38;2;0;0;215my[38;2;0;0;229mP[38;2;1;1;211m'[38;2;139;139;139my[38;2;244;244;244mg[38;2;251;251;251m@[38;2;252;252;252m@@@@@@@@@@@@[38;2;251;251;251m@[38;2;215;215;215m$[38;2;214;214;214m_[38;2;1;1;207m`[38;2;0;0;229m4[38;2;0;0;217my        [39m
 [38;2;0;0;0m      [38;2;0;0;220mg[38;2;0;0;224mF [38;2;198;198;198mg[38;2;251;251;251m@[38;2;252;252;252m@@@@@@@@@@@@@@@@[38;2;251;251;251m@[38;2;164;164;164m@ [38;2;0;0;214m?[38;2;0;0;217m$       [39m
 [38;2;0;0;0m     [38;2;1;0;203mj[38;2;0;0;231mF [38;2;186;186;186mg[38;2;251;251;251m@[38;2;252;252;252m@[38;2;251;251;251m@[38;2;232;232;232m@[38;2;210;210;210mR[38;2;195;195;195mR[38;2;186;186;186m@[38;2;241;241;241m@[38;2;251;251;251m@[38;2;252;252;252m@@@[38;2;248;248;248m@[38;2;200;200;200m@[38;2;198;198;198mR[38;2;203;203;203mR[38;2;218;218;218m@[38;2;251;251;251m@[38;2;252;252;252m@[38;2;251;251;251m@[38;2;165;165;165m$ [38;2;0;0;220m4[38;2;0;0;218mi      [39m
 [38;2;0;0;0m     [38;2;0;0;217m@[38;2;1;1;191m' [38;2;241;241;241m@[38;2;252;252;252m@[38;2;237;237;237m@[38;2;171;171;171m~[38;2;162;162;162ma[38;2;211;211;211m=[38;2;203;203;203m4=[38;2;156;156;156my[38;2;199;199;199m~[38;2;249;249;249m@[38;2;251;251;251m@[38;2;204;204;204mF[38;2;152;152;152my[38;2;231;231;231m=[38;2;205;205;205m=[38;2;226;226;226m=[38;2;141;141;141ma[38;2;182;182;182m`[38;2;206;206;206m@[38;2;252;252;252m@[38;2;248;248;248m@  [38;2;0;0;225m$      [39m
 [38;2;0;0;0m     [38;2;0;0;226m@  [38;2;249;249;249m@[38;2;251;251;251m@[38;2;167;167;167m$[38;2;93;93;93m4[38;2;157;157;157mL [38;2;161;161;161m@ [38;2;172;172;172m0 [38;2;227;227;227m@[38;2;237;237;237m@ [38;2;200;200;200m$ [38;2;185;185;185ma [38;2;125;125;125m4[38;2;92;92;92mF[38;2;183;183;183mg[38;2;251;251;251m@@  [38;2;0;0;226m@      [39m
 [38;2;0;0;0m     [38;2;0;0;226m@  [38;2;249;249;249m@[38;2;252;252;252m@[38;2;247;247;247m@[38;2;167;167;167my[38;2;153;153;153m7[38;2;234;234;234m=[38;2;249;249;249m=[38;2;251;251;251m=[38;2;248;248;248mg[38;2;232;232;232m@[38;2;252;252;252m@[38;2;251;251;251m@[38;2;164;164;164m@[38;2;144;144;144m_[38;2;188;188;188m=[38;2;240;240;240m=[38;2;251;251;251m=[38;2;236;236;236mg[38;2;251;251;251mg@[38;2;252;252;252m@[38;2;251;251;251m@  [38;2;0;0;226m@      [39m
 [38;2;0;0;0m     [38;2;0;0;226m@  [38;2;249;249;249m@[38;2;252;252;252m@@@[38;2;251;251;251m@[38;2;229;229;229m@[38;2;216;216;216m@[38;2;226;226;226m@[38;2;251;251;251m@[38;2;252;252;252m@@@@[38;2;251;251;251m@[38;2;237;237;237m@[38;2;219;219;219m@@[38;2;248;248;248m@[38;2;252;252;252m@@@[38;2;251;251;251m@  [38;2;0;0;226m@      [39m
 [38;2;0;0;0m     [38;2;0;0;226m@  [38;2;249;249;249m@[38;2;252;252;252m@@@@@@@@@@@@@@@@@@@@[38;2;251;251;251m@  [38;2;0;0;227m@      [39m
 [38;2;0;0;0m     [38;2;0;0;226m@  [38;2;249;249;249m@[38;2;252;252;252m@@@@@@@@@@@@@@@@@@@@[38;2;251;251;251m@  [38;2;0;0;227m@      [39m
 [38;2;0;0;0m     [38;2;0;0;226m@  [38;2;249;249;249m@[38;2;252;252;252m@@@@@@@@@@@@@@@@@@@@[38;2;251;251;251m@  [38;2;0;0;226m@      [39m
 [38;2;0;0;0m     [38;2;1;0;213m@[38;2;0;0;217m, [38;2;231;231;231m@[38;2;252;252;252m@@@@@@@@@@@@@@@@@@@@[38;2;243;243;243m@ [38;2;1;0;182mj[38;2;0;0;221m$      [39m
 [38;2;0;0;0m     [38;2;2;1;201m`[38;2;0;0;225m@[38;2;0;0;229m_[38;2;143;143;143m`[38;2;158;158;158m5[38;2;207;207;207m@[38;2;231;231;231m@[38;2;221;221;221m@[38;2;208;208;208mP[38;2;243;243;243m~[38;2;227;227;227m~[38;2;249;249;249m~[38;2;180;180;180m@[38;2;229;229;229m@[38;2;230;230;230m@[38;2;188;188;188m@[38;2;178;178;178mF[38;2;228;228;228m~[38;2;240;240;240m~[38;2;176;176;176mA[38;2;219;219;219m@[38;2;232;232;232m@[38;2;213;213;213m@[38;2;215;215;215mF[38;2;154;154;154m`[38;2;0;0;230m_[38;2;0;0;225m$[38;2;0;0;227m'      [39m
 [38;2;0;0;0m       [38;2;0;0;228m~[38;2;0;0;213m@[38;2;0;0;225mg[38;2;0;0;203my[38;2;0;0;227m_[38;2;0;0;226m_[38;2;0;0;222ma[38;2;0;0;224ms[38;2;0;0;223m4[38;2;0;0;228ma[38;2;0;0;214my[38;2;0;0;227m__[38;2;0;0;214my[38;2;0;0;228ma[38;2;0;0;223mP[38;2;0;0;217m@[38;2;0;0;219mg[38;2;0;0;226m_[38;2;0;0;227m_[38;2;0;0;203my[38;2;0;0;225mg[38;2;0;0;213m@[38;2;0;0;230m~        [39m
 [38;2;0;0;0m          [38;2;0;0;227m`[38;2;1;1;213m~[38;2;1;1;200m~[38;2;3;2;193m`   [38;2;0;0;222m`[38;2;1;1;210m~[38;2;1;1;211m~[38;2;1;0;224m`   [38;2;4;2;188m`[38;2;0;0;226m`[38;2;1;1;213m~[38;2;0;0;227m`           [39m
 [38;2;0;0;0m                                       [39m
[?25h