[?25l[39m [38;2;0;0;0m               [38;2;1;0;217m_[38;2;0;0;229m_[38;2;0;0;224m_[38;2;0;0;225m__[38;2;0;0;224m_[38;2;0;0;230m_[38;2;1;0;217m_                [39m
 [38;2;0;0;0m           [38;2;0;0;229m_[38;2;1;0;218ma[38;2;0;0;223ms[38;2;0;0;218mP[38;2;0;0;227m~[38;2;0;0;226m~[38;2;0;0;229m~[38;2;0;0;227m~[38;2;0;0;228m~[38;2;0;0;229m~[38;2;0;0;226m~~=[38;2;0;0;213m@[38;2;1;0;215mg[38;2;0;0;228m_            [39m
 [38;2;0;0;0m         [38;2;0;0;216my[38;2;0;0;227mP[38;2;0;0;226m~[38;2;85;85;85m_[38;2;168;168;168my[38;2;197;197;197mg[38;2;252;252;252mg[38;2;238;238;238m@[38;2;250;250;250m@[38;2;251;251;251m@@@[38;2;242;242;242m@[38;2;252;252;252mg[38;2;197;197;197mg[38;2;162;162;162my[38;2;85;85;85m_[38;2;0;0;224m~[38;2;0;0;221mR[38;2;0;0;217my[38;2;1;1;201m,         [39m
 [38;2;0;0;0m       [38;2;0;0;227m_[38;2;0;0;217m@[38;2;0;0;212m~[38;2;168;168;168m_[38;2;223;223;223mg[38;2;249;249;249m@[38;2;252;252;252m@@@@@@@@@@@@[38;2;251;251;251m@[38;2;223;223;223mg[38;2;168;168;168m_[38;2;0;0;208m~[38;2;0;0;223mR[38;2;0;0;229m_        [39m
 [38;2;0;0;0m      [38;2;0;0;226mj[38;2;0;0;230mF [38;2;177;177;177mg[38;2;250;250;250m@[38;2;252;252;252m@@@@@@@@@@@@@@@@[38;2;251;251;251m@[38;2;172;172;172mg [38;2;0;0;200m5[38;2;0;0;224mL       [39m
 [38;2;0;0;0m     [38;2;2;1;187mj[38;2;0;0;218m@ [38;2;168;168;168mg[38;2;251;251;251m@[38;2;252;252;252m@@[38;2;251;251;251m@[38;2;246;246;246m@[38;2;240;240;240m@[38;2;248;248;248m@[38;2;251;251;251m@[38;2;252;252;252m@@@@[38;2;251;251;251m@[38;2;250;250;250m@[38;2;241;241;241m@[38;2;244;244;244m@[38;2;251;251;251m@[38;2;252;252;252m@@[38;2;251;251;251m@[38;2;140;140;140m@ [38;2;0;0;220mR[38;2;1;1;203mi      [39m
 [38;2;0;0;0m     [38;2;0;0;221mg[38;2;1;1;195m' [38;2;237;237;237m@[38;2;252;252;252m@[38;2;248;248;248m@[38;2;193;193;193mF[38;2;151;151;151my[38;2;173;173;173ma[38;2;226;226;226ma[38;2;146;146;146ma[38;2;143;143;143m_[38;2;167;167;167m5[38;2;251;251;251m@[38;2;252;252;252m@[38;2;182;182;182m@[38;2;189;189;189m~[38;2;149;149;149ma[38;2;203;203;203ma[38;2;194;194;194ma[38;2;131;131;131my[38;2;233;233;233m~[38;2;239;239;239m@[38;2;252;252;252m@[38;2;246;246;246m@  [38;2;0;0;222m$      [39m
 [38;2;0;0;0m     [38;2;0;0;226m@  [38;2;249;249;249m@[38;2;251;251;251m@[38;2;168;168;168m$[38;2;80;80;80m4[38;2;161;161;161mF [38;2;190;190;190ms [38;2;198;198;198m$ [38;2;221;221;221m@[38;2;238;238;238m@ [38;2;194;194;194m$ [38;2;204;204;204ma [38;2;130;130;130m4[38;2;114;114;114mL[38;2;155;155;155mg[38;2;252;252;252m@[38;2;251;251;251m@  [38;2;0;0;226m@      [39m
 [38;2;0;0;0m     [38;2;0;0;226m@  [38;2;249;249;249m@[38;2;252;252;252m@[38;2;227;227;227m@[38;2;143;143;143m_[38;2;131;131;131m$[38;2;167;167;167mwa[38;2;192;192;192my[38;2;198;198;198my[38;2;233;233;233mg[38;2;251;251;251m@@[38;2;166;166;166my[38;2;148;148;148m7[38;2;149;149;149ma[38;2;167;167;167my[38;2;209;209;209ma[38;2;194;194;194myg[38;2;243;243;243m@[38;2;252;252;252m@[38;2;251;251;251m@  [38;2;0;0;226m@      [39m
 [38;2;0;0;0m     [38;2;0;0;226m@  [38;2;249;249;249m@[38;2;252;252;252m@@[38;2;251;251;251m@[38;2;220;220;220m$[38;2;214;214;214mg[38;2;224;224;224mya[38;2;251;251;251m@[38;2;252;252;252m@@@[38;2;251;251;251m@[38;2;235;235;235m@[38;2;237;237;237mg[38;2;226;226;226my[38;2;200;200;200ma[38;2;226;226;226m@[38;2;252;252;252m@@@[38;2;251;251;251m@  [38;2;0;0;226m@      [39m
 [38;2;0;0;0m     [38;2;0;0;226m@  [38;2;249;249;249m@[38;2;252;252;252m@@@@@@@@@@@@@@@@@@@@[38;2;251;251;251m@  [38;2;0;0;226m@      [39m
 [38;2;0;0;0m     [38;2;0;0;226m@  [38;2;249;249;249m@[38;2;252;252;252m@@@@@@@@@@@@@@@@@@@@[38;2;251;251;251m@  [38;2;0;0;227m@      [39m
 [38;2;0;0;0m     [38;2;0;0;226m@  [38;2;249;249;249m@[38;2;252;252;252m@@@@@@@@@@@@@@@@@@@@[38;2;251;251;251m@  [38;2;0;0;227m@      [39m
 [38;2;0;0;0m     [38;2;0;0;225m@  [38;2;249;249;249m@[38;2;252;252;252m@@@@@@@@@@@@@@@@@@@@[38;2;251;251;251m@  [38;2;0;0;227m@      [39m
 [38;2;0;0;0m     [38;2;0;0;219m@[38;2;0;0;218m, [38;2;234;234;234m@[38;2;252;252;252m@@@@@@@@@@@@@@@@@@@@[38;2;244;244;244m@ [38;2;1;0;179mj[38;2;0;0;222m@      [39m
 [38;2;0;0;0m     [38;2;1;1;212m`[38;2;0;0;228m@[38;2;0;0;229m_[38;2;163;163;163m`[38;2;171;171;171mP[38;2;216;216;216m@[38;2;236;236;236m@[38;2;228;228;228m@[38;2;166;166;166m@[38;2;248;248;248m~[38;2;232;232;232m~[38;2;177;177;177mT[38;2;190;190;190m@[38;2;234;234;234m@@[38;2;198;198;198m@[38;2;188;188;188mF[38;2;233;233;233m~[38;2;244;244;244m~[38;2;181;181;181mR[38;2;226;226;226m@[38;2;236;236;236m@[38;2;221;221;221m@[38;2;220;220;220mF[38;2;122;122;122m~[38;2;0;0;229m_[38;2;0;0;223m@[38;2;0;0;233m'      [39m
 [38;2;0;0;0m      [38;2;1;0;216m`[38;2;0;0;219m4[38;2;0;0;224m@[38;2;0;0;221mg[38;2;0;0;227m___[38;2;0;0;218ma[38;2;0;0;226mg[38;2;0;0;228m@[38;2;0;0;227mg[38;2;0;0;208my[38;2;0;0;227m__[38;2;0;0;208my[38;2;0;0;228mg@[38;2;0;0;221m$[38;2;0;0;220my[38;2;0;0;227m___[38;2;0;0;224ma[38;2;0;0;220m@[38;2;0;0;222mP[38;2;0;0;229m'       [39m
 [38;2;0;0;0m         [38;2;1;0;218m~[38;2;0;0;226m~[38;2;0;0;227m~~[38;2;0;0;225m~[38;2;3;2;191m` [38;2;0;0;226m`[38;2;0;0;225m~[38;2;0;0;227m~~[38;2;0;0;226m~[38;2;0;0;227m` [38;2;4;2;189m`[38;2;0;0;222m~[38;2;0;0;227m~~[38;2;0;0;226m~[38;2;0;0;219m~          [39m
 [38;2;0;0;0m                                       [39m
[?25h