[?25l[39m [38;2;0;0;0m              [38;2;0;0;229m_[38;2;0;0;225m_[38;2;1;1;211my[38;2;0;0;216ma[38;2;0;0;223ma[38;2;0;0;224ma[38;2;0;0;221my[38;2;1;1;210my[38;2;0;0;225m_[38;2;0;0;229m_               [39m
 [38;2;0;0;0m          [38;2;0;0;225m_[38;2;1;0;213ma[38;2;0;0;220m#[38;2;0;0;210mF[38;2;0;0;226m~[38;2;0;0;220m~[38;2;213;213;213m_[38;2;244;244;244m_[38;2;146;146;146myy[38;2;244;244;244m_[38;2;213;213;213m_[38;2;0;0;220m~[38;2;0;0;226m~[38;2;0;0;227m~[38;2;0;0;215m@[38;2;0;0;218my[38;2;0;0;225m_           [39m
 [38;2;0;0;0m        [38;2;0;0;226m_[38;2;0;0;228ma[38;2;0;0;210mF[38;2;1;0;220m`[38;2;155;155;155my[38;2;218;218;218ma[38;2;231;231;231m$[38;2;251;251;251m@@[38;2;252;252;252m@@@@[38;2;251;251;251m@@[38;2;225;225;225m@[38;2;209;209;209mg[38;2;145;145;145my[38;2;1;0;220m`[38;2;0;0;226m~[38;2;0;0;218m@[38;2;0;0;226m_         [39m
 [38;2;0;0;0m       [38;2;0;0;222mg[38;2;0;0;225mF [38;2;192;192;192my[38;2;230;230;230m@[38;2;251;251;251m@[38;2;252;252;252m@@@@@@@@@@@@@[38;2;239;239;239m@[38;2;186;186;186my [38;2;0;0;218m?[38;2;0;0;222mg        [39m
 [38;2;0;0;0m      [38;2;0;0;228mg[38;2;0;0;205mF [38;2;228;228;228mg[38;2;251;251;251m@[38;2;252;252;252m@@@@@@@@@@@@@@@@[38;2;251;251;251m@[38;2;202;202;202m@ [38;2;0;0;213m~[38;2;0;0;226m$       [39m
 [38;2;0;0;0m     [38;2;0;0;211mj[38;2;0;0;227mF [38;2;210;210;210mg[38;2;251;251;251m@@[38;2;203;203;203mF[38;2;251;251;251m~[38;2;168;168;168m@[38;2;246;246;246m@[38;2;251;251;251m@[38;2;252;252;252m@@@@@@@@@@@@[38;2;251;251;251m@[38;2;190;190;190m@ [38;2;0;0;217m?[38;2;0;0;220ml      [39m
 [38;2;0;0;0m     [38;2;0;0;219m@  [38;2;246;246;246m@[38;2;252;252;252m@[38;2;251;251;251m@[38;2;243;243;243mg[38;2;192;192;192my[38;2;198;198;198m_ [38;2;181;181;181m~[38;2;154;154;154mM[38;2;236;236;236m@[38;2;252;252;252m@[38;2;241;241;241m@[38;2;178;178;178mM[38;2;185;185;185mFFFFF[38;2;190;190;190mF[38;2;241;241;241m@[38;2;252;252;252m@[38;2;250;250;250m@  [38;2;0;0;226m$      [39m
 [38;2;0;0;0m     [38;2;0;0;226m@  [38;2;249;249;249m@[38;2;252;252;252m@@[38;2;199;199;199m@[38;2;182;182;182mF[38;2;154;154;154m~ [38;2;222;222;222m_[38;2;207;207;207my[38;2;231;231;231m@[38;2;252;252;252m@[38;2;240;240;240m@[38;2;218;218;218my[38;2;207;207;207myyyyy[38;2;220;220;220my[38;2;238;238;238m@[38;2;252;252;252m@[38;2;251;251;251m@  [38;2;0;0;226m@      [39m
 [38;2;0;0;0m     [38;2;0;0;226m@  [38;2;249;249;249m@[38;2;252;252;252m@[38;2;251;251;251m@[38;2;207;207;207my[38;2;188;188;188my[38;2;233;233;233mg[38;2;240;240;240m@[38;2;251;251;251m@[38;2;252;252;252m@@@@@@@@@@@@@[38;2;251;251;251m@  [38;2;0;0;226m@      [39m
 [38;2;0;0;0m     [38;2;0;0;226m@  [38;2;249;249;249m@[38;2;252;252;252m@@@@@@@@@@@@@@@@@@@@[38;2;251;251;251m@  [38;2;0;0;226m@      [39m
 [38;2;0;0;0m     [38;2;0;0;226m@  [38;2;249;249;249m@[38;2;252;252;252m@@@@@@@@@@@@@@@@@@@@[38;2;251;251;251m@  [38;2;0;0;226m@      [39m
 [38;2;0;0;0m     [38;2;0;0;226m@  [38;2;249;249;249m@[38;2;252;252;252m@@@@@@@@@@@@@@@@@@@@[38;2;251;251;251m@  [38;2;0;0;227m@      [39m
 [38;2;0;0;0m     [38;2;0;0;226m@  [38;2;249;249;249m@[38;2;252;252;252m@@@@@@@@@@@@@@@@@@@@[38;2;251;251;251m@  [38;2;0;0;227m@      [39m
 [38;2;0;0;0m     [38;2;0;0;225m@  [38;2;249;249;249m@[38;2;252;252;252m@@@@@@@@@@@@@@@@@@@@[38;2;251;251;251m@  [38;2;0;0;226m@      [39m
 [38;2;0;0;0m     [38;2;0;0;210m9[38;2;0;0;215m$ [38;2;169;169;169m7[38;2;243;243;243m@[38;2;251;251;251m@[38;2;252;252;252m@[38;2;251;251;251m@[38;2;250;250;250m@[38;2;190;190;190m@[38;2;219;219;219mP[38;2;218;218;218m@[38;2;251;251;251m@[38;2;252;252;252m@@[38;2;251;251;251m@[38;2;221;221;221m@[38;2;222;222;222mP[38;2;214;214;214mR[38;2;249;249;249m@[38;2;251;251;251m@[38;2;252;252;252m@[38;2;251;251;251m@[38;2;245;245;245m@[38;2;197;197;197mF [38;2;0;0;218mg[38;2;0;0;226mF      [39m
 [38;2;0;0;0m      [38;2;0;0;222m4[38;2;0;0;225m@[38;2;0;0;211my[38;2;0;0;227m_[38;2;152;152;152m~[38;2;225;225;225m~[38;2;198;198;198m~[38;2;0;0;226m__[38;2;0;0;218mg[38;2;0;0;227m_[38;2;191;191;191m`[38;2;217;217;217m~[38;2;222;222;222m~[38;2;105;105;105m~[38;2;0;0;227m_[38;2;0;0;221ma[38;2;0;0;226m__[38;2;185;185;185m~[38;2;226;226;226m~[38;2;175;175;175m~[38;2;0;0;226m_[38;2;0;0;210my[38;2;0;0;220m@[38;2;0;0;227mP[38;2;1;1;191m'      [39m
 [38;2;0;0;0m       [38;2;1;0;213m~[38;2;0;0;226m~[38;2;1;0;213m@[38;2;0;0;227m@[38;2;0;0;226m@[38;2;0;0;227m@[38;2;0;0;221m@[38;2;0;0;225m=[38;2;0;0;227m~[38;2;0;0;225m4[38;2;0;0;227m@@@[38;2;0;0;228m@[38;2;0;0;223mP[38;2;0;0;227m~[38;2;0;0;225m=[38;2;0;0;222m@[38;2;0;0;227m@[38;2;0;0;226m@[38;2;0;0;228m@[38;2;1;0;215m@[38;2;0;0;214m=[38;2;0;0;215m~        [39m
 [38;2;0;0;0m                                       [39m
 [38;2;0;0;0m                                       [39m
[?25h