[?25l[39m [38;2;0;0;0m                                       [39m
 [38;2;0;0;0m             [38;2;1;1;201m_[38;2;0;0;226m_[38;2;0;0;227m_[38;2;0;0;216my[38;2;0;0;221ma[38;2;0;0;224ma[38;2;0;0;222mg[38;2;0;0;219mg[38;2;0;0;216my[38;2;0;0;226m__[38;2;2;1;202m_              [39m
 [38;2;0;0;0m          [38;2;0;0;227m_[38;2;0;0;219ma[38;2;0;0;222m@[38;2;0;0;223mP[38;2;0;0;227m~[38;2;0;0;226m~[38;2;0;0;231m~[38;2;142;142;142m_[38;2;182;182;182m__[38;2;142;142;142m_[38;2;0;0;231m~[38;2;0;0;227m~[38;2;0;0;226m~[38;2;0;0;224m4@[38;2;1;0;213mg[38;2;0;0;226m_           [39m
 [38;2;0;0;0m        [38;2;0;0;228m_[38;2;0;0;229mg[38;2;0;0;221mP[38;2;0;0;223m~[38;2;192;192;192m_[38;2;203;203;203my[38;2;243;243;243mg[38;2;234;234;234m@[38;2;252;252;252m@[38;2;251;251;251m@@@@[38;2;252;252;252m@[38;2;238;238;238m@[38;2;243;243;243mg[38;2;203;203;203my[38;2;191;191;191m_[38;2;0;0;220m~[38;2;0;0;219m4[38;2;0;0;221m@[38;2;0;0;228m_         [39m
 [38;2;0;0;0m       [38;2;0;0;222mg[38;2;0;0;226mP[38;2;1;0;206m'[38;2;152;152;152my[38;2;245;245;245mg[38;2;251;251;251m@[38;2;252;252;252m@@@@@@@@@@@@[38;2;251;251;251m@[38;2;210;210;210m@[38;2;139;139;139my[38;2;2;1;198m`[38;2;0;0;225m4[38;2;0;0;223mg        [39m
 [38;2;0;0;0m      [38;2;0;0;227mg[38;2;0;0;222mF [38;2;205;205;205mg[38;2;251;251;251m@[38;2;252;252;252m@@@@@@@@@@@@@@@@[38;2;251;251;251m@[38;2;172;172;172m@ [38;2;0;0;211m?[38;2;0;0;225m$       [39m
 [38;2;0;0;0m     [38;2;0;0;213mj[38;2;0;0;230mF [38;2;192;192;192mg[38;2;251;251;251m@[38;2;252;252;252m@[38;2;251;251;251m@[38;2;247;247;247m@[38;2;207;207;207m@[38;2;215;215;215mR[38;2;209;209;209m@[38;2;250;250;250m@[38;2;252;252;252m@@@@[38;2;251;251;251m@[38;2;221;221;221m@[38;2;216;216;216mR[38;2;197;197;197m@[38;2;239;239;239m@[38;2;251;251;251m@[38;2;252;252;252m@[38;2;251;251;251m@[38;2;167;167;167m@ [38;2;0;0;218m4[38;2;0;0;221ml      [39m
 [38;2;0;0;0m     [38;2;0;0;219m@[38;2;0;0;180m[ [38;2;242;242;242m@[38;2;252;252;252m@[38;2;244;244;244m@[38;2;221;221;221m~[38;2;178;178;178my[38;2;242;242;242m=[38;2;198;198;198ma[38;2;229;229;229m=[38;2;131;131;131my[38;2;231;231;231m~[38;2;250;250;250m@[38;2;251;251;251m@[38;2;231;231;231mF[38;2;115;115;115my[38;2;175;175;175ma[38;2;247;247;247m=[38;2;207;207;207mm[38;2;124;124;124ma[38;2;158;158;158m~[38;2;223;223;223m@[38;2;252;252;252m@[38;2;248;248;248m@  [38;2;0;0;225m$      [39m
 [38;2;0;0;0m     [38;2;0;0;226m@  [38;2;249;249;249m@[38;2;251;251;251m@[38;2;166;166;166m$[38;2;91;91;91m4[38;2;143;143;143mF [38;2;176;176;176m$ [38;2;195;195;195m$ [38;2;222;222;222m@[38;2;236;236;236m@ [38;2;197;197;197m$ [38;2;216;216;216ma [38;2;131;131;131m4[38;2;112;112;112mL[38;2;163;163;163mg[38;2;252;252;252m@[38;2;251;251;251m@  [38;2;0;0;226m@      [39m
 [38;2;0;0;0m     [38;2;0;0;226m@  [38;2;249;249;249m@[38;2;252;252;252m@[38;2;233;233;233m@[38;2;175;175;175m_[38;2;130;130;130mS[38;2;138;138;138ma[38;2;188;188;188ma[38;2;182;182;182ma[38;2;207;207;207my[38;2;245;245;245mg[38;2;251;251;251m@@[38;2;179;179;179my[38;2;133;133;133m7[38;2;193;193;193m*[38;2;185;185;185mw[38;2;227;227;227ma[38;2;202;202;202my[38;2;220;220;220ma[38;2;248;248;248m@[38;2;252;252;252m@[38;2;251;251;251m@  [38;2;0;0;226m@      [39m
 [38;2;0;0;0m     [38;2;0;0;226m@  [38;2;249;249;249m@[38;2;252;252;252m@@@[38;2;219;219;219m@[38;2;228;228;228mg[38;2;215;215;215mg[38;2;230;230;230mg[38;2;251;251;251m@[38;2;252;252;252m@@@@[38;2;240;240;240m@[38;2;239;239;239mg[38;2;218;218;218mg[38;2;219;219;219mg[38;2;231;231;231m@[38;2;252;252;252m@@@[38;2;251;251;251m@  [38;2;0;0;226m@      [39m
 [38;2;0;0;0m     [38;2;0;0;226m@  [38;2;249;249;249m@[38;2;252;252;252m@@@@@@@@@@@@@@@@@@@@[38;2;251;251;251m@  [38;2;0;0;227m@      [39m
 [38;2;0;0;0m     [38;2;0;0;226m@  [38;2;249;249;249m@[38;2;252;252;252m@@@@@@@@@@@@@@@@@@@@[38;2;251;251;251m@  [38;2;0;0;227m@      [39m
 [38;2;0;0;0m     [38;2;0;0;226m@  [38;2;249;249;249m@[38;2;252;252;252m@@@@@@@@@@@@@@@@@@@@[38;2;251;251;251m@  [38;2;0;0;226m@      [39m
 [38;2;0;0;0m     [38;2;0;0;215m4[38;2;0;0;217mL [38;2;205;205;205mR[38;2;251;251;251m@[38;2;252;252;252m@@@@[38;2;251;251;251m@@@[38;2;252;252;252m@@@@[38;2;251;251;251m@@@[38;2;252;252;252m@@@@[38;2;251;251;251m@[38;2;204;204;204m@ [38;2;0;0;217mj[38;2;0;0;227mF      [39m
 [38;2;0;0;0m      [38;2;0;0;221m4y[38;2;0;0;220m_[38;2;198;198;198m~[38;2;179;179;179mF[38;2;195;195;195mP[38;2;201;201;201mF[38;2;242;242;242m~[38;2;126;126;126m`[38;2;0;0;228m_[38;2;136;136;136m~[38;2;176;176;176mT[38;2;188;188;188mP[38;2;191;191;191mP[38;2;179;179;179mF[38;2;153;153;153m~[38;2;0;0;229m_[38;2;118;118;118m`[38;2;234;234;234m~[38;2;169;169;169mP[38;2;196;196;196mPF[38;2;227;227;227m~[38;2;0;0;218m_[38;2;0;0;221my[38;2;0;0;228mP       [39m
 [38;2;0;0;0m       [38;2;1;1;204m~[38;2;0;0;225m~[38;2;0;0;215mR[38;2;0;0;228maaa[38;2;0;0;210m@[38;2;0;0;218m=[38;2;0;0;225m~[38;2;0;0;230m=[38;2;0;0;215m@[38;2;0;0;228maa[38;2;0;0;223ma[38;2;0;0;221mP[38;2;0;0;225m~[38;2;1;0;219m=[38;2;1;0;211m@[38;2;0;0;228ma[38;2;0;0;227ma[38;2;0;0;228ma[38;2;0;0;223mP[38;2;0;0;226m~[38;2;0;1;209m~        [39m
 [38;2;0;0;0m                                       [39m
 [38;2;0;0;0m                                       [39m
[?25h