[?25l[39m [38;2;0;0;0m                                       [39m
 [38;2;0;0;0m            [38;2;0;0;227m_[38;2;0;1;213my[38;2;0;0;226mg[38;2;0;0;219m@[38;2;0;0;226m@[38;2;0;0;228m@[38;2;0;0;229m@@[38;2;0;0;227m@[38;2;0;0;226m@[38;2;0;0;217m@[38;2;0;0;225mg[38;2;1;1;203my[38;2;0;0;229m_             [39m
 [38;2;0;0;0m         [38;2;0;0;228m_[38;2;0;0;226mg[38;2;0;0;228m@[38;2;0;0;226mP~[38;2;0;0;231m~[38;2;157;157;157m_[38;2;251;251;251m_[38;2;163;163;163my[38;2;170;170;170my[38;2;169;169;169my[38;2;151;151;151my[38;2;239;239;239m_[38;2;111;111;111m_[38;2;0;0;227m~[38;2;0;0;226m~[38;2;0;0;216m@[38;2;0;0;226m@[38;2;1;0;213mg[38;2;1;1;205m_          [39m
 [38;2;0;0;0m       [38;2;0;0;212m_[38;2;0;0;226mg[38;2;0;0;217m@[38;2;0;0;228m~[38;2;109;109;109m_[38;2;194;194;194my[38;2;244;244;244mg@[38;2;251;251;251m@[38;2;252;252;252m@@@@@[38;2;251;251;251m@[38;2;252;252;252m@[38;2;236;236;236m@[38;2;222;222;222mg[38;2;150;150;150my[38;2;0;0;215m`[38;2;0;0;226m~[38;2;0;0;227m@[38;2;0;0;216mg         [39m
 [38;2;0;0;0m      [38;2;0;0;214mj[38;2;0;0;229m@[38;2;0;0;226m~ [38;2;203;203;203mg[38;2;249;249;249m@[38;2;252;252;252m@@@@@@@@@@@@@@[38;2;236;236;236m@[38;2;171;171;171my [38;2;0;0;201m#[38;2;0;0;225m@[38;2;0;0;224m,       [39m
 [38;2;0;0;0m     [38;2;1;1;199m_[38;2;0;0;229m@[38;2;1;0;203m'[38;2;97;97;97my[38;2;227;227;227m@[38;2;252;252;252m@@@@@@@@@@@@@@@@@[38;2;251;251;251m@[38;2;188;188;188m$ [38;2;0;0;210m?[38;2;0;0;226m@       [39m
 [38;2;0;0;0m     [38;2;0;0;222m@[38;2;0;0;196mF [38;2;195;195;195m4[38;2;236;236;236m@[38;2;251;251;251m@[38;2;252;252;252m@@@@@@@@@@@@@@@@@[38;2;251;251;251m@[38;2;142;142;143m@ [38;2;0;0;222mR[38;2;0;0;218ml      [39m
 [38;2;0;0;0m     [38;2;0;0;236m@  [38;2;208;208;208m_ [38;2;121;121;121m~[38;2;174;174;174mT[38;2;232;232;232m@[38;2;252;252;252m@[38;2;230;230;230m@[38;2;171;171;171mF[38;2;173;173;173mTTTTT[38;2;151;151;151mM[38;2;238;238;238m@[38;2;252;252;252m@@@@@@[38;2;236;236;236m@ [38;2;0;0;189mJ[38;2;0;1;209m$      [39m
 [38;2;0;0;0m     [38;2;0;0;236m@ [38;2;77;77;77m"[38;2;104;104;104m~ [38;2;152;152;152my[38;2;202;202;202mg[38;2;243;243;243m@[38;2;252;252;252m@[38;2;244;244;244m@[38;2;214;214;214mg[38;2;203;203;203mggggg[38;2;221;221;221mg[38;2;245;245;245m@[38;2;252;252;252m@@@@@@[38;2;239;239;239m@ [38;2;0;0;185mJ[38;2;0;0;210m$      [39m
 [38;2;0;0;0m     [38;2;0;0;237m@  [38;2;249;249;249mg[38;2;250;250;250m@[38;2;252;252;252m@@@@@@@@@@@@@@@@@@@[38;2;240;240;240m@ [38;2;0;0;184mJ[38;2;0;0;211m$      [39m
 [38;2;0;0;0m     [38;2;0;0;237m@ [38;2;117;117;117m4[38;2;252;252;252m@@@@@@@@@@@@@@@@@@@@@[38;2;241;241;241m@  [38;2;0;0;214m$      [39m
 [38;2;0;0;0m     [38;2;0;0;236m@ [38;2;107;107;107m4[38;2;251;251;251m@[38;2;252;252;252m@@@@@@@@@@@@@@@@@@@@[38;2;243;243;243m@  [38;2;0;0;217m$      [39m
 [38;2;0;0;0m     [38;2;0;0;235m@ [38;2;94;94;94m4[38;2;251;251;251m@[38;2;252;252;252m@@@@@@@@@@@@@@@@@@@@[38;2;246;246;246m@  [38;2;0;0;220m$      [39m
 [38;2;0;0;0m     [38;2;0;0;231m@ [38;2;65;65;65m4[38;2;250;250;250m@[38;2;252;252;252m@@@@@@@@@@@@@@@@@@@@[38;2;246;246;246m@  [38;2;0;0;220m$      [39m
 [38;2;0;0;0m     [38;2;1;1;199m7[38;2;0;0;217m$ [38;2;159;159;160m7[38;2;203;203;203mF[38;2;204;204;204m@[38;2;251;251;251m@@@[38;2;249;249;249m@[38;2;180;180;180m@[38;2;204;204;204mF[38;2;201;201;201mA[38;2;247;247;247m@[38;2;251;251;251m@@@[38;2;216;216;216m@[38;2;212;212;212mF[38;2;191;191;191mP[38;2;225;225;225m@[38;2;251;251;251m@@[38;2;226;226;226m@[38;2;131;131;131mF [38;2;0;0;228mg[38;2;0;0;231m'      [39m
 [38;2;0;0;0m      [38;2;0;0;213m~[38;2;0;0;212m@[38;2;0;0;225mg[38;2;0;0;224mg[38;2;0;0;226m_[38;2;123;123;123m`[38;2;142;142;142m~[38;2;126;126;126m~[38;2;0;0;228m_[38;2;0;0;225m_[38;2;0;0;230mg[38;2;0;0;206my[38;2;0;0;229m_[38;2;114;114;114m~[38;2;151;151;151m~[38;2;144;144;144m`[38;2;0;0;227m_[38;2;0;0;223ma[38;2;0;0;215mg[38;2;0;0;226m_[38;2;167;167;167m``[38;2;0;0;226m_[38;2;0;0;218ma[38;2;0;0;227mP[38;2;1;0;210m~       [39m
 [38;2;0;0;0m        [38;2;3;0;194m`[38;2;2;2;197m`[38;2;0;0;228m~[38;2;0;0;226m~[38;2;0;0;227m~[38;2;0;0;226m~[38;2;0;0;225m~[38;2;1;0;217m~ [38;2;1;1;212m~[38;2;0;0;225m~[38;2;0;0;226m~[38;2;0;0;227m~[38;2;0;0;225m~[38;2;0;0;229m~[38;2;1;2;205m`[38;2;0;2;201m`[38;2;0;0;227m~[38;2;0;0;226m~~[38;2;0;0;228m~[38;2;0;1;216m`         [39m
 [38;2;0;0;0m                                       [39m
 [38;2;0;0;0m                                       [39m
[?25h