[?25l[39m [38;2;0;0;0m               [38;2;0;0;231m_[38;2;0;0;224m_[38;2;0;0;227m____[38;2;0;0;225m_[38;2;0;0;231m_                [39m
 [38;2;0;0;0m           [38;2;0;0;226m_[38;2;0;0;224mg[38;2;0;0;223m@[38;2;0;0;227m@[38;2;0;0;224mP[38;2;0;0;229m=[38;2;0;0;215m=[38;2;0;0;227m~~[38;2;0;0;214m=[38;2;0;0;229m=[38;2;0;0;219mR[38;2;0;0;228m@[38;2;0;0;224m@g[38;2;0;0;227m_            [39m
 [38;2;0;0;0m        [38;2;1;2;191m_[38;2;0;0;222ma[38;2;0;0;228m@[38;2;0;0;224mP[38;2;0;0;228m~[38;2;112;112;112m_[38;2;157;157;157my[38;2;205;205;205my[38;2;219;219;219mg[38;2;252;252;252mgggg[38;2;220;220;220mg[38;2;205;205;205my[38;2;150;150;150my[38;2;113;113;113m_[38;2;0;0;226m~[38;2;0;0;225m4[38;2;0;0;227m@[38;2;0;0;217mg[38;2;0;0;225m,         [39m
 [38;2;0;0;0m       [38;2;1;1;207my[38;2;0;0;228m@[38;2;0;0;216mF [38;2;181;181;181my[38;2;247;247;247mg[38;2;251;251;251m@[38;2;252;252;252m@@@@@@@@@@[38;2;251;251;251m@[38;2;209;209;209m@[38;2;175;175;175my [38;2;0;0;226m~[38;2;0;0;228m@[38;2;1;1;208my        [39m
 [38;2;0;0;0m      [38;2;0;0;213mg[38;2;0;0;220m@[38;2;0;0;203m'[38;2;129;129;130my[38;2;215;215;215m@[38;2;251;251;251m@[38;2;252;252;252m@@@@@@@@@@@@@@@[38;2;231;231;231m@[38;2;113;113;113my[38;2;2;2;190m`[38;2;0;0;224mR[38;2;0;0;209m$       [39m
 [38;2;0;0;0m     [38;2;2;1;197mj[38;2;0;0;228m@ [38;2;140;140;141my[38;2;247;247;247m@[38;2;251;251;251m@[38;2;233;233;233m@[38;2;220;220;220m@[38;2;251;251;251m@[38;2;252;252;252m@@@@@@@@@@@@@@[38;2;251;251;251m@[38;2;124;124;125my [38;2;0;0;223m@[38;2;0;0;212mi      [39m
 [38;2;0;0;0m     [38;2;0;0;212m@[38;2;0;0;197mF [38;2;231;231;231m$[38;2;252;252;252m@[38;2;251;251;251m@[38;2;167;167;167my[38;2;66;66;66m_[38;2;151;151;151m`[38;2;237;237;237m~[38;2;177;177;177mA[38;2;237;237;237m@[38;2;251;251;251m@[38;2;252;252;252m@[38;2;251;251;251m@[38;2;249;249;249m@[38;2;246;246;246m@@@@@[38;2;249;249;249m@[38;2;251;251;251m@[38;2;252;252;252m@[38;2;237;237;237m@  [38;2;0;0;222m$      [39m
 [38;2;0;0;0m     [38;2;0;0;226m@  [38;2;249;249;249m@[38;2;252;252;252m@@[38;2;251;251;251m@[38;2;228;228;228m@[38;2;175;175;175m=  [38;2;135;135;135m_[38;2;204;204;204m$[38;2;251;251;251m@[38;2;215;215;215m@[38;2;171;171;171m_[38;2;154;154;154m_____[38;2;178;178;178m_[38;2;219;219;219m$[38;2;252;252;252m@[38;2;251;251;251m@  [38;2;0;0;225m@      [39m
 [38;2;0;0;0m     [38;2;0;0;225m@  [38;2;249;249;249m@[38;2;252;252;252m@[38;2;251;251;251m@[38;2;134;134;134m~ [38;2;143;143;143my[38;2;192;192;192mg[38;2;214;214;214m@[38;2;251;251;251m@[38;2;252;252;252m@@@[38;2;251;251;251m@[38;2;252;252;252m@@@@@[38;2;251;251;251m@[38;2;252;252;252m@@[38;2;251;251;251m@  [38;2;0;0;226m@      [39m
 [38;2;0;0;0m     [38;2;0;0;225m@  [38;2;249;249;249m@[38;2;252;252;252m@@[38;2;251;251;251m@[38;2;250;250;250m@[38;2;252;252;252m@@@@@@@@@@@@@@@@[38;2;251;251;251m@  [38;2;0;0;226m@      [39m
 [38;2;0;0;0m     [38;2;0;0;225m@  [38;2;249;249;249m@[38;2;252;252;252m@@@@@@@@@@@@@@@@@@@@[38;2;251;251;251m@  [38;2;0;0;226m@      [39m
 [38;2;0;0;0m     [38;2;0;0;225m@  [38;2;249;249;249m@[38;2;252;252;252m@@@@@@@@@@@@@@@@@@@@[38;2;251;251;251m@  [38;2;0;0;226m@      [39m
 [38;2;0;0;0m     [38;2;0;0;225m@  [38;2;249;249;249m@[38;2;252;252;252m@@@@@@@@@@@@@@@@@@@@[38;2;251;251;251m@  [38;2;0;0;226m@      [39m
 [38;2;0;0;0m     [38;2;0;0;218m@  [38;2;242;242;242m@[38;2;252;252;252m@@@@@@@@@@@@@@@@@@@@[38;2;247;247;247m@  [38;2;0;0;223m$      [39m
 [38;2;0;0;0m     [38;2;1;1;209m`[38;2;0;0;225m@[38;2;0;0;215m_[38;2;122;122;122m~[38;2;188;188;188mR[38;2;243;243;243m@[38;2;250;250;250m@[38;2;247;247;247m@[38;2;193;193;193m@[38;2;173;173;173mF[38;2;252;252;252m~[38;2;183;183;183mF[38;2;223;223;223m@[38;2;249;249;249m@@[38;2;226;226;226m@[38;2;214;214;214mF[38;2;252;252;252m~[38;2;174;174;174mT[38;2;181;181;181m@[38;2;246;246;246m@[38;2;250;250;250m@[38;2;243;243;243m@[38;2;172;172;172m@[38;2;154;154;154m~[38;2;0;0;212m_[38;2;0;0;232ma[38;2;0;0;231m'      [39m
 [38;2;0;0;0m      [38;2;1;1;206m`[38;2;0;0;215m?[38;2;0;0;227ma[38;2;0;0;213my[38;2;0;0;226m_[38;2;0;0;227m_[38;2;0;0;226m_[38;2;0;0;204my[38;2;0;0;227ma[38;2;0;0;221m@[38;2;0;0;218mg[38;2;0;0;225m_[38;2;0;0;226m__[38;2;0;0;225m_[38;2;0;0;221ma[38;2;0;0;217m@[38;2;0;0;226ma[38;2;0;0;204my[38;2;0;0;226m_[38;2;0;0;227m_[38;2;0;0;226m_[38;2;0;0;212my[38;2;0;0;226ma[38;2;0;0;216mF[38;2;0;0;220m'       [39m
 [38;2;0;0;0m         [38;2;0;0;230m`[38;2;0;0;229m~[38;2;0;0;231m~~[38;2;2;1;201m~  [38;2;2;2;195m`[38;2;0;0;220m~[38;2;0;0;231m~~[38;2;0;0;221m~[38;2;1;2;196m`  [38;2;0;0;235m`[38;2;0;0;230m~[38;2;0;0;231m~[38;2;0;0;229m~[38;2;0;0;230m`          [39m
 [38;2;0;0;0m                                       [39m
 [38;2;0;0;0m                                       [39m
[?25h