[?25l[39m [38;2;0;0;0m                                       [39m
 [38;2;0;0;0m             [38;2;3;1;189m_[38;2;0;0;226m__[38;2;0;0;215my[38;2;0;0;221ma[38;2;0;0;224ma[38;2;0;0;222mg[38;2;0;0;219mg[38;2;0;0;217my[38;2;0;0;227m__[38;2;1;0;210m_              [39m
 [38;2;0;0;0m          [38;2;0;0;220m_[38;2;1;0;214ma[38;2;0;0;218m@[38;2;0;0;225mP[38;2;0;0;227m~[38;2;0;0;225m~[38;2;0;0;232m~[38;2;138;138;138m_[38;2;178;178;178m_[38;2;184;184;184m_[38;2;146;146;146m_[38;2;0;0;230m~[38;2;0;0;227m~[38;2;0;0;226m~[38;2;0;0;223m4[38;2;0;0;225m@[38;2;0;0;218mg[38;2;0;0;230m_           [39m
 [38;2;0;0;0m        [38;2;0;0;221m_[38;2;0;0;228mg[38;2;0;0;226mP~[38;2;162;162;162m_[38;2;195;195;195my[38;2;238;238;238mg[38;2;231;231;231m@[38;2;251;251;251m@@@@@[38;2;252;252;252m@[38;2;241;241;241m@[38;2;246;246;246mg[38;2;211;211;211my[38;2;216;216;216m_[38;2;0;0;215m~[38;2;0;0;211m4[38;2;0;0;224m@[38;2;0;0;230m_         [39m
 [38;2;0;0;0m       [38;2;0;0;213mg[38;2;0;0;230mP[38;2;1;0;196m~[38;2;118;118;118my[38;2;240;240;240mg[38;2;251;251;251m@[38;2;252;252;252m@@@@@@@@@@@@[38;2;251;251;251m@[38;2;222;222;222m@[38;2;163;163;163my [38;2;0;0;199m#[38;2;0;0;223m$[38;2;1;0;211m,       [39m
 [38;2;0;0;0m      [38;2;0;0;218mg[38;2;0;0;229mF [38;2;184;184;184mg[38;2;251;251;251m@[38;2;252;252;252m@@@@@@@@@@@@@@@@[38;2;251;251;251m@[38;2;197;197;197m@ [38;2;0;0;217m~[38;2;0;0;230m$       [39m
 [38;2;0;0;0m     [38;2;2;1;190mj[38;2;0;0;223m@ [38;2;109;109;109ma[38;2;195;195;195mF[38;2;165;165;165m@[38;2;245;245;245m@[38;2;251;251;251m@[38;2;252;252;252m@@@@@@@@@@@@@@@@[38;2;199;199;199m@ [38;2;0;0;210m?[38;2;1;0;210m$      [39m
 [38;2;0;0;0m     [38;2;0;0;216m4[38;2;1;0;202m[ [38;2;223;223;223m$[38;2;198;198;198my[38;2;201;201;201m_ [38;2;172;172;172m~[38;2;140;140;140m5[38;2;203;203;203m@[38;2;251;251;251m@@[38;2;217;217;217m@P[38;2;216;216;216mPPPPP[38;2;211;211;211m@[38;2;251;251;251m@[38;2;252;252;252m@@@[38;2;251;251;251m@[38;2;72;72;72mL [38;2;0;0;230m@      [39m
 [38;2;0;0;0m     [38;2;0;0;220m4  [38;2;236;236;236m@[38;2;196;196;196m@[38;2;186;186;186mF[38;2;92;92;92m~ [38;2;225;225;225m_[38;2;215;215;215my[38;2;251;251;251m@@[38;2;189;189;189mg[38;2;170;170;170myyyyyy[38;2;191;191;191mg[38;2;251;251;251m@[38;2;252;252;252m@@@[38;2;251;251;251m@[38;2;117;117;117mL [38;2;0;0;232m@      [39m
 [38;2;0;0;0m     [38;2;0;0;220m4  [38;2;202;202;202m$[38;2;253;253;253m_[38;2;179;179;179my[38;2;233;233;233mg[38;2;241;241;241m@[38;2;251;251;251m@[38;2;252;252;252m@@@@@@@@@@@@@@@[38;2;251;251;251m@[38;2;115;115;116mL [38;2;0;0;232m@      [39m
 [38;2;0;0;0m     [38;2;0;0;221m4  [38;2;240;240;240m@[38;2;252;252;252m@@@@@@@@@@@@@@@@@@@@[38;2;251;251;251m@[38;2;109;109;109mL [38;2;0;0;231m@      [39m
 [38;2;0;0;0m     [38;2;0;0;212m$  [38;2;243;243;243m@[38;2;252;252;252m@@@@@@@@@@@@@@@@@@@@[38;2;251;251;251m@[38;2;100;100;101mL [38;2;0;0;231m@      [39m
 [38;2;0;0;0m     [38;2;0;0;215m@  [38;2;246;246;246m@[38;2;252;252;252m@@@@@@@@@@@@@@@@@@@@[38;2;251;251;251m@[38;2;89;89;90mL [38;2;0;0;231m@      [39m
 [38;2;0;0;0m     [38;2;0;0;218m@  [38;2;248;248;248m@[38;2;252;252;252m@@@@@@@@@@@@@@@@@@@@[38;2;251;251;251m@[38;2;77;77;77mL [38;2;0;0;230m@      [39m
 [38;2;0;0;0m     [38;2;1;0;212m4[38;2;0;0;220mL [38;2;199;199;199mR[38;2;251;251;251m@@@[38;2;252;252;252m@@@@@[38;2;251;251;251m@@@[38;2;252;252;252m@@@@[38;2;251;251;251m@@@[38;2;252;252;252m@[38;2;251;251;251m@[38;2;209;209;209m@ [38;2;0;0;213mj[38;2;0;0;229mF      [39m
 [38;2;0;0;0m      [38;2;0;0;219m4[38;2;0;0;222my[38;2;0;0;219m_[38;2;175;175;175m~[38;2;0;0;221m_[38;2;0;0;226m_[38;2;184;184;184m~[38;2;173;173;173mF[38;2;194;194;194mP[38;2;205;205;205mF[38;2;250;250;250m~[38;2;100;100;100m~[38;2;0;0;228m_[38;2;186;186;186m`[38;2;246;246;246m~[38;2;183;183;183mP[38;2;195;195;195mP[38;2;187;187;187mF[38;2;189;189;189m~[38;2;0;0;227m_[38;2;0;0;214m_[38;2;217;217;217m~[38;2;231;231;231m~[38;2;0;0;215m_[38;2;0;0;219my[38;2;0;0;228mP[38;2;2;1;190m'      [39m
 [38;2;0;0;0m       [38;2;2;1;201m~[38;2;0;0;226m~[38;2;0;0;217mP[38;2;0;0;228m~[38;2;0;0;226m~[38;2;0;0;223m4[38;2;0;0;227ma[38;2;0;0;228maa[38;2;0;0;212m@[38;2;0;0;226m=[38;2;0;0;225m~[38;2;0;0;230m=[38;2;0;0;216m@[38;2;0;0;228ma[38;2;0;0;227ma[38;2;0;0;226ma[38;2;0;0;222mP[38;2;0;0;226m~~[38;2;0;0;217mR[38;2;0;0;222mP[38;2;0;0;226m~[38;2;1;0;210m~        [39m
 [38;2;0;0;0m                                       [39m
 [38;2;0;0;0m                                       [39m
[?25h