[?25l[39m [38;2;0;0;0m               [38;2;3;1;201m_[38;2;0;0;229m_[38;2;0;0;224m_[38;2;0;0;225m_____[38;2;0;0;231m_               [39m
 [38;2;0;0;0m            [38;2;0;0;227m_[38;2;0;0;225mg[38;2;0;0;213m@[38;2;0;0;228m~[38;2;0;0;225m~[38;2;0;0;229m~[38;2;0;0;218m~[38;2;132;132;132m_[38;2;142;142;142m_[38;2;0;0;219m~[38;2;0;0;228m~[38;2;0;0;226m~[38;2;0;0;228m~[38;2;0;0;214mR[38;2;0;0;223ma_[38;2;2;2;194m,          [39m
 [38;2;0;0;0m          [38;2;1;0;208my[38;2;0;0;220m@[38;2;0;0;227m~[38;2;1;1;189m`[38;2;163;163;163my[38;2;217;217;217ma[38;2;224;224;224m$[38;2;249;249;249m@[38;2;251;251;251m@@@@@[38;2;235;235;235m@[38;2;247;247;247mg[38;2;207;207;207my[38;2;231;231;231m_[38;2;0;0;219m~[38;2;0;0;211m?[38;2;0;0;228ma[38;2;0;0;229m_        [39m
 [38;2;0;0;0m         [38;2;0;0;229mg[38;2;0;0;213mF [38;2;205;205;205my[38;2;237;237;237m@[38;2;251;251;251m@[38;2;252;252;252m@@@@@@@@@@@[38;2;251;251;251m@[38;2;241;241;241m@[38;2;181;181;181mg[38;2;85;85;85m_[38;2;0;0;226m~[38;2;0;0;222m$[38;2;2;0;201m_      [39m
 [38;2;0;0;0m        [38;2;0;0;224m@[38;2;1;0;202m~ [38;2;240;240;240mg[38;2;251;251;251m@[38;2;252;252;252m@@@@@@@@@@@@@@@@[38;2;247;247;247m@[38;2;157;157;157my [38;2;0;0;231m4[38;2;0;0;218m;     [39m
 [38;2;0;0;0m       [38;2;0;0;221mJ[38;2;0;0;218mF [38;2;224;224;224mg[38;2;251;251;251m@[38;2;252;252;252m@@@@@[38;2;251;251;251m@[38;2;210;210;210m@[38;2;186;186;186mP[38;2;207;207;207m@[38;2;251;251;251m@[38;2;252;252;252m@@@@@@@@[38;2;251;251;251m@[38;2;138;138;138my [38;2;0;0;227m$[38;2;0;0;219m,    [39m
 [38;2;0;0;0m       [38;2;0;0;231m@ [38;2;69;69;70mu[38;2;250;250;250m@[38;2;252;252;252m@@@@@@[38;2;251;251;251m@[38;2;201;201;201m$[38;2;162;162;162my[38;2;86;86;86m_[38;2;135;135;135m`[38;2;234;234;234m~[38;2;172;172;172m#[38;2;236;236;236m@[38;2;252;252;252m@[38;2;251;251;251m@[38;2;210;210;210m@[38;2;206;206;206mRRR[38;2;190;190;190mR [38;2;0;0;185m4[38;2;1;1;210m$    [39m
 [38;2;0;0;0m       [38;2;0;0;236m@ [38;2;105;105;105m4[38;2;251;251;251m@[38;2;252;252;252m@@@@@@@[38;2;249;249;249m@[38;2;190;190;190m@[38;2;179;179;179mF  [38;2;225;225;225m_[38;2;199;199;199mg[38;2;251;251;251m@[38;2;249;249;249m@[38;2;190;190;190my[38;2;156;156;156myyy[38;2;152;152;152my  [38;2;1;0;216m$    [39m
 [38;2;0;0;0m       [38;2;0;0;237m@ [38;2;118;118;118m4[38;2;252;252;252m@@@@@@@@[38;2;191;191;191my[38;2;231;231;231m_[38;2;186;186;186my[38;2;236;236;236mg[38;2;242;242;242m@[38;2;251;251;251m@[38;2;252;252;252m@@@@@@@[38;2;241;241;241m@ [38;2;0;0;183mJ[38;2;1;0;213m$    [39m
 [38;2;0;0;0m       [38;2;0;0;235m@ [38;2;140;140;140m4[38;2;251;251;251m@[38;2;252;252;252m@@@@@@@@@@@@@@@@@@@@[38;2;237;237;237m@ [38;2;0;0;198mJ[38;2;0;0;217mF    [39m
 [38;2;0;0;0m      [38;2;3;3;162mj[38;2;0;0;224m@ [38;2;163;163;163mg[38;2;251;251;251m@[38;2;252;252;252m@@@@@@@@@@@@@@@@@@@@[38;2;204;204;204m@ [38;2;0;0;218mJ[38;2;1;1;216m[    [39m
 [38;2;0;0;0m      [38;2;1;1;208mj[38;2;1;0;216m[ [38;2;209;209;209m$[38;2;252;252;252m@@@@@@@@@@@@@@@@@@@@[38;2;251;251;251m@[38;2;141;141;141m@ [38;2;0;0;227m$[38;2;0;0;202m'    [39m
 [38;2;0;0;0m      [38;2;0;0;224mg[38;2;1;1;193m' [38;2;242;242;242m@[38;2;252;252;252m@@@@@@@@@@@@@@@@@@@@[38;2;251;251;251m@[38;2;85;85;85mF [38;2;0;0;229m@     [39m
 [38;2;0;0;0m      [38;2;0;0;236m@ [38;2;121;121;121my[38;2;251;251;251m@[38;2;252;252;252m@@@@@@@@@@@@@@@@@@@@[38;2;240;240;240m@ [38;2;0;0;193mj[38;2;0;0;224mF     [39m
 [38;2;0;0;0m     [38;2;3;2;164mJ[38;2;0;0;229m@ [38;2;160;160;160m4[38;2;251;251;251m@[38;2;252;252;252m@@@@@@@@@@@@@@@@@@@[38;2;251;251;251m@[38;2;205;205;205mF [38;2;0;0;230mg[38;2;0;0;204m!     [39m
 [38;2;0;0;0m      [38;2;0;0;224m@[38;2;0;0;217my [38;2;217;217;217m~[38;2;196;196;196mR[38;2;168;168;168m@[38;2;247;247;247m~[38;2;199;199;199m~[38;2;220;220;220m~[38;2;171;171;171mP[38;2;200;200;200m@[38;2;220;220;220m@[38;2;189;189;189m@[38;2;199;199;199mF[38;2;222;222;222m~[38;2;200;200;200m~[38;2;247;247;247m~[38;2;205;205;205mR[38;2;217;217;217m@[38;2;206;206;206m@[38;2;204;204;204mP[38;2;241;241;241m~[38;2;192;192;192m~[38;2;175;175;175m~[38;2;0;0;228m_g[38;2;0;0;223mF      [39m
 [38;2;0;0;0m      [38;2;3;2;189m`[38;2;0;0;213m?[38;2;0;0;227m@g[38;2;0;0;221my[38;2;0;0;225ma[38;2;0;0;227mg[38;2;0;0;226m@[38;2;0;0;222m@[38;2;0;0;225mg[38;2;0;0;210my[38;2;0;0;204my[38;2;0;0;215ma[38;2;0;0;227mg@[38;2;0;0;226m@[38;2;0;0;227mg[38;2;0;0;218my[38;2;0;0;204my[38;2;0;0;213my[38;2;0;0;226mg[38;2;0;0;219m@[38;2;0;0;227m@@[38;2;0;0;224mP[38;2;0;0;210m~       [39m
 [38;2;0;0;0m         [38;2;2;1;203m~[38;2;0;0;226m~[38;2;0;0;222m~[38;2;2;2;194m` [38;2;3;1;205m`[38;2;0;0;223m~[38;2;0;0;227m~[38;2;0;0;226m~~`  [38;2;1;1;208m~[38;2;0;0;226m~~[38;2;0;0;227m~[38;2;0;0;218m~            [39m
 [38;2;0;0;0m                                       [39m
[?25h