[?25l[39m [38;2;0;0;0m                                       [39m
 [38;2;0;0;0m            [38;2;0;0;228m_[38;2;0;0;225m_[38;2;0;0;223mg[38;2;0;0;226ms[38;2;0;0;217mP[38;2;0;0;230m=[38;2;0;0;227m==[38;2;0;0;229m=[38;2;0;0;219m4[38;2;0;0;223mag[38;2;1;1;203my[38;2;0;0;229m_             [39m
 [38;2;0;0;0m         [38;2;1;1;203m_[38;2;1;0;216ma[38;2;0;0;212m@[38;2;0;0;225m~[38;2;1;0;218m~[38;2;223;223;223m_[38;2;180;180;180my[38;2;213;213;213my[38;2;215;215;215mg[38;2;241;241;241mg[38;2;243;243;243mg[38;2;222;222;222mg[38;2;218;218;218my[38;2;186;186;186my[38;2;244;244;244m_[38;2;0;0;206m~[38;2;0;0;226m~[38;2;0;0;228m4[38;2;0;0;220mg[38;2;0;0;222m_          [39m
 [38;2;0;0;0m        [38;2;1;0;219mg[38;2;0;0;225mP[38;2;0;0;200m~[38;2;135;135;135my[38;2;224;224;224mg[38;2;243;243;243m@[38;2;251;251;251m@[38;2;252;252;252m@@@@@@@@@[38;2;251;251;251m@[38;2;240;240;240mg[38;2;164;164;164my[38;2;2;0;199m`[38;2;0;0;212m?[38;2;0;0;220m$[38;2;0;0;227m,        [39m
 [38;2;0;0;0m       [38;2;0;0;224m@[38;2;0;0;213m~[38;2;109;109;109m_[38;2;233;233;233mg[38;2;251;251;251m@[38;2;252;252;252m@@@@@@@@@@@@@@@[38;2;228;228;228m@[38;2;115;115;115my[38;2;2;1;194m`[38;2;0;0;225m#[38;2;0;0;215m_       [39m
 [38;2;0;0;0m      [38;2;0;0;228m@[38;2;2;1;202m'[38;2;102;102;102m_[38;2;230;230;230m@[38;2;252;252;252m@[38;2;251;251;251m@@[38;2;252;252;252m@@@@@@@@@@@@@@@[38;2;251;251;251m@[38;2;142;142;143my [38;2;0;0;226mB[38;2;0;0;232m,      [39m
 [38;2;0;0;0m     [38;2;1;0;212mj[38;2;0;0;219mF [38;2;198;198;198m$[38;2;252;252;252m@[38;2;251;251;251m@[38;2;125;125;125m~[38;2;103;103;103m`[38;2;220;220;220m~[38;2;172;172;172mP[38;2;221;221;221m@[38;2;251;251;251m@[38;2;252;252;252m@@@[38;2;251;251;251m@@@@@@@[38;2;252;252;252m@@[38;2;245;245;245m@  [38;2;0;0;225m$      [39m
 [38;2;0;0;0m     [38;2;0;0;220m4[38;2;0;0;193m[ [38;2;235;235;235m@[38;2;252;252;252m@@[38;2;251;251;251m@[38;2;219;219;219m@[38;2;146;146;146ms  [38;2;175;175;175m`[38;2;184;184;184m@[38;2;252;252;252m@[38;2;218;218;218m@[38;2;134;134;134m~[38;2;206;206;206m`````[38;2;114;114;114m~[38;2;211;211;211m$[38;2;251;251;251m@@[38;2;112;112;112mL [38;2;0;0;232m@      [39m
 [38;2;0;0;0m     [38;2;0;0;220m4[38;2;0;0;190m[ [38;2;238;238;238m@[38;2;252;252;252m@@[38;2;165;165;165mF[38;2;159;159;159m`[38;2;71;71;71m_[38;2;158;158;158my[38;2;207;207;207mg[38;2;225;225;225m@[38;2;251;251;251m@[38;2;252;252;252m@[38;2;251;251;251m@[38;2;241;241;241m@[38;2;237;237;237m@@@@@[38;2;239;239;239m@[38;2;251;251;251m@[38;2;252;252;252m@[38;2;251;251;251m@[38;2;116;116;117mL [38;2;0;0;232m@      [39m
 [38;2;0;0;0m     [38;2;0;0;222m4  [38;2;239;239;239m@[38;2;252;252;252m@@[38;2;228;228;228m@[38;2;251;251;251mg[38;2;250;250;250m@[38;2;252;252;252m@@@@@@@@@@@@@@@[38;2;251;251;251m@[38;2;114;114;114mL [38;2;0;0;233m@      [39m
 [38;2;0;0;0m     [38;2;0;0;210m$  [38;2;241;241;241m@[38;2;252;252;252m@@@@@@@@@@@@@@@@@@@@[38;2;251;251;251m@[38;2;108;108;109mL [38;2;0;0;231m@      [39m
 [38;2;0;0;0m     [38;2;0;0;214m$  [38;2;243;243;243m@[38;2;252;252;252m@@@@@@@@@@@@@@@@@@@@[38;2;251;251;251m@[38;2;99;99;100mL [38;2;0;0;230m@      [39m
 [38;2;0;0;0m     [38;2;0;0;215m@  [38;2;246;246;246m@[38;2;252;252;252m@@@@@@@@@@@@@@@@@@@@[38;2;251;251;251m@[38;2;88;88;88mL [38;2;0;0;230m@      [39m
 [38;2;0;0;0m     [38;2;0;0;219m@  [38;2;249;249;249m@[38;2;252;252;252m@@@@@@@@@@@@@@@@@@@@[38;2;251;251;251m@[38;2;76;76;76mL [38;2;0;0;230m@      [39m
 [38;2;0;0;0m     [38;2;0;0;217m@  [38;2;242;242;242m@[38;2;252;252;252m@@@@@@@@@@@@@@@@@@@@[38;2;249;249;249m@  [38;2;0;0;225m@      [39m
 [38;2;0;0;0m     [38;2;1;1;212m`[38;2;0;0;224m@[38;2;1;0;198m_[38;2;153;153;153m~[38;2;185;185;185m@[38;2;250;250;250m@@[38;2;204;204;204m@[38;2;193;193;193mF[38;2;174;174;174mF[38;2;171;171;171m@[38;2;247;247;247m@[38;2;252;252;252m@@[38;2;234;234;234m@[38;2;219;219;219mF[38;2;173;173;173mF[38;2;174;174;174mP[38;2;228;228;228m@[38;2;252;252;252m@@[38;2;248;248;248m@[38;2;187;187;187m@[38;2;185;185;185mF[38;2;194;194;194m~ [38;2;0;0;231ma[38;2;1;1;198mF      [39m
 [38;2;0;0;0m      [38;2;1;0;217m`[38;2;0;0;225m4[38;2;0;0;227mg[38;2;0;0;225m___[38;2;0;0;227m_[38;2;0;0;226mgg_[38;2;0;0;223m_[38;2;122;122;122m`[38;2;101;101;101m`[38;2;0;0;225m_[38;2;0;0;218ma[38;2;0;0;227ma[38;2;0;0;220my[38;2;0;0;225m_[38;2;0;0;226m_[38;2;124;124;124m`[38;2;0;0;225m_[38;2;0;0;226m_gg[38;2;0;0;228mP[38;2;1;1;204m~       [39m
 [38;2;0;0;0m        [38;2;2;3;191m`[38;2;0;0;224m~[38;2;0;0;227m~~[38;2;0;0;226m~  [38;2;1;0;219m~[38;2;0;0;226m~[38;2;0;0;227m~[38;2;0;0;226m~~` [38;2;0;0;228m`[38;2;0;0;227m~[38;2;0;0;226m~[38;2;0;0;227m~~[38;2;0;0;222m~           [39m
 [38;2;0;0;0m                                       [39m
[?25h