[?25l[39m [38;2;0;0;0m                                       [39m
 [38;2;0;0;0m             [38;2;2;1;196m_[38;2;0;0;226m_[38;2;0;0;225m_[38;2;0;0;218my[38;2;0;0;222mg[38;2;0;0;225ma[38;2;0;0;226ma[38;2;0;0;223mg[38;2;1;1;215mg[38;2;1;1;202my[38;2;0;0;225m_[38;2;0;0;221m_              [39m
 [38;2;0;0;0m          [38;2;0;0;219m_[38;2;1;0;213ma[38;2;0;0;213m@[38;2;0;0;228m~[38;2;0;0;227m~[38;2;86;86;86m_[38;2;219;219;219m_[38;2;140;140;140my[38;2;164;164;164my[38;2;165;165;165my[38;2;148;148;148my[38;2;246;246;246m_[38;2;134;134;134m_[38;2;0;0;227m~[38;2;0;0;225m~[38;2;0;0;226m4[38;2;0;0;224mg[38;2;0;0;230m_           [39m
 [38;2;0;0;0m        [38;2;0;0;217m_[38;2;0;0;229ma[38;2;0;0;216mF[38;2;0;0;220m`[38;2;146;146;146my[38;2;213;213;213mg[38;2;224;224;224m@[38;2;252;252;252m@[38;2;251;251;251m@[38;2;252;252;252m@@@@[38;2;251;251;251m@@[38;2;244;244;244m@[38;2;240;240;240mg[38;2;185;185;185my[38;2;93;93;93m_[38;2;0;0;224m~[38;2;0;0;215m@[38;2;1;1;205my         [39m
 [38;2;0;0;0m       [38;2;0;0;216my[38;2;0;0;225mP [38;2;170;170;170my[38;2;218;218;218m@[38;2;251;251;251m@[38;2;252;252;252m@@@@@@@@@@@@@[38;2;250;250;250m@[38;2;197;197;197mg[38;2;77;77;77m,[38;2;0;0;224m~[38;2;0;0;227m$,       [39m
 [38;2;0;0;0m      [38;2;0;0;213mg[38;2;0;0;225mF [38;2;204;204;204mg[38;2;251;251;251m@[38;2;252;252;252m@@@@@@@@@@@@@@@@@[38;2;238;238;238m@[38;2;129;129;129m_[38;2;3;1;189m`[38;2;0;0;227m@[38;2;0;0;216m,      [39m
 [38;2;0;0;0m      [38;2;0;0;224m@ [38;2;156;156;156mg[38;2;251;251;251m@[38;2;244;244;244m@[38;2;162;162;162mF[38;2;252;252;252m~[38;2;195;195;195mR[38;2;246;246;246m@[38;2;251;251;251m@[38;2;252;252;252m@@@@@@@@@@@@@[38;2;235;235;235m@  [38;2;0;0;221m$      [39m
 [38;2;0;0;0m     [38;2;1;1;208m4[38;2;1;0;209m[ [38;2;228;228;228m$[38;2;252;252;252m@[38;2;251;251;251m@[38;2;243;243;243mg[38;2;196;196;196my[38;2;170;170;170m_ [38;2;176;176;176m~[38;2;146;146;146m5[38;2;244;244;244m@[38;2;252;252;252m@[38;2;219;219;219m@[38;2;177;177;177mF[38;2;167;167;167mFF[38;2;168;168;168mF[38;2;167;167;167mFF[38;2;161;161;161m5[38;2;246;246;246m@[38;2;252;252;252m@[38;2;251;251;251m@[38;2;141;141;141mL [38;2;0;0;236m$      [39m
 [38;2;0;0;0m     [38;2;1;0;212m4[38;2;1;0;202m[ [38;2;234;234;234m$[38;2;252;252;252m@[38;2;250;250;250m@[38;2;170;170;170m@[38;2;246;246;246m~[38;2;169;169;169m` [38;2;155;155;155my[38;2;205;205;205mg[38;2;246;246;246m@[38;2;252;252;252m@[38;2;233;233;233m@[38;2;195;195;195mg[38;2;189;189;189mggggg[38;2;218;218;218mg[38;2;249;249;249m@[38;2;252;252;252m@@[38;2;139;139;139mF [38;2;0;0;236m$      [39m
 [38;2;0;0;0m     [38;2;0;0;213m4[38;2;1;0;201m[ [38;2;221;221;221m@[38;2;252;252;252m@[38;2;248;248;248m@[38;2;204;204;204my[38;2;205;205;205my[38;2;249;249;249mg[38;2;250;250;250m@[38;2;252;252;252m@@@@@@@@@@@@@@@[38;2;136;136;136mF [38;2;0;0;237m$      [39m
 [38;2;0;0;0m     [38;2;1;0;215m4[38;2;0;0;199m[ [38;2;225;225;225m@[38;2;252;252;252m@@@@@@@@@@@@@@@@@@@@@[38;2;129;129;129mF [38;2;0;0;237m$      [39m
 [38;2;0;0;0m     [38;2;0;0;217m4[38;2;0;0;196m[ [38;2;230;230;230m@[38;2;252;252;252m@@@@@@@@@@@@@@@@@@@@@[38;2;118;118;118mF [38;2;0;0;232m@      [39m
 [38;2;0;0;0m     [38;2;0;0;221m4  [38;2;237;237;237m@[38;2;252;252;252m@@@@@@@@@@@@@@@@@@@@[38;2;251;251;251m@[38;2;118;118;118mL [38;2;0;0;232m@      [39m
 [38;2;0;0;0m     [38;2;0;0;213m$  [38;2;243;243;243m@[38;2;252;252;252m@@@@@@@@@@@@@@@@@@@@[38;2;251;251;251m@[38;2;99;99;100mL [38;2;0;0;231m@      [39m
 [38;2;0;0;0m     [38;2;0;0;213m@  [38;2;241;241;241m@[38;2;252;252;252m@@@@@@@@@@@@@@@@@@@@[38;2;250;250;250m@[38;2;64;64;64m~ [38;2;0;0;227m@      [39m
 [38;2;0;0;0m     [38;2;1;1;210m`[38;2;0;0;224m@[38;2;0;0;210m,[38;2;161;161;161m~[38;2;198;198;198m@[38;2;251;251;251m@[38;2;243;243;243m@[38;2;215;215;215mP[38;2;186;186;186mF[38;2;187;187;187mP[38;2;235;235;235m@[38;2;252;252;252m@[38;2;251;251;251m@@[38;2;202;202;202m@[38;2;196;196;196mF[38;2;185;185;185mF[38;2;199;199;199m@[38;2;251;251;251m@@[38;2;252;252;252m@[38;2;235;235;235m@[38;2;219;219;219mF[38;2;184;184;184mF[38;2;138;138;138mF [38;2;0;0;227mg[38;2;1;1;201mF      [39m
 [38;2;0;0;0m      [38;2;1;0;216m`[38;2;0;0;226m4[38;2;0;0;224mg[38;2;0;0;225m_[38;2;0;0;226m__[38;2;0;0;211my[38;2;0;0;226ma[38;2;0;0;217my[38;2;0;0;225m_[38;2;129;129;129m`[38;2;151;151;151m`[38;2;0;0;226m_[38;2;0;0;225m_g[38;2;0;0;224mg[38;2;0;0;227m__[38;2;153;153;153m`[38;2;126;126;126m`[38;2;0;0;225m_[38;2;0;0;216ma[38;2;0;0;226ma[38;2;0;0;228mg[38;2;0;0;229mP[38;2;1;0;205m~       [39m
 [38;2;0;0;0m        [38;2;2;4;189m`[38;2;0;0;224m~[38;2;0;0;226m~[38;2;0;0;227m~[38;2;0;0;228m` [38;2;0;0;224m`[38;2;0;0;226m~~~~[38;2;0;0;221m~  [38;2;0;0;222m~[38;2;0;0;226m~~~[38;2;0;0;227m~[38;2;1;0;218m` [38;2;3;2;200m`         [39m
 [38;2;0;0;0m                                       [39m
[?25h