[?25l[39m [38;2;0;0;0m                                       [39m
 [38;2;0;0;0m              [38;2;0;0;212m_[38;2;0;0;225m_[38;2;0;0;226m_[38;2;0;0;225m_[38;2;1;1;201myy[38;2;0;0;225m_[38;2;0;0;226m__[38;2;0;0;213m_               [39m
 [38;2;0;0;0m           [38;2;0;0;224m_[38;2;0;0;226mgP~[38;2;0;0;225m~[38;2;0;0;232m~[38;2;125;125;125m_[38;2;155;155;155m__[38;2;126;126;126m_[38;2;0;0;231m~[38;2;0;0;225m~~[38;2;0;0;226m4g[38;2;0;0;224m_[38;2;1;2;191m,           [39m
 [38;2;0;0;0m        [38;2;0;1;206m_[38;2;0;0;225maP~[38;2;175;175;175m_[38;2;196;196;196my[38;2;238;238;238mg[38;2;229;229;229m@[38;2;251;251;251m@[38;2;252;252;252m@[38;2;251;251;251m@@[38;2;252;252;252m@[38;2;251;251;251m@[38;2;233;233;233m@[38;2;238;238;238mg[38;2;195;195;195my[38;2;174;174;174m_[38;2;0;0;221m~[38;2;0;0;225m4[38;2;0;0;222mg[38;2;1;0;205m_         [39m
 [38;2;0;0;0m       [38;2;0;0;213my[38;2;0;0;229mP[38;2;1;0;210m'[38;2;142;142;142my[38;2;245;245;245mg[38;2;251;251;251m@[38;2;252;252;252m@@@@@@@@@@@@[38;2;251;251;251m@[38;2;217;217;217m$[38;2;127;127;127my[38;2;2;0;205m`[38;2;0;0;228m4[38;2;0;0;214my        [39m
 [38;2;0;0;0m      [38;2;0;0;219mg[38;2;0;0;225mF [38;2;200;200;200mg[38;2;251;251;251m@[38;2;252;252;252m@@@@@@@@@@@@@@@@[38;2;251;251;251m@[38;2;166;166;166m@ [38;2;0;0;214m?[38;2;0;0;215m$       [39m
 [38;2;0;0;0m     [38;2;1;1;202mj[38;2;0;0;232mF [38;2;187;187;188mg[38;2;251;251;251m@[38;2;252;252;252m@[38;2;251;251;251m@[38;2;223;223;223m@[38;2;222;222;222mP[38;2;192;192;192mM[38;2;200;200;200mR[38;2;230;230;230m@[38;2;251;251;251m@[38;2;252;252;252m@@[38;2;251;251;251m@[38;2;243;243;243m@[38;2;186;186;186m@[38;2;203;203;203mP[38;2;193;193;193m#[38;2;203;203;203m@[38;2;251;251;251m@[38;2;252;252;252m@[38;2;251;251;251m@[38;2;167;167;167m$ [38;2;0;0;220m4[38;2;0;0;215mi      [39m
 [38;2;0;0;0m     [38;2;0;0;216m@[38;2;1;1;191m' [38;2;242;242;242m@[38;2;252;252;252m@[38;2;233;233;233m@[38;2;151;151;151m~[38;2;172;172;172ma[38;2;173;173;173m=[38;2;176;176;176m#[38;2;138;138;138mM[38;2;164;164;164my[38;2;185;185;185m~[38;2;248;248;248m@[38;2;251;251;251m@[38;2;188;188;188mF[38;2;163;163;163my[38;2;217;217;217m=[38;2;182;182;182mF[38;2;179;179;179mP[38;2;147;147;147ma[38;2;145;145;145m`[38;2;199;199;199m@[38;2;251;251;251m@[38;2;248;248;248m@  [38;2;0;0;225m$      [39m
 [38;2;0;0;0m     [38;2;0;0;226m@  [38;2;249;249;249m@[38;2;251;251;251m@[38;2;169;169;169m$[38;2;92;92;92m4[38;2;162;162;162mL [38;2;154;154;154m@ [38;2;163;163;163m0 [38;2;229;229;229m@[38;2;237;237;237m@ [38;2;199;199;199m$ [38;2;209;209;209m4 [38;2;122;122;122m4[38;2;86;86;86mF[38;2;181;181;181ma[38;2;251;251;251m@@  [38;2;0;0;226m@      [39m
 [38;2;0;0;0m     [38;2;0;0;226m@  [38;2;249;249;249m@[38;2;252;252;252m@[38;2;248;248;248m@[38;2;184;184;184my[38;2;145;145;145m7[38;2;217;217;217m=[38;2;251;251;251m==g[38;2;241;241;241m@[38;2;252;252;252m@[38;2;251;251;251m@[38;2;173;173;173m@[38;2;179;179;179m_[38;2;133;133;133mH[38;2;250;250;250m=[38;2;194;194;194m#[38;2;235;235;235mg[38;2;225;225;225m$[38;2;251;251;251m@[38;2;252;252;252m@[38;2;251;251;251m@  [38;2;0;0;226m@      [39m
 [38;2;0;0;0m     [38;2;0;0;226m@  [38;2;249;249;249m@[38;2;252;252;252m@@@@[38;2;236;236;236m@[38;2;228;228;228m@[38;2;234;234;234m@[38;2;252;252;252m@@@@@[38;2;251;251;251m@[38;2;245;245;245m@[38;2;230;230;230m@@[38;2;250;250;250m@[38;2;252;252;252m@@@[38;2;251;251;251m@  [38;2;0;0;226m@      [39m
 [38;2;0;0;0m     [38;2;0;0;226m@  [38;2;249;249;249m@[38;2;252;252;252m@@@@@@@@@@@@@@@@@@@@[38;2;251;251;251m@  [38;2;0;0;227m@      [39m
 [38;2;0;0;0m     [38;2;0;0;226m@  [38;2;249;249;249m@[38;2;252;252;252m@@@@@@@@@@@@@@@@@@@@[38;2;251;251;251m@  [38;2;0;0;227m@      [39m
 [38;2;0;0;0m     [38;2;0;0;226m@  [38;2;249;249;249m@[38;2;252;252;252m@@@@@@@@@@@@@@@@@@@@[38;2;251;251;251m@  [38;2;0;0;226m@      [39m
 [38;2;0;0;0m     [38;2;0;0;217m@[38;2;0;0;216m, [38;2;240;240;240m@[38;2;252;252;252m@@@@@@@@@@@@@@@@@@@@[38;2;246;246;246m@  [38;2;0;0;223m$      [39m
 [38;2;0;0;0m     [38;2;2;1;207m`[38;2;0;0;225m@[38;2;0;0;222m_[38;2;114;114;114m~[38;2;180;180;180mR[38;2;234;234;234m@[38;2;252;252;252m@[38;2;241;241;241m@[38;2;188;188;188m@[38;2;171;171;171mF[38;2;251;251;251m~[38;2;155;155;155m5[38;2;216;216;216m@[38;2;249;249;249m@@[38;2;220;220;220m@[38;2;207;207;207mF[38;2;250;250;250m~[38;2;251;251;251m~[38;2;177;177;177m@[38;2;241;241;241m@[38;2;252;252;252m@[38;2;236;236;236m@[38;2;170;170;170m@[38;2;151;151;151m~[38;2;0;0;220m_[38;2;0;0;222m$[38;2;0;0;231m'      [39m
 [38;2;0;0;0m      [38;2;2;2;201m`[38;2;0;0;226m~[38;2;0;0;216m@[38;2;0;0;217my[38;2;0;0;227m_[38;2;0;0;224m_[38;2;0;0;227m_[38;2;0;0;206my[38;2;0;0;226ma[38;2;0;0;222m@[38;2;0;0;223mg[38;2;0;0;226m_[38;2;0;0;225m___[38;2;0;0;223mg[38;2;0;0;220m@[38;2;0;0;227ma[38;2;0;0;206my[38;2;0;0;227m_[38;2;0;0;224m_[38;2;0;0;227m_[38;2;0;0;215my[38;2;0;0;225ma[38;2;1;0;213mF[38;2;1;0;216m'       [39m
 [38;2;0;0;0m         [38;2;0;0;223m`~[38;2;0;0;226m~[38;2;0;0;224m~[38;2;0;0;227m`  [38;2;4;3;186m`[38;2;1;0;215m~[38;2;0;0;226m~~[38;2;1;0;217m~[38;2;3;3;186m`  [38;2;0;0;227m`[38;2;0;0;224m~[38;2;0;0;226m~[38;2;0;0;224m~[38;2;0;0;223m`          [39m
 [38;2;0;0;0m                                       [39m
[?25h