[?25l[39m [38;2;0;0;0m              [38;2;0;0;231m_[38;2;0;0;225m_[38;2;1;1;207my[38;2;0;0;219mya[38;2;0;0;218ma[38;2;0;0;219my[38;2;1;1;207my[38;2;0;0;225m_[38;2;0;0;231m_               [39m
 [38;2;0;0;0m          [38;2;0;0;222m_[38;2;0;0;216my[38;2;0;0;212m@[38;2;0;0;221m=[38;2;0;0;225m~[38;2;0;0;223m~[38;2;193;193;193m_[38;2;240;240;240m_[38;2;250;250;250m__[38;2;240;240;240m_[38;2;192;192;192m_[38;2;0;0;222m~[38;2;0;0;226m~[38;2;0;0;221m=[38;2;0;0;215m@y[38;2;0;0;223m_           [39m
 [38;2;0;0;0m        [38;2;0;0;223m_[38;2;0;0;229ma[38;2;0;0;213mF[38;2;1;0;226m`[38;2;148;148;148my[38;2;201;201;201mg[38;2;226;226;226m$[38;2;251;251;251m@@[38;2;252;252;252m@@@@[38;2;251;251;251m@@[38;2;231;231;231m$[38;2;200;200;200mg[38;2;137;137;137my[38;2;0;0;226m`[38;2;0;0;209m?[38;2;0;0;220m$[38;2;0;0;225m_         [39m
 [38;2;0;0;0m       [38;2;0;0;220mg[38;2;0;0;227mF [38;2;188;188;188my[38;2;225;225;225m@[38;2;251;251;251m@[38;2;252;252;252m@@@@@@@@@@@@[38;2;251;251;251m@[38;2;235;235;235m@[38;2;181;181;181my [38;2;0;0;196mN[38;2;0;0;221mg        [39m
 [38;2;0;0;0m      [38;2;0;0;227mg[38;2;0;0;209mF [38;2;225;225;225mg[38;2;251;251;251m@[38;2;252;252;252m@@@@@@@@@@@@@@@@[38;2;251;251;251m@[38;2;199;199;199m@ [38;2;0;0;216m~[38;2;0;0;225m$       [39m
 [38;2;0;0;0m     [38;2;1;0;210mj[38;2;0;0;228mF [38;2;209;209;209mg[38;2;251;251;251m@[38;2;252;252;252m@[38;2;191;191;191m@[38;2;199;199;199mR[38;2;242;242;242m@[38;2;251;251;251m@[38;2;252;252;252m@@@@@@@@@@@@@[38;2;251;251;251m@[38;2;187;187;187m@ [38;2;0;0;218m?[38;2;0;0;219ml      [39m
 [38;2;0;0;0m     [38;2;0;0;218m@  [38;2;246;246;246m@[38;2;252;252;252m@[38;2;251;251;251m@[38;2;203;203;203my[38;2;219;219;219m_ [38;2;154;154;154m~[38;2;175;175;175mT[38;2;203;203;203mR[38;2;249;249;249m@[38;2;252;252;252m@[38;2;250;250;250m@[38;2;196;196;196m@[38;2;211;211;211mRRRRR[38;2;195;195;195m@[38;2;252;252;252m@@[38;2;250;250;250m@  [38;2;0;0;226m$      [39m
 [38;2;0;0;0m     [38;2;0;0;226m@  [38;2;249;249;249m@[38;2;252;252;252m@@[38;2;236;236;236m@[38;2;213;213;213mP[38;2;147;147;147mT [38;2;64;64;64m_[38;2;142;142;142my[38;2;196;196;196m@[38;2;252;252;252m@[38;2;223;223;223m@[38;2;155;155;155my[38;2;143;143;143myyyyy[38;2;164;164;164my[38;2;216;216;216m@[38;2;252;252;252m@[38;2;251;251;251m@  [38;2;0;0;226m@      [39m
 [38;2;0;0;0m     [38;2;0;0;226m@  [38;2;249;249;249m@[38;2;252;252;252m@[38;2;248;248;248m@[38;2;145;145;145my[38;2;242;242;242m_[38;2;211;211;211my[38;2;247;247;247mg[38;2;249;249;249m@[38;2;251;251;251m@[38;2;252;252;252m@@@@@@@@@@@@[38;2;251;251;251m@  [38;2;0;0;226m@      [39m
 [38;2;0;0;0m     [38;2;0;0;226m@  [38;2;249;249;249m@[38;2;252;252;252m@@@@@@@@@@@@@@@@@@@@[38;2;251;251;251m@  [38;2;0;0;226m@      [39m
 [38;2;0;0;0m     [38;2;0;0;226m@  [38;2;249;249;249m@[38;2;252;252;252m@@@@@@@@@@@@@@@@@@@@[38;2;251;251;251m@  [38;2;0;0;226m@      [39m
 [38;2;0;0;0m     [38;2;0;0;226m@  [38;2;249;249;249m@[38;2;252;252;252m@@@@@@@@@@@@@@@@@@@@[38;2;251;251;251m@  [38;2;0;0;227m@      [39m
 [38;2;0;0;0m     [38;2;0;0;226m@  [38;2;249;249;249m@[38;2;252;252;252m@@@@@@@@@@@@@@@@@@@@[38;2;251;251;251m@  [38;2;0;0;227m@      [39m
 [38;2;0;0;0m     [38;2;0;0;225m@  [38;2;250;250;250m@[38;2;252;252;252m@@@@@@@@@@@@@@@@@@@@[38;2;251;251;251m@  [38;2;0;0;226m@      [39m
 [38;2;0;0;0m     [38;2;1;0;208m@[38;2;0;0;232mL [38;2;184;184;184m4[38;2;251;251;251m@[38;2;252;252;252m@@@[38;2;251;251;251m@[38;2;237;237;237m@[38;2;213;213;213m@[38;2;248;248;248m@[38;2;251;251;251m@[38;2;252;252;252m@@[38;2;251;251;251m@[38;2;248;248;248m@[38;2;211;211;211m@[38;2;235;235;235m@[38;2;251;251;251m@[38;2;252;252;252m@@@[38;2;251;251;251m@[38;2;229;229;229mF [38;2;0;0;231mj[38;2;0;0;215m@      [39m
 [38;2;0;0;0m     [38;2;2;2;196m`[38;2;0;0;219m@[38;2;0;0;227mg_[38;2;163;163;163m`[38;2;237;237;237m~[38;2;251;251;251m~[38;2;247;247;247m~[38;2;145;145;145m~[38;2;0;0;228m_[38;2;0;0;226m_[38;2;0;0;223m_[38;2;202;202;202m~[38;2;250;250;250m~[38;2;251;251;251m~[38;2;220;220;220m~[38;2;0;0;224m_[38;2;0;0;226m_[38;2;0;0;228m_[38;2;127;127;127m~[38;2;245;245;245m~[38;2;251;251;251m~[38;2;242;242;242m~[38;2;174;174;174m`[38;2;0;0;227m_[38;2;0;0;226mg[38;2;0;0;221m@[38;2;0;0;219m'      [39m
 [38;2;0;0;0m       [38;2;0;0;229m~[38;2;0;0;225m4[38;2;0;0;227m@@@@@[38;2;0;0;226mP[38;2;0;0;228m=[38;2;0;0;225m@[38;2;0;0;226m@[38;2;0;0;227m@@[38;2;0;0;226m@[38;2;0;0;224m@[38;2;0;0;228m=[38;2;0;0;218mR[38;2;0;0;227m@@@[38;2;0;0;226m@[38;2;0;0;227m@[38;2;0;0;225mP[38;2;0;0;228m~        [39m
 [38;2;0;0;0m          [38;2;2;2;197m`[38;2;1;1;222m`[38;2;1;1;206m`     [38;2;1;1;219m``     [38;2;2;1;211m`[38;2;1;1;224m`[38;2;2;2;201m`           [39m
 [38;2;0;0;0m                                       [39m
[?25h