[?25l[39m [38;2;0;0;0m             [38;2;0;0;221m_[38;2;0;0;226m_[38;2;1;1;207my[38;2;0;0;221ma[38;2;0;0;229ma[38;2;0;0;228ma[38;2;0;0;229maa[38;2;0;0;219mg[38;2;1;1;208my[38;2;0;0;225m_[38;2;0;0;221m_              [39m
 [38;2;0;0;0m          [38;2;0;0;229m_[38;2;0;0;225ma[38;2;0;0;224mP[38;2;0;0;227m~~[38;2;160;160;160m_[38;2;245;245;245m_[38;2;161;161;161my[38;2;175;175;175myy[38;2;160;160;160my[38;2;245;245;245m_[38;2;161;161;161m_[38;2;0;0;224m~[38;2;0;0;225m~4[38;2;0;0;223mg[38;2;0;0;230m_           [39m
 [38;2;0;0;0m        [38;2;0;0;231m_[38;2;0;0;220m$[38;2;0;0;228m~[38;2;72;72;72m_[38;2;182;182;182my[38;2;241;241;241mg[38;2;244;244;244m@[38;2;251;251;251m@[38;2;252;252;252m@@@@@@[38;2;251;251;251m@[38;2;248;248;248m@[38;2;241;241;241mg[38;2;178;178;178my[38;2;72;72;72m_[38;2;0;0;225m~[38;2;0;0;220m@[38;2;0;0;230m_         [39m
 [38;2;0;0;0m       [38;2;0;0;227mg[38;2;0;0;217mF [38;2;182;182;182mg[38;2;243;243;243m@[38;2;252;252;252m@@@@@@@@@@@@@@[38;2;247;247;247m@[38;2;181;181;181mg [38;2;0;0;227m~[38;2;0;0;223m$[38;2;1;1;197m,       [39m
 [38;2;0;0;0m      [38;2;0;0;232mg[38;2;0;0;207m~ [38;2;242;242;242mg[38;2;251;251;251m@[38;2;250;250;250m@@[38;2;251;251;251m@[38;2;252;252;252m@@@@@@@@@@@@@@[38;2;220;220;220m@[38;2;78;78;78m,[38;2;0;0;208m"[38;2;0;0;229m$       [39m
 [38;2;0;0;0m     [38;2;0;0;216mj[38;2;0;0;222mF [38;2;219;219;219mg[38;2;251;251;251m@[38;2;249;249;249m@[38;2;217;217;217m_ [38;2;155;155;155m~[38;2;176;176;176mT[38;2;183;183;183m@[38;2;248;248;248m@[38;2;251;251;251m@[38;2;252;252;252m@@[38;2;251;251;251m@@@@@@@[38;2;252;252;252m@@[38;2;204;204;204m@ [38;2;0;0;210m?[38;2;0;0;220m[      [39m
 [38;2;0;0;0m     [38;2;0;0;221m@  [38;2;248;248;248m@[38;2;252;252;252m@@[38;2;251;251;251m@[38;2;238;238;238m@[38;2;203;203;203m=   [38;2;194;194;194m$[38;2;252;252;252m@[38;2;213;213;213m@[38;2;89;89;89m`     [38;2;106;106;106m`[38;2;216;216;216m$[38;2;252;252;252m@[38;2;251;251;251m@  [38;2;0;0;227m$      [39m
 [38;2;0;0;0m     [38;2;0;0;226m@  [38;2;249;249;249m@[38;2;252;252;252m@[38;2;250;250;250m@[38;2;181;181;181m~ [38;2;204;204;204m_[38;2;197;197;197my[38;2;243;243;243mg[38;2;248;248;248m@[38;2;252;252;252m@@@@@@@@@@@@[38;2;251;251;251m@  [38;2;0;0;226m@      [39m
 [38;2;0;0;0m     [38;2;0;0;225m@  [38;2;249;249;249m@[38;2;252;252;252m@@[38;2;247;247;247m@[38;2;241;241;241m@[38;2;251;251;251m@[38;2;252;252;252m@@@@@@@@@@@@@@@[38;2;251;251;251m@  [38;2;0;0;226m@      [39m
 [38;2;0;0;0m     [38;2;0;0;225m@  [38;2;249;249;249m@[38;2;252;252;252m@@@@@@@@@@@@@@@@@@@@[38;2;251;251;251m@  [38;2;0;0;226m@      [39m
 [38;2;0;0;0m     [38;2;0;0;225m@  [38;2;249;249;249m@[38;2;252;252;252m@@@@@@@@@@@@@@@@@@@@[38;2;251;251;251m@  [38;2;0;0;226m@      [39m
 [38;2;0;0;0m     [38;2;0;0;225m@  [38;2;249;249;249m@[38;2;252;252;252m@@@@@@@@@@@@@@@@@@@@[38;2;251;251;251m@  [38;2;0;0;226m@      [39m
 [38;2;0;0;0m     [38;2;0;0;225m@  [38;2;249;249;249m@[38;2;252;252;252m@@@@@@@@@@@@@@@@@@@@[38;2;251;251;251m@  [38;2;0;0;226m@      [39m
 [38;2;0;0;0m     [38;2;0;0;224m@  [38;2;246;246;246m@[38;2;252;252;252m@@@@@@@@@@@@@@@@@@@@[38;2;249;249;249m@  [38;2;0;0;225m@      [39m
 [38;2;0;0;0m     [38;2;1;1;205m4[38;2;0;0;223m$[38;2;0;0;206m,[38;2;177;177;177m~[38;2;197;197;197m@[38;2;251;251;251m@@@[38;2;229;229;229m@[38;2;214;214;214mF[38;2;181;181;181mF[38;2;196;196;196mA[38;2;246;246;246m@[38;2;251;251;251m@@[38;2;247;247;247m@[38;2;172;172;172m@[38;2;186;186;186mF[38;2;194;194;194mF[38;2;225;225;225m@[38;2;251;251;251m@@@[38;2;209;209;209m@[38;2;195;195;195m~ [38;2;0;0;226mg[38;2;0;0;222mF      [39m
 [38;2;0;0;0m      [38;2;0;0;230m~[38;2;0;0;227m@[38;2;0;0;222mg[38;2;0;0;226m_[38;2;0;0;228m_[38;2;182;182;182m`[38;2;103;103;103m`[38;2;0;0;226m_[38;2;0;0;219ma[38;2;0;0;227mg[38;2;0;0;208my[38;2;0;0;227m_[38;2;162;162;162m`[38;2;161;161;161m`[38;2;0;0;227m_[38;2;0;0;208my[38;2;0;0;227mg[38;2;0;0;216mg[38;2;0;0;226m_[38;2;0;0;229m_[38;2;179;179;179m`[38;2;0;0;227m_[38;2;0;0;226m_[38;2;0;0;225ma[38;2;0;0;228m@[38;2;0;0;214mF       [39m
 [38;2;0;0;0m       [38;2;6;3;185m`[38;2;0;0;228m~[38;2;0;0;227m~[38;2;0;0;229m=[38;2;1;1;211mR[38;2;0;0;216mP[38;2;0;0;225m=[38;2;0;0;226m~[38;2;0;0;227m~[38;2;0;0;226m~[38;2;0;0;231m=[38;2;0;0;216mP[38;2;0;0;217mP[38;2;0;0;230m=[38;2;0;0;226m~~[38;2;0;0;227m~[38;2;0;0;224m=[38;2;0;0;217m4P[38;2;0;0;229m=[38;2;0;0;227m~[38;2;0;0;228m~         [39m
 [38;2;0;0;0m                                       [39m
 [38;2;0;0;0m                                       [39m
[?25h