[?25l[39m [38;2;0;0;0m             [38;2;2;1;198m_[38;2;0;0;228m_[38;2;0;0;226m_[38;2;1;1;210my[38;2;0;0;214ma[38;2;0;0;221ma[38;2;0;0;219ma[38;2;0;0;217my[38;2;1;1;205my[38;2;0;0;225m_[38;2;0;0;231m_               [39m
 [38;2;0;0;0m          [38;2;0;0;229m_[38;2;0;0;221ma[38;2;0;0;222m@[38;2;0;0;221mP[38;2;0;0;226m~[38;2;0;0;229m~[38;2;0;0;221m~[38;2;168;168;168m_[38;2;215;215;215m_[38;2;200;200;200m_[38;2;107;107;107m_[38;2;0;0;226m~[38;2;0;0;227m~[38;2;0;0;226m~[38;2;0;0;221mR[38;2;0;0;227mg[38;2;1;1;206my[38;2;1;1;213m,           [39m
 [38;2;0;0;0m        [38;2;1;1;203my[38;2;0;0;222m@[38;2;0;0;210mF[38;2;0;0;205m~[38;2;140;140;140my[38;2;217;217;217my[38;2;251;251;251mg[38;2;245;245;245m@[38;2;251;251;251m@@@@@@[38;2;224;224;224m@[38;2;225;225;225mg[38;2;174;174;174my[38;2;94;94;94m_[38;2;0;0;226m~[38;2;0;0;222mR[38;2;0;0;221mg[38;2;0;0;223m,         [39m
 [38;2;0;0;0m      [38;2;3;1;196m_[38;2;0;0;220m@[38;2;0;0;215mF [38;2;204;204;204my[38;2;232;232;232m@[38;2;251;251;251m@[38;2;252;252;252m@@@@@@@@@@@@[38;2;251;251;251m@[38;2;212;212;212mg[38;2;115;115;115m_[38;2;0;0;217m~[38;2;0;0;223m@[38;2;0;0;224m_        [39m
 [38;2;0;0;0m     [38;2;3;2;187m_[38;2;0;0;229m@[38;2;1;0;209m'[38;2;130;130;130m_[38;2;213;213;213m@[38;2;252;252;252m@@@@@@@@@@@@@@@@@[38;2;248;248;248m@[38;2;137;137;137my [38;2;0;0;225mR[38;2;1;0;211mi       [39m
 [38;2;0;0;0m     [38;2;0;0;223m@[38;2;1;1;207m' [38;2;225;225;225m@[38;2;252;252;252m@@@@@@@@@@@@@@@@@@@[38;2;250;250;250m@[38;2;100;100;100m_ [38;2;0;0;230m@       [39m
 [38;2;0;0;0m     [38;2;0;0;232m@ [38;2;135;135;135m4[38;2;248;248;248m@[38;2;252;252;252m@@@@@@@@@@@@@@@@@@@@[38;2;190;190;191m$ [38;2;0;0;216m9[38;2;0;0;209ml      [39m
 [38;2;0;0;0m    [38;2;3;2;160mJ[38;2;0;0;225m@ [38;2;125;125;125my[38;2;215;215;215m@[38;2;252;252;252m@@@@@@@@@@@@@@@@@@@@[38;2;203;203;203m@ [38;2;0;0;211m4[38;2;0;1;216m[      [39m
 [38;2;0;0;0m    [38;2;3;2;157mJ[38;2;0;0;226m@ [38;2;185;185;186m4[38;2;252;252;252m@@@@@@@@@@@@@@@@@@@@@[38;2;205;205;205m@ [38;2;0;0;211m4[38;2;1;0;216m[      [39m
 [38;2;0;0;0m     [38;2;0;0;228m@ [38;2;179;179;180m4[38;2;251;251;251m@[38;2;252;252;252m@@@@@@@@@@@@@@@@@@@@[38;2;212;212;212m@ [38;2;0;0;207m4[38;2;0;1;217m[      [39m
 [38;2;0;0;0m     [38;2;0;0;231m@ [38;2;170;170;170m4[38;2;251;251;251m@[38;2;252;252;252m@@@@@@@@@@@@@@@@@@@@[38;2;222;222;222m@ [38;2;1;0;202m4[38;2;0;0;222m[      [39m
 [38;2;0;0;0m     [38;2;0;0;235m@ [38;2;156;156;156m4[38;2;251;251;251m@[38;2;252;252;252m@@@@@@@@@@@@@@@@@@@@[38;2;233;233;233m@ [38;2;1;0;195m4[38;2;0;0;225m[      [39m
 [38;2;0;0;0m     [38;2;0;0;236m@ [38;2;138;138;138m4[38;2;251;251;251m@[38;2;252;252;252m@@@@@@@@@@@@@@@@@@@@[38;2;238;238;238m@ [38;2;0;0;190mJ[38;2;1;0;207m$      [39m
 [38;2;0;0;0m     [38;2;0;0;233m@[38;2;0;0;196m,[38;2;76;76;77m4[38;2;249;249;249m@[38;2;252;252;252m@@@@@@@@@@@@@@@@@@@@[38;2;227;227;227m@ [38;2;0;0;207mj[38;2;1;0;210m$      [39m
 [38;2;0;0;0m     [38;2;0;0;207m~[38;2;0;0;225m$[38;2;0;0;214m_[38;2;156;156;156m~[38;2;251;251;251m~[38;2;176;176;176mT[38;2;185;185;185m@[38;2;245;245;245m@[38;2;247;247;247m@[38;2;225;225;225m@[38;2;218;218;218mF[38;2;252;252;252m~~[38;2;181;181;181mA[38;2;233;233;233m@[38;2;247;247;247m@[38;2;242;242;242m@[38;2;179;179;179m@[38;2;251;251;251m~[38;2;252;252;252m~[38;2;146;146;146m5[38;2;203;203;203m@[38;2;231;231;231m@[38;2;223;223;223mF[38;2;115;115;115m`[38;2;0;0;227m_[38;2;0;0;226m@[38;2;0;0;227m'      [39m
 [38;2;0;0;0m      [38;2;0;0;218m`4[38;2;0;0;220m@[38;2;0;0;228m@[38;2;0;0;226mg[38;2;0;0;209my[38;2;0;0;226m___[38;2;0;0;218ma[38;2;0;0;220m@[38;2;0;0;219m@[38;2;0;0;218my[38;2;0;0;226m___[38;2;0;0;212my[38;2;0;0;227mg@[38;2;0;0;225mg[38;2;0;0;227m_[38;2;0;0;226m_[38;2;0;0;215ma[38;2;0;0;227ma[38;2;0;0;216mP[38;2;0;0;223m'       [39m
 [38;2;0;0;0m          [38;2;3;1;201m`[38;2;0;0;227m~[38;2;0;0;226m~~[38;2;0;0;231m~[38;2;2;1;202m~  [38;2;1;1;205m~[38;2;0;0;228m~[38;2;0;0;226m~[38;2;0;0;227m~[38;2;0;0;223m~[38;2;3;3;187m` [38;2;0;0;212m`[38;2;0;0;227m~[38;2;0;0;231m~[38;2;1;1;210m~          [39m
 [38;2;0;0;0m                                       [39m
 [38;2;0;0;0m                                       [39m
[?25h