[?25l[39m [38;2;0;0;0m                                       [39m
 [38;2;0;0;0m              [38;2;1;0;216m_[38;2;0;0;225m_[38;2;0;0;226m_[38;2;0;0;225m_[38;2;1;1;203myy[38;2;0;0;225m_[38;2;0;0;227m_[38;2;0;0;226m_[38;2;0;0;216m_               [39m
 [38;2;0;0;0m          [38;2;3;3;185m_[38;2;0;0;224m_[38;2;0;0;226mg[38;2;0;0;227mP[38;2;0;0;226m~[38;2;0;0;225m~[38;2;0;0;232m~[38;2;123;123;123m_[38;2;152;152;152m__[38;2;124;124;124m_[38;2;0;0;231m~[38;2;0;0;225m~~[38;2;0;0;226m4[38;2;0;0;225mg_[38;2;1;2;195m,           [39m
 [38;2;0;0;0m        [38;2;0;0;207m_[38;2;0;0;226maP[38;2;0;0;225m~[38;2;172;172;172m_[38;2;195;195;195my[38;2;237;237;237mg[38;2;229;229;229m@[38;2;251;251;251m@[38;2;252;252;252m@[38;2;251;251;251m@@[38;2;252;252;252m@@[38;2;233;233;233m@[38;2;238;238;238mg[38;2;195;195;195my[38;2;173;173;173m_[38;2;0;0;222m~[38;2;0;0;225m4[38;2;0;0;223mg[38;2;0;0;205m_         [39m
 [38;2;0;0;0m       [38;2;0;0;213my[38;2;0;0;229mP[38;2;1;1;211m'[38;2;141;141;141my[38;2;245;245;245mg[38;2;251;251;251m@[38;2;252;252;252m@@@@@@@@@@@@[38;2;251;251;251m@[38;2;216;216;216m$[38;2;126;126;126my[38;2;1;1;209m`[38;2;0;0;229m4[38;2;0;0;215my        [39m
 [38;2;0;0;0m      [38;2;0;0;219mg[38;2;0;0;224mF [38;2;199;199;199mg[38;2;251;251;251m@[38;2;252;252;252m@@@@@@@@@@@@@@@@[38;2;251;251;251m@[38;2;165;165;165m@ [38;2;0;0;214m?[38;2;0;0;215m$       [39m
 [38;2;0;0;0m     [38;2;1;0;201mj[38;2;0;0;231mF [38;2;187;187;187mg[38;2;251;251;251m@@[38;2;223;223;223mP[38;2;183;183;183mP[38;2;222;222;222m@[38;2;251;251;251m@[38;2;252;252;252m@@@@@@@@@@@@@[38;2;251;251;251m@[38;2;166;166;166m$ [38;2;0;0;220m4[38;2;0;0;216mi      [39m
 [38;2;0;0;0m     [38;2;0;0;216m@[38;2;0;0;182m[ [38;2;241;241;241m@[38;2;252;252;252m@@[38;2;197;197;197mg[38;2;136;136;136my [38;2;180;180;180m`[38;2;248;248;248m~[38;2;188;188;188mR[38;2;249;249;249m@[38;2;252;252;252m@[38;2;249;249;249m@[38;2;205;205;205mR[38;2;220;220;220mPPPPP[38;2;177;177;177m@[38;2;250;250;250m@[38;2;252;252;252m@[38;2;248;248;248m@  [38;2;0;0;225m$      [39m
 [38;2;0;0;0m     [38;2;0;0;225m@  [38;2;249;249;249m@[38;2;252;252;252m@[38;2;251;251;251m@[38;2;238;238;238m@[38;2;209;209;209mP[38;2;148;148;148mT [38;2;82;82;82m_[38;2;162;162;162my[38;2;211;211;211m@[38;2;252;252;252m@[38;2;227;227;227m@[38;2;172;172;172my[38;2;160;160;160myyyyy[38;2;178;178;178my[38;2;221;221;221m@[38;2;252;252;252m@[38;2;251;251;251m@  [38;2;0;0;227m@      [39m
 [38;2;0;0;0m     [38;2;0;0;225m@  [38;2;249;249;249m@[38;2;252;252;252m@[38;2;251;251;251m@[38;2;153;153;153my[38;2;252;252;252m_[38;2;207;207;207my[38;2;251;251;251mg@[38;2;252;252;252m@@@@@@@@@@@@@[38;2;251;251;251m@  [38;2;0;0;227m@      [39m
 [38;2;0;0;0m     [38;2;0;0;225m@  [38;2;249;249;249m@[38;2;252;252;252m@@@@@@@@@@@@@@@@@@@@[38;2;251;251;251m@  [38;2;0;0;227m@      [39m
 [38;2;0;0;0m     [38;2;0;0;225m@  [38;2;249;249;249m@[38;2;252;252;252m@@@@@@@@@@@@@@@@@@@@[38;2;251;251;251m@  [38;2;0;0;226m@      [39m
 [38;2;0;0;0m     [38;2;0;0;225m@  [38;2;249;249;249m@[38;2;252;252;252m@@@@@@@@@@@@@@@@@@@@[38;2;251;251;251m@  [38;2;0;0;227m@      [39m
 [38;2;0;0;0m     [38;2;0;0;225m@  [38;2;249;249;249m@[38;2;252;252;252m@@@@@@@@@@@@@@@@@@@@[38;2;251;251;251m@  [38;2;0;0;226m@      [39m
 [38;2;0;0;0m     [38;2;0;0;216m@, [38;2;238;238;238m@[38;2;252;252;252m@@@@@@@@@@@@@@@@@@@@[38;2;246;246;246m@ [38;2;1;0;174mj[38;2;0;0;223m$      [39m
 [38;2;0;0;0m     [38;2;2;1;206m`[38;2;0;0;226m@[38;2;0;0;225m_[38;2;100;100;100m~[38;2;177;177;177mA[38;2;229;229;229m@[38;2;248;248;248m@[38;2;237;237;237m@[38;2;181;181;181m@[38;2;162;162;162mF[38;2;247;247;247m~[38;2;157;157;157mM[38;2;208;208;208m@[38;2;245;245;245m@@[38;2;213;213;213m@[38;2;201;201;201mF[38;2;246;246;246m~[38;2;250;250;250m~[38;2;199;199;199mR[38;2;237;237;237m@[38;2;248;248;248m@[38;2;232;232;232m@[38;2;162;162;162m@[38;2;142;142;142m~[38;2;0;0;223m_[38;2;0;0;224m$[38;2;0;0;229m'      [39m
 [38;2;0;0;0m      [38;2;2;2;197m`[38;2;0;0;227m~[38;2;0;0;216m@[38;2;0;0;219my[38;2;0;0;227m___[38;2;0;0;211my[38;2;0;0;226ma[38;2;0;0;218m@[38;2;0;0;225mg_[38;2;0;0;227m__[38;2;0;0;226m_g[38;2;0;0;216m@[38;2;0;0;228ma[38;2;0;0;211my[38;2;0;0;227m___[38;2;0;0;215ma[38;2;0;0;225ms[38;2;1;0;209mF'       [39m
 [38;2;0;0;0m         [38;2;2;0;216m`[38;2;1;0;220m~[38;2;0;0;226m~[38;2;0;0;224m~[38;2;0;0;227m`   [38;2;2;1;204m~[38;2;0;0;225m~~[38;2;2;1;207m~   [38;2;0;0;227m`[38;2;1;0;222m~[38;2;0;0;226m~[38;2;0;0;220m~[38;2;1;0;221m`          [39m
 [38;2;0;0;0m                                       [39m
[?25h