[?25l[39m [38;2;0;0;0m                                       [39m
 [38;2;0;0;0m            [38;2;0;0;229m_[38;2;0;0;225m_[38;2;0;0;224mg[38;2;0;0;225ms[38;2;0;0;218mP[38;2;0;0;230m=[38;2;0;0;227m==[38;2;0;0;230m=[38;2;0;0;219m4[38;2;0;0;225ma[38;2;0;0;224mg_[38;2;0;0;229m_             [39m
 [38;2;0;0;0m         [38;2;0;0;214m_[38;2;0;0;221ma[38;2;0;0;227mP[38;2;0;0;225m~[38;2;0;0;215m~[38;2;234;234;234m_[38;2;183;183;183my[38;2;216;216;216my[38;2;219;219;219mg[38;2;243;243;243mgg[38;2;218;218;218mg[38;2;216;216;216my[38;2;183;183;183my[38;2;234;234;234m_[38;2;0;0;213m~[38;2;0;0;226m~[38;2;0;0;219mR[38;2;0;0;216mg[38;2;1;0;214m_          [39m
 [38;2;0;0;0m        [38;2;0;0;224mg[38;2;0;0;223mF[38;2;0;0;213m`[38;2;153;153;153my[38;2;234;234;234mg[38;2;246;246;246m@[38;2;251;251;251m@[38;2;252;252;252m@@@@@@@@[38;2;251;251;251m@[38;2;249;249;249m@[38;2;234;234;234mg[38;2;142;142;142my[38;2;0;0;213m`[38;2;0;0;217m?[38;2;0;0;224mg[38;2;1;1;215m,        [39m
 [38;2;0;0;0m      [38;2;1;0;201m_[38;2;0;0;223m@[38;2;1;0;197m~[38;2;154;154;154m_[38;2;244;244;244mg[38;2;251;251;251m@[38;2;252;252;252m@@@@@@@@@@@@@@[38;2;251;251;251m@[38;2;214;214;214m@[38;2;154;154;154m_[38;2;0;0;212m`[38;2;0;0;221m@[38;2;0;0;234m,       [39m
 [38;2;0;0;0m      [38;2;0;0;230m@ [38;2;117;117;118my[38;2;244;244;244m@[38;2;252;252;252m@@@[38;2;251;251;251m@[38;2;252;252;252m@[38;2;251;251;251m@[38;2;252;252;252m@@@@@@[38;2;251;251;251m@[38;2;252;252;252m@[38;2;251;251;251m@[38;2;252;252;252m@@@[38;2;249;249;249m@[38;2;102;102;102my [38;2;0;0;226m@[38;2;0;0;213m,      [39m
 [38;2;0;0;0m     [38;2;1;0;209mg[38;2;1;0;205mF [38;2;223;223;223m$[38;2;252;252;252m@[38;2;251;251;251m@[38;2;172;172;172m@[38;2;233;233;233m~[38;2;168;168;168my[38;2;191;191;191my[38;2;153;153;153my[38;2;237;237;237m~[38;2;190;190;190m@[38;2;251;251;251m@[38;2;252;252;252m@[38;2;224;224;224m@[38;2;166;166;166mF[38;2;156;156;156my[38;2;181;181;181my[38;2;179;179;179my[38;2;204;204;204m~[38;2;163;163;163m5[38;2;250;250;250m@[38;2;252;252;252m@[38;2;232;232;232m@ [38;2;2;1;199m`[38;2;0;0;213m$      [39m
 [38;2;0;0;0m     [38;2;0;0;225m@  [38;2;250;250;250m@[38;2;251;251;251m@[38;2;174;174;174m@[38;2;75;75;75mu[38;2;209;209;209mF [38;2;157;157;157my [38;2;197;197;197m$ [38;2;225;225;225m@[38;2;242;242;242m@[38;2;68;68;68m~[38;2;178;178;178m$[38;2;149;149;149m`[38;2;172;172;172my[38;2;121;121;121m`[38;2;133;133;133m4[38;2;95;95;95mL[38;2;165;165;165m9[38;2;251;251;251m@@  [38;2;0;0;228m$      [39m
 [38;2;0;0;0m     [38;2;0;0;226m@  [38;2;249;249;249m@[38;2;252;252;252m@[38;2;208;208;208m@ [38;2;157;157;157m$[38;2;137;137;137my[38;2;159;159;159myy[38;2;246;246;246m_[38;2;211;211;211my[38;2;250;250;250m@[38;2;249;249;249m@[38;2;153;153;153m_[38;2;169;169;169m4[38;2;156;156;156my[38;2;244;244;244m_[38;2;172;172;172my[38;2;244;244;244m_[38;2;175;175;175my[38;2;221;221;221m@[38;2;252;252;252m@[38;2;251;251;251m@  [38;2;0;0;226m@      [39m
 [38;2;0;0;0m     [38;2;0;0;226m@  [38;2;249;249;249m@[38;2;252;252;252m@@[38;2;239;239;239m@[38;2;196;196;196mg[38;2;186;186;186my[38;2;171;171;171my[38;2;194;194;194my[38;2;249;249;249m@[38;2;252;252;252m@@@[38;2;251;251;251m@[38;2;236;236;236mg[38;2;197;197;197my[38;2;174;174;174my[38;2;176;176;176my[38;2;213;213;213m@[38;2;252;252;252m@@@[38;2;251;251;251m@  [38;2;0;0;226m@      [39m
 [38;2;0;0;0m     [38;2;0;0;226m@  [38;2;249;249;249m@[38;2;252;252;252m@@@@@@@@@@@@@@@@@@@@[38;2;251;251;251m@  [38;2;0;0;226m@      [39m
 [38;2;0;0;0m     [38;2;0;0;226m@  [38;2;249;249;249m@[38;2;252;252;252m@@@@@@@@@@@@@@@@@@@@[38;2;251;251;251m@  [38;2;0;0;227m@      [39m
 [38;2;0;0;0m     [38;2;0;0;226m@  [38;2;249;249;249m@[38;2;252;252;252m@@@@@@@@@@@@@@@@@@@@[38;2;251;251;251m@  [38;2;0;0;227m@      [39m
 [38;2;0;0;0m     [38;2;0;0;226m@  [38;2;249;249;249m@[38;2;252;252;252m@@@@@@@@@@@@@@@@@@@@[38;2;251;251;251m@  [38;2;0;0;227m@      [39m
 [38;2;0;0;0m     [38;2;0;0;221m@  [38;2;245;245;245m@[38;2;252;252;252m@@@@@@@@@@@@@@@@@@@@[38;2;249;249;249m@  [38;2;0;0;223m@      [39m
 [38;2;0;0;0m     [38;2;1;0;212m`[38;2;0;0;223m@[38;2;0;0;214m,[38;2;160;160;160m~[38;2;186;186;186m@[38;2;250;250;250m@[38;2;252;252;252m@[38;2;251;251;251m@[38;2;219;219;219m@[38;2;203;203;203mF[38;2;173;173;173mF[38;2;183;183;183mA[38;2;241;241;241m@[38;2;252;252;252m@@[38;2;242;242;242m@[38;2;214;214;214mP[38;2;177;177;177mF[38;2;183;183;183mF[38;2;213;213;213m@[38;2;251;251;251m@[38;2;252;252;252m@[38;2;250;250;250m@[38;2;201;201;201m@[38;2;188;188;188m~[38;2;1;0;192m_[38;2;0;0;229mg[38;2;2;1;194mF      [39m
 [38;2;0;0;0m      [38;2;0;0;218m`[38;2;0;0;225m4[38;2;0;0;227mg[38;2;0;0;225m__[38;2;126;126;126m`[38;2;0;0;225m_[38;2;0;0;227m_[38;2;0;0;224ma[38;2;0;0;217m@[38;2;0;0;212my[38;2;0;0;226m_[38;2;114;114;114m``[38;2;0;0;226m_[38;2;0;0;213my[38;2;0;0;224mg[38;2;0;0;221mg[38;2;0;0;227m_[38;2;0;0;225m_[38;2;125;125;125m`[38;2;0;0;225m_[38;2;0;0;227m_g[38;2;0;0;228mP[38;2;1;1;203m~       [39m
 [38;2;0;0;0m        [38;2;3;3;190m`[38;2;0;0;224m~[38;2;0;0;226m~[38;2;0;0;227m~~~[38;2;2;0;209m` [38;2;2;1;207m~[38;2;0;0;226m~[38;2;0;0;227m~~[38;2;0;0;226m~[38;2;2;0;208m~ [38;2;3;0;207m`[38;2;0;0;224m~[38;2;0;0;227m~~[38;2;0;0;226m~[38;2;0;0;225m~[38;2;3;2;195m`         [39m
 [38;2;0;0;0m                                       [39m
[?25h