[?25l[39m [38;2;0;0;0m              [38;2;0;0;229m_[38;2;0;0;226m_[38;2;0;1;209my[38;2;0;0;214ma[38;2;0;0;222ma[38;2;0;0;219mg[38;2;0;0;220my[38;2;1;1;210my[38;2;0;0;226m_[38;2;0;0;229m_               [39m
 [38;2;0;0;0m          [38;2;0;0;223m_[38;2;1;0;213ma[38;2;0;0;217m@[38;2;0;0;222m@[38;2;0;0;227m=[38;2;0;0;226m~[38;2;0;0;227m~[38;2;0;0;229m~[38;2;0;0;227m~~[38;2;0;0;230m~[38;2;0;0;227m~[38;2;0;0;226m~[38;2;0;0;227m=[38;2;0;0;222m@[38;2;0;0;221m@[38;2;0;0;217my[38;2;0;0;225m_           [39m
 [38;2;0;0;0m        [38;2;0;0;226m_[38;2;0;0;228mgP~[38;2;85;85;85m_[38;2;169;169;169my[38;2;198;198;198mg[38;2;252;252;252mg[38;2;238;238;238m@[38;2;250;250;250m@[38;2;251;251;251m@@@[38;2;243;243;243m@[38;2;252;252;252mg[38;2;198;198;198mg[38;2;163;163;163my[38;2;86;86;86m_[38;2;0;0;225m~[38;2;0;0;221mR$[38;2;0;0;226m_         [39m
 [38;2;0;0;0m       [38;2;0;0;218mg[38;2;0;0;217m@[38;2;0;0;212m~[38;2;169;169;169m_[38;2;223;223;223mg[38;2;249;249;249m@[38;2;252;252;252m@@@@@@@@@@@@[38;2;251;251;251m@[38;2;223;223;223mg[38;2;169;169;169m_[38;2;0;0;208m~[38;2;0;0;222mR[38;2;0;0;220mg        [39m
 [38;2;0;0;0m      [38;2;0;0;224mg[38;2;0;0;230mF [38;2;177;177;177mg[38;2;250;250;250m@[38;2;252;252;252m@@@@@@@@@@@@@@@@[38;2;251;251;251m@[38;2;173;173;173mg [38;2;0;0;199m5[38;2;0;0;223m$       [39m
 [38;2;0;0;0m     [38;2;0;0;211mj[38;2;0;0;216m@ [38;2;168;168;168mg[38;2;251;251;251m@@[38;2;193;193;193mF[38;2;250;250;250m~[38;2;187;187;187mR[38;2;242;242;242m@[38;2;251;251;251m@[38;2;252;252;252m@@@@@@@@@@@@[38;2;251;251;251m@[38;2;141;141;141m@ [38;2;0;0;219mR[38;2;0;0;220ml      [39m
 [38;2;0;0;0m     [38;2;0;0;218m@[38;2;0;1;196m' [38;2;237;237;237m@[38;2;252;252;252m@[38;2;251;251;251m@[38;2;216;216;216m$[38;2;199;199;199my[38;2;220;220;220m_ [38;2;163;163;163m~[38;2;182;182;182mT[38;2;233;233;233m@[38;2;252;252;252m@[38;2;239;239;239m@[38;2;192;192;192mF[38;2;175;175;175mFFFFF[38;2;180;180;180mF[38;2;239;239;239m@[38;2;252;252;252m@[38;2;247;247;247m@  [38;2;0;0;224m$      [39m
 [38;2;0;0;0m     [38;2;0;0;226m@  [38;2;249;249;249m@[38;2;252;252;252m@@[38;2;191;191;191m@[38;2;170;170;170mF[38;2;134;134;134m~ [38;2;232;232;232m_[38;2;212;212;212my[38;2;234;234;234m@[38;2;252;252;252m@[38;2;243;243;243m@[38;2;193;193;193mg[38;2;215;215;215myyyyy[38;2;197;197;197mg[38;2;240;240;240m@[38;2;252;252;252m@[38;2;251;251;251m@  [38;2;0;0;226m@      [39m
 [38;2;0;0;0m     [38;2;0;0;225m@  [38;2;249;249;249m@[38;2;252;252;252m@@[38;2;213;213;213my[38;2;196;196;196my[38;2;238;238;238mg[38;2;244;244;244m@[38;2;251;251;251m@[38;2;252;252;252m@@@@@@@@@@@@@[38;2;251;251;251m@  [38;2;0;0;226m@      [39m
 [38;2;0;0;0m     [38;2;0;0;225m@  [38;2;249;249;249m@[38;2;252;252;252m@@@@@@@@@@@@@@@@@@@@[38;2;251;251;251m@  [38;2;0;0;226m@      [39m
 [38;2;0;0;0m     [38;2;0;0;225m@  [38;2;249;249;249m@[38;2;252;252;252m@@@@@@@@@@@@@@@@@@@@[38;2;251;251;251m@  [38;2;0;0;226m@      [39m
 [38;2;0;0;0m     [38;2;0;0;225m@  [38;2;249;249;249m@[38;2;252;252;252m@@@@@@@@@@@@@@@@@@@@[38;2;251;251;251m@  [38;2;0;0;226m@      [39m
 [38;2;0;0;0m     [38;2;0;0;225m@  [38;2;249;249;249m@[38;2;252;252;252m@@@@@@@@@@@@@@@@@@@@[38;2;251;251;251m@  [38;2;0;0;226m@      [39m
 [38;2;0;0;0m     [38;2;0;0;217m@[38;2;0;0;215m, [38;2;239;239;239m@[38;2;252;252;252m@@@@@@@@@@@@@@@@@@@@[38;2;246;246;246m@ [38;2;0;0;175mj[38;2;0;0;222m$      [39m
 [38;2;0;0;0m     [38;2;1;1;207m`[38;2;0;0;226m@[38;2;0;0;224m_[38;2;198;198;198m`[38;2;177;177;177m#[38;2;233;233;233m@[38;2;247;247;247m@[38;2;242;242;242m@[38;2;178;178;178m@[38;2;251;251;251m~[38;2;252;252;252m~[38;2;147;147;147m5[38;2;204;204;204m@[38;2;246;246;246m@@[38;2;210;210;210m@[38;2;202;202;202mF[38;2;251;251;251m~~[38;2;199;199;199mR[38;2;241;241;241m@[38;2;247;247;247m@[38;2;235;235;235m@[38;2;211;211;211mP[38;2;135;135;135m~[38;2;0;0;223m_[38;2;0;0;224m$[38;2;0;0;231m'      [39m
 [38;2;0;0;0m      [38;2;1;2;200m`[38;2;0;0;227m~[38;2;0;0;217m@[38;2;0;0;220my[38;2;0;0;225m_[38;2;0;0;226m__[38;2;0;0;212my[38;2;0;0;227ma[38;2;0;0;218m@[38;2;0;0;223mg[38;2;0;0;225m_[38;2;0;0;226m__[38;2;0;0;225m_[38;2;0;0;224mg[38;2;0;0;216m@[38;2;0;0;227ma[38;2;0;0;213my[38;2;0;0;226m__[38;2;0;0;225m_[38;2;0;0;219my[38;2;0;0;225ms[38;2;0;0;212mF[38;2;0;1;212m'       [39m
 [38;2;0;0;0m         [38;2;1;0;221m`[38;2;0;0;223m~[38;2;0;0;232m~[38;2;0;0;229m~[38;2;0;0;231m`   [38;2;0;1;209m~[38;2;0;0;231m~~[38;2;0;0;208m~   [38;2;0;0;230m`[38;2;0;0;226m~[38;2;0;0;232m~[38;2;0;0;224m~[38;2;0;0;221m`          [39m
 [38;2;0;0;0m                                       [39m
 [38;2;0;0;0m                                       [39m
[?25h