[?25l[39m [38;2;0;0;0m              [38;2;0;0;229m_[38;2;0;0;225m_[38;2;1;1;210my[38;2;0;0;216ma[38;2;0;0;223ma[38;2;0;0;221mgy[38;2;1;1;210my[38;2;0;0;225m_[38;2;0;0;229m_               [39m
 [38;2;0;0;0m          [38;2;0;0;225m_[38;2;0;0;213ma@[38;2;0;0;220m=[38;2;0;0;226m~[38;2;0;0;222m~[38;2;201;201;201m_[38;2;241;241;241m_[38;2;140;140;140my[38;2;139;139;139my[38;2;241;241;241m_[38;2;200;200;200m_[38;2;0;0;221m~[38;2;0;0;226m~[38;2;0;0;220m=[38;2;0;0;216m@[38;2;0;0;218my[38;2;0;0;226m_           [39m
 [38;2;0;0;0m        [38;2;0;0;226m_[38;2;0;0;228ma[38;2;0;0;212mF[38;2;1;0;224m`[38;2;151;151;151my[38;2;204;204;204mg[38;2;228;228;228m$[38;2;251;251;251m@@[38;2;252;252;252m@@@@[38;2;251;251;251m@@[38;2;220;220;220m@[38;2;203;203;203mg[38;2;140;140;140my[38;2;1;0;223m`[38;2;0;0;226m~[38;2;0;0;218m@[38;2;0;0;226m_         [39m
 [38;2;0;0;0m       [38;2;0;0;222mg[38;2;0;0;226mF [38;2;190;190;190my[38;2;227;227;227m@[38;2;251;251;251m@[38;2;252;252;252m@@@@@@@@@@@@@[38;2;237;237;237m@[38;2;183;183;183my [38;2;0;0;195mN[38;2;0;0;222mg        [39m
 [38;2;0;0;0m      [38;2;0;0;228mg[38;2;0;0;208mF [38;2;226;226;226mg[38;2;251;251;251m@[38;2;252;252;252m@@@@@@@@@@@@@@@@[38;2;251;251;251m@[38;2;200;200;200m@ [38;2;0;0;216m~[38;2;0;0;226m$       [39m
 [38;2;0;0;0m     [38;2;0;0;211mj[38;2;0;0;227mF [38;2;209;209;209mg[38;2;251;251;251m@@[38;2;206;206;206mF[38;2;173;173;173mT[38;2;203;203;203mR[38;2;247;247;247m@[38;2;251;251;251m@[38;2;252;252;252m@@@@@@@@@@@@[38;2;251;251;251m@[38;2;188;188;188m@ [38;2;0;0;217m?[38;2;0;0;220ml      [39m
 [38;2;0;0;0m     [38;2;0;0;219m@  [38;2;246;246;246m@[38;2;252;252;252m@[38;2;251;251;251m@[38;2;241;241;241mg[38;2;188;188;188my[38;2;186;186;186m_ [38;2;190;190;190m~[38;2;171;171;171mF[38;2;237;237;237m@[38;2;252;252;252m@[38;2;242;242;242m@[38;2;181;181;181mM[38;2;190;190;190mFFFFF[38;2;179;179;179mM[38;2;242;242;242m@[38;2;252;252;252m@[38;2;250;250;250m@  [38;2;0;0;226m$      [39m
 [38;2;0;0;0m     [38;2;0;0;226m@  [38;2;249;249;249m@[38;2;252;252;252m@@[38;2;202;202;202m@[38;2;187;187;187mF[38;2;162;162;162m~ [38;2;215;215;215m_[38;2;204;204;204my[38;2;229;229;229m@[38;2;252;252;252m@[38;2;239;239;239m@[38;2;215;215;215my[38;2;204;204;204myyyyy[38;2;217;217;217my[38;2;236;236;236m@[38;2;252;252;252m@[38;2;251;251;251m@  [38;2;0;0;226m@      [39m
 [38;2;0;0;0m     [38;2;0;0;226m@  [38;2;249;249;249m@[38;2;252;252;252m@[38;2;251;251;251m@[38;2;203;203;203my[38;2;185;185;185my[38;2;230;230;230mg[38;2;238;238;238m@[38;2;251;251;251m@[38;2;252;252;252m@@@@@@@@@@@@@[38;2;251;251;251m@  [38;2;0;0;226m@      [39m
 [38;2;0;0;0m     [38;2;0;0;226m@  [38;2;249;249;249m@[38;2;252;252;252m@@@@@@@@@@@@@@@@@@@@[38;2;251;251;251m@  [38;2;0;0;226m@      [39m
 [38;2;0;0;0m     [38;2;0;0;226m@  [38;2;249;249;249m@[38;2;252;252;252m@@@@@@@@@@@@@@@@@@@@[38;2;251;251;251m@  [38;2;0;0;226m@      [39m
 [38;2;0;0;0m     [38;2;0;0;226m@  [38;2;249;249;249m@[38;2;252;252;252m@@@@@@@@@@@@@@@@@@@@[38;2;251;251;251m@  [38;2;0;0;227m@      [39m
 [38;2;0;0;0m     [38;2;0;0;226m@  [38;2;249;249;249m@[38;2;252;252;252m@@@@@@@@@@@@@@@@@@@@[38;2;251;251;251m@  [38;2;0;0;227m@      [39m
 [38;2;0;0;0m     [38;2;0;0;223m@  [38;2;243;243;243m@[38;2;252;252;252m@@@@@@@@@@@@@@@@@@@@[38;2;248;248;248m@  [38;2;0;0;225m@      [39m
 [38;2;0;0;0m     [38;2;1;1;202m7[38;2;0;0;223m@[38;2;0;0;216m,[38;2;151;151;151m~[38;2;175;175;175m@[38;2;248;248;248m@[38;2;251;251;251m@[38;2;250;250;250m@[38;2;212;212;212m@[38;2;199;199;199mF[38;2;173;173;173mT[38;2;171;171;171mA[38;2;238;238;238m@[38;2;251;251;251m@@[38;2;239;239;239m@[38;2;205;205;205mP[38;2;173;173;173mT[38;2;147;147;147m5[38;2;203;203;203m@[38;2;250;250;250m@[38;2;251;251;251m@[38;2;249;249;249m@[38;2;191;191;191m@[38;2;179;179;179m~[38;2;1;0;197m_[38;2;0;0;228mg[38;2;0;0;217mF      [39m
 [38;2;0;0;0m      [38;2;0;0;224m~[38;2;0;0;223m@[38;2;0;0;226mg__[38;2;0;0;229m_[38;2;0;0;227m_[38;2;0;0;226m_[38;2;0;0;224ma[38;2;0;0;218m@[38;2;0;0;217my[38;2;0;0;226m_[38;2;0;0;228m__[38;2;0;0;226m_[38;2;0;0;217my[38;2;0;0;226mg[38;2;0;0;223mg[38;2;0;0;226m_[38;2;0;0;227m_[38;2;0;0;229m_[38;2;0;0;226m__[38;2;0;0;225mg@~       [39m
 [38;2;0;0;0m        [38;2;0;0;219m~[38;2;0;0;226m~[38;2;0;0;219m=[38;2;0;0;232m=[38;2;0;0;226m=[38;2;0;0;225m~[38;2;0;0;227m~[38;2;0;0;229m`[38;2;0;0;226m~~[38;2;0;0;230m=[38;2;0;0;231m=[38;2;0;0;227m~[38;2;0;0;228m~[38;2;0;0;230m`[38;2;0;0;223m~[38;2;0;0;226m~=[38;2;0;0;232m=[38;2;0;0;220m=[38;2;0;0;225m~[38;2;0;0;220m~         [39m
 [38;2;0;0;0m                                       [39m
 [38;2;0;0;0m                                       [39m
[?25h