[?25l[39m [38;2;0;0;0m                                       [39m
 [38;2;0;0;0m             [38;2;0;0;228m_[38;2;0;0;227m_[38;2;0;0;213my[38;2;0;0;221mg[38;2;0;0;226mg[38;2;0;0;227mgg[38;2;0;0;225mg[38;2;0;0;219mg[38;2;1;1;209my[38;2;0;0;226m_[38;2;1;0;224m_              [39m
 [38;2;0;0;0m          [38;2;0;0;229m_[38;2;0;0;227mg@[38;2;0;0;220mP[38;2;0;0;226m~[38;2;0;0;228m~[38;2;111;111;111m_[38;2;179;179;179m_[38;2;223;223;223m_[38;2;216;216;216m_[38;2;161;161;161m_[38;2;82;82;82m_[38;2;0;0;227m~[38;2;0;0;226m~[38;2;0;0;224m4[38;2;0;0;227m@[38;2;0;0;220mg[38;2;0;0;229m_           [39m
 [38;2;0;0;0m        [38;2;1;0;209my[38;2;0;0;225m@[38;2;0;0;215mF[38;2;0;0;208m~[38;2;134;134;134my[38;2;191;191;191mg[38;2;250;250;250mg[38;2;244;244;244m@[38;2;252;252;252m@[38;2;251;251;251m@@@@[38;2;252;252;252m@[38;2;239;239;239m@[38;2;243;243;243mg[38;2;200;200;200my[38;2;174;174;174m_[38;2;0;0;221m~[38;2;0;0;224m4[38;2;0;0;221m@[38;2;0;0;227m_         [39m
 [38;2;0;0;0m       [38;2;0;0;230mg[38;2;0;0;223mF [38;2;190;190;190my[38;2;222;222;222m@[38;2;251;251;251m@[38;2;252;252;252m@@@@@@@@@@@@[38;2;251;251;251m@[38;2;211;211;211m$[38;2;194;194;194m_[38;2;1;0;215m`[38;2;0;0;230m4[38;2;0;0;219mg        [39m
 [38;2;0;0;0m      [38;2;0;0;228m@[38;2;0;0;212m~ [38;2;235;235;235mg[38;2;251;251;251m@[38;2;252;252;252m@@@@@@@@@@@@@@@@[38;2;251;251;251m@[38;2;177;177;177mg [38;2;0;0;200m5[38;2;0;0;218m$       [39m
 [38;2;0;0;0m     [38;2;0;0;217mg[38;2;0;0;216mF [38;2;201;201;201m$[38;2;251;251;251m@[38;2;249;249;249m@[38;2;215;215;215mF[38;2;169;169;169mP[38;2;215;215;215m@[38;2;251;251;251m@[38;2;252;252;252m@@@@@@@@@@@@@[38;2;251;251;251m@[38;2;186;186;186mL [38;2;0;0;224mB[38;2;1;0;208mi      [39m
 [38;2;0;0;0m     [38;2;0;0;235m@ [38;2;83;83;83mu[38;2;250;250;250m@[38;2;252;252;252m@[38;2;251;251;251m@[38;2;203;203;203mg[38;2;149;149;149my[38;2;77;77;77m_[38;2;141;141;141m`[38;2;243;243;243m~[38;2;187;187;187mA[38;2;250;250;250m@[38;2;252;252;252m@[38;2;242;242;242m@[38;2;212;212;212mP[38;2;203;203;203mPPPPPA[38;2;250;250;250m@[38;2;252;252;252m@[38;2;235;235;235m@ [38;2;0;0;186mJ[38;2;1;0;211m$      [39m
 [38;2;0;0;0m     [38;2;0;0;237m@ [38;2;115;115;115m4[38;2;252;252;252m@@@[38;2;218;218;218m@[38;2;206;206;206mF[38;2;192;192;192m~ [38;2;177;177;177m_[38;2;190;190;190my[38;2;235;235;235m@[38;2;252;252;252m@[38;2;234;234;234m$[38;2;188;188;188my[38;2;181;181;181myyyyy[38;2;202;202;202my[38;2;238;238;238m@[38;2;252;252;252m@[38;2;241;241;241m@  [38;2;0;0;214m$      [39m
 [38;2;0;0;0m     [38;2;0;0;236m@ [38;2;112;112;112m4[38;2;252;252;252m@@[38;2;246;246;246m@[38;2;164;164;164my[38;2;163;163;163my[38;2;212;212;212ma[38;2;223;223;223m@[38;2;251;251;251m@[38;2;252;252;252m@@@@@@@@@@@@@[38;2;242;242;242m@  [38;2;0;0;215m$      [39m
 [38;2;0;0;0m     [38;2;0;0;236m@ [38;2;105;105;105m4[38;2;251;251;251m@[38;2;252;252;252m@@@@@@@@@@@@@@@@@@@@[38;2;243;243;243m@  [38;2;0;0;217m$      [39m
 [38;2;0;0;0m     [38;2;0;0;235m@ [38;2;97;97;97m4[38;2;251;251;251m@[38;2;252;252;252m@@@@@@@@@@@@@@@@@@@@[38;2;245;245;245m@  [38;2;0;0;220m$      [39m
 [38;2;0;0;0m     [38;2;0;0;233m@ [38;2;86;86;86m4[38;2;250;250;250m@[38;2;252;252;252m@@@@@@@@@@@@@@@@@@@@[38;2;248;248;248m@  [38;2;0;0;221m$      [39m
 [38;2;0;0;0m     [38;2;0;0;232m@ [38;2;72;72;72m4[38;2;250;250;250m@[38;2;252;252;252m@@@@@@@@@@@@@@@@@@@@[38;2;250;250;250m@  [38;2;0;0;223m$      [39m
 [38;2;0;0;0m     [38;2;1;0;215m4[38;2;0;0;222mL [38;2;190;190;190mR[38;2;251;251;251m@[38;2;252;252;252m@@@@[38;2;248;248;248m@[38;2;243;243;243m@[38;2;251;251;251m@[38;2;252;252;252m@@@@[38;2;251;251;251m@[38;2;243;243;243m@[38;2;247;247;247m@[38;2;251;251;251m@[38;2;252;252;252m@@@[38;2;251;251;251m@[38;2;162;162;162m@ [38;2;0;0;230mj[38;2;0;0;220mF      [39m
 [38;2;0;0;0m      [38;2;0;0;220m?[38;2;0;0;222mg[38;2;0;0;228m_[38;2;140;140;140m~[38;2;248;248;248m~[38;2;178;178;178mF[38;2;168;168;168mF[38;2;209;209;209m~[38;2;0;0;224m_[38;2;0;0;226m_[38;2;99;99;99m`[38;2;235;235;235m~[38;2;169;169;169mF[38;2;178;178;178mF[38;2;244;244;244m~[38;2;118;118;118m`[38;2;0;0;226m__[38;2;176;176;176m~[38;2;173;173;173mT[38;2;179;179;179mF[38;2;251;251;251m~[38;2;149;149;149m~[38;2;0;0;228m_[38;2;0;0;227ma[38;2;0;0;222mF       [39m
 [38;2;0;0;0m       [38;2;2;1;209m`[38;2;0;0;225m~[38;2;0;0;229m=[38;2;0;0;215mR[38;2;0;0;212m@[38;2;0;0;217mR[38;2;0;0;229m=[38;2;0;0;226m~[38;2;0;0;227m~[38;2;0;0;226m~[38;2;0;0;220m4[38;2;0;0;211m@@[38;2;0;0;220mP[38;2;0;0;226m~[38;2;0;0;228m~[38;2;0;0;226m~[38;2;0;0;231m=[38;2;0;0;216mR[38;2;0;0;211m@[38;2;0;0;215mR[38;2;0;0;229m=[38;2;0;0;227m~[38;2;2;1;209m`        [39m
 [38;2;0;0;0m                                       [39m
 [38;2;0;0;0m                                       [39m
[?25h