[?25l[39m [38;2;0;0;0m              [38;2;0;0;229m_[38;2;0;0;224m_[38;2;0;0;226m_[38;2;1;0;213my[38;2;0;0;218myy[38;2;0;1;212my[38;2;0;0;226m_[38;2;0;0;225m_[38;2;0;0;232m_               [39m
 [38;2;0;0;0m          [38;2;1;0;214m_[38;2;1;0;210my[38;2;0;0;224ma[38;2;0;0;219mP[38;2;0;0;226m~[38;2;0;0;227m~[38;2;132;132;132m_[38;2;232;232;232m_[38;2;240;240;240m__[38;2;232;232;232m_[38;2;132;132;132m_[38;2;0;0;226m~~[38;2;0;0;225m=a[38;2;1;0;210my[38;2;0;0;212m_           [39m
 [38;2;0;0;0m        [38;2;0;0;218m_[38;2;0;0;229ma[38;2;0;0;218mF[38;2;1;0;208m~[38;2;229;229;229m_[38;2;218;218;218my[38;2;252;252;252mg[38;2;249;249;249m@[38;2;251;251;251m@[38;2;252;252;252m@@@@[38;2;251;251;251m@[38;2;250;250;250m@[38;2;223;223;223m$[38;2;219;219;219my[38;2;229;229;229m_[38;2;0;0;205m~[38;2;0;0;213m?[38;2;0;0;228ma[38;2;0;0;218m_         [39m
 [38;2;0;0;0m       [38;2;0;0;216mg[38;2;0;0;228mF [38;2;179;179;179my[38;2;216;216;216m@[38;2;251;251;251m@[38;2;252;252;252m@@@@@@@@@@@@[38;2;251;251;251m@[38;2;228;228;228m@[38;2;171;171;171my [38;2;0;0;201m#[38;2;0;0;216mg        [39m
 [38;2;0;0;0m      [38;2;0;0;224mg[38;2;0;0;213mF [38;2;218;218;218mg[38;2;251;251;251m@[38;2;252;252;252m@@@@@@@@@@@@@@@@[38;2;251;251;251m@[38;2;198;198;198m$ [38;2;0;0;220m~[38;2;0;0;222m$       [39m
 [38;2;0;0;0m     [38;2;1;0;207mj[38;2;0;0;229mF [38;2;203;203;203mg[38;2;251;251;251m@[38;2;252;252;252m@[38;2;249;249;249m@@[38;2;251;251;251m@[38;2;252;252;252m@@@@@@[38;2;251;251;251m@[38;2;245;245;245m@[38;2;251;251;251m@[38;2;252;252;252m@@@@@[38;2;251;251;251m@[38;2;181;181;181m@ [38;2;0;0;220m?i      [39m
 [38;2;0;0;0m     [38;2;0;0;217m@  [38;2;245;245;245m@[38;2;252;252;252m@[38;2;247;247;247m@[38;2;190;190;190m_ [38;2;174;174;174m~[38;2;179;179;179mT@[38;2;249;249;249m@[38;2;251;251;251m@[38;2;252;252;252m@@[38;2;192;192;192m@[38;2;68;68;68m_[38;2;144;144;144m`[38;2;232;232;232m~[38;2;172;172;172mP[38;2;215;215;215m@[38;2;251;251;251m@[38;2;252;252;252m@@[38;2;250;250;250m@  [38;2;0;0;225m$      [39m
 [38;2;0;0;0m     [38;2;0;0;225m@  [38;2;249;249;249m@[38;2;252;252;252m@@[38;2;251;251;251m@[38;2;226;226;226m@[38;2;182;182;182m=   [38;2;187;187;187m$[38;2;252;252;252m@@@[38;2;250;250;250m@[38;2;172;172;172m$   [38;2;152;152;152m_[38;2;243;243;243m@[38;2;252;252;252m@[38;2;251;251;251m@  [38;2;0;0;227m@      [39m
 [38;2;0;0;0m     [38;2;0;0;225m@  [38;2;249;249;249m@[38;2;252;252;252m@[38;2;248;248;248m@[38;2;134;134;134m~ [38;2;240;240;240m_[38;2;211;211;211my[38;2;247;247;247mg[38;2;248;248;248m@[38;2;251;251;251m@[38;2;252;252;252m@@[38;2;188;188;188m@[38;2;78;78;78m`[38;2;135;135;135m_[38;2;170;170;170my[38;2;216;216;216mg[38;2;223;223;223m@[38;2;251;251;251m@[38;2;252;252;252m@@[38;2;251;251;251m@  [38;2;0;0;227m@      [39m
 [38;2;0;0;0m     [38;2;0;0;225m@  [38;2;249;249;249m@[38;2;252;252;252m@@[38;2;251;251;251m@[38;2;250;250;250m@[38;2;252;252;252m@@@@@@@@[38;2;250;250;250m@[38;2;251;251;251m@[38;2;252;252;252m@@@@@@[38;2;251;251;251m@  [38;2;0;0;227m@      [39m
 [38;2;0;0;0m     [38;2;0;0;225m@  [38;2;249;249;249m@[38;2;252;252;252m@@@@@@@@@@@@@@@@@@@@[38;2;251;251;251m@  [38;2;0;0;227m@      [39m
 [38;2;0;0;0m     [38;2;0;0;225m@  [38;2;249;249;249m@[38;2;252;252;252m@@@@@@@@@@@@@@@@@@@@[38;2;251;251;251m@  [38;2;0;0;227m@      [39m
 [38;2;0;0;0m     [38;2;0;0;225m@  [38;2;249;249;249m@[38;2;252;252;252m@@@@@@@@@@@@@@@@@@@@[38;2;251;251;251m@  [38;2;0;0;227m@      [39m
 [38;2;0;0;0m     [38;2;0;0;225m@  [38;2;249;249;249m@[38;2;252;252;252m@@@@@@@@@@@@@@@@@@@@[38;2;251;251;251m@  [38;2;0;0;226m@      [39m
 [38;2;0;0;0m     [38;2;0;0;213m@[38;2;0;0;220mL [38;2;198;198;198mR[38;2;251;251;251m@[38;2;252;252;252m@@@[38;2;251;251;251m@[38;2;249;249;249m@[38;2;250;250;250m@[38;2;252;252;252m@@@@@[38;2;251;251;251m@[38;2;248;248;248m@[38;2;251;251;251m@[38;2;252;252;252m@@@@[38;2;251;251;251m@[38;2;196;196;196m@ [38;2;0;0;222mj[38;2;0;0;218m@      [39m
 [38;2;0;0;0m     [38;2;2;1;206m`[38;2;0;0;225m@[38;2;0;0;216mg[38;2;0;0;224m_[38;2;179;179;179m~[38;2;168;168;168mF[38;2;196;196;196mF[38;2;174;174;174mF[38;2;157;157;157m~[38;2;0;0;226m_[38;2;0;0;221m_[38;2;197;197;197m~[38;2;172;172;172mF[38;2;198;198;198mF[38;2;190;190;190mF[38;2;231;231;231m~[38;2;0;0;216m_[38;2;0;0;227m_[38;2;107;107;107m~[38;2;248;248;248m~[38;2;192;192;192mF[38;2;198;198;198mF[38;2;160;160;160mF[38;2;115;115;115m~[38;2;0;0;228m_[38;2;0;0;218ma[38;2;0;0;226m@[38;2;0;0;230m'      [39m
 [38;2;0;0;0m      [38;2;2;3;186m`[38;2;0;0;228m~[38;2;0;0;220m@[38;2;0;0;226m@gg[38;2;0;0;218m@[38;2;0;0;226m@[38;2;0;0;227mP[38;2;0;0;221m@[38;2;0;0;226m@ggg@[38;2;0;0;224m@[38;2;0;0;217mR[38;2;0;0;227m@[38;2;0;0;222m@[38;2;0;0;226mgg[38;2;0;0;221m@[38;2;0;0;227m@[38;2;0;0;223mP[38;2;0;0;228m~[38;2;2;1;193m'       [39m
 [38;2;0;0;0m         [38;2;4;2;193m`[38;2;1;1;205m~[38;2;1;0;219m~[38;2;0;0;226m`   [38;2;3;1;194m`[38;2;1;1;206m~[38;2;1;0;221m~[38;2;0;1;211m~[38;2;2;1;205m`   [38;2;0;0;227m`[38;2;1;0;219m~[38;2;1;0;220m~[38;2;0;0;226m`           [39m
 [38;2;0;0;0m                                       [39m
[?25h