[?25l[39m [38;2;0;0;0m                 [38;2;2;0;203m_[38;2;0;0;223m_[38;2;0;0;225m_[38;2;1;0;203m_                  [39m
 [38;2;0;0;0m           [38;2;2;2;188m_[38;2;0;0;226m_[38;2;0;0;219mg[38;2;0;0;224ms[38;2;0;0;221mP[38;2;0;0;218m=[38;2;0;0;228m~[38;2;0;0;227m~~[38;2;0;0;228m~~[38;2;0;0;229m=[38;2;0;0;223ma[38;2;0;0;221mg[38;2;0;0;224m_[38;2;1;1;199m_            [39m
 [38;2;0;0;0m         [38;2;0;0;229m_a[38;2;0;0;217mP[38;2;0;0;229m~[38;2;164;164;164m_[38;2;176;176;176my[38;2;220;220;220my[38;2;247;247;247mg[38;2;252;252;252mg[38;2;232;232;232m$$[38;2;223;223;223m$[38;2;249;249;249mg[38;2;223;223;223my[38;2;178;178;178my[38;2;182;182;182m_[38;2;0;0;225m~[38;2;0;0;218m=[38;2;0;0;228ma[38;2;0;0;230m_          [39m
 [38;2;0;0;0m       [38;2;2;0;201m_[38;2;0;0;230ma[38;2;0;0;211mF [38;2;193;193;193my[38;2;211;211;211m@[38;2;251;251;251m@[38;2;252;252;252m@@@@@@@@@@[38;2;251;251;251m@[38;2;229;229;229m@[38;2;203;203;203my[38;2;71;71;71m,[38;2;0;0;225m~[38;2;0;0;222m@[38;2;0;0;213m_        [39m
 [38;2;0;0;0m      [38;2;0;0;212m_[38;2;0;0;220m@[38;2;1;0;198m'[38;2;139;139;139my[38;2;224;224;224m@[38;2;251;251;251m@[38;2;252;252;252m@@@@@@@@@@@@@@@[38;2;245;245;245m@[38;2;157;157;157my [38;2;0;0;229m4[38;2;0;0;223m_       [39m
 [38;2;0;0;0m      [38;2;0;0;229m@ [38;2;138;138;139my[38;2;248;248;248m@[38;2;252;252;252m@[38;2;246;246;246m@[38;2;240;240;240m@[38;2;251;251;251m@[38;2;252;252;252m@@@@@@@@@@@@@@[38;2;251;251;251m@[38;2;156;156;156my [38;2;0;0;224mB[38;2;0;0;232m,      [39m
 [38;2;0;0;0m     [38;2;1;0;212m4[38;2;0;0;202mF [38;2;226;226;226m$[38;2;252;252;252m@[38;2;251;251;251m@[38;2;138;138;138my [38;2;123;123;123m~[38;2;247;247;247m~[38;2;198;198;198mR[38;2;247;247;247m@[38;2;251;251;251m@[38;2;252;252;252m@@@[38;2;251;251;251m@@@@@@[38;2;252;252;252m@@[38;2;245;245;245m@  [38;2;0;0;223m$      [39m
 [38;2;0;0;0m     [38;2;0;0;217m@  [38;2;248;248;248m@[38;2;252;252;252m@@[38;2;251;251;251m@[38;2;242;242;242m@[38;2;213;213;213m=  [38;2;67;67;67m_[38;2;198;198;198m$[38;2;252;252;252m@[38;2;217;217;217m@[38;2;105;105;105m_[38;2;69;69;69m_____[38;2;109;109;109m_[38;2;212;212;212m$[38;2;252;252;252m@[38;2;251;251;251m@[38;2;74;74;74mL [38;2;0;0;230m@      [39m
 [38;2;0;0;0m     [38;2;0;0;218m@  [38;2;249;249;249m@[38;2;252;252;252m@[38;2;251;251;251m@[38;2;192;192;192m~ [38;2;220;220;220m_[38;2;203;203;203my[38;2;246;246;246mg[38;2;249;249;249m@[38;2;251;251;251m@[38;2;252;252;252m@@[38;2;251;251;251m@@@@@@@[38;2;252;252;252m@@[38;2;251;251;251m@[38;2;75;75;75mL [38;2;0;0;230m@      [39m
 [38;2;0;0;0m     [38;2;0;0;218m@  [38;2;249;249;249m@[38;2;252;252;252m@@[38;2;251;251;251m@[38;2;247;247;247m@[38;2;251;251;251m@[38;2;252;252;252m@@@@@@@@@@@@@@@[38;2;251;251;251m@[38;2;75;75;75mL [38;2;0;0;230m@      [39m
 [38;2;0;0;0m     [38;2;0;0;219m@  [38;2;249;249;249m@[38;2;252;252;252m@@@@@@@@@@@@@@@@@@@@[38;2;251;251;251m@[38;2;72;72;72mL [38;2;0;0;230m@      [39m
 [38;2;0;0;0m     [38;2;0;0;220m@  [38;2;250;250;250m@[38;2;252;252;252m@@@@@@@@@@@@@@@@@@@@[38;2;251;251;251m@[38;2;69;69;69mL [38;2;0;0;229m@      [39m
 [38;2;0;0;0m     [38;2;0;0;221m@  [38;2;250;250;250m@[38;2;252;252;252m@@@@@@@@@@@@@@@@@@@@[38;2;251;251;251m@  [38;2;0;0;229m@      [39m
 [38;2;0;0;0m     [38;2;0;0;222m@  [38;2;250;250;250m@[38;2;252;252;252m@@@@@@@@@@@@@@@@@@@@[38;2;251;251;251m@  [38;2;0;0;227m@      [39m
 [38;2;0;0;0m     [38;2;0;0;219m@  [38;2;242;242;242m@[38;2;252;252;252m@@@@@@@@@@@@@@@@@@@@[38;2;248;248;248m@  [38;2;0;0;224m@      [39m
 [38;2;0;0;0m     [38;2;1;0;213m`[38;2;0;0;225m@[38;2;0;0;211m_[38;2;139;139;139m~[38;2;170;170;170m@[38;2;245;245;245m@[38;2;249;249;249m@[38;2;204;204;204m@[38;2;190;190;190mF[38;2;251;251;251m~[38;2;178;178;178mP[38;2;230;230;230m@[38;2;251;251;251m@@[38;2;233;233;233m@[38;2;221;221;221mF[38;2;251;251;251m~[38;2;150;150;150mM[38;2;196;196;196m@[38;2;249;249;249m@[38;2;251;251;251m@[38;2;246;246;246m@[38;2;188;188;188m@[38;2;178;178;178mF[38;2;175;175;175m~[38;2;1;0;205m_[38;2;0;0;230mg[38;2;1;1;196mF      [39m
 [38;2;0;0;0m      [38;2;1;0;218m`[38;2;0;0;225m4[38;2;0;0;227mg[38;2;0;0;205my[38;2;0;0;225m_[38;2;0;0;226m_[38;2;0;0;227m_g[38;2;0;0;223m@[38;2;0;0;220my[38;2;0;0;227m_[38;2;0;0;223m_[38;2;0;0;225m_[38;2;0;0;227m_[38;2;0;0;218ma[38;2;0;0;220m@[38;2;0;0;226mg[38;2;0;0;227m_[38;2;0;0;223m__[38;2;0;0;225m_[38;2;0;0;227m_[38;2;0;0;226mg[38;2;0;0;225m@[38;2;0;0;227mP[38;2;1;1;202m~       [39m
 [38;2;0;0;0m        [38;2;2;4;189m`[38;2;0;0;224m~[38;2;0;0;227m~~~[38;2;2;0;207m` [38;2;2;1;206m~[38;2;0;0;226m~[38;2;0;0;227m~~[38;2;0;0;226m~[38;2;2;1;207m~ [38;2;2;0;208m`[38;2;0;0;224m~[38;2;0;0;227m~~[38;2;0;0;226m~~[38;2;3;2;192m`          [39m
 [38;2;0;0;0m                                       [39m
[?25h