[?25l[39m [38;2;0;0;0m                [38;2;0;0;230m_[38;2;0;0;231m_[38;2;0;0;226m_[38;2;0;0;224m_[38;2;0;0;229m_[38;2;0;0;231m_                 [39m
 [38;2;0;0;0m           [38;2;0;0;228m_[38;2;1;0;213my[38;2;0;0;227mg[38;2;0;0;226m@[38;2;0;0;228m@[38;2;0;0;218m@[38;2;0;0;221mP[38;2;0;0;218mP[38;2;0;0;217mP[38;2;0;0;216mR[38;2;0;0;218m@[38;2;0;0;228m@[38;2;0;0;226m@[38;2;0;0;227mg[38;2;0;1;213my[38;2;0;0;228m_            [39m
 [38;2;0;0;0m         [38;2;1;1;207my[38;2;0;0;221m@[38;2;0;0;220m@[38;2;0;0;226m~[38;2;0;0;229m~[38;2;181;181;181m_[38;2;164;164;164my[38;2;197;197;197my[38;2;219;219;219my[38;2;206;206;206ma[38;2;198;198;198mg[38;2;219;219;219my[38;2;197;197;197my[38;2;160;160;160my[38;2;181;181;181m_[38;2;0;0;226m~~[38;2;0;0;220m@[38;2;0;0;224m@[38;2;1;0;208my          [39m
 [38;2;0;0;0m       [38;2;0;0;224m_@P[38;2;0;0;209m~[38;2;216;216;216m_[38;2;212;212;212mg[38;2;234;234;234m@[38;2;251;251;251m@[38;2;252;252;252m@@@@@@@@[38;2;251;251;251m@[38;2;240;240;240m@[38;2;213;213;213mg[38;2;216;216;216m_[38;2;0;0;205m~[38;2;0;0;223m4[38;2;0;0;226m@[38;2;0;0;224m_        [39m
 [38;2;0;0;0m      [38;2;0;0;221mj[38;2;0;0;227m@[38;2;0;0;212m~[38;2;116;116;116m_[38;2;232;232;232mg[38;2;251;251;251m@[38;2;252;252;252m@@@@@@@@@@@@@@[38;2;251;251;251m@[38;2;206;206;206m$[38;2;117;117;117m_[38;2;1;0;206m~[38;2;0;0;224m@[38;2;0;0;219mL       [39m
 [38;2;0;0;0m     [38;2;2;2;181mj[38;2;0;0;230m@[38;2;1;0;199m'[38;2;95;95;95my[38;2;235;235;235m@[38;2;252;252;252m@[38;2;251;251;251m@[38;2;252;252;252m@@@@@@@@@@@@@@@@[38;2;244;244;244m@[38;2;124;124;124m_ [38;2;0;0;227m@[38;2;0;0;220m;      [39m
 [38;2;0;0;0m     [38;2;0;0;217mg[38;2;1;0;210mF [38;2;216;216;216m$[38;2;252;252;252m@[38;2;251;251;251m@[38;2;172;172;172m~[38;2;110;110;110m~[38;2;243;243;243m~[38;2;184;184;184mR[38;2;242;242;242m@[38;2;251;251;251m@[38;2;252;252;252m@@@@@@@@@@@@[38;2;226;226;226m@ [38;2;0;0;206m"[38;2;0;0;220m$      [39m
 [38;2;0;0;0m     [38;2;0;0;226m@  [38;2;249;249;249m@[38;2;252;252;252m@@[38;2;251;251;251m@[38;2;247;247;247mg[38;2;171;171;171mw  [38;2;152;152;152m~[38;2;208;208;208m$[38;2;251;251;251m@[38;2;215;215;215m@[38;2;206;206;206m~[38;2;177;177;177m~~~~~[38;2;206;206;206m~[38;2;224;224;224m$[38;2;252;252;252m@[38;2;251;251;251m@  [38;2;0;0;226m@      [39m
 [38;2;0;0;0m     [38;2;0;0;226m@  [38;2;249;249;249m@[38;2;252;252;252m@[38;2;251;251;251m@[38;2;189;189;189mF[38;2;145;145;145m~ [38;2;237;237;237m_[38;2;215;215;215my[38;2;205;205;205m@[38;2;251;251;251m@[38;2;252;252;252m@[38;2;251;251;251m@[38;2;225;225;225m@[38;2;216;216;216m@@@@@[38;2;224;224;224m@[38;2;252;252;252m@@[38;2;251;251;251m@  [38;2;0;0;226m@      [39m
 [38;2;0;0;0m     [38;2;0;0;226m@  [38;2;249;249;249m@[38;2;252;252;252m@[38;2;251;251;251m@g[38;2;250;250;250mg[38;2;246;246;246m@[38;2;251;251;251m@[38;2;252;252;252m@@@@@@@@@@@@@@[38;2;251;251;251m@  [38;2;0;0;226m@      [39m
 [38;2;0;0;0m     [38;2;0;0;226m@  [38;2;249;249;249m@[38;2;252;252;252m@@@@@@@@@@@@@@@@@@@@[38;2;251;251;251m@  [38;2;0;0;226m@      [39m
 [38;2;0;0;0m     [38;2;0;0;226m@  [38;2;249;249;249m@[38;2;252;252;252m@@@@@@@@@@@@@@@@@@@@[38;2;251;251;251m@  [38;2;0;0;227m@      [39m
 [38;2;0;0;0m     [38;2;0;0;226m@  [38;2;249;249;249m@[38;2;252;252;252m@@@@@@@@@@@@@@@@@@@@[38;2;251;251;251m@  [38;2;0;0;227m@      [39m
 [38;2;0;0;0m     [38;2;0;0;219m@  [38;2;243;243;243m@[38;2;252;252;252m@@@@@@@@@@@@@@@@@@@@[38;2;248;248;248m@  [38;2;0;0;222m@      [39m
 [38;2;0;0;0m     [38;2;1;1;211m`[38;2;0;0;224m@[38;2;1;0;206m_[38;2;142;142;142m~[38;2;204;204;204mR[38;2;247;247;247m@[38;2;251;251;251m@[38;2;249;249;249m@[38;2;206;206;206m@[38;2;192;192;192mF[38;2;251;251;251m~[38;2;174;174;174m5[38;2;234;234;234m@[38;2;251;251;251m@@[38;2;236;236;236m@[38;2;222;222;222mF[38;2;251;251;251m~[38;2;151;151;151mM[38;2;197;197;197m@[38;2;249;249;249m@[38;2;251;251;251m@[38;2;247;247;247m@[38;2;187;187;187m@[38;2;172;172;172m~[38;2;1;0;202m_[38;2;0;0;232ma'      [39m
 [38;2;0;0;0m      [38;2;1;1;210m`[38;2;0;0;212m4[38;2;0;0;227ma[38;2;0;0;205my[38;2;0;0;226m_[38;2;0;0;228m_[38;2;0;0;226m_[38;2;0;0;225m_[38;2;0;0;226ma[38;2;0;0;219m@[38;2;0;0;220my[38;2;0;0;226m_[38;2;0;0;228m__[38;2;0;0;226m_[38;2;0;0;219my[38;2;0;0;216m@[38;2;0;0;222mg[38;2;0;0;225m_[38;2;0;0;226m_[38;2;0;0;228m_[38;2;0;0;227m_[38;2;0;0;204my[38;2;0;0;226ma[38;2;0;0;219mP[38;2;0;0;225m'       [39m
 [38;2;0;0;0m         [38;2;2;1;204m~[38;2;0;0;230m~[38;2;0;0;228m~[38;2;0;0;230m~[38;2;0;0;217m~  [38;2;0;0;216m`[38;2;0;0;228m~~[38;2;0;0;227m~[38;2;0;0;229m~[38;2;0;0;216m`  ~[38;2;0;0;229m~[38;2;0;0;227m~[38;2;0;0;230m~[38;2;2;1;208m~          [39m
 [38;2;0;0;0m                                       [39m
 [38;2;0;0;0m                                       [39m
[?25h