[?25l[39m [38;2;0;0;0m              [38;2;0;0;230m_[38;2;0;0;225m_[38;2;1;1;209my[38;2;0;0;221my[38;2;0;0;223ma[38;2;0;0;222ma[38;2;0;0;220my[38;2;1;1;209my[38;2;0;0;225m_[38;2;0;0;230m_               [39m
 [38;2;0;0;0m          [38;2;0;0;224m_[38;2;1;0;212ma[38;2;0;0;212m@[38;2;0;0;219m=[38;2;0;0;226m~[38;2;0;0;222m~[38;2;206;206;206m_[38;2;242;242;242m_[38;2;143;143;143my[38;2;142;142;142my[38;2;242;242;242m_[38;2;206;206;206m_[38;2;0;0;221m~[38;2;0;0;226m~[38;2;0;0;219m=[38;2;0;0;216m@[38;2;0;0;217my[38;2;0;0;224m_           [39m
 [38;2;0;0;0m        [38;2;0;0;224m_[38;2;0;0;228ma[38;2;0;0;212mF[38;2;1;0;222m`[38;2;152;152;152my[38;2;214;214;214ma[38;2;229;229;229m$[38;2;251;251;251m@@[38;2;252;252;252m@@@@[38;2;251;251;251m@@[38;2;222;222;222m@[38;2;206;206;206mg[38;2;142;142;142my[38;2;1;0;222m`[38;2;0;0;226m~[38;2;0;0;218m@[38;2;0;0;224m_         [39m
 [38;2;0;0;0m       [38;2;0;0;221mg[38;2;0;0;226mF [38;2;191;191;191my[38;2;229;229;229m@[38;2;251;251;251m@[38;2;252;252;252m@@@@@@@@@@@@@[38;2;238;238;238m@[38;2;184;184;184my [38;2;0;0;218m?[38;2;0;0;221mg        [39m
 [38;2;0;0;0m      [38;2;0;0;228mg[38;2;0;0;208mF [38;2;227;227;227mg[38;2;251;251;251m@[38;2;252;252;252m@@@@@@@@@@@@@@@@[38;2;251;251;251m@[38;2;201;201;201m@ [38;2;0;0;215m~[38;2;0;0;225m$       [39m
 [38;2;0;0;0m     [38;2;1;0;210mj[38;2;0;0;227mF [38;2;210;210;210mg[38;2;251;251;251m@@[38;2;215;215;215mP[38;2;193;193;193mF[38;2;217;217;217m@[38;2;251;251;251m@[38;2;252;252;252m@@@@@[38;2;237;237;237m@[38;2;201;201;201mF[38;2;187;187;187mR[38;2;243;243;243m@[38;2;251;251;251m@[38;2;252;252;252m@@@[38;2;251;251;251m@[38;2;189;189;189m@ [38;2;0;0;217m?[38;2;0;0;219ml      [39m
 [38;2;0;0;0m     [38;2;0;0;218m@  [38;2;246;246;246m@[38;2;252;252;252m@[38;2;251;251;251m@[38;2;205;205;205mg[38;2;145;145;145my [38;2;167;167;167m`[38;2;243;243;243m~[38;2;187;187;187mR[38;2;248;248;248m@[38;2;252;252;252m@@[38;2;237;237;237m@[38;2;199;199;199my[38;2;211;211;211m_ [38;2;169;169;169m~[38;2;150;150;150mM[38;2;203;203;203m@[38;2;251;251;251m@[38;2;252;252;252m@[38;2;250;250;250m@  [38;2;0;0;226m$      [39m
 [38;2;0;0;0m     [38;2;0;0;226m@  [38;2;249;249;249m@[38;2;252;252;252m@@[38;2;242;242;242m@[38;2;216;216;216mP[38;2;156;156;156mT [38;2;90;90;90m_[38;2;164;164;164my[38;2;211;211;211m@[38;2;252;252;252m@@[38;2;251;251;251m@[38;2;215;215;215m@[38;2;204;204;204mF[38;2;120;120;120m~ [38;2;188;188;188m_[38;2;204;204;204my[38;2;249;249;249m@[38;2;252;252;252m@[38;2;251;251;251m@  [38;2;0;0;226m@      [39m
 [38;2;0;0;0m     [38;2;0;0;226m@  [38;2;249;249;249m@[38;2;252;252;252m@[38;2;251;251;251m@[38;2;144;144;144my[38;2;237;237;237m_[38;2;207;207;207my[38;2;248;248;248mg[38;2;250;250;250m@[38;2;252;252;252m@@@@[38;2;210;210;210m@[38;2;232;232;232m_[38;2;161;161;161my[38;2;214;214;214mg[38;2;229;229;229m@[38;2;251;251;251m@[38;2;252;252;252m@@@[38;2;251;251;251m@  [38;2;0;0;226m@      [39m
 [38;2;0;0;0m     [38;2;0;0;226m@  [38;2;249;249;249m@[38;2;252;252;252m@@@@@@@@@@@@@@@@@@@@[38;2;251;251;251m@  [38;2;0;0;226m@      [39m
 [38;2;0;0;0m     [38;2;0;0;226m@  [38;2;249;249;249m@[38;2;252;252;252m@@@@@@@@@@@@@@@@@@@@[38;2;251;251;251m@  [38;2;0;0;226m@      [39m
 [38;2;0;0;0m     [38;2;0;0;226m@  [38;2;249;249;249m@[38;2;252;252;252m@@@@@@@@@@@@@@@@@@@@[38;2;251;251;251m@  [38;2;0;0;227m@      [39m
 [38;2;0;0;0m     [38;2;0;0;226m@  [38;2;249;249;249m@[38;2;252;252;252m@@@@@@@@@@@@@@@@@@@@[38;2;251;251;251m@  [38;2;0;0;227m@      [39m
 [38;2;0;0;0m     [38;2;0;0;226m@  [38;2;249;249;249m@[38;2;252;252;252m@@@@@@@@@@@@@@@@@@@@[38;2;251;251;251m@  [38;2;0;0;227m@      [39m
 [38;2;0;0;0m     [38;2;0;0;214m9[38;2;0;0;215mg [38;2;154;154;154m4[38;2;247;247;247m@[38;2;252;252;252m@@[38;2;251;251;251m@[38;2;248;248;248m@[38;2;194;194;194m@[38;2;191;191;191m@[38;2;248;248;248m@[38;2;251;251;251m@[38;2;252;252;252m@@[38;2;251;251;251m@[38;2;219;219;219m@[38;2;211;211;211mR[38;2;230;230;230m@[38;2;251;251;251m@[38;2;252;252;252m@@[38;2;251;251;251m@[38;2;243;243;243m@[38;2;213;213;213mF [38;2;0;0;220my[38;2;0;0;214m$      [39m
 [38;2;0;0;0m     [38;2;3;3;186m`[38;2;1;0;213m@[38;2;0;0;220m@[38;2;0;0;226m_[38;2;0;0;222m_[38;2;207;207;207m~[38;2;241;241;241m~[38;2;212;212;212m~[38;2;0;0;225m_[38;2;0;0;226m__[38;2;0;0;224m_[38;2;197;197;197m~[38;2;241;241;241m~[38;2;232;232;232m~[38;2;108;108;108m~[38;2;0;0;227m_[38;2;0;0;218my[38;2;0;0;227m_[38;2;131;131;131m~[38;2;235;235;235m~[38;2;241;241;241m~[38;2;191;191;191m~[38;2;0;0;227m_[38;2;0;0;213my[38;2;0;0;226mg[38;2;0;0;215m@[38;2;1;0;207m'      [39m
 [38;2;0;0;0m       [38;2;0;0;225m~[38;2;0;0;227m=[38;2;0;0;226m@@@@[38;2;0;0;224m@[38;2;0;0;214mP[38;2;0;0;221m=[38;2;0;0;225m@[38;2;0;0;226m@@@[38;2;0;0;228m@[38;2;0;0;224mP[38;2;0;0;227m~[38;2;0;0;221mR[38;2;0;0;227m@[38;2;0;0;226m@@@[38;2;0;0;219m@[38;2;1;0;219m=[38;2;0;0;224m~        [39m
 [38;2;0;0;0m                                       [39m
 [38;2;0;0;0m                                       [39m
[?25h