[?25l[39m [38;2;0;0;0m              [38;2;0;0;229m_[38;2;0;0;226m_[38;2;1;1;209my[38;2;0;0;215ma[38;2;0;0;221mgg[38;2;0;0;220my[38;2;1;1;209my[38;2;0;0;226m_[38;2;0;0;229m_               [39m
 [38;2;0;0;0m          [38;2;0;0;225m_[38;2;1;0;213ma[38;2;0;0;218m@[38;2;0;0;222mP[38;2;0;0;225m~[38;2;0;0;228m~[38;2;0;0;217m~[38;2;201;201;201m_[38;2;233;233;233m__[38;2;201;201;201m_[38;2;0;0;216m~[38;2;0;0;228m~[38;2;0;0;226m~[38;2;0;0;222m4[38;2;0;0;221m@[38;2;0;0;217my[38;2;0;0;223m_           [39m
 [38;2;0;0;0m        [38;2;0;0;226m_[38;2;0;0;229mg[38;2;0;0;218mP~[38;2;208;208;208m_[38;2;207;207;207my[38;2;250;250;250mg[38;2;244;244;244m@[38;2;251;251;251m@@[38;2;252;252;252m@@[38;2;251;251;251m@@[38;2;247;247;247m@[38;2;250;250;250mg[38;2;207;207;207my[38;2;208;208;208m_[38;2;0;0;217m~[38;2;0;0;215m4[38;2;0;0;223m$[38;2;0;0;226m_         [39m
 [38;2;0;0;0m       [38;2;0;0;220mg[38;2;0;0;224mP[38;2;0;0;199m'[38;2;164;164;164my[38;2;206;206;206m@[38;2;251;251;251m@[38;2;252;252;252m@@@@@@@@@@@@[38;2;251;251;251m@[38;2;220;220;220m@[38;2;153;153;154my[38;2;2;1;189m`[38;2;0;0;222m4[38;2;0;0;221mg        [39m
 [38;2;0;0;0m      [38;2;0;0;226mg[38;2;0;0;218mF [38;2;210;210;210mg[38;2;251;251;251m@[38;2;252;252;252m@@@@@@@@@@@@@@@@[38;2;251;251;251m@[38;2;180;180;180m@ [38;2;0;0;223m~[38;2;0;0;225m$       [39m
 [38;2;0;0;0m     [38;2;0;0;211mj[38;2;0;0;230mF [38;2;196;196;196mg[38;2;251;251;251m@@[38;2;229;229;229mF[38;2;167;167;167mM[38;2;203;203;203m@[38;2;251;251;251m@[38;2;252;252;252m@@@@@@@@@@@@@[38;2;251;251;251m@[38;2;173;173;173m@ [38;2;0;0;209m5[38;2;0;0;220ml      [39m
 [38;2;0;0;0m     [38;2;0;0;218m@[38;2;0;0;179m[ [38;2;243;243;243m@[38;2;252;252;252m@[38;2;251;251;251m@[38;2;219;219;219mg[38;2;160;160;160my[38;2;82;82;82m_[38;2;134;134;134m`[38;2;234;234;234m~[38;2;184;184;184mP[38;2;246;246;246m@[38;2;252;252;252m@[38;2;247;247;247m@[38;2;212;212;212mP[38;2;196;196;196mPPPPP[38;2;191;191;191mA[38;2;247;247;247m@[38;2;252;252;252m@[38;2;249;249;249m@  [38;2;0;0;226m$      [39m
 [38;2;0;0;0m     [38;2;0;0;225m@  [38;2;249;249;249m@[38;2;252;252;252m@[38;2;251;251;251m@[38;2;226;226;226m@[38;2;214;214;214mF[38;2;219;219;219m~ [38;2;151;151;151m_[38;2;181;181;181my[38;2;218;218;218m@[38;2;252;252;252m@[38;2;232;232;232m@[38;2;192;192;192my[38;2;181;181;181myyyyy[38;2;196;196;196my[38;2;226;226;226m@[38;2;252;252;252m@[38;2;251;251;251m@  [38;2;0;0;227m@      [39m
 [38;2;0;0;0m     [38;2;0;0;225m@  [38;2;249;249;249m@[38;2;252;252;252m@[38;2;251;251;251m@[38;2;180;180;180my[38;2;156;156;156my[38;2;199;199;199mg[38;2;219;219;219m@[38;2;251;251;251m@[38;2;252;252;252m@@@@@@@@@@@@@[38;2;251;251;251m@  [38;2;0;0;227m@      [39m
 [38;2;0;0;0m     [38;2;0;0;225m@  [38;2;249;249;249m@[38;2;252;252;252m@@@@@@@@@@@@@@@@@@@@[38;2;251;251;251m@  [38;2;0;0;227m@      [39m
 [38;2;0;0;0m     [38;2;0;0;225m@  [38;2;249;249;249m@[38;2;252;252;252m@@@@@@@@@@@@@@@@@@@@[38;2;251;251;251m@  [38;2;0;0;227m@      [39m
 [38;2;0;0;0m     [38;2;0;0;225m@  [38;2;249;249;249m@[38;2;252;252;252m@@@@@@@@@@@@@@@@@@@@[38;2;251;251;251m@  [38;2;0;0;226m@      [39m
 [38;2;0;0;0m     [38;2;0;0;225m@  [38;2;249;249;249m@[38;2;252;252;252m@@@@@@@@@@@@@@@@@@@@[38;2;251;251;251m@  [38;2;0;0;227m@      [39m
 [38;2;0;0;0m     [38;2;0;0;219m@[38;2;0;0;215m, [38;2;239;239;239m@[38;2;252;252;252m@@@@@@@@@@@@@@@@@@@@[38;2;247;247;247m@ [38;2;0;0;170mj[38;2;0;0;223m@      [39m
 [38;2;0;0;0m     [38;2;1;0;213m`[38;2;0;0;227m@[38;2;0;0;224m_[38;2;201;201;201m`[38;2;179;179;179m#[38;2;236;236;236m@[38;2;247;247;247m@[38;2;243;243;243m@[38;2;180;180;180m@[38;2;173;173;173mT[38;2;252;252;252m~[38;2;150;150;150m5[38;2;208;208;208m@[38;2;247;247;247m@@[38;2;214;214;214m@[38;2;205;205;205mF[38;2;252;252;252m~[38;2;251;251;251m~[38;2;203;203;203mR[38;2;243;243;243m@[38;2;248;248;248m@[38;2;238;238;238m@[38;2;215;215;215mP[38;2;142;142;142m~[38;2;0;0;220m_[38;2;0;0;223m$[38;2;0;0;232m'      [39m
 [38;2;0;0;0m      [38;2;0;0;216m`[38;2;0;0;220m4[38;2;0;0;218m@y[38;2;0;0;226m___[38;2;0;0;211my[38;2;0;0;227mg[38;2;0;0;228m@[38;2;0;0;222mg[38;2;0;0;227m_[38;2;0;0;226m__[38;2;0;0;227m_[38;2;0;0;224ma[38;2;0;0;226m@[38;2;0;0;228mg[38;2;0;0;212my[38;2;0;0;226m___[38;2;0;0;218my[38;2;0;0;227mg[38;2;0;0;223mP[38;2;1;1;199m~       [39m
 [38;2;0;0;0m         [38;2;1;0;222m~[38;2;0;0;227m~[38;2;0;0;224m~[38;2;0;0;225m~[38;2;0;0;228m~[38;2;2;2;195m` [38;2;0;0;231m`[38;2;0;0;228m~[38;2;0;0;225m~[38;2;0;0;224m~[38;2;0;0;229m~[38;2;2;2;198m~ [38;2;3;2;195m`[38;2;0;0;226m~~[38;2;0;0;224m~[38;2;0;0;226m~[38;2;0;0;223m~          [39m
 [38;2;0;0;0m                                       [39m
 [38;2;0;0;0m                                       [39m
[?25h