[?25l[39m [38;2;0;0;0m              [38;2;0;0;229m_[38;2;0;0;225m_[38;2;1;1;211my[38;2;0;0;217ma[38;2;0;0;225ma[38;2;0;0;224ma[38;2;0;0;222my[38;2;1;1;211my[38;2;0;0;225m_[38;2;0;0;228m_               [39m
 [38;2;0;0;0m          [38;2;0;0;225m_[38;2;1;0;214ma[38;2;0;0;219m#[38;2;0;0;210mF[38;2;0;0;226m~[38;2;0;0;219m~[38;2;214;214;214m_[38;2;245;245;245m_[38;2;147;147;147my[38;2;146;146;146my[38;2;245;245;245m_[38;2;215;215;215m_[38;2;0;0;219m~[38;2;0;0;226m~[38;2;0;0;227m~[38;2;0;0;215m@[38;2;0;0;218my[38;2;0;0;225m_           [39m
 [38;2;0;0;0m        [38;2;0;0;226m_[38;2;0;0;228ma[38;2;0;0;210mF[38;2;1;0;218m`[38;2;156;156;156my[38;2;219;219;219ma[38;2;231;231;231m$[38;2;251;251;251m@@[38;2;252;252;252m@@@@[38;2;251;251;251m@@[38;2;226;226;226m@[38;2;210;210;210mg[38;2;146;146;146my[38;2;1;0;218m`[38;2;0;0;225m~[38;2;0;0;219m@[38;2;0;0;226m_         [39m
 [38;2;0;0;0m       [38;2;0;0;222mg[38;2;0;0;225mF [38;2;193;193;193my[38;2;231;231;231m@[38;2;251;251;251m@[38;2;252;252;252m@@@@@@@@@@@@@[38;2;240;240;240m@[38;2;187;187;187my [38;2;0;0;218m?[38;2;0;0;222mg        [39m
 [38;2;0;0;0m      [38;2;0;0;228mg[38;2;0;0;205mF [38;2;228;228;228mg[38;2;251;251;251m@[38;2;252;252;252m@@@@@@@@@@@@@@@@[38;2;251;251;251m@[38;2;202;202;202m@ [38;2;0;0;213m~[38;2;0;0;226m$       [39m
 [38;2;0;0;0m     [38;2;0;0;211mj[38;2;0;0;227mF [38;2;211;211;211mg[38;2;251;251;251m@@[38;2;227;227;227mF[38;2;165;165;165mM[38;2;201;201;201m@[38;2;251;251;251m@[38;2;252;252;252m@@@@@[38;2;234;234;234m@[38;2;192;192;192mF[38;2;176;176;176mA[38;2;235;235;235m@[38;2;251;251;251m@[38;2;252;252;252m@@@[38;2;251;251;251m@[38;2;190;190;190m@ [38;2;0;0;217m?[38;2;0;0;220ml      [39m
 [38;2;0;0;0m     [38;2;0;0;218m@  [38;2;246;246;246m@[38;2;252;252;252m@@[38;2;221;221;221mg[38;2;163;163;163my[38;2;91;91;91m_[38;2;125;125;125m`[38;2;233;233;233m~[38;2;170;170;170m#[38;2;246;246;246m@[38;2;252;252;252m@@[38;2;240;240;240m@[38;2;213;213;213my[38;2;237;237;237m_ [38;2;134;134;134m~[38;2;172;172;172mT[38;2;184;184;184m@[38;2;251;251;251m@[38;2;252;252;252m@[38;2;250;250;250m@  [38;2;0;0;226m$      [39m
 [38;2;0;0;0m     [38;2;0;0;226m@  [38;2;249;249;249m@[38;2;252;252;252m@[38;2;251;251;251m@[38;2;223;223;223m@[38;2;212;212;212mF[38;2;215;215;215m~ [38;2;158;158;158m_[38;2;184;184;184my[38;2;219;219;219m@[38;2;252;252;252m@@[38;2;251;251;251m@[38;2;187;187;187m@[38;2;174;174;174mF[38;2;114;114;114m~ [38;2;228;228;228m_[38;2;216;216;216my[38;2;250;250;250m@[38;2;252;252;252m@[38;2;251;251;251m@  [38;2;0;0;226m@      [39m
 [38;2;0;0;0m     [38;2;0;0;226m@  [38;2;249;249;249m@[38;2;252;252;252m@[38;2;251;251;251m@[38;2;182;182;182my[38;2;159;159;159my[38;2;202;202;202mg[38;2;222;222;222m@[38;2;251;251;251m@[38;2;252;252;252m@@@@[38;2;216;216;216m@[38;2;149;149;149my[38;2;186;186;186my[38;2;236;236;236mg[38;2;243;243;243m@[38;2;251;251;251m@[38;2;252;252;252m@@@[38;2;251;251;251m@  [38;2;0;0;226m@      [39m
 [38;2;0;0;0m     [38;2;0;0;226m@  [38;2;249;249;249m@[38;2;252;252;252m@@@@@@@@@@@@@@@@@@@@[38;2;251;251;251m@  [38;2;0;0;226m@      [39m
 [38;2;0;0;0m     [38;2;0;0;226m@  [38;2;249;249;249m@[38;2;252;252;252m@@@@@@@@@@@@@@@@@@@@[38;2;251;251;251m@  [38;2;0;0;226m@      [39m
 [38;2;0;0;0m     [38;2;0;0;226m@  [38;2;249;249;249m@[38;2;252;252;252m@@@@@@@@@@@@@@@@@@@@[38;2;251;251;251m@  [38;2;0;0;227m@      [39m
 [38;2;0;0;0m     [38;2;0;0;226m@  [38;2;249;249;249m@[38;2;252;252;252m@@@@@@@@@@@@@@@@@@@@[38;2;251;251;251m@  [38;2;0;0;227m@      [39m
 [38;2;0;0;0m     [38;2;0;0;226m@  [38;2;249;249;249m@[38;2;252;252;252m@@@@@@@@@@@@@@@@@@@@[38;2;251;251;251m@  [38;2;0;0;226m@      [39m
 [38;2;0;0;0m     [38;2;0;0;209m9[38;2;0;0;216m$ [38;2;161;161;161m7[38;2;237;237;237m@[38;2;251;251;251m@[38;2;252;252;252m@[38;2;251;251;251m@[38;2;239;239;239m@[38;2;225;225;225mP[38;2;212;212;212mP[38;2;230;230;230m@[38;2;251;251;251m@[38;2;252;252;252m@@[38;2;250;250;250m@[38;2;193;193;193m@[38;2;206;206;206mP[38;2;189;189;189m@[38;2;250;250;250m@[38;2;251;251;251m@[38;2;252;252;252m@[38;2;251;251;251m@[38;2;227;227;227m@[38;2;181;181;181mF [38;2;0;0;220mg[38;2;0;0;226mF      [39m
 [38;2;0;0;0m      [38;2;0;0;219m4[38;2;0;0;225m@[38;2;0;0;216my[38;2;0;0;228m_[38;2;125;125;125m~[38;2;209;209;209m~[38;2;132;132;132m~[38;2;0;0;228m_[38;2;0;0;214my[38;2;0;0;220my[38;2;0;0;227m_[38;2;204;204;204m`[38;2;206;206;206m~[38;2;185;185;185m~[38;2;0;0;226m__[38;2;0;0;225mg[38;2;0;0;226m_[38;2;106;106;106m`[38;2;181;181;181m~[38;2;210;210;210m~[38;2;105;105;105m~[38;2;0;0;227m_[38;2;0;0;218ma[38;2;0;0;222m@[38;2;0;0;225mP       [39m
 [38;2;0;0;0m       [38;2;1;1;201m~[38;2;0;0;225m~[38;2;0;0;216mR[38;2;0;0;228m@[38;2;0;0;227m@[38;2;0;0;228m@[38;2;0;0;224mP[38;2;0;0;226m~~[38;2;0;0;223m4[38;2;0;0;228m@[38;2;0;0;227m@[38;2;0;0;228m@[38;2;0;0;218m@[38;2;0;0;227m=[38;2;0;0;226m~[38;2;0;0;230m=[38;2;0;0;222m@[38;2;0;0;227m@@@[38;2;0;0;222mP[38;2;0;0;225m~[38;2;1;1;209m~        [39m
 [38;2;0;0;0m                                       [39m
 [38;2;0;0;0m                                       [39m
[?25h