[?25l[39m [38;2;0;0;0m                [38;2;0;0;221m_[38;2;0;0;232m_[38;2;0;0;228m__[38;2;0;0;232m_[38;2;0;0;221m_                 [39m
 [38;2;0;0;0m           [38;2;0;0;225m_[38;2;1;1;206my[38;2;0;0;228ma[38;2;0;0;221mP[38;2;0;0;219m=[38;2;0;0;226m~[38;2;0;0;225m~[38;2;0;0;228m~~[38;2;0;0;226m~~[38;2;0;0;218m=[38;2;0;0;215mR[38;2;0;0;227ma[38;2;1;1;207my[38;2;0;0;228m_            [39m
 [38;2;0;0;0m         [38;2;0;0;229m_[38;2;0;0;215m@[38;2;0;0;226m~[38;2;0;0;207m~[38;2;237;237;237m_[38;2;203;203;203my[38;2;238;238;238mg[38;2;225;225;225m$[38;2;236;236;236m@[38;2;249;249;249m@[38;2;250;250;250m@[38;2;240;240;240m@[38;2;228;228;228m$[38;2;239;239;239mg[38;2;204;204;204my[38;2;240;240;240m_[38;2;0;0;203m~[38;2;0;0;226m~[38;2;0;0;219m@[38;2;1;1;204my          [39m
 [38;2;0;0;0m       [38;2;0;0;219m_[38;2;0;0;220m@[38;2;0;0;226m~[38;2;110;110;110m_[38;2;193;193;193mg[38;2;237;237;237m@[38;2;251;251;251m@[38;2;252;252;252m@@@@@@@@@@[38;2;251;251;251m@[38;2;245;245;245m@[38;2;197;197;197mg[38;2;119;119;119m_[38;2;0;0;221m~[38;2;0;0;220m@[38;2;0;0;223m_        [39m
 [38;2;0;0;0m      [38;2;0;0;217mj[38;2;0;0;228mP [38;2;184;184;184my[38;2;244;244;244m@[38;2;252;252;252m@@@@@@@@@@@@@@@@[38;2;249;249;249m@[38;2;180;180;180my [38;2;0;0;223m4[38;2;0;0;215mL       [39m
 [38;2;0;0;0m      [38;2;0;0;224m@ [38;2;147;147;147mg[38;2;251;251;251m@[38;2;252;252;252m@[38;2;226;226;226m@[38;2;207;207;207m@[38;2;250;250;250m@[38;2;252;252;252m@@@@@@@@@@@@@@[38;2;251;251;251m@[38;2;146;146;146mg [38;2;0;0;225mR[38;2;0;0;219m;      [39m
 [38;2;0;0;0m     [38;2;0;0;216mg[38;2;0;0;194m[ [38;2;229;229;229m@[38;2;252;252;252m@[38;2;251;251;251m@[38;2;180;180;180my[38;2;104;104;104m_[38;2;111;111;111m`[38;2;229;229;229m~[38;2;177;177;177mP[38;2;227;227;227m@[38;2;252;252;252m@@@[38;2;240;240;240m@[38;2;232;232;232m@@@@@[38;2;242;242;242m@[38;2;251;251;251m@[38;2;252;252;252m@[38;2;245;245;245m@  [38;2;0;0;222m$      [39m
 [38;2;0;0;0m     [38;2;0;0;223m@  [38;2;250;250;250m@[38;2;252;252;252m@@[38;2;251;251;251m@[38;2;218;218;218m@[38;2;130;130;130mM  [38;2;166;166;166m_[38;2;204;204;204m$[38;2;251;251;251m@[38;2;218;218;218m@[38;2;196;196;196m_[38;2;172;172;172m_____[38;2;201;201;201m_[38;2;219;219;219m$[38;2;252;252;252m@[38;2;251;251;251m@  [38;2;0;0;227m@      [39m
 [38;2;0;0;0m     [38;2;0;0;224m@  [38;2;250;250;250m@[38;2;252;252;252m@[38;2;251;251;251m@[38;2;137;137;137m_[38;2;68;68;68m_[38;2;156;156;156my[38;2;206;206;206mg[38;2;224;224;224m@[38;2;251;251;251m@[38;2;252;252;252m@@@[38;2;251;251;251m@@@@@@@[38;2;252;252;252m@@[38;2;251;251;251m@  [38;2;0;0;227m@      [39m
 [38;2;0;0;0m     [38;2;0;0;224m@  [38;2;250;250;250m@[38;2;252;252;252m@@[38;2;251;251;251m@@[38;2;252;252;252m@@@@@@@@@@@@@@@@[38;2;251;251;251m@  [38;2;0;0;228m@      [39m
 [38;2;0;0;0m     [38;2;0;0;223m@  [38;2;250;250;250m@[38;2;252;252;252m@@@@@@@@@@@@@@@@@@@@[38;2;251;251;251m@  [38;2;0;0;227m@      [39m
 [38;2;0;0;0m     [38;2;0;0;223m@  [38;2;250;250;250m@[38;2;252;252;252m@@@@@@@@@@@@@@@@@@@@[38;2;251;251;251m@  [38;2;0;0;227m@      [39m
 [38;2;0;0;0m     [38;2;0;0;224m@  [38;2;250;250;250m@[38;2;252;252;252m@@@@@@@@@@@@@@@@@@@@[38;2;251;251;251m@  [38;2;0;0;227m@      [39m
 [38;2;0;0;0m     [38;2;0;0;225m@  [38;2;250;250;250m@[38;2;252;252;252m@@@@@@@@@@@@@@@@@@@@[38;2;251;251;251m@  [38;2;0;0;227m@      [39m
 [38;2;0;0;0m     [38;2;0;0;219m@[38;2;0;0;216m, [38;2;240;240;240m@[38;2;252;252;252m@@@@@@@@@@@@@@@@@@@@[38;2;246;246;246m@  [38;2;0;0;223m@      [39m
 [38;2;0;0;0m     [38;2;1;0;213m`[38;2;0;0;226m@[38;2;0;0;222m_[38;2;114;114;114m~[38;2;181;181;181mR[38;2;234;234;234m@[38;2;244;244;244m@[38;2;199;199;199m@[38;2;183;183;183mF[38;2;251;251;251m~[38;2;154;154;154mM[38;2;205;205;205m@[38;2;247;247;247m@[38;2;250;250;250m@[38;2;226;226;226m@[38;2;218;218;218mF[38;2;251;251;251m~~[38;2;166;166;166m@[38;2;238;238;238m@[38;2;252;252;252m@[38;2;240;240;240m@[38;2;183;183;183m@[38;2;166;166;166mF[38;2;150;150;150m~[38;2;0;0;220m_[38;2;0;0;230mg[38;2;0;0;231m'      [39m
 [38;2;0;0;0m      [38;2;1;0;217m`[38;2;0;0;223m4[38;2;0;0;221m$[38;2;0;0;215my[38;2;0;0;227m___g[38;2;0;0;228m@[38;2;0;0;225mg[38;2;0;0;227m_[38;2;0;0;226m__[38;2;0;0;227m_[38;2;0;0;222ma[38;2;0;0;221m@[38;2;0;0;227mg[38;2;0;0;211my[38;2;0;0;227m_[38;2;0;0;225m_[38;2;0;0;227m_[38;2;0;0;211my[38;2;0;0;226mg[38;2;0;0;228m@[38;2;0;0;225mP[38;2;1;1;200m~       [39m
 [38;2;0;0;0m        [38;2;2;4;186m`[38;2;0;0;222m~[38;2;0;0;226m~[38;2;0;0;227m~[38;2;0;0;226m~[38;2;1;0;218m` [38;2;0;0;226m`~[38;2;0;0;227m~~[38;2;0;0;226m~[38;2;1;0;212m~ [38;2;4;3;184m`[38;2;0;0;222m~[38;2;0;0;226m~[38;2;0;0;227m~[38;2;0;0;226m~~[38;2;2;2;201m`          [39m
 [38;2;0;0;0m                                       [39m
[?25h