[?25l[39m [38;2;0;0;0m              [38;2;0;0;232m_[38;2;0;0;225m_[38;2;1;1;203my[38;2;0;0;216my[38;2;0;0;215ma[38;2;0;0;220my[38;2;0;0;215my[38;2;1;1;203my[38;2;0;0;225m_[38;2;0;0;230m_               [39m
 [38;2;0;0;0m          [38;2;0;0;220m_[38;2;1;0;213my[38;2;0;0;228mg[38;2;0;0;215m@[38;2;0;0;218m=[38;2;0;0;226m~[38;2;0;0;228m~[38;2;0;0;224m~[38;2;87;87;87m_[38;2;90;90;90m_[38;2;0;0;223m~[38;2;0;0;228m~[38;2;0;0;226m~[38;2;0;0;218m=[38;2;0;0;214m@[38;2;0;0;220m$[38;2;0;0;213my[38;2;0;0;218m_           [39m
 [38;2;0;0;0m        [38;2;0;0;222m_[38;2;0;0;227mg[38;2;0;0;228mP[38;2;0;0;229m~[38;2;134;134;134m_[38;2;181;181;181my[38;2;223;223;223mg[38;2;227;227;227m$[38;2;249;249;249m@[38;2;251;251;251m@@@[38;2;252;252;252m@[38;2;250;250;250m@[38;2;231;231;231m$[38;2;223;223;223mg[38;2;179;179;179my[38;2;134;134;134m_[38;2;0;0;225m~[38;2;0;0;228m4g[38;2;0;0;222m_         [39m
 [38;2;0;0;0m       [38;2;0;0;217mg[38;2;0;0;229mP[38;2;0;0;201m~[38;2;124;124;124my[38;2;236;236;236mg[38;2;250;250;250m@[38;2;252;252;252m@@@@@@@@@@@@[38;2;251;251;251m@[38;2;207;207;207m$[38;2;202;202;202m_[38;2;1;0;205m"[38;2;0;0;230m4[38;2;0;0;217mg        [39m
 [38;2;0;0;0m      [38;2;0;0;224mg[38;2;0;0;227mF [38;2;189;189;189mg[38;2;251;251;251m@[38;2;252;252;252m@@@@@@@@@@@@@@@@[38;2;251;251;251m@[38;2;185;185;185mg [38;2;0;0;218m?[38;2;0;0;223m$       [39m
 [38;2;0;0;0m     [38;2;1;0;209mj[38;2;0;0;213m@ [38;2;178;178;178mg[38;2;251;251;251m@[38;2;252;252;252m@[38;2;186;186;186m@[38;2;188;188;188m#[38;2;236;236;236m@[38;2;251;251;251m@[38;2;252;252;252m@@@@@[38;2;243;243;243m@[38;2;207;207;207mP[38;2;185;185;185m@[38;2;249;249;249m@[38;2;251;251;251m@[38;2;252;252;252m@@@[38;2;251;251;251m@[38;2;171;171;171mg [38;2;0;0;215mR[38;2;0;0;222mi      [39m
 [38;2;0;0;0m     [38;2;0;0;217m@[38;2;1;1;193m' [38;2;240;240;240m@[38;2;252;252;252m@@[38;2;215;215;215my[38;2;235;235;235m_ [38;2;138;138;138m~[38;2;173;173;173mT[38;2;177;177;177m@[38;2;251;251;251m@[38;2;252;252;252m@@[38;2;229;229;229m@[38;2;180;180;180my[38;2;147;147;147m_[38;2;69;69;69m`[38;2;210;210;210m~[38;2;165;165;165mP[38;2;219;219;219m@[38;2;251;251;251m@[38;2;252;252;252m@[38;2;247;247;247m@  [38;2;0;0;225m$      [39m
 [38;2;0;0;0m     [38;2;0;0;226m@  [38;2;249;249;249m@[38;2;252;252;252m@@[38;2;245;245;245m@[38;2;171;171;171m@[38;2;159;159;159mT  [38;2;145;145;145my[38;2;205;205;205m@[38;2;251;251;251m@[38;2;252;252;252m@@[38;2;223;223;223m@[38;2;213;213;213mF[38;2;82;82;82mT [38;2;154;154;154m_[38;2;195;195;195my[38;2;249;249;249m@[38;2;252;252;252m@[38;2;251;251;251m@  [38;2;0;0;226m@      [39m
 [38;2;0;0;0m     [38;2;0;0;226m@  [38;2;249;249;249m@[38;2;252;252;252m@[38;2;251;251;251m@[38;2;241;241;241m_[38;2;233;233;233m_[38;2;199;199;199my[38;2;244;244;244mg[38;2;248;248;248m@[38;2;251;251;251m@[38;2;252;252;252m@@@[38;2;209;209;209m@[38;2;227;227;227m_[38;2;151;151;151my[38;2;200;200;200mg[38;2;220;220;220m@[38;2;251;251;251m@[38;2;252;252;252m@@@[38;2;251;251;251m@  [38;2;0;0;226m@      [39m
 [38;2;0;0;0m     [38;2;0;0;226m@  [38;2;249;249;249m@[38;2;252;252;252m@@@@@@@@@@@@@@@@@@@@[38;2;251;251;251m@  [38;2;0;0;226m@      [39m
 [38;2;0;0;0m     [38;2;0;0;226m@  [38;2;249;249;249m@[38;2;252;252;252m@@@@@@@@@@@@@@@@@@@@[38;2;251;251;251m@  [38;2;0;0;226m@      [39m
 [38;2;0;0;0m     [38;2;0;0;226m@  [38;2;249;249;249m@[38;2;252;252;252m@@@@@@@@@@@@@@@@@@@@[38;2;251;251;251m@  [38;2;0;0;227m@      [39m
 [38;2;0;0;0m     [38;2;0;0;226m@  [38;2;249;249;249m@[38;2;252;252;252m@@@@@@@@@@@@@@@@@@@@[38;2;251;251;251m@  [38;2;0;0;227m@      [39m
 [38;2;0;0;0m     [38;2;0;0;218m@[38;2;0;0;215m, [38;2;238;238;238m@[38;2;252;252;252m@@@@@@@@@@@@@@@@@@@@[38;2;246;246;246m@ [38;2;1;0;173mj[38;2;0;0;221m@      [39m
 [38;2;0;0;0m     [38;2;1;1;210m`[38;2;0;0;227m@[38;2;0;0;225m_[38;2;190;190;190m`[38;2;173;173;173mA[38;2;231;231;231m@[38;2;247;247;247m@[38;2;240;240;240m@[38;2;175;175;175m@[38;2;252;252;252m~[38;2;251;251;251m~[38;2;145;145;145m5[38;2;202;202;202m@[38;2;246;246;246m@@[38;2;207;207;207m@[38;2;199;199;199mF[38;2;251;251;251m~~[38;2;197;197;197mR[38;2;240;240;240m@[38;2;247;247;247m@[38;2;233;233;233m@[38;2;210;210;210mP[38;2;135;135;135m~[38;2;0;0;223m_[38;2;0;0;225m$[38;2;0;0;232m'      [39m
 [38;2;0;0;0m      [38;2;1;1;208m`[38;2;0;0;215m?[38;2;0;0;219m@y[38;2;0;0;226m___[38;2;0;0;214my[38;2;0;0;227ma[38;2;0;0;224m@g[38;2;0;0;226m____[38;2;0;0;225mg[38;2;0;0;223m@[38;2;0;0;227ma[38;2;0;0;213my[38;2;0;0;226m___[38;2;0;0;219my[38;2;0;0;226ma[38;2;0;0;213mP[38;2;1;0;222m'       [39m
 [38;2;0;0;0m         [38;2;0;0;231m`[38;2;0;0;230m~~[38;2;0;0;231m~[38;2;2;1;206m~  [38;2;1;2;205m`[38;2;0;0;225m~[38;2;0;0;230m~~[38;2;0;0;223m~[38;2;1;1;203m`  [38;2;1;1;206m~[38;2;0;0;230m~[38;2;0;0;229m~[38;2;0;0;231m~`          [39m
 [38;2;0;0;0m                                       [39m
 [38;2;0;0;0m                                       [39m
[?25h