[?25l[39m [38;2;0;0;0m               [38;2;0;0;229m_[38;2;0;0;225m_[38;2;1;1;209my[38;2;0;0;220my[38;2;0;0;221ma[38;2;0;0;219ma[38;2;0;0;218my[38;2;1;1;206my[38;2;0;0;225m_[38;2;0;0;229m_[38;2;4;2;184m_             [39m
 [38;2;0;0;0m            [38;2;0;0;225m_[38;2;0;0;228ma[38;2;0;0;224mP[38;2;0;0;225m~~[38;2;111;111;111m_[38;2;235;235;235m_[38;2;248;248;248m_[38;2;142;142;142my[38;2;247;247;247m_[38;2;232;232;232m_[38;2;105;105;105m_[38;2;0;0;227m~~[38;2;0;0;213mR[38;2;0;0;221ma[38;2;0;0;227m_          [39m
 [38;2;0;0;0m          [38;2;0;0;231m_[38;2;0;0;223m@[38;2;0;0;229m~ [38;2;176;176;176my[38;2;238;238;238mg[38;2;241;241;241m@[38;2;251;251;251m@[38;2;252;252;252m@@@@@[38;2;251;251;251m@[38;2;248;248;248m@[38;2;250;250;250mg[38;2;208;208;208my[38;2;220;220;220m_[38;2;0;0;223m~[38;2;0;0;222m4[38;2;0;0;218mg[38;2;0;1;208m_       [39m
 [38;2;0;0;0m         [38;2;0;0;221mg[38;2;0;0;227mF [38;2;183;183;183my[38;2;234;234;234m@[38;2;251;251;251m@[38;2;252;252;252m@@@@@@@@@@@@[38;2;251;251;251m@[38;2;230;230;230m@[38;2;189;189;189my [38;2;0;0;217m?[38;2;0;0;219mg[38;2;3;1;189m,     [39m
 [38;2;0;0;0m        [38;2;0;0;226mj[38;2;0;0;228mF [38;2;190;190;190mg[38;2;251;251;251m@[38;2;252;252;252m@@@@@@@@@@@@@@@@@[38;2;227;227;227m@[38;2;133;133;133m_[38;2;1;0;203m"[38;2;0;0;229m$[38;2;0;0;217m,    [39m
 [38;2;0;0;0m        [38;2;0;0;234m@ [38;2;124;124;125my[38;2;251;251;251m@[38;2;252;252;252m@@@@@@@@@@@[38;2;241;241;241m@[38;2;164;164;164mF[38;2;155;155;155mM[38;2;198;198;198m@[38;2;250;250;250m@[38;2;252;252;252m@@@[38;2;241;241;241m@[38;2;72;72;72m,[38;2;3;2;189m`[38;2;0;0;228m$    [39m
 [38;2;0;0;0m       [38;2;2;2;185mJ[38;2;0;0;211m$ [38;2;169;169;169m$[38;2;252;252;252m@@@@@@@@@@@@[38;2;251;251;251m@[38;2;227;227;227mg[38;2;171;171;171my[38;2;122;122;122m_[38;2;106;106;106m`[38;2;227;227;227m~[38;2;174;174;174mP[38;2;248;248;248m@[38;2;251;251;251m@[38;2;138;138;138m@ [38;2;0;0;231mB[38;2;0;0;196m,   [39m
 [38;2;0;0;0m       [38;2;2;2;192mJ[38;2;0;0;206m$ [38;2;187;187;187m$[38;2;252;252;252m@@@@@@@@@@@@[38;2;251;251;251m@[38;2;180;180;180m@[38;2;161;161;161mF[38;2;116;116;116m~ [38;2;137;137;137my[38;2;187;187;187mg[38;2;245;245;245m@[38;2;252;252;252m@[38;2;168;168;168m$ [38;2;0;0;223mB[38;2;0;1;194m|   [39m
 [38;2;0;0;0m       [38;2;2;1;200mJ[38;2;0;0;217m[ [38;2;204;204;204m$[38;2;252;252;252m@@@@@@@@@@@@[38;2;241;241;241m@[38;2;183;183;183my[38;2;199;199;199my[38;2;244;244;244mg[38;2;246;246;246m@[38;2;251;251;251m@[38;2;252;252;252m@@[38;2;251;251;251m@[38;2;156;156;156m$ [38;2;0;0;226m$[38;2;0;0;190m'   [39m
 [38;2;0;0;0m       [38;2;0;0;214mJ[38;2;1;0;209m[ [38;2;229;229;229m$[38;2;252;252;252m@@@@@@@@@@@@@@@@@@@@[38;2;251;251;251m@[38;2;161;161;161mF [38;2;0;0;235m$    [39m
 [38;2;0;0;0m       [38;2;0;0;224mg[38;2;0;0;178m[ [38;2;243;243;243m@[38;2;252;252;252m@@@@@@@@@@@@@@@@@@@@[38;2;251;251;251m@[38;2;82;82;82mF [38;2;0;0;229m@    [39m
 [38;2;0;0;0m       [38;2;0;0;236m@ [38;2;124;124;124my[38;2;251;251;251m@[38;2;252;252;252m@@@@@@@@@@@@@@@@@@@@[38;2;241;241;241m@ [38;2;0;0;196mj[38;2;0;0;225mF    [39m
 [38;2;0;0;0m      [38;2;1;1;202mj[38;2;0;0;224mF [38;2;190;190;190m$[38;2;252;252;252m@@@@@@@@@@@@@@@@@@@@[38;2;251;251;251m@[38;2;159;159;160m@ [38;2;0;0;230mg[38;2;0;0;224m'    [39m
 [38;2;0;0;0m      [38;2;0;0;219m@[38;2;0;0;190m' [38;2;245;245;245m@[38;2;252;252;252m@@@@@@@@@@@@@@@@@@@@[38;2;250;250;250m@[38;2;94;94;94m~ [38;2;0;0;226m@     [39m
 [38;2;0;0;0m      [38;2;0;0;232m@[38;2;1;0;220m, [38;2;195;195;195m$[38;2;251;251;251m@[38;2;226;226;226m@R[38;2;244;244;244m@[38;2;252;252;252m@@@[38;2;251;251;251m@[38;2;245;245;245m@[38;2;197;197;197m@[38;2;220;220;220m@[38;2;251;251;251m@[38;2;252;252;252m@@@[38;2;251;251;251m@[38;2;216;216;216m@[38;2;201;201;201m@[38;2;248;248;248m@[38;2;233;233;233m@[38;2;139;139;139mF [38;2;0;0;230mg[38;2;1;1;205mF     [39m
 [38;2;0;0;0m      [38;2;0;0;215m?[38;2;0;0;227m@[38;2;0;0;216my[38;2;0;0;223m_[38;2;177;177;177m`[38;2;0;0;226m__[38;2;0;0;222m_[38;2;190;190;190m~[38;2;249;249;249m~[38;2;247;247;247m~[38;2;187;187;187m~[38;2;0;0;227m_[38;2;0;0;213my[38;2;0;0;227m_[38;2;109;109;109m~[38;2;240;240;240m~[38;2;251;251;251m~[38;2;229;229;229m~[38;2;121;121;121m`[38;2;0;0;226m_[38;2;0;0;227m_[38;2;0;0;222m_[38;2;0;0;227m_[38;2;0;0;220ma[38;2;0;0;227m@[38;2;0;0;222m~      [39m
 [38;2;0;0;0m       [38;2;1;1;211m~[38;2;0;0;225m=[38;2;0;0;226m@@[38;2;0;0;218mP[38;2;0;0;220m4[38;2;0;0;227m@[38;2;0;0;226m@@[38;2;0;0;227m@@[38;2;0;0;225mP[38;2;0;0;224m=[38;2;0;0;220m@[38;2;0;0;226m@@[38;2;0;0;227m@[38;2;0;0;226m@[38;2;0;0;222m@[38;2;0;0;224m=[38;2;0;0;225m4[38;2;0;0;228m@[38;2;0;0;225mP[38;2;0;0;229m~[38;2;2;3;189m`       [39m
 [38;2;0;0;0m               [38;2;1;2;204m`      [38;2;3;2;197m`[38;2;2;2;199m`               [39m
 [38;2;0;0;0m                                       [39m
[?25h