[?25l[39m [38;2;0;0;0m              [38;2;1;1;206m_[38;2;0;0;226m_[38;2;0;0;225m_[38;2;0;0;215my[38;2;0;0;219ma[38;2;0;0;224ma[38;2;0;0;221ma[38;2;0;0;218my[38;2;1;1;204my[38;2;0;0;225m_[38;2;0;0;230m_              [39m
 [38;2;0;0;0m           [38;2;0;0;218m_[38;2;0;0;216ma[38;2;0;0;217m@[38;2;0;0;210mF[38;2;0;0;227m~[38;2;0;0;218m~[38;2;203;203;203m_[38;2;243;243;243m_[38;2;146;146;146myy[38;2;245;245;245m_[38;2;220;220;220m_[38;2;0;0;222m~[38;2;0;0;226m~~[38;2;0;0;219ma[38;2;0;0;217my[38;2;0;0;229m_          [39m
 [38;2;0;0;0m          [38;2;0;0;226mg[38;2;0;0;223mP[38;2;1;0;208m~[38;2;194;194;194m_[38;2;215;215;215my[38;2;220;220;220m$[38;2;251;251;251m@@[38;2;252;252;252m@@@@[38;2;251;251;251m@@[38;2;236;236;236m@[38;2;233;233;233mg[38;2;179;179;179my[38;2;113;113;113m_[38;2;0;0;226m~[38;2;0;0;220mR[38;2;0;0;231m_        [39m
 [38;2;0;0;0m        [38;2;1;0;207m_[38;2;0;0;225m@[38;2;0;0;203m~[38;2;124;124;124m_[38;2;232;232;232mg[38;2;251;251;251m@[38;2;252;252;252m@@@@@@@@@@@@@[38;2;251;251;251m@[38;2;226;226;226mg[38;2;165;165;165m_[38;2;0;0;216m~[38;2;0;0;217m@[38;2;0;0;219m_      [39m
 [38;2;0;0;0m        [38;2;0;0;229m@ [38;2;110;110;110my[38;2;239;239;239m@[38;2;252;252;252m@@@@@@@@@@@@@@@@@[38;2;251;251;251m@[38;2;192;192;192my [38;2;0;0;223m4[38;2;1;0;210mL     [39m
 [38;2;0;0;0m       [38;2;0;0;222mg[38;2;0;0;192mF [38;2;218;218;218m@[38;2;252;252;252m@@@@@@@@@@@@@@@@@@@[38;2;250;250;250m@[38;2;86;86;86mM [38;2;0;0;228mB[38;2;0;0;225m,    [39m
 [38;2;0;0;0m       [38;2;0;0;236m@ [38;2;100;100;100m4[38;2;251;251;251m@[38;2;252;252;252m@@@@@@@@@@@@@@@@@@@[38;2;251;251;251m@[38;2;204;204;204m$ [38;2;0;0;188mJ[38;2;1;1;207m$    [39m
 [38;2;0;0;0m       [38;2;0;0;237m@ [38;2;124;124;125m4[38;2;252;252;252m@@@@@@@@@@@@@@@@@@@@[38;2;251;251;251m@[38;2;196;196;196m@ [38;2;0;0;184mJ[38;2;1;0;213m$    [39m
 [38;2;0;0;0m       [38;2;0;0;236m@ [38;2;132;132;132m4[38;2;251;251;251m@[38;2;252;252;252m@@@@@@@@@@@@@@@@@@@[38;2;251;251;251m@[38;2;198;198;198my [38;2;0;0;191mJ[38;2;1;1;207m$    [39m
 [38;2;0;0;0m       [38;2;0;0;233m@ [38;2;153;153;153m4[38;2;251;251;251m@[38;2;252;252;252m@@@@@@@@@@@@@@@@@@@@[38;2;231;231;231m@ [38;2;1;0;204mJ[38;2;0;0;225m[    [39m
 [38;2;0;0;0m      [38;2;3;2;173mj[38;2;0;0;219m@ [38;2;176;176;176mg[38;2;252;252;252m@@@@@@@@@@@@@@@@@@@@@[38;2;193;193;193m@ [38;2;0;0;212mg[38;2;1;1;209m[    [39m
 [38;2;0;0;0m      [38;2;1;0;210mJ[38;2;0;0;214m[ [38;2;218;218;218m$[38;2;252;252;252m@@@@@@@@@@@@@@@@@@@@[38;2;251;251;251m@[38;2;182;182;183mF [38;2;0;0;230m$[38;2;1;0;193m'    [39m
 [38;2;0;0;0m      [38;2;0;0;219m@  [38;2;245;245;245m@[38;2;252;252;252m@@@@@@@@@@@@@@@@@@@@[38;2;251;251;251m@[38;2;71;71;71mF [38;2;0;0;228m@     [39m
 [38;2;0;0;0m      [38;2;0;0;236m@ [38;2;114;114;115m4[38;2;252;252;252m@@@@@@@@@@@@@@@@@@@@@[38;2;225;225;225m@ [38;2;0;0;216mj[38;2;0;0;222mF     [39m
 [38;2;0;0;0m      [38;2;0;0;231m@[38;2;0;0;213mL [38;2;164;164;164m5[38;2;245;245;245m@[38;2;251;251;251m@[38;2;248;248;248m@[38;2;179;179;179m@[38;2;191;191;191mF[38;2;168;168;168mM[38;2;218;218;218m@[38;2;251;251;251m@@@[38;2;217;217;217m@[38;2;209;209;209mF[38;2;182;182;182mF[38;2;171;171;171m@[38;2;249;249;249m@[38;2;251;251;251m@@[38;2;243;243;243m@[38;2;218;218;218mP[38;2;183;183;183mF[38;2;69;69;70m"[38;2;0;0;231m_[38;2;0;0;228m@[38;2;0;0;214m'     [39m
 [38;2;0;0;0m      [38;2;1;1;200m~[38;2;0;0;223m@[38;2;0;0;227mg[38;2;0;0;226m_[38;2;0;0;228m_[38;2;149;149;149m`[38;2;0;0;226m_[38;2;0;0;210my[38;2;0;0;227mg[38;2;0;0;220my[38;2;0;0;227m_[38;2;0;0;229m_[38;2;184;184;184m`[38;2;0;0;227m_[38;2;0;0;226m_[38;2;0;0;224mg[38;2;0;0;225mg[38;2;0;0;226m_[38;2;0;0;227m_[38;2;174;174;174m`[38;2;138;138;138m`[38;2;0;0;226m_[38;2;0;0;218my[38;2;0;0;227mg[38;2;0;0;221m@[38;2;0;0;222mP[38;2;1;0;216m'      [39m
 [38;2;0;0;0m        [38;2;0;0;226m~~[38;2;0;0;230m=[38;2;0;0;217mP[38;2;0;0;229m=[38;2;0;0;227m~[38;2;0;0;228m~[38;2;0;0;226m~[38;2;0;0;229m=[38;2;0;0;214mP[38;2;0;0;217mP[38;2;0;0;230m=[38;2;0;0;226m~~[38;2;0;0;227m~~[38;2;0;0;228m=[38;2;0;0;217mP[38;2;0;0;228m=[38;2;0;0;222m=[38;2;0;0;227m~[38;2;0;0;230m~[38;2;2;1;211m`        [39m
 [38;2;0;0;0m                                       [39m
 [38;2;0;0;0m                                       [39m
[?25h