[?25l[39m [38;2;0;0;0m             [38;2;2;1;200m_[38;2;0;0;228m_[38;2;0;0;227m_[38;2;1;1;210my[38;2;0;0;219my[38;2;1;0;220ma[38;2;0;0;217ma[38;2;0;0;216my[38;2;1;1;202my[38;2;0;0;225m_[38;2;0;0;230m_               [39m
 [38;2;0;0;0m          [38;2;0;0;229m_[38;2;0;0;223ma[38;2;0;0;222m@[38;2;0;0;221mP[38;2;0;0;226m~[38;2;0;0;228m~[38;2;0;0;224m~[38;2;139;139;139m_[38;2;187;187;187m_[38;2;161;161;161m_[38;2;0;0;217m~[38;2;0;0;228m~[38;2;0;0;226m~[38;2;0;0;220m=[38;2;0;0;219m@[38;2;0;0;228mg[38;2;0;0;225m_[38;2;3;1;198m,           [39m
 [38;2;0;0;0m        [38;2;1;0;210my[38;2;0;0;224m@[38;2;0;0;208mF[38;2;0;0;202m~[38;2;144;144;144my[38;2;219;219;219my[38;2;251;251;251mg[38;2;244;244;244m@[38;2;251;251;251m@@@@@[38;2;250;250;250m@[38;2;227;227;227m$[38;2;205;205;205mg[38;2;156;156;156my[38;2;1;1;205m`[38;2;0;0;225m~[38;2;0;0;220m@[38;2;0;0;215mg[38;2;1;1;204m,         [39m
 [38;2;0;0;0m      [38;2;1;0;213m_[38;2;0;0;224m@[38;2;0;0;229m~ [38;2;181;181;181mg[38;2;236;236;236m@[38;2;251;251;251m@[38;2;252;252;252m@@@@@@@@@@@@[38;2;246;246;246m@[38;2;187;187;187mg[38;2;69;69;70m,[38;2;0;0;225m~[38;2;0;0;227m@[38;2;1;0;213m_        [39m
 [38;2;0;0;0m     [38;2;1;0;206m_[38;2;0;0;226m@[38;2;1;0;201m'[38;2;125;125;125my[38;2;228;228;228m@[38;2;252;252;252m@@@@@@@@@@@@@@@@@[38;2;236;236;236m@[38;2;140;140;140m_[38;2;2;2;187m`[38;2;0;0;225m@[38;2;0;0;235m,       [39m
 [38;2;0;0;0m     [38;2;0;0;232m@[38;2;0;0;196m'[38;2;93;93;93m_[38;2;242;242;242m@[38;2;252;252;252m@@@@@@@@@@@@@@@@@@@[38;2;241;241;241m@  [38;2;0;0;227m@       [39m
 [38;2;0;0;0m    [38;2;2;2;181mj[38;2;0;0;215m@ [38;2;166;166;166m4[38;2;189;189;189m@[38;2;252;252;252m@@@@@@@@@@@@@@@@@@@[38;2;251;251;251m@[38;2;131;131;131m$ [38;2;0;0;229m$[38;2;1;0;193m,      [39m
 [38;2;0;0;0m    [38;2;1;2;189mJ[38;2;1;0;205m$ [38;2;139;139;139my[38;2;188;188;188my[38;2;237;237;237m@[38;2;252;252;252m@@@@@@@@@@@@@@@@@@@[38;2;176;176;176m$ [38;2;0;0;223mB[38;2;1;1;192m|      [39m
 [38;2;0;0;0m    [38;2;1;2;189mJ[38;2;0;0;208m$ [38;2;183;183;183m$[38;2;252;252;252m@@@@@@@@@@@@@@@@@@@@@[38;2;180;180;181m$ [38;2;0;0;223m0[38;2;1;1;195m|      [39m
 [38;2;0;0;0m    [38;2;2;2;185mJ[38;2;0;0;211m$ [38;2;174;174;174m$[38;2;252;252;252m@@@@@@@@@@@@@@@@@@@@@[38;2;189;189;189m$ [38;2;0;0;219m0[38;2;0;0;198ml      [39m
 [38;2;0;0;0m    [38;2;2;2;176mJ[38;2;0;0;217m@ [38;2;160;160;160m$[38;2;252;252;252m@@@@@@@@@@@@@@@@@@@@@[38;2;199;199;199m$ [38;2;0;0;213m9[38;2;0;0;207ml      [39m
 [38;2;0;0;0m    [38;2;3;2;160mJ[38;2;0;0;225m@ [38;2;187;187;188m4[38;2;252;252;252m@@@@@@@@@@@@@@@@@@@@@[38;2;204;204;204m@ [38;2;1;0;210m4[38;2;1;1;216m[      [39m
 [38;2;0;0;0m     [38;2;0;0;233m@ [38;2;163;163;163m4[38;2;251;251;251m@[38;2;252;252;252m@@@@@@@@@@@@@@@@@@@@[38;2;229;229;229m@ [38;2;1;1;200m4[38;2;0;0;223m[      [39m
 [38;2;0;0;0m     [38;2;0;0;235m@ [38;2;99;99;99m4[38;2;250;250;250m@[38;2;252;252;252m@@@@@@@@@@@@@@@@@@@@[38;2;218;218;218m@ [38;2;0;0;215mj[38;2;1;1;203m$      [39m
 [38;2;0;0;0m     [38;2;0;0;212m~[38;2;0;0;223m$[38;2;0;0;213m_[38;2;174;174;174m~[38;2;252;252;252m~~[38;2;179;179;179m#[38;2;232;232;232m@[38;2;247;247;247m@[38;2;242;242;242m@[38;2;179;179;179m@[38;2;251;251;251m~~[38;2;143;143;143m5[38;2;199;199;199m@[38;2;246;246;246m@@[38;2;212;212;212m@[38;2;204;204;204mF[38;2;251;251;251m~~[38;2;195;195;195mR[38;2;223;223;223m@[38;2;219;219;219mF[38;2;73;73;73m"[38;2;0;0;229m_[38;2;0;0;227m@[38;2;0;0;219m'      [39m
 [38;2;0;0;0m      [38;2;1;0;219m`[38;2;0;0;218m4[38;2;0;0;227ma[38;2;0;0;218m@[38;2;0;0;220m@y[38;2;0;0;226m___[38;2;0;0;211my[38;2;0;0;227mg[38;2;0;0;226m@[38;2;0;0;225mg[38;2;0;0;226m___[38;2;0;0;227m_[38;2;0;0;223ma@[38;2;0;0;227ma[38;2;0;0;215my[38;2;0;0;227m_[38;2;0;0;216ma[38;2;0;0;217m@F[38;2;0;0;216m'       [39m
 [38;2;0;0;0m           [38;2;0;0;232m`[38;2;0;0;229m~[38;2;0;0;227m~[38;2;0;0;229m~[38;2;0;0;222m~  [38;2;1;2;205m`[38;2;0;0;227m~[38;2;0;0;228m~[38;2;0;0;227m~[38;2;0;0;230m~[38;2;1;0;225m`  [38;2;2;1;208m~[38;2;0;0;232m~[38;2;1;2;205m~          [39m
 [38;2;0;0;0m                                       [39m
 [38;2;0;0;0m                                       [39m
[?25h