[?25l[39m [38;2;0;0;0m                                       [39m
 [38;2;0;0;0m            [38;2;0;0;225m_[38;2;0;0;227m_[38;2;0;0;222ma[38;2;0;0;227mg[38;2;0;0;220m@[38;2;0;0;225m@[38;2;0;0;227m@[38;2;0;0;228m@[38;2;0;0;226m@[38;2;0;0;221m@[38;2;0;0;227mg[38;2;1;0;219mg[38;2;0;0;226m_[38;2;0;0;227m_             [39m
 [38;2;0;0;0m         [38;2;0;1;205m_[38;2;1;0;215ma[38;2;0;0;223m@[38;2;0;0;218m@[38;2;0;0;227m~[38;2;0;0;226m~[38;2;89;89;89m_[38;2;214;214;214m_[38;2;253;253;253m_[38;2;154;154;154my[38;2;153;153;153my[38;2;253;253;253m_[38;2;215;215;215m_[38;2;89;89;89m_[38;2;0;0;227m~[38;2;0;0;226m~[38;2;0;0;218m@[38;2;0;0;225m@[38;2;0;0;217my[38;2;2;1;204m_          [39m
 [38;2;0;0;0m        [38;2;0;0;222ma[38;2;0;0;226m@[38;2;0;0;208mF[38;2;0;0;213m`[38;2;163;163;163my[38;2;222;222;222mg[38;2;227;227;227m@[38;2;252;252;252m@[38;2;251;251;251m@[38;2;252;252;252m@@@@[38;2;251;251;251m@[38;2;252;252;252m@[38;2;232;232;232m@[38;2;222;222;222mg[38;2;156;156;156my[38;2;0;0;213m`[38;2;0;0;225m~[38;2;0;0;226m@[38;2;0;0;219mg[38;2;1;1;203m,        [39m
 [38;2;0;0;0m      [38;2;1;1;196m_[38;2;0;0;225m@[38;2;0;0;224mF [38;2;197;197;197my[38;2;233;233;233m@[38;2;252;252;252m@@@@@@@@@@@@@@[38;2;241;241;241m@[38;2;192;192;192my [38;2;0;0;217m?[38;2;0;0;227m@[38;2;0;0;236m,       [39m
 [38;2;0;0;0m      [38;2;0;0;229m@[38;2;0;0;203mF [38;2;232;232;232mg[38;2;251;251;251m@[38;2;252;252;252m@@@@@@@@@@@@@@@@[38;2;251;251;251m@[38;2;207;207;207m@ [38;2;0;0;211m~[38;2;0;0;230m@[38;2;0;0;208m,      [39m
 [38;2;0;0;0m     [38;2;0;0;222mJ[38;2;0;0;224mF [38;2;213;213;213mg[38;2;251;251;251m@@[38;2;224;224;224m@[38;2;209;209;209m@[38;2;252;252;252m@@@@@@@[38;2;250;250;250m@[38;2;203;203;203m@[38;2;235;235;235m@[38;2;251;251;251m@[38;2;252;252;252m@@@@[38;2;251;251;251m@[38;2;194;194;194m@ [38;2;0;0;213m?[38;2;0;0;211m$      [39m
 [38;2;0;0;0m     [38;2;0;0;223m@  [38;2;247;247;247m@[38;2;252;252;252m@[38;2;250;250;250m@[38;2;173;173;173my[38;2;126;126;126m_ [38;2;224;224;224m~[38;2;188;188;188mF[38;2;216;216;216m@[38;2;252;252;252m@@@[38;2;224;224;224m$[38;2;233;233;233m_ [38;2;213;213;213m`[38;2;248;248;248m~[38;2;189;189;189mR[38;2;243;243;243m@[38;2;252;252;252m@@[38;2;250;250;250m@  [38;2;0;0;225m@      [39m
 [38;2;0;0;0m     [38;2;0;0;226m@  [38;2;249;249;249m@[38;2;252;252;252m@@[38;2;250;250;250m@[38;2;197;197;197m@[38;2;135;135;135mF  [38;2;198;198;198m_[38;2;203;203;203m$[38;2;251;251;251m@[38;2;252;252;252m@@[38;2;237;237;237m@[38;2;209;209;209mP   [38;2;159;159;159my[38;2;247;247;247m@[38;2;252;252;252m@[38;2;251;251;251m@  [38;2;0;0;226m@      [39m
 [38;2;0;0;0m     [38;2;0;0;226m@  [38;2;249;249;249m@[38;2;252;252;252m@[38;2;249;249;249m@[38;2;201;201;201m_[38;2;171;171;171m_[38;2;177;177;177my[38;2;226;226;226mg[38;2;236;236;236m@[38;2;251;251;251m@[38;2;252;252;252m@@@[38;2;200;200;200m@[38;2;138;138;138m_[38;2;234;234;234m_[38;2;203;203;203my[38;2;249;249;249mg[38;2;250;250;250m@[38;2;252;252;252m@@@[38;2;251;251;251m@  [38;2;0;0;226m@      [39m
 [38;2;0;0;0m     [38;2;0;0;226m@  [38;2;249;249;249m@[38;2;252;252;252m@@[38;2;251;251;251m@@[38;2;252;252;252m@@@@@@@@[38;2;251;251;251m@@[38;2;252;252;252m@@@@@@[38;2;251;251;251m@  [38;2;0;0;226m@      [39m
 [38;2;0;0;0m     [38;2;0;0;226m@  [38;2;249;249;249m@[38;2;252;252;252m@@@@@@@@@@@@@@@@@@@@[38;2;251;251;251m@  [38;2;0;0;227m@      [39m
 [38;2;0;0;0m     [38;2;0;0;226m@  [38;2;249;249;249m@[38;2;252;252;252m@@@@@@@@@@@@@@@@@@@@[38;2;251;251;251m@  [38;2;0;0;227m@      [39m
 [38;2;0;0;0m     [38;2;0;0;223m@  [38;2;249;249;249m@[38;2;252;252;252m@@@@@@@@@@@@@@@@@@@@[38;2;251;251;251m@  [38;2;0;0;225m@      [39m
 [38;2;0;0;0m     [38;2;2;1;196m7[38;2;0;0;219m$ [38;2;159;159;159m7[38;2;237;237;237m@[38;2;251;251;251m@[38;2;252;252;252m@[38;2;251;251;251m@[38;2;248;248;248m@[38;2;181;181;181m@[38;2;209;209;209mP[38;2;206;206;206m@[38;2;251;251;251m@[38;2;252;252;252m@@[38;2;251;251;251m@[38;2;212;212;212m@[38;2;211;211;211mP[38;2;202;202;202mR[38;2;247;247;247m@[38;2;251;251;251m@[38;2;252;252;252m@[38;2;251;251;251m@[38;2;241;241;241m@[38;2;182;182;182mF [38;2;0;0;222mg[38;2;0;0;210mF      [39m
 [38;2;0;0;0m      [38;2;0;0;217m~@[38;2;0;0;216my[38;2;0;0;228m_[38;2;123;123;123m~[38;2;210;210;210m~[38;2;169;169;169m~[38;2;0;0;227m_[38;2;0;0;225m_[38;2;0;0;223mg[38;2;0;0;226m_[38;2;159;159;159m`[38;2;194;194;194m~[38;2;202;202;202m~[38;2;159;159;159m`[38;2;0;0;226m_[38;2;0;0;225ma_[38;2;0;0;228m_[38;2;155;155;155m~[38;2;213;213;213m~[38;2;140;140;140m~[38;2;0;0;228m_[38;2;0;0;214my[38;2;0;0;216m@[38;2;0;0;220m~       [39m
 [38;2;0;0;0m        [38;2;1;2;197m~[38;2;0;0;225m~[38;2;0;0;227m~~~[38;2;0;0;225m~[38;2;0;0;214m~[38;2;0;0;209m`[38;2;0;0;228m~[38;2;0;0;226m~[38;2;0;0;227m~~[38;2;0;0;226m~[38;2;0;0;229m~[38;2;0;0;209m`[38;2;0;0;214m~[38;2;0;0;226m~~[38;2;0;0;227m~~[38;2;0;0;226m~[38;2;2;1;200m~         [39m
 [38;2;0;0;0m                                       [39m
 [38;2;0;0;0m                                       [39m
[?25h