[?25l[39m [38;2;0;0;0m              [38;2;1;0;214m_[38;2;0;0;226m_[38;2;0;0;225m_[38;2;0;0;226m_[38;2;1;1;207myy[38;2;0;0;226m_[38;2;0;0;225m_[38;2;0;0;226m_[38;2;1;0;216m_               [39m
 [38;2;0;0;0m          [38;2;2;1;192m_[38;2;0;0;223m_[38;2;0;0;228ma[38;2;0;0;223mP[38;2;0;0;227m~[38;2;0;0;228m~[38;2;0;0;221m~[38;2;176;176;176m_[38;2;229;229;229m_[38;2;230;230;230m_[38;2;175;175;175m_[38;2;0;0;221m~[38;2;0;0;227m~[38;2;0;0;226m~[38;2;0;0;223m4[38;2;0;0;227ma[38;2;0;0;223m_[38;2;2;1;207m,           [39m
 [38;2;0;0;0m        [38;2;1;0;209m_[38;2;0;0;227ma[38;2;0;0;222mP~[38;2;199;199;199m_[38;2;203;203;203my[38;2;249;249;249mg[38;2;240;240;240m@[38;2;251;251;251m@@[38;2;252;252;252m@@[38;2;251;251;251m@@[38;2;245;245;245m@[38;2;249;249;249mg[38;2;203;203;203my[38;2;199;199;199m_[38;2;0;0;220m~4[38;2;0;0;224mg[38;2;1;0;209m_         [39m
 [38;2;0;0;0m       [38;2;0;0;216my[38;2;0;0;227mP[38;2;1;0;202m'[38;2;156;156;156my[38;2;246;246;246mg[38;2;251;251;251m@[38;2;252;252;252m@@@@@@@@@@@@[38;2;251;251;251m@[38;2;215;215;215m@[38;2;145;145;145my[38;2;2;0;195m`[38;2;0;0;225m4[38;2;0;0;217my        [39m
 [38;2;0;0;0m      [38;2;0;0;220mg[38;2;0;0;221mF [38;2;207;207;207mg[38;2;251;251;251m@[38;2;252;252;252m@@@@@@@@@@@@@@@@[38;2;251;251;251m@[38;2;176;176;176m@ [38;2;0;0;209m?[38;2;0;0;217m$       [39m
 [38;2;0;0;0m     [38;2;1;0;202mj[38;2;0;0;231mF [38;2;193;193;193mg[38;2;251;251;251m@@[38;2;211;211;211mP[38;2;191;191;191mF[38;2;210;210;210m@[38;2;251;251;251m@[38;2;252;252;252m@@@@@@@@@@@@@[38;2;251;251;251m@[38;2;170;170;170m@ [38;2;0;0;219m4[38;2;0;0;216mi      [39m
 [38;2;0;0;0m     [38;2;0;0;216m@[38;2;0;0;180m[ [38;2;243;243;243m@[38;2;252;252;252m@[38;2;251;251;251m@[38;2;211;211;211mg[38;2;154;154;154my[38;2;66;66;66m_[38;2;151;151;151m`[38;2;237;237;237m~[38;2;177;177;177mA[38;2;247;247;247m@[38;2;252;252;252m@[38;2;248;248;248m@[38;2;218;218;218mP[38;2;204;204;204mPPPPP[38;2;193;193;193mR[38;2;248;248;248m@[38;2;252;252;252m@[38;2;249;249;249m@  [38;2;0;0;225m$      [39m
 [38;2;0;0;0m     [38;2;0;0;226m@  [38;2;249;249;249m@[38;2;252;252;252m@@[38;2;229;229;229m@[38;2;217;217;217mF[38;2;224;224;224m~ [38;2;136;136;136m_[38;2;177;177;177my[38;2;216;216;216m@[38;2;252;252;252m@[38;2;230;230;230m@[38;2;187;187;187my[38;2;176;176;176myyyyy[38;2;190;190;190my[38;2;225;225;225m@[38;2;252;252;252m@[38;2;251;251;251m@  [38;2;0;0;226m@      [39m
 [38;2;0;0;0m     [38;2;0;0;226m@  [38;2;249;249;249m@[38;2;252;252;252m@[38;2;251;251;251m@[38;2;173;173;173my[38;2;149;149;149my[38;2;192;192;192mg[38;2;214;214;214m@[38;2;251;251;251m@[38;2;252;252;252m@@@@@@@@@@@@@[38;2;251;251;251m@  [38;2;0;0;226m@      [39m
 [38;2;0;0;0m     [38;2;0;0;226m@  [38;2;249;249;249m@[38;2;252;252;252m@@@@@@@@@@@@@@@@@@@@[38;2;251;251;251m@  [38;2;0;0;226m@      [39m
 [38;2;0;0;0m     [38;2;0;0;226m@  [38;2;249;249;249m@[38;2;252;252;252m@@@@@@@@@@@@@@@@@@@@[38;2;251;251;251m@  [38;2;0;0;226m@      [39m
 [38;2;0;0;0m     [38;2;0;0;226m@  [38;2;249;249;249m@[38;2;252;252;252m@@@@@@@@@@@@@@@@@@@@[38;2;251;251;251m@  [38;2;0;0;227m@      [39m
 [38;2;0;0;0m     [38;2;0;0;226m@  [38;2;249;249;249m@[38;2;252;252;252m@@@@@@@@@@@@@@@@@@@@[38;2;251;251;251m@  [38;2;0;0;227m@      [39m
 [38;2;0;0;0m     [38;2;0;0;225m@  [38;2;249;249;249m@[38;2;252;252;252m@@@@@@@@@@@@@@@@@@@@[38;2;251;251;251m@  [38;2;0;0;226m@      [39m
 [38;2;0;0;0m     [38;2;0;0;216m@[38;2;0;0;206mL [38;2;209;209;209m$[38;2;251;251;251m@[38;2;252;252;252m@@@@@[38;2;251;251;251m@[38;2;252;252;252m@@@@@@[38;2;251;251;251m@[38;2;252;252;252m@@@@@[38;2;251;251;251m@[38;2;224;224;224m@ [38;2;0;0;205mj[38;2;0;0;221m@      [39m
 [38;2;0;0;0m     [38;2;1;1;211m`[38;2;0;0;228m@[38;2;0;0;210my [38;2;238;238;238m~[38;2;197;197;197mP[38;2;208;208;208mR[38;2;168;168;168m@[38;2;184;184;184mF[38;2;169;169;169m~[38;2;191;191;191m`[38;2;210;210;210m~[38;2;173;173;173mP[38;2;202;202;202mR[38;2;204;204;204mR[38;2;210;210;210mF[38;2;225;225;225m~[38;2;188;188;188m`[38;2;148;148;148m~[38;2;175;175;175mT[38;2;195;195;195m#[38;2;210;210;210mR[38;2;209;209;209mP[38;2;163;163;163mF[38;2;64;64;64m~[38;2;0;0;207my[38;2;0;0;229m@[38;2;0;0;234m'      [39m
 [38;2;0;0;0m      [38;2;2;2;205m`[38;2;0;0;212m?[38;2;0;0;227m@[38;2;0;0;226mg[38;2;0;0;228mg[38;2;0;0;223mg[38;2;0;0;227mg[38;2;0;0;226mg[38;2;0;0;227m@[38;2;0;0;224m@@[38;2;0;0;228mg[38;2;0;0;225mg[38;2;0;0;224mg[38;2;0;0;228mg[38;2;0;0;223m@@[38;2;0;0;226m@g[38;2;0;0;227mg[38;2;0;0;222mg[38;2;0;0;228mg[38;2;0;0;226mg[38;2;0;0;227m@[38;2;0;0;215mF[38;2;0;0;219m'       [39m
 [38;2;0;0;0m         [38;2;0;0;228m`[38;2;0;0;224m~[38;2;0;0;227m~[38;2;0;0;225m~[38;2;2;1;204m~  [38;2;3;1;198m`[38;2;1;0;219m~[38;2;0;0;227m~~[38;2;0;0;221m~[38;2;2;2;197m`  [38;2;3;2;199m~[38;2;0;0;226m~[38;2;0;0;227m~[38;2;0;0;225m~[38;2;0;0;228m`          [39m
 [38;2;0;0;0m                                       [39m
[?25h