[?25l[39m [38;2;0;0;0m              [38;2;0;0;230m_[38;2;0;0;225m_[38;2;1;1;203my[38;2;0;0;215my[38;2;1;0;215ma[38;2;0;0;215ma[38;2;0;0;216my[38;2;1;1;203my[38;2;0;0;225m_[38;2;0;0;229m_               [39m
 [38;2;0;0;0m          [38;2;0;0;218m_[38;2;0;0;213my[38;2;0;0;228mg[38;2;0;0;215m@[38;2;0;0;218m=[38;2;0;0;226m~[38;2;0;0;229m~[38;2;0;0;224m~[38;2;90;90;90m_[38;2;89;89;89m_[38;2;0;0;223m~[38;2;0;0;229m~[38;2;0;0;226m~[38;2;0;0;218m=[38;2;0;0;214m@[38;2;0;0;220m$[38;2;1;0;213my[38;2;0;0;218m_           [39m
 [38;2;0;0;0m        [38;2;0;0;223m_[38;2;0;0;227mgP[38;2;0;0;229m~[38;2;134;134;134m_[38;2;181;181;181my[38;2;223;223;223mg[38;2;227;227;227m$[38;2;249;249;249m@[38;2;251;251;251m@@@[38;2;252;252;252m@[38;2;250;250;250m@[38;2;231;231;231m$[38;2;224;224;224mg[38;2;179;179;179my[38;2;134;134;134m_[38;2;0;0;225m~[38;2;0;0;228m4g[38;2;0;0;223m_         [39m
 [38;2;0;0;0m       [38;2;1;0;216mg[38;2;0;0;229mP[38;2;0;0;200m~[38;2;124;124;124my[38;2;236;236;236mg[38;2;250;250;250m@[38;2;252;252;252m@@@@@@@@@@@@[38;2;251;251;251m@[38;2;207;207;207m$[38;2;202;202;202m_[38;2;0;0;221m`[38;2;0;0;230m4[38;2;0;0;218mg        [39m
 [38;2;0;0;0m      [38;2;0;0;223mg[38;2;0;0;227mF [38;2;189;189;189mg[38;2;251;251;251m@[38;2;252;252;252m@@@@@@@@@@@@@@@@[38;2;251;251;251m@[38;2;185;185;185mg [38;2;0;0;218m?[38;2;0;0;222m$       [39m
 [38;2;0;0;0m     [38;2;1;0;209mj[38;2;0;0;212m@ [38;2;178;178;178mg[38;2;251;251;251m@[38;2;252;252;252m@[38;2;186;186;186m@[38;2;188;188;188mA[38;2;236;236;236m@[38;2;251;251;251m@[38;2;252;252;252m@@@@@@@@@@@@@[38;2;251;251;251m@[38;2;171;171;171mg [38;2;0;0;216mR[38;2;0;0;222mi      [39m
 [38;2;0;0;0m     [38;2;0;0;217m@[38;2;1;1;194m' [38;2;240;240;240m@[38;2;252;252;252m@@[38;2;215;215;215my[38;2;235;235;235m_ [38;2;138;138;138m~[38;2;173;173;173mT[38;2;177;177;177m@[38;2;251;251;251m@[38;2;252;252;252m@[38;2;250;250;250m@[38;2;196;196;196m@[38;2;211;211;211mRRRRR[38;2;196;196;196m@[38;2;252;252;252m@@[38;2;247;247;247m@  [38;2;0;0;225m$      [39m
 [38;2;0;0;0m     [38;2;0;0;226m@  [38;2;249;249;249m@[38;2;252;252;252m@@[38;2;245;245;245m@[38;2;171;171;171m@[38;2;159;159;159mT  [38;2;145;145;145my[38;2;205;205;205m@[38;2;251;251;251m@[38;2;223;223;223m@[38;2;155;155;155my[38;2;143;143;143myyyyy[38;2;164;164;164my[38;2;216;216;216m@[38;2;252;252;252m@[38;2;251;251;251m@  [38;2;0;0;226m@      [39m
 [38;2;0;0;0m     [38;2;0;0;226m@  [38;2;249;249;249m@[38;2;252;252;252m@[38;2;251;251;251m@[38;2;241;241;241m_[38;2;233;233;233m_[38;2;199;199;199my[38;2;245;245;245mg[38;2;248;248;248m@[38;2;251;251;251m@[38;2;252;252;252m@@@@@@@@@@@@[38;2;251;251;251m@  [38;2;0;0;226m@      [39m
 [38;2;0;0;0m     [38;2;0;0;226m@  [38;2;249;249;249m@[38;2;252;252;252m@@@@@@@@@@@@@@@@@@@@[38;2;251;251;251m@  [38;2;0;0;226m@      [39m
 [38;2;0;0;0m     [38;2;0;0;226m@  [38;2;249;249;249m@[38;2;252;252;252m@@@@@@@@@@@@@@@@@@@@[38;2;251;251;251m@  [38;2;0;0;226m@      [39m
 [38;2;0;0;0m     [38;2;0;0;226m@  [38;2;249;249;249m@[38;2;252;252;252m@@@@@@@@@@@@@@@@@@@@[38;2;251;251;251m@  [38;2;0;0;227m@      [39m
 [38;2;0;0;0m     [38;2;0;0;226m@  [38;2;249;249;249m@[38;2;252;252;252m@@@@@@@@@@@@@@@@@@@@[38;2;251;251;251m@  [38;2;0;0;227m@      [39m
 [38;2;0;0;0m     [38;2;0;0;218m@[38;2;0;0;216m, [38;2;238;238;238m@[38;2;252;252;252m@@@@@@@@@@@@@@@@@@@@[38;2;246;246;246m@ [38;2;1;0;172mj[38;2;0;0;221m@      [39m
 [38;2;0;0;0m     [38;2;1;1;210m`[38;2;0;0;227m@[38;2;0;0;226m_[38;2;189;189;189m`[38;2;172;172;172mA[38;2;231;231;231m@[38;2;246;246;246m@[38;2;240;240;240m@[38;2;175;175;175m@[38;2;252;252;252m~[38;2;251;251;251m~[38;2;143;143;143m5[38;2;201;201;201m@[38;2;246;246;246m@@[38;2;208;208;208m@[38;2;200;200;200mF[38;2;251;251;251m~~[38;2;197;197;197mR[38;2;240;240;240m@[38;2;247;247;247m@[38;2;233;233;233m@[38;2;210;210;210mP[38;2;135;135;135m~[38;2;0;0;223m_[38;2;0;0;224m$[38;2;0;0;232m'      [39m
 [38;2;0;0;0m      [38;2;2;1;208m`[38;2;0;0;216m?[38;2;0;0;219m@[38;2;0;0;220my[38;2;0;0;226m___[38;2;0;0;213my[38;2;0;0;227ma[38;2;0;0;225m@[38;2;0;0;224mg[38;2;0;0;226m____[38;2;0;0;224mg[38;2;0;0;223m@[38;2;0;0;227ma[38;2;0;0;213my[38;2;0;0;226m___[38;2;0;0;219my[38;2;0;0;226ma[38;2;0;0;213mP[38;2;0;0;223m'       [39m
 [38;2;0;0;0m         [38;2;0;0;231m`[38;2;0;0;230m~~[38;2;0;0;231m~[38;2;2;1;207m~  [38;2;1;2;203m`[38;2;0;0;223m~[38;2;0;0;229m~[38;2;0;0;230m~[38;2;0;0;225m~[38;2;1;1;204m`  [38;2;1;1;205m~[38;2;0;0;230m~[38;2;0;0;229m~[38;2;0;0;231m~`          [39m
 [38;2;0;0;0m                                       [39m
 [38;2;0;0;0m                                       [39m
[?25h