[?25l[39m [38;2;0;0;0m                                       [39m
 [38;2;0;0;0m              [38;2;0;0;227m_[38;2;0;0;226m_[38;2;1;1;206my[38;2;0;0;221my[38;2;0;0;219mgg[38;2;0;0;221my[38;2;1;1;207my[38;2;0;0;226m__               [39m
 [38;2;0;0;0m          [38;2;0;0;221m_[38;2;0;0;214my[38;2;0;0;211m@[38;2;0;0;224m=[38;2;0;0;225m~[38;2;0;0;230m~[38;2;167;167;167m_[38;2;249;249;249m_[38;2;253;253;253m__[38;2;249;249;249m_[38;2;167;167;167m_[38;2;0;0;227m~[38;2;0;0;226m~[38;2;0;0;223m=[38;2;0;0;217m@[38;2;0;0;214my[38;2;0;0;221m_           [39m
 [38;2;0;0;0m        [38;2;0;0;223m_[38;2;0;0;229ma[38;2;0;0;214mF[38;2;0;0;223m`[38;2;146;146;146my[38;2;207;207;207mg[38;2;218;218;218m@[38;2;250;250;250m@[38;2;251;251;251m@[38;2;252;252;252m@@@@[38;2;251;251;251m@@[38;2;224;224;224m@[38;2;207;207;207mg[38;2;136;136;136my[38;2;0;0;223m`[38;2;0;0;227m~[38;2;0;0;220m$[38;2;0;0;224m_         [39m
 [38;2;0;0;0m       [38;2;0;0;220mg[38;2;0;0;227mF [38;2;186;186;186my[38;2;223;223;223m@[38;2;251;251;251m@[38;2;252;252;252m@@@@@@@@@@@@[38;2;251;251;251m@[38;2;235;235;235m@[38;2;179;179;179my [38;2;0;0;195mN[38;2;0;0;221mg        [39m
 [38;2;0;0;0m      [38;2;0;0;227mg[38;2;0;0;208mF [38;2;225;225;225mg[38;2;251;251;251m@[38;2;252;252;252m@@@@@@@@@@@@@@@@[38;2;251;251;251m@[38;2;199;199;199m@ [38;2;0;0;216m~[38;2;0;0;224m$       [39m
 [38;2;0;0;0m     [38;2;0;0;209mj[38;2;0;0;227mF [38;2;208;208;208mg[38;2;251;251;251m@[38;2;252;252;252m@[38;2;247;247;247m@[38;2;172;172;172m@[38;2;185;185;185mF[38;2;169;169;169mF[38;2;178;178;178mF[38;2;174;174;174m@[38;2;250;250;250m@[38;2;252;252;252m@@[38;2;251;251;251m@[38;2;203;203;203m@[38;2;204;204;204mF[38;2;171;171;171mF[38;2;170;170;170mF[38;2;177;177;177m#[38;2;235;235;235m@[38;2;252;252;252m@[38;2;251;251;251m@[38;2;187;187;187m@ [38;2;0;0;218m?[38;2;0;0;221mi      [39m
 [38;2;0;0;0m     [38;2;0;0;219m@  [38;2;246;246;246m@[38;2;252;252;252m@[38;2;212;212;212m@[38;2;76;76;76m~[38;2;188;188;188ms[38;2;166;166;166mT[38;2;175;175;175mT[38;2;161;161;161mT[38;2;170;170;170mg[38;2;181;181;181m`[38;2;241;241;241m@[38;2;249;249;249m@[38;2;173;173;173m~[38;2;165;165;165mg[38;2;177;177;177mF[38;2;251;251;251m~[38;2;175;175;175mF[38;2;126;126;126m3[38;2;66;66;66m,[38;2;173;173;173m@[38;2;251;251;251m@[38;2;250;250;250m@  [38;2;0;0;226m$      [39m
 [38;2;0;0;0m     [38;2;0;0;226m@  [38;2;249;249;249m@[38;2;251;251;251m@[38;2;181;181;181m$[38;2;78;78;78m4[38;2;196;196;196mL [38;2;187;187;187mF [38;2;160;160;160mF[38;2;157;157;157m_[38;2;237;237;237m@[38;2;241;241;241m@ [38;2;191;191;191m$ [38;2;159;159;159m4[38;2;70;70;70m_[38;2;93;93;93m4[38;2;87;87;87m~[38;2;206;206;206mg[38;2;251;251;251m@@  [38;2;0;0;226m@      [39m
 [38;2;0;0;0m     [38;2;0;0;226m@  [38;2;249;249;249m@[38;2;252;252;252m@[38;2;251;251;251m@[38;2;192;192;192mg[38;2;232;232;232m_[38;2;154;154;154mT[38;2;180;180;180mF[38;2;163;163;163m5[38;2;239;239;239m@[38;2;251;251;251m@[38;2;252;252;252m@@[38;2;210;210;210m@[38;2;154;154;154my[38;2;151;151;151mT[38;2;155;155;155mF[38;2;192;192;192mF[38;2;207;207;207m@[38;2;250;250;250m@[38;2;252;252;252m@@[38;2;251;251;251m@  [38;2;0;0;226m@      [39m
 [38;2;0;0;0m     [38;2;0;0;226m@  [38;2;249;249;249m@[38;2;252;252;252m@@@[38;2;251;251;251m@[38;2;252;252;252m@[38;2;251;251;251m@[38;2;252;252;252m@@@@@@@[38;2;251;251;251m@@[38;2;252;252;252m@@@@@[38;2;251;251;251m@  [38;2;0;0;226m@      [39m
 [38;2;0;0;0m     [38;2;0;0;226m@  [38;2;249;249;249m@[38;2;252;252;252m@@@@@@@@@@@@@@@@@@@@[38;2;251;251;251m@  [38;2;0;0;227m@      [39m
 [38;2;0;0;0m     [38;2;0;0;226m@  [38;2;249;249;249m@[38;2;252;252;252m@@@@@@@@@@@@@@@@@@@@[38;2;251;251;251m@  [38;2;0;0;227m@      [39m
 [38;2;0;0;0m     [38;2;0;0;226m@  [38;2;249;249;249m@[38;2;252;252;252m@@@@@@@@@@@@@@@@@@@@[38;2;251;251;251m@  [38;2;0;0;227m@      [39m
 [38;2;0;0;0m     [38;2;0;0;221m@  [38;2;246;246;246m@[38;2;252;252;252m@@@@@@@@@@@@@@@@@@@@[38;2;249;249;249m@  [38;2;0;0;226m$      [39m
 [38;2;0;0;0m     [38;2;1;0;211m`[38;2;0;0;225m$[38;2;0;0;209m,[38;2;171;171;171m~[38;2;199;199;199m@[38;2;251;251;251m@@[38;2;252;252;252m@[38;2;228;228;228m@[38;2;212;212;212mF[38;2;183;183;183mF[38;2;165;165;165m@[38;2;246;246;246m@[38;2;251;251;251m@@[38;2;246;246;246m@[38;2;175;175;175m@[38;2;186;186;186mF[38;2;191;191;191mF[38;2;224;224;224m@[38;2;252;252;252m@[38;2;251;251;251m@@[38;2;212;212;212m@[38;2;198;198;198m~ [38;2;0;0;230ma[38;2;1;1;202m~      [39m
 [38;2;0;0;0m      [38;2;0;0;217m`[38;2;0;0;225m4[38;2;0;0;224mg[38;2;0;0;225m_[38;2;0;0;227m_[38;2;145;145;145m`[38;2;110;110;110m`[38;2;0;0;225m_[38;2;0;0;220ma[38;2;0;0;227ma[38;2;0;0;206my[38;2;0;0;225m_[38;2;139;139;139m``[38;2;0;0;225m_[38;2;0;0;206my[38;2;0;0;226ma[38;2;0;0;215mg[38;2;0;0;225m_[38;2;112;112;112m`[38;2;148;148;148m`[38;2;0;0;226m_[38;2;0;0;225m_g[38;2;0;0;228mP[38;2;1;1;201m~       [39m
 [38;2;0;0;0m        [38;2;3;3;187m`[38;2;0;0;222m~[38;2;0;0;226m~~~~[38;2;2;0;205m` [38;2;2;1;203m~[38;2;0;0;226m~[38;2;0;0;227m~[38;2;0;0;225m~[38;2;0;0;226m~[38;2;1;1;205m~ [38;2;2;0;206m`[38;2;0;0;225m~[38;2;0;0;227m~[38;2;0;0;226m~~[38;2;0;0;224m~[38;2;4;3;190m`         [39m
 [38;2;0;0;0m                                       [39m
[?25h