[?25l[39m [38;2;0;0;0m                                       [39m
 [38;2;0;0;0m            [38;2;0;0;226m_[38;2;0;0;214ma[38;2;0;0;227mg[38;2;0;0;222m@[38;2;0;0;227m@[38;2;0;0;228m@@[38;2;0;0;229m@[38;2;0;0;228m@[38;2;0;0;227m@[38;2;0;0;221m@[38;2;0;0;227mg[38;2;0;1;210my[38;2;0;0;228m_             [39m
 [38;2;0;0;0m         [38;2;0;0;231m_[38;2;0;0;227mg@[38;2;0;0;223mP[38;2;0;0;225m~[38;2;0;0;229m~[38;2;191;191;191m_[38;2;141;141;141my[38;2;170;170;170my[38;2;179;179;179my[38;2;176;176;176my[38;2;162;162;162my[38;2;249;249;249m_[38;2;130;130;130m_[38;2;0;0;227m~[38;2;0;0;226m~[38;2;0;0;214m@[38;2;0;0;226m@[38;2;0;0;216mg[38;2;1;0;210m_          [39m
 [38;2;0;0;0m       [38;2;0;0;222m_[38;2;0;0;218m@[38;2;0;0;227mP~[38;2;152;152;152m_[38;2;205;205;205my[38;2;248;248;248mg@[38;2;251;251;251m@[38;2;252;252;252m@@@@@@[38;2;251;251;251m@[38;2;239;239;239m@[38;2;227;227;227mg[38;2;155;155;155my[38;2;0;0;211m`[38;2;0;0;226m~[38;2;0;0;227m@[38;2;0;0;218mg[38;2;3;1;189m,        [39m
 [38;2;0;0;0m      [38;2;0;0;224mj[38;2;0;0;227m@[38;2;0;0;221m~[38;2;110;110;110m_[38;2;219;219;219mg[38;2;251;251;251m@[38;2;252;252;252m@@@@@@@@@@@@@@[38;2;236;236;236m@[38;2;170;170;170my [38;2;0;0;218m4[38;2;0;0;225m@[38;2;0;0;222m,       [39m
 [38;2;0;0;0m     [38;2;0;0;208mj[38;2;0;0;226m@[38;2;1;0;192m'[38;2;126;126;127my[38;2;238;238;238m@[38;2;252;252;252m@@@@@@@@@@@@@@@@@[38;2;251;251;251m@[38;2;176;176;176m@ [38;2;0;0;214m?[38;2;0;0;228m$       [39m
 [38;2;0;0;0m     [38;2;0;0;228m@[38;2;2;1;204m' [38;2;219;219;219m4[38;2;246;246;246m@[38;2;251;251;251m@[38;2;252;252;252m@@@@@@@@@@@@@@@@@[38;2;251;251;251m@[38;2;196;196;196mL [38;2;0;0;224mB[38;2;0;0;216mi      [39m
 [38;2;0;0;0m     [38;2;0;0;236m@ [38;2;96;96;96m_[38;2;126;126;126m_ [38;2;176;176;176m~[38;2;151;151;151m5[38;2;250;250;250m@[38;2;251;251;251m@[38;2;178;178;178m@[38;2;251;251;251m~~~~~~[38;2;173;173;173mM[38;2;251;251;251m@[38;2;252;252;252m@@@@@@[38;2;232;232;232m@ [38;2;0;0;194m4[38;2;1;1;204m$      [39m
 [38;2;0;0;0m     [38;2;0;0;237m@ [38;2;76;76;76m` [38;2;172;172;172m_[38;2;186;186;186my[38;2;237;237;237mg[38;2;251;251;251m@[38;2;252;252;252m@[38;2;223;223;223m@[38;2;220;220;220mg[38;2;219;219;219mggggg[38;2;242;242;242mg[38;2;252;252;252m@@@@@@@[38;2;238;238;238m@ [38;2;0;0;193mJ[38;2;1;1;205m$      [39m
 [38;2;0;0;0m     [38;2;0;0;237m@ [38;2;103;103;103my[38;2;220;220;220m@[38;2;251;251;251m@[38;2;252;252;252m@@@@@@@@@@@@@@@@@@@[38;2;238;238;238m@ [38;2;0;0;193mJ[38;2;1;1;206m$      [39m
 [38;2;0;0;0m     [38;2;0;0;237m@ [38;2;133;133;133m4[38;2;251;251;251m@[38;2;252;252;252m@@@@@@@@@@@@@@@@@@@@[38;2;238;238;238m@ [38;2;0;0;189mJ[38;2;1;0;209m$      [39m
 [38;2;0;0;0m     [38;2;0;0;237m@ [38;2;123;123;123m4[38;2;252;252;252m@@@@@@@@@@@@@@@@@@@@@[38;2;240;240;240m@  [38;2;1;0;213m$      [39m
 [38;2;0;0;0m     [38;2;0;0;236m@ [38;2;107;107;107m4[38;2;251;251;251m@[38;2;252;252;252m@@@@@@@@@@@@@@@@@@@@[38;2;243;243;243m@  [38;2;1;0;217m$      [39m
 [38;2;0;0;0m     [38;2;0;0;233m@ [38;2;73;73;74m4[38;2;250;250;250m@[38;2;252;252;252m@@@@@@@@@@@@@@@@@@@@[38;2;243;243;243m@ [38;2;0;0;177mj[38;2;0;0;218m$      [39m
 [38;2;0;0;0m     [38;2;0;0;209m~[38;2;0;0;217m$ [38;2;157;157;157m7[38;2;201;201;201mF[38;2;217;217;217m@[38;2;251;251;251m@[38;2;252;252;252m@[38;2;251;251;251m@[38;2;240;240;240m@[38;2;209;209;209mP[38;2;199;199;199mF[38;2;173;173;173m@[38;2;249;249;249m@[38;2;251;251;251m@[38;2;252;252;252m@[38;2;250;250;250m@[38;2;190;190;190m@[38;2;204;204;204mF[38;2;185;185;185mM[38;2;234;234;234m@[38;2;251;251;251m@@[38;2;217;217;217m@[38;2;188;188;188m~ [38;2;0;0;232ma[38;2;0;0;230m'      [39m
 [38;2;0;0;0m      [38;2;1;0;211m~[38;2;0;0;229m4[38;2;0;0;227mg[38;2;0;0;219mg[38;2;0;0;226m_[38;2;130;130;130m`[38;2;215;215;215m`[38;2;182;182;182m`[38;2;0;0;227m_[38;2;0;0;215my[38;2;0;0;227mg[38;2;0;0;226m_[38;2;0;0;227m_[38;2;211;211;211m`[38;2;115;115;115m~[38;2;0;0;228m_[38;2;0;0;225m_[38;2;0;0;226mg[38;2;0;0;218my[38;2;0;0;227m_[38;2;169;169;169m`[38;2;124;124;124m`[38;2;0;0;225m_[38;2;0;0;222ma[38;2;0;0;228mP[38;2;1;1;204m~       [39m
 [38;2;0;0;0m         [38;2;2;2;205m`[38;2;0;0;228m~[38;2;0;0;225m~[38;2;0;0;226m~~[38;2;0;0;228m~[38;2;0;0;225m` [38;2;1;0;217m~[38;2;0;0;226m~~[38;2;0;0;227m~[38;2;0;0;225m~[38;2;0;0;224m~ [38;2;0;0;215m`[38;2;0;0;227m~[38;2;0;0;226m~[38;2;0;0;225m~[38;2;0;0;229m~[38;2;1;1;209m`         [39m
 [38;2;0;0;0m                                       [39m
 [38;2;0;0;0m                                       [39m
[?25h