[?25l[39m [38;2;0;0;0m             [38;2;0;0;229m_[38;2;0;0;225m_[38;2;0;0;215my[38;2;0;0;227mg[38;2;0;0;228mg[38;2;0;0;227ma[38;2;0;0;228magg[38;2;0;0;215my[38;2;0;0;225m_[38;2;0;0;228m_              [39m
 [38;2;0;0;0m          [38;2;0;0;229m_[38;2;0;0;226mg[38;2;0;0;217m@[38;2;0;0;226m~[38;2;0;0;227m~[38;2;0;0;215m~[38;2;226;226;226m_[38;2;249;249;249m_[38;2;151;151;151myy[38;2;249;249;249m_[38;2;227;227;227m_[38;2;0;0;214m~[38;2;0;0;227m~[38;2;0;0;226m~[38;2;0;0;218m@[38;2;0;0;226mg[38;2;0;0;229m_           [39m
 [38;2;0;0;0m        [38;2;0;0;230m_[38;2;0;0;224m@[38;2;0;0;225m~[38;2;1;0;212m`[38;2;161;161;161my[38;2;226;226;226ma[38;2;224;224;224m@[38;2;251;251;251m@@[38;2;252;252;252m@@@@@[38;2;251;251;251m@[38;2;232;232;232m@[38;2;217;217;217mg[38;2;153;153;153my[38;2;1;0;212m`[38;2;0;0;225m~[38;2;0;0;224m@[38;2;0;0;229m_         [39m
 [38;2;0;0;0m       [38;2;0;0;228mg[38;2;0;0;223mF [38;2;197;197;197my[38;2;235;235;235m@[38;2;251;251;251m@[38;2;252;252;252m@@@@@@@@@@@@@[38;2;243;243;243m@[38;2;191;191;191my [38;2;0;0;216m?[38;2;0;0;225m$[38;2;0;0;207m,       [39m
 [38;2;0;0;0m      [38;2;0;0;221m@[38;2;0;0;202mF [38;2;232;232;232mg[38;2;251;251;251m@@@[38;2;252;252;252m@@@@@@@@@@@@@@[38;2;251;251;251m@[38;2;206;206;206m@ [38;2;0;0;210m~[38;2;0;0;230m$       [39m
 [38;2;0;0;0m     [38;2;0;0;218mj[38;2;0;0;225mF [38;2;213;213;213mg[38;2;251;251;251m@[38;2;250;250;250m@[38;2;191;191;191m_ [38;2;192;192;192m~[38;2;151;151;151m5[38;2;205;205;205m@[38;2;251;251;251m@[38;2;252;252;252m@@@[38;2;251;251;251m@@@@@@@[38;2;252;252;252m@[38;2;251;251;251m@[38;2;193;193;193m@ [38;2;0;0;215m?[38;2;0;0;221m[      [39m
 [38;2;0;0;0m     [38;2;0;0;221m@  [38;2;247;247;247m@[38;2;252;252;252m@@[38;2;251;251;251m@[38;2;236;236;236m@[38;2;189;189;189m*  [38;2;138;138;138m`[38;2;202;202;202m$[38;2;251;251;251m@[38;2;212;212;212m@[38;2;100;100;100m~[38;2;152;152;152m`````[38;2;173;173;173m`[38;2;216;216;216m$[38;2;252;252;252m@[38;2;250;250;250m@  [38;2;0;0;227m$      [39m
 [38;2;0;0;0m     [38;2;0;0;226m@  [38;2;249;249;249m@[38;2;252;252;252m@[38;2;251;251;251m@[38;2;235;235;235m~ [38;2;147;147;147m_[38;2;180;180;180my[38;2;228;228;228mg[38;2;239;239;239m@[38;2;251;251;251m@[38;2;252;252;252m@@@[38;2;251;251;251m@@@@@[38;2;252;252;252m@[38;2;251;251;251m@[38;2;252;252;252m@[38;2;251;251;251m@  [38;2;0;0;226m@      [39m
 [38;2;0;0;0m     [38;2;0;0;225m@  [38;2;249;249;249m@[38;2;252;252;252m@@[38;2;240;240;240m@[38;2;227;227;227m@[38;2;251;251;251m@[38;2;252;252;252m@@@@@@@@@@@@@@@[38;2;251;251;251m@  [38;2;0;0;226m@      [39m
 [38;2;0;0;0m     [38;2;0;0;225m@  [38;2;249;249;249m@[38;2;252;252;252m@@@@@@@@@@@@@@@@@@@@[38;2;251;251;251m@  [38;2;0;0;226m@      [39m
 [38;2;0;0;0m     [38;2;0;0;225m@  [38;2;249;249;249m@[38;2;252;252;252m@@@@@@@@@@@@@@@@@@@@[38;2;251;251;251m@  [38;2;0;0;226m@      [39m
 [38;2;0;0;0m     [38;2;0;0;225m@  [38;2;249;249;249m@[38;2;252;252;252m@@@@@@@@@@@@@@@@@@@@[38;2;251;251;251m@  [38;2;0;0;226m@      [39m
 [38;2;0;0;0m     [38;2;0;0;225m@  [38;2;249;249;249m@[38;2;252;252;252m@@@@@@@@@@@@@@@@@@@@[38;2;251;251;251m@  [38;2;0;0;226m@      [39m
 [38;2;0;0;0m     [38;2;0;0;220m@[38;2;0;0;214m, [38;2;240;240;240m@[38;2;252;252;252m@@@@@@@@@@@@@@@@@@@@[38;2;246;246;246m@ [38;2;0;0;173mj[38;2;0;0;222m@      [39m
 [38;2;0;0;0m     [38;2;1;1;212m`[38;2;0;0;227m@[38;2;0;0;223m_[38;2;201;201;201m`[38;2;179;179;179m#[38;2;235;235;235m@[38;2;247;247;247m@[38;2;243;243;243m@[38;2;179;179;179m@[38;2;251;251;251m~[38;2;252;252;252m~[38;2;149;149;149m5[38;2;206;206;206m@[38;2;247;247;247m@[38;2;246;246;246m@[38;2;212;212;212m@[38;2;204;204;204mF[38;2;252;252;252m~[38;2;251;251;251m~[38;2;200;200;200mR[38;2;242;242;242m@[38;2;247;247;247m@[38;2;236;236;236m@[38;2;212;212;212mP[38;2;138;138;138m~[38;2;0;0;223m_[38;2;0;0;224m$[38;2;0;0;232m'      [39m
 [38;2;0;0;0m      [38;2;0;0;216m`[38;2;0;0;218m4[38;2;0;0;219m@[38;2;0;0;218my[38;2;0;0;226m___[38;2;0;0;212my[38;2;0;0;227mg[38;2;0;0;228m@[38;2;0;0;223mg[38;2;0;0;227m_[38;2;0;0;226m__[38;2;0;0;227m_[38;2;0;0;223mg[38;2;0;0;226m@[38;2;0;0;227mg[38;2;0;0;212my[38;2;0;0;226m___[38;2;0;0;219my[38;2;0;0;226mg[38;2;0;0;221mP[38;2;0;0;229m'       [39m
 [38;2;0;0;0m         [38;2;0;0;219m~[38;2;0;0;228m~[38;2;0;0;225m~[38;2;0;0;227m~~[38;2;2;4;185m` [38;2;0;0;225m`[38;2;0;0;228m~[38;2;0;0;225m~~[38;2;0;0;230m~[38;2;0;0;226m`  [38;2;0;0;222m~[38;2;0;0;228m~[38;2;0;0;224m~[38;2;0;0;228m~[38;2;0;0;217m~          [39m
 [38;2;0;0;0m                                       [39m
 [38;2;0;0;0m                                       [39m
[?25h