[?25l[39m [38;2;0;0;0m              [38;2;2;0;207m_[38;2;0;0;228m_[38;2;0;0;226m_[38;2;0;0;227m_[38;2;1;1;204my[38;2;1;1;203my[38;2;0;0;227m_[38;2;0;0;226m_[38;2;0;0;228m_[38;2;1;0;209m_               [39m
 [38;2;0;0;0m           [38;2;0;0;225m_[38;2;0;0;226mg@[38;2;0;0;218m@[38;2;0;0;229m=[38;2;0;0;227m~[38;2;0;0;226m~~[38;2;0;0;225m~[38;2;0;0;226m~[38;2;0;0;227m~[38;2;0;0;229m=[38;2;0;0;218m@[38;2;0;0;227m@[38;2;0;0;226mg[38;2;0;0;225m_[38;2;1;2;201m,           [39m
 [38;2;0;0;0m        [38;2;1;0;205m_[38;2;0;0;225ma[38;2;0;0;227m@[38;2;0;0;214mF[38;2;0;0;226m~[38;2;201;201;201m_[38;2;185;185;185my[38;2;214;214;214ma[38;2;252;252;252mg[38;2;230;230;230m$[38;2;226;226;226m@[38;2;227;227;227m@[38;2;231;231;231m$[38;2;252;252;252mg[38;2;205;205;205mg[38;2;185;185;185my[38;2;201;201;201m_[38;2;0;0;221m~[38;2;0;0;210m?[38;2;0;0;227m@[38;2;0;0;222mg[38;2;1;1;206m_         [39m
 [38;2;0;0;0m       [38;2;0;0;212my[38;2;0;0;227m@[38;2;0;0;229m~ [38;2;207;207;207my[38;2;225;225;225m@[38;2;251;251;251m@[38;2;252;252;252m@@@@@@@@@@[38;2;251;251;251m@[38;2;233;233;233m@[38;2;206;206;206my[38;2;72;72;72m,[38;2;0;0;226m~@[38;2;0;0;213my        [39m
 [38;2;0;0;0m      [38;2;0;0;216mg[38;2;0;0;228mP [38;2;168;168;168my[38;2;238;238;238m@[38;2;252;252;252m@@@@@@@@@@@@@@@@[38;2;245;245;245m@[38;2;155;155;155my [38;2;0;0;226m4[38;2;0;0;213m$       [39m
 [38;2;0;0;0m     [38;2;1;1;201mj[38;2;0;0;225m@ [38;2;162;162;162my[38;2;250;250;250m@[38;2;251;251;251m@[38;2;241;241;241m@[38;2;232;232;232m@[38;2;251;251;251m@[38;2;252;252;252m@@@@@@@@@@@@@@[38;2;251;251;251m@[38;2;147;147;147my [38;2;0;0;225mB[38;2;0;0;217mi      [39m
 [38;2;0;0;0m     [38;2;0;0;213m@[38;2;0;0;196m[ [38;2;227;227;227m@[38;2;252;252;252m@[38;2;251;251;251m@[38;2;150;150;150my [38;2;97;97;97m~[38;2;243;243;243m~[38;2;186;186;186mR[38;2;243;243;243m@[38;2;251;251;251m@[38;2;252;252;252m@[38;2;251;251;251m@[38;2;252;252;252m@@@@@@@@@[38;2;242;242;242m@  [38;2;0;0;222m$      [39m
 [38;2;0;0;0m     [38;2;0;0;226m@  [38;2;249;249;249m@[38;2;252;252;252m@@[38;2;251;251;251m@[38;2;236;236;236m@[38;2;198;198;198m=  [38;2;103;103;103m_[38;2;203;203;203m$[38;2;251;251;251m@[38;2;215;215;215m@[38;2;142;142;142m_[38;2;119;119;119m_____[38;2;151;151;151m_[38;2;217;217;217m$[38;2;252;252;252m@[38;2;251;251;251m@  [38;2;0;0;226m@      [39m
 [38;2;0;0;0m     [38;2;0;0;226m@  [38;2;249;249;249m@[38;2;252;252;252m@[38;2;251;251;251m@[38;2;159;159;159m~ [38;2;235;235;235m_[38;2;214;214;214my[38;2;249;249;249mg[38;2;250;250;250m@[38;2;252;252;252m@@@@[38;2;251;251;251m@@@@@@[38;2;252;252;252m@@[38;2;251;251;251m@  [38;2;0;0;226m@      [39m
 [38;2;0;0;0m     [38;2;0;0;226m@  [38;2;249;249;249m@[38;2;252;252;252m@@[38;2;251;251;251m@[38;2;250;250;250m@[38;2;251;251;251m@[38;2;252;252;252m@@@@@@@@@@@@@@@[38;2;251;251;251m@  [38;2;0;0;226m@      [39m
 [38;2;0;0;0m     [38;2;0;0;226m@  [38;2;249;249;249m@[38;2;252;252;252m@@@@@@@@@@@@@@@@@@@@[38;2;251;251;251m@  [38;2;0;0;226m@      [39m
 [38;2;0;0;0m     [38;2;0;0;226m@  [38;2;249;249;249m@[38;2;252;252;252m@@@@@@@@@@@@@@@@@@@@[38;2;251;251;251m@  [38;2;0;0;227m@      [39m
 [38;2;0;0;0m     [38;2;0;0;226m@  [38;2;249;249;249m@[38;2;252;252;252m@@@@@@@@@@@@@@@@@@@@[38;2;251;251;251m@  [38;2;0;0;227m@      [39m
 [38;2;0;0;0m     [38;2;0;0;217m@[38;2;0;0;215m, [38;2;239;239;239m@[38;2;252;252;252m@@@@@@@@@@@@@@@@@@@@[38;2;247;247;247m@ [38;2;1;0;171mj[38;2;0;0;224m$      [39m
 [38;2;0;0;0m     [38;2;1;1;207m`[38;2;0;0;226m@[38;2;0;0;222m_[38;2;199;199;199m`[38;2;179;179;179m#[38;2;235;235;235m@[38;2;247;247;247m@[38;2;243;243;243m@[38;2;180;180;180m@[38;2;173;173;173mT[38;2;252;252;252m~[38;2;150;150;150m5[38;2;208;208;208m@[38;2;247;247;247m@@[38;2;214;214;214m@[38;2;205;205;205mF[38;2;252;252;252m~[38;2;251;251;251m~[38;2;202;202;202mR[38;2;243;243;243m@[38;2;248;248;248m@[38;2;238;238;238m@[38;2;216;216;216mP[38;2;142;142;142m~[38;2;0;0;219m_[38;2;0;0;223m$[38;2;0;0;231m'      [39m
 [38;2;0;0;0m      [38;2;2;1;199m`[38;2;0;0;227m~[38;2;0;0;216m@[38;2;0;0;219my[38;2;0;0;225m_[38;2;0;0;226m__[38;2;0;0;211my[38;2;0;0;227ma[38;2;0;0;218m@[38;2;0;0;222mg[38;2;0;0;225m_[38;2;0;0;226m__[38;2;0;0;225m_[38;2;0;0;224ma[38;2;0;0;216m@[38;2;0;0;227ma[38;2;0;0;211my[38;2;0;0;226m__[38;2;0;0;225m_[38;2;0;0;218my[38;2;0;0;227ms[38;2;0;0;213mF[38;2;0;1;214m'       [39m
 [38;2;0;0;0m         [38;2;0;0;220m`[38;2;0;0;223m~[38;2;0;0;231m~[38;2;0;0;228m~[38;2;0;0;231m`   [38;2;0;0;209m~[38;2;0;0;230m~[38;2;0;0;231m~[38;2;0;0;210m~   [38;2;0;0;229m`[38;2;0;0;227m~[38;2;0;0;231m~[38;2;0;0;225m~[38;2;0;0;222m`          [39m
 [38;2;0;0;0m                                       [39m
 [38;2;0;0;0m                                       [39m
[?25h