[?25l[39m [38;2;0;0;0m                                       [39m
 [38;2;0;0;0m              [38;2;0;0;228m_[38;2;0;0;226m_[38;2;0;0;225m_[38;2;1;1;203my[38;2;1;1;209my[38;2;1;1;207my[38;2;0;0;224m_[38;2;0;0;227m_[38;2;0;0;226m_[38;2;1;1;204m_               [39m
 [38;2;0;0;0m          [38;2;0;0;228m_[38;2;0;0;212ma[38;2;0;0;223ma[38;2;0;0;227m=[38;2;0;0;225m~[38;2;0;0;230m~[38;2;120;120;120m_[38;2;179;179;179m_[38;2;212;212;212m_[38;2;193;193;193m_[38;2;137;137;137m_[38;2;0;0;230m~[38;2;0;0;225m~[38;2;0;0;226m~[38;2;0;0;219mR[38;2;0;0;224mg[38;2;0;0;228m_            [39m
 [38;2;0;0;0m        [38;2;0;0;229m_[38;2;0;0;215m@[38;2;0;0;227m~[38;2;0;0;218m`[38;2;161;161;161my[38;2;212;212;212mg[38;2;214;214;214m@[38;2;247;247;247m@[38;2;252;252;252m@[38;2;251;251;251m@@@@@[38;2;229;229;229m@[38;2;227;227;227mg[38;2;173;173;173my[38;2;82;82;82m_[38;2;0;0;224m~[38;2;0;0;222mR[38;2;1;0;212my          [39m
 [38;2;0;0;0m      [38;2;2;2;191m_[38;2;0;0;230ma~ [38;2;187;186;187mg[38;2;243;243;243m@[38;2;252;252;252m@@@@@@@@@@@@@[38;2;249;249;249m@[38;2;202;202;202mg[38;2;96;96;96m_[38;2;0;0;220m~[38;2;0;0;223m@[38;2;0;0;204m_        [39m
 [38;2;0;0;0m      [38;2;0;0;226m@[38;2;1;1;199m'[38;2;124;124;125my[38;2;229;229;229m@[38;2;252;252;252m@@@@@@@@@@@@@@@@@[38;2;245;245;245m@[38;2;124;124;124my [38;2;0;0;219m@[38;2;0;0;233m,       [39m
 [38;2;0;0;0m     [38;2;0;0;226m@[38;2;1;1;196m' [38;2;238;238;238m@[38;2;252;252;252m@[38;2;251;251;251m@[38;2;208;208;208m@[38;2;164;164;164mM[38;2;201;201;201mR[38;2;248;248;248m@[38;2;251;251;251m@[38;2;252;252;252m@@@@@@@@@@@@[38;2;248;248;248m@[38;2;90;90;90m, [38;2;0;0;232m$       [39m
 [38;2;0;0;0m     [38;2;0;0;226m@ [38;2;174;174;175m4[38;2;251;251;251m@[38;2;252;252;252m@[38;2;251;251;251m@[38;2;215;215;215m@[38;2;191;191;191my[38;2;183;183;183m_ [38;2;190;190;190m~[38;2;150;150;150m5[38;2;218;218;218m@[38;2;251;251;251m@[38;2;252;252;252m@[38;2;197;197;197m@[38;2;209;209;209mPPPPP[38;2;210;210;210mP[38;2;224;224;224m@[38;2;251;251;251m@[38;2;172;172;172m$ [38;2;0;0;220mB[38;2;1;0;197mi      [39m
 [38;2;0;0;0m    [38;2;3;2;170mJ[38;2;0;0;218m@ [38;2;156;156;156m$[38;2;252;252;252m@@@[38;2;247;247;247m@[38;2;178;178;178m@[38;2;162;162;162mF  [38;2;141;141;141my[38;2;207;207;207mg[38;2;251;251;251m@@[38;2;213;213;213my[38;2;177;177;177myyyyy[38;2;180;180;180my[38;2;215;215;215mg[38;2;251;251;251m@[38;2;202;202;202m$ [38;2;0;0;216m4[38;2;1;1;208m[      [39m
 [38;2;0;0;0m    [38;2;2;2;165mJ[38;2;0;0;222m@ [38;2;150;150;150m$[38;2;251;251;251m@[38;2;252;252;252m@[38;2;251;251;251m@[38;2;178;178;178m@[38;2;253;253;253m_[38;2;190;190;190my[38;2;245;245;245mg[38;2;248;248;248m@[38;2;252;252;252m@@@@@@@@@@@@@[38;2;207;207;207m$ [38;2;0;0;215m4[38;2;1;1;212m[      [39m
 [38;2;0;0;0m     [38;2;0;0;226m@ [38;2;183;183;184m4[38;2;251;251;251m@[38;2;252;252;252m@@@@@@@@@@@@@@@@@@@@[38;2;207;207;207m@ [38;2;0;0;209m4[38;2;1;1;217m[      [39m
 [38;2;0;0;0m     [38;2;0;0;232m@ [38;2;168;168;168m4[38;2;251;251;251m@[38;2;252;252;252m@@@@@@@@@@@@@@@@@@@@[38;2;224;224;224m@ [38;2;1;1;202m4[38;2;0;0;222m[      [39m
 [38;2;0;0;0m     [38;2;0;0;235m@ [38;2;147;147;147m4[38;2;251;251;251m@[38;2;252;252;252m@@@@@@@@@@@@@@@@@@@@[38;2;236;236;236m@ [38;2;0;0;192mJ[38;2;1;1;204m$      [39m
 [38;2;0;0;0m     [38;2;0;0;237m@ [38;2;126;126;126m4[38;2;252;252;252m@@@@@@@@@@@@@@@@@@@@@[38;2;240;240;240m@ [38;2;0;0;182mJ[38;2;0;0;212m$      [39m
 [38;2;0;0;0m     [38;2;0;0;232m@ [38;2;72;72;72m4[38;2;250;250;250m@[38;2;252;252;252m@@@@@@@@@@@@@@@@@@@@[38;2;240;240;240m@ [38;2;0;0;189mj[38;2;0;0;214m$      [39m
 [38;2;0;0;0m     [38;2;1;0;218m`[38;2;0;0;223m$[38;2;0;0;208m,[38;2;183;183;183m~[38;2;184;184;184mF[38;2;219;219;219m@[38;2;251;251;251m@[38;2;252;252;252m@[38;2;249;249;249m@[38;2;193;193;193m@[38;2;186;186;186mF[38;2;173;173;173mF[38;2;177;177;177m@[38;2;247;247;247m@[38;2;252;252;252m@[38;2;251;251;251m@[38;2;226;226;226m@[38;2;209;209;209mF[38;2;167;167;167mF[38;2;179;179;179mP[38;2;232;232;232m@[38;2;252;252;252m@[38;2;249;249;249m@[38;2;190;190;190m@[38;2;155;155;155m~[38;2;1;0;204m_[38;2;0;0;224m$[38;2;0;0;229m'      [39m
 [38;2;0;0;0m      [38;2;1;0;217m`[38;2;0;0;220m4[38;2;0;0;225m@[38;2;0;0;220mg[38;2;0;0;227m_[38;2;0;0;223m_[38;2;116;116;116m`[38;2;0;0;225m__[38;2;0;0;227maa[38;2;0;0;225m__[38;2;116;116;116m`[38;2;0;0;223m_[38;2;0;0;225m_[38;2;0;0;221ma@[38;2;0;0;219my[38;2;0;0;225m__[38;2;0;0;223m_[38;2;0;0;225m_[38;2;0;0;226mg[38;2;0;0;221mP[38;2;0;0;227m'       [39m
 [38;2;0;0;0m         [38;2;3;2;196m`[38;2;0;0;223m~[38;2;0;0;227m~~[38;2;0;0;226m~[38;2;1;0;217m~  [38;2;3;1;203m~[38;2;0;0;227m~~~[38;2;0;0;226m~[38;2;2;1;209m` [38;2;2;0;213m`[38;2;0;0;224m~[38;2;0;0;227m~[38;2;0;0;226m~[38;2;1;0;217m~          [39m
 [38;2;0;0;0m                                       [39m
[?25h