[?25l[39m [38;2;0;0;0m                                       [39m
 [38;2;0;0;0m            [38;2;2;0;208m_[38;2;0;0;225m_[38;2;0;0;218my[38;2;0;0;229ma[38;2;0;0;222mm[38;2;0;0;213m#[38;2;0;0;218mPP4[38;2;0;0;217m#[38;2;0;0;228ma[38;2;1;0;215mg[38;2;0;0;227m_[38;2;0;0;225m_             [39m
 [38;2;0;0;0m          [38;2;1;1;206my[38;2;0;0;214m@[38;2;0;0;209mF[38;2;0;0;230m~[38;2;158;158;158m_[38;2;157;157;157my[38;2;194;194;194my[38;2;217;217;217my[38;2;205;205;205ma[38;2;199;199;199mg[38;2;221;221;221my[38;2;200;200;200my[38;2;167;167;167my[38;2;202;202;202m_[38;2;0;0;223m~[38;2;0;0;225m~[38;2;0;0;213m@[38;2;0;0;219my[38;2;1;0;210m_          [39m
 [38;2;0;0;0m        [38;2;0;0;215my[38;2;0;0;229mP[38;2;0;0;219m~[38;2;176;176;176m_[38;2;196;196;196mg[38;2;227;227;227m@[38;2;251;251;251m@[38;2;252;252;252m@@@@@@@@[38;2;251;251;251m@[38;2;245;245;245m@[38;2;227;227;227mg[38;2;135;135;135my[38;2;0;0;220m`[38;2;0;0;218m?[38;2;0;0;223mg[38;2;0;0;219m,        [39m
 [38;2;0;0;0m       [38;2;0;0;219m@[38;2;0;0;224m~ [38;2;213;213;213mg[38;2;251;251;251m@[38;2;252;252;252m@@@@@@@@@@@@@@[38;2;251;251;251m@[38;2;215;215;215m@[38;2;172;172;172m_[38;2;1;0;209m`[38;2;0;0;217m@[38;2;0;0;209m_       [39m
 [38;2;0;0;0m      [38;2;0;0;232mg[38;2;1;0;195m~ [38;2;214;214;214m@[38;2;252;252;252m@[38;2;251;251;251m@@[38;2;252;252;252m@@@@@@@@@@@@@@@[38;2;250;250;250m@[38;2;133;133;133my [38;2;0;0;222m@[38;2;0;0;230m,      [39m
 [38;2;0;0;0m     [38;2;1;0;205mj[38;2;0;0;225mF [38;2;211;211;211mg[38;2;251;251;251m@@[38;2;176;176;176m~[38;2;107;107;107m~[38;2;242;242;242m~[38;2;181;181;181mR[38;2;241;241;241m@[38;2;251;251;251m@[38;2;252;252;252m@@@@@@@@@@@@[38;2;244;244;244m@  [38;2;0;0;225m$      [39m
 [38;2;0;0;0m     [38;2;1;0;217m4[38;2;0;0;198m[ [38;2;229;229;229m@[38;2;252;252;252m@@[38;2;251;251;251m@[38;2;247;247;247mg[38;2;175;175;175mw  [38;2;147;147;147m~[38;2;194;194;194m@[38;2;252;252;252m@[38;2;220;220;220m@[38;2;208;208;208m~[38;2;177;177;177m~[38;2;176;176;176m~~~[38;2;175;175;175m~[38;2;203;203;203m~[38;2;220;220;220m$[38;2;252;252;252m@[38;2;251;251;251m@[38;2;124;124;124mL [38;2;0;0;232m@      [39m
 [38;2;0;0;0m     [38;2;0;0;218m4[38;2;0;0;194m[ [38;2;231;231;231m@[38;2;252;252;252m@[38;2;251;251;251m@[38;2;193;193;193mF[38;2;152;152;152m~ [38;2;235;235;235m_[38;2;214;214;214my[38;2;249;249;249mg[38;2;251;251;251m@[38;2;252;252;252m@@[38;2;226;226;226m@[38;2;215;215;215m@@@@[38;2;216;216;216m@[38;2;223;223;223m@[38;2;252;252;252m@@@[38;2;130;130;130mL [38;2;0;0;236m$      [39m
 [38;2;0;0;0m     [38;2;0;0;219m4[38;2;0;0;193m[ [38;2;233;233;233m@[38;2;252;252;252m@[38;2;251;251;251m@g[38;2;250;250;250mg[38;2;246;246;246m@[38;2;251;251;251m@[38;2;252;252;252m@@@@@@@@@@@@@@[38;2;251;251;251m@[38;2;126;126;126mL [38;2;0;0;232m@      [39m
 [38;2;0;0;0m     [38;2;0;0;220m4[38;2;0;0;191m[ [38;2;236;236;236m@[38;2;252;252;252m@@@@@@@@@@@@@@@@@@@@[38;2;251;251;251m@[38;2;121;121;121mL [38;2;0;0;231m@      [39m
 [38;2;0;0;0m     [38;2;0;0;215mg  [38;2;240;240;240m@[38;2;252;252;252m@@@@@@@@@@@@@@@@@@@@[38;2;251;251;251m@[38;2;111;111;111mL [38;2;0;0;232m@      [39m
 [38;2;0;0;0m     [38;2;0;0;213m@  [38;2;244;244;244m@[38;2;252;252;252m@@@@@@@@@@@@@@@@@@@@[38;2;251;251;251m@[38;2;98;98;98mL [38;2;0;0;231m@      [39m
 [38;2;0;0;0m     [38;2;0;0;216m@  [38;2;247;247;247m@[38;2;252;252;252m@@@@@@@@@@@@@@@@@@@@[38;2;251;251;251m@[38;2;83;83;83mL [38;2;0;0;231m@      [39m
 [38;2;0;0;0m     [38;2;0;0;216m@  [38;2;242;242;242m@[38;2;252;252;252m@@@@@@@@@@@@@@@@@@@@[38;2;250;250;250m@  [38;2;0;0;226m@      [39m
 [38;2;0;0;0m     [38;2;1;1;211m`[38;2;0;0;224m@[38;2;0;0;210m,[38;2;157;157;157m~[38;2;190;190;190m@[38;2;251;251;251m@[38;2;250;250;250m@[38;2;200;200;200m@[38;2;193;193;193mF[38;2;181;181;181mF[38;2;186;186;186m@[38;2;250;250;250m@[38;2;252;252;252m@@[38;2;233;233;233m@[38;2;217;217;217mF[38;2;178;178;178mF[38;2;175;175;175mA[38;2;238;238;238m@[38;2;252;252;252m@@[38;2;248;248;248m@[38;2;183;183;183m@[38;2;186;186;186mF[38;2;201;201;201m~ [38;2;0;0;230ma[38;2;1;1;199mF      [39m
 [38;2;0;0;0m      [38;2;1;0;216m`[38;2;0;0;226m4g[38;2;0;0;225m_[38;2;0;0;226m_[38;2;0;0;225m_[38;2;0;0;227m_[38;2;0;0;225mgg__[38;2;137;137;137m`[38;2;108;108;108m`[38;2;0;0;225m_[38;2;0;0;219ma[38;2;0;0;227ma[38;2;0;0;213my[38;2;0;0;226m_[38;2;122;122;122m`[38;2;135;135;135m`[38;2;0;0;225m_[38;2;0;0;226m_[38;2;0;0;225mg[38;2;0;0;227mg[38;2;0;0;229mP[38;2;1;1;204m~       [39m
 [38;2;0;0;0m        [38;2;2;4;189m`[38;2;0;0;224m~[38;2;0;0;226m~~[38;2;1;0;224m~  [38;2;0;0;221m~[38;2;0;0;226m~~[38;2;0;0;227m~[38;2;0;0;226m~[38;2;1;0;219m` [38;2;0;0;229m`[38;2;0;0;227m~~[38;2;0;0;226m~~[38;2;1;0;216m~           [39m
 [38;2;0;0;0m                                       [39m
[?25h