[?25l[39m [38;2;0;0;0m                 [38;2;1;0;196m_[38;2;0;0;214m_[38;2;0;0;216m_[38;2;1;1;195m_                  [39m
 [38;2;0;0;0m            [38;2;0;0;225m_[38;2;0;0;219mg[38;2;0;0;226ms[38;2;0;0;221mP[38;2;0;0;219m=[38;2;0;0;228m~[38;2;0;0;227m~~[38;2;0;0;228m~[38;2;0;0;219m=[38;2;0;0;221m4[38;2;0;0;226ma[38;2;0;0;219mg[38;2;0;0;226m_[38;2;5;2;193m,            [39m
 [38;2;0;0;0m         [38;2;0;0;231m_[38;2;0;0;229ma[38;2;0;0;218mP[38;2;0;0;229m~[38;2;163;163;163m_[38;2;176;176;176my[38;2;218;218;218my[38;2;245;245;245mg[38;2;252;252;252mg[38;2;230;230;230m$$[38;2;252;252;252mg[38;2;245;245;245mg[38;2;218;218;218my[38;2;173;173;173my[38;2;164;164;164m_[38;2;0;0;225m~[38;2;0;0;222m=[38;2;0;0;229ma[38;2;0;0;231m_          [39m
 [38;2;0;0;0m       [38;2;0;0;206m_[38;2;0;0;229ma[38;2;0;0;230m~ [38;2;196;196;196my[38;2;212;212;212m@[38;2;251;251;251m@[38;2;252;252;252m@@@@@@@@@@[38;2;251;251;251m@[38;2;223;223;223m@[38;2;193;193;193my [38;2;0;0;226m~[38;2;0;0;224m$[38;2;1;0;205m_        [39m
 [38;2;0;0;0m      [38;2;0;0;216m_[38;2;0;0;217m@[38;2;0;0;194m'[38;2;152;152;152my[38;2;228;228;228m@[38;2;252;252;252m@@@@@@@@@@@@@@@@[38;2;239;239;239m@[38;2;137;137;137my [38;2;0;0;233m4[38;2;0;0;217m_       [39m
 [38;2;0;0;0m      [38;2;0;0;228m@ [38;2;153;153;153my[38;2;249;249;249m@[38;2;252;252;252m@@@@@@@@@@@@@@@@@@[38;2;251;251;251m@[38;2;137;137;137my [38;2;0;0;228mB[38;2;0;0;227m,      [39m
 [38;2;0;0;0m     [38;2;1;0;214mg[38;2;0;0;198m[ [38;2;222;222;222m@[38;2;252;252;252m@[38;2;251;251;251m@[38;2;218;218;218m@@[38;2;219;219;219m@[38;2;221;221;221m@[38;2;224;224;224m@[38;2;227;227;227m@[38;2;249;249;249m@[38;2;252;252;252m@[38;2;251;251;251m@[38;2;236;236;236m@[38;2;228;228;228m@@@@@[38;2;239;239;239m@[38;2;251;251;251m@[38;2;252;252;252m@[38;2;240;240;240m@  [38;2;0;0;218m$      [39m
 [38;2;0;0;0m     [38;2;0;0;225m@  [38;2;249;249;249m@[38;2;251;251;251m@[38;2;162;162;162m@[38;2;156;156;156m_[38;2;159;159;159m_[38;2;162;162;162m_[38;2;166;166;166m_[38;2;171;171;171m_[38;2;178;178;178m_[38;2;157;157;157my[38;2;248;248;248m@[38;2;217;217;217m@[38;2;204;204;204m_[38;2;180;180;180m_[38;2;179;179;179m_[38;2;180;180;180m_[38;2;182;182;182m_[38;2;181;181;181m_[38;2;209;209;209m_[38;2;220;220;220m$[38;2;252;252;252m@[38;2;251;251;251m@  [38;2;0;0;226m@      [39m
 [38;2;0;0;0m     [38;2;0;0;225m@  [38;2;249;249;249m@[38;2;252;252;252m@@@@@[38;2;251;251;251m@@@@[38;2;252;252;252m@@[38;2;251;251;251m@@@@@@@[38;2;252;252;252m@@[38;2;251;251;251m@  [38;2;0;0;226m@      [39m
 [38;2;0;0;0m     [38;2;0;0;225m@  [38;2;249;249;249m@[38;2;252;252;252m@@@@@@@@@@@@@@@@@@@@[38;2;251;251;251m@  [38;2;0;0;226m@      [39m
 [38;2;0;0;0m     [38;2;0;0;225m@  [38;2;250;250;250m@[38;2;252;252;252m@@@@@@@@@@@@@@@@@@@@[38;2;251;251;251m@  [38;2;0;0;226m@      [39m
 [38;2;0;0;0m     [38;2;0;0;225m@  [38;2;250;250;250m@[38;2;252;252;252m@@@@@@@@@@@@@@@@@@@@[38;2;251;251;251m@  [38;2;0;0;226m@      [39m
 [38;2;0;0;0m     [38;2;0;0;225m@  [38;2;249;249;249m@[38;2;252;252;252m@@@@@@@@@@@@@@@@@@@@[38;2;251;251;251m@  [38;2;0;0;226m@      [39m
 [38;2;0;0;0m     [38;2;0;0;225m@  [38;2;249;249;249m@[38;2;252;252;252m@@@@@@@@@@@@@@@@@@@@[38;2;251;251;251m@  [38;2;0;0;226m@      [39m
 [38;2;0;0;0m     [38;2;0;0;211m@[38;2;0;0;227mL [38;2;212;212;212m4[38;2;251;251;251m@[38;2;252;252;252m@@@[38;2;251;251;251m@[38;2;248;248;248m@[38;2;243;243;243m@[38;2;251;251;251m@[38;2;252;252;252m@@@@[38;2;251;251;251m@[38;2;243;243;243m@[38;2;248;248;248m@[38;2;251;251;251m@[38;2;252;252;252m@@@[38;2;251;251;251m@[38;2;172;172;172m@ [38;2;0;0;228mj[38;2;0;0;216m@      [39m
 [38;2;0;0;0m     [38;2;1;2;203m`[38;2;0;0;223m@g[38;2;0;0;227m_[38;2;136;136;136m~[38;2;249;249;249m~[38;2;178;178;178mF[38;2;167;167;167mF[38;2;205;205;205m~[38;2;0;0;225m_[38;2;0;0;226m_[38;2;107;107;107m`[38;2;237;237;237m~[38;2;170;170;170mF[38;2;177;177;177mF[38;2;242;242;242m~[38;2;108;108;108m`[38;2;0;0;226m__[38;2;179;179;179m~[38;2;174;174;174mT[38;2;179;179;179mF[38;2;251;251;251m~[38;2;154;154;154m~[38;2;0;0;228m_[38;2;0;0;225ma[38;2;0;0;224m@'      [39m
 [38;2;0;0;0m       [38;2;0;0;228m~[38;2;0;0;219mR[38;2;0;0;226m@@[38;2;0;0;219m@[38;2;0;0;223m@[38;2;0;0;226m@[38;2;0;0;220m@[38;2;0;0;221m4[38;2;0;0;227m@[38;2;0;0;226m@[38;2;0;0;222m@[38;2;0;0;221m@[38;2;0;0;226m@[38;2;0;0;228m@[38;2;0;0;221mP[38;2;0;0;220m@[38;2;0;0;226m@[38;2;0;0;225m@[38;2;0;0;219m@[38;2;0;0;226m@@[38;2;0;1;212m@[38;2;0;0;229m~        [39m
 [38;2;0;0;0m          [38;2;0;0;224m`[38;2;2;1;200m~[38;2;0;0;228m`    [38;2;1;1;212m`[38;2;0;0;228m``[38;2;1;1;209m`    [38;2;0;0;228m``[38;2;1;0;225m`           [39m
 [38;2;0;0;0m                                       [39m
[?25h