[?25l[39m [38;2;0;0;0m              [38;2;0;0;231m_[38;2;0;0;226m_[38;2;1;1;207my[38;2;0;0;218my[38;2;0;0;219ma[38;2;0;0;218may[38;2;1;1;207my[38;2;0;0;226m_[38;2;0;0;231m_               [39m
 [38;2;0;0;0m          [38;2;0;0;223m_[38;2;1;0;211ma[38;2;0;0;216m@[38;2;0;0;225mP[38;2;0;0;226m~~[38;2;0;0;227m~[38;2;101;101;101m_[38;2;181;181;181m_[38;2;179;179;179m_[38;2;101;101;101m_[38;2;0;0;227m~[38;2;0;0;226m~~4[38;2;0;0;220m@[38;2;0;0;215my[38;2;0;0;222m_           [39m
 [38;2;0;0;0m        [38;2;0;0;225m_[38;2;0;0;229mg[38;2;0;0;225mP[38;2;0;0;228m~[38;2;171;171;171m_[38;2;193;193;193my[38;2;240;240;240mg[38;2;226;226;226m@[38;2;251;251;251m@@@@@@[38;2;233;233;233m@[38;2;240;240;240mg[38;2;193;193;193my[38;2;171;171;171m_[38;2;0;0;224m~4[38;2;0;0;222m$[38;2;0;0;224m_         [39m
 [38;2;0;0;0m       [38;2;0;0;219mg[38;2;0;0;228mP[38;2;0;0;210m'[38;2;142;142;143my[38;2;241;241;241mg[38;2;251;251;251m@[38;2;252;252;252m@@@@@@@@@@@@[38;2;251;251;251m@[38;2;205;205;205m@[38;2;129;129;129my[38;2;0;0;210m`[38;2;0;0;227m4[38;2;0;0;219mg        [39m
 [38;2;0;0;0m      [38;2;0;0;226mg[38;2;0;0;225mF [38;2;199;199;199mg[38;2;251;251;251m@[38;2;252;252;252m@@@@@@@@@@@@@@@@[38;2;251;251;251m@[38;2;165;165;165m@ [38;2;0;0;213m?[38;2;0;0;224m$       [39m
 [38;2;0;0;0m     [38;2;1;0;210mj[38;2;0;0;231mF [38;2;187;187;187mg[38;2;251;251;251m@@[38;2;224;224;224mP[38;2;183;183;183mM[38;2;224;224;224m@[38;2;251;251;251m@[38;2;252;252;252m@@@@@[38;2;240;240;240m@[38;2;183;183;183mM[38;2;168;168;168m@[38;2;245;245;245m@[38;2;251;251;251m@[38;2;252;252;252m@@@[38;2;251;251;251m@[38;2;166;166;166m$ [38;2;0;0;213m5[38;2;0;0;219ml      [39m
 [38;2;0;0;0m     [38;2;0;0;217m@[38;2;0;0;182m[ [38;2;242;242;242m@[38;2;252;252;252m@@[38;2;195;195;195mg[38;2;248;248;248m_ [38;2;102;102;102m~[38;2;244;244;244m~[38;2;189;189;189mR[38;2;248;248;248m@[38;2;252;252;252m@@[38;2;234;234;234m@[38;2;193;193;193my[38;2;198;198;198m_ [38;2;180;180;180m~[38;2;152;152;152mM[38;2;204;204;204m@[38;2;251;251;251m@[38;2;252;252;252m@[38;2;248;248;248m@  [38;2;0;0;225m$      [39m
 [38;2;0;0;0m     [38;2;0;0;226m@  [38;2;249;249;249m@[38;2;252;252;252m@@[38;2;238;238;238m@[38;2;210;210;210mP[38;2;151;151;151mT [38;2;96;96;96m_[38;2;164;164;164my[38;2;210;210;210m@[38;2;252;252;252m@@[38;2;251;251;251m@[38;2;208;208;208m@[38;2;200;200;200mF[38;2;104;104;104m~ [38;2;191;191;191m_[38;2;203;203;203my[38;2;249;249;249m@[38;2;252;252;252m@[38;2;251;251;251m@  [38;2;0;0;226m@      [39m
 [38;2;0;0;0m     [38;2;0;0;226m@  [38;2;249;249;249m@[38;2;252;252;252m@[38;2;251;251;251m@[38;2;156;156;156my[38;2;242;242;242m_[38;2;213;213;213my[38;2;249;249;249mg[38;2;250;250;250m@[38;2;252;252;252m@@@@[38;2;211;211;211m@[38;2;237;237;237m_[38;2;168;168;168my[38;2;219;219;219mg[38;2;231;231;231m@[38;2;251;251;251m@[38;2;252;252;252m@@@[38;2;251;251;251m@  [38;2;0;0;226m@      [39m
 [38;2;0;0;0m     [38;2;0;0;226m@  [38;2;249;249;249m@[38;2;252;252;252m@@@@@@@@@@@@@@@@@@@@[38;2;251;251;251m@  [38;2;0;0;226m@      [39m
 [38;2;0;0;0m     [38;2;0;0;226m@  [38;2;249;249;249m@[38;2;252;252;252m@@@@@@@@@@@@@@@@@@@@[38;2;251;251;251m@  [38;2;0;0;226m@      [39m
 [38;2;0;0;0m     [38;2;0;0;226m@  [38;2;249;249;249m@[38;2;252;252;252m@@@@@@@@@@@@@@@@@@@@[38;2;251;251;251m@  [38;2;0;0;227m@      [39m
 [38;2;0;0;0m     [38;2;0;0;226m@  [38;2;249;249;249m@[38;2;252;252;252m@@@@@@@@@@@@@@@@@@@@[38;2;251;251;251m@  [38;2;0;0;227m@      [39m
 [38;2;0;0;0m     [38;2;0;0;219m@[38;2;0;0;215m, [38;2;239;239;239m@[38;2;252;252;252m@@@@@@@@@@@@@@@@@@@@[38;2;246;246;246m@ [38;2;1;0;173mj[38;2;0;0;221m@      [39m
 [38;2;0;0;0m     [38;2;1;1;211m`[38;2;0;0;227m@[38;2;0;0;225m_[38;2;193;193;193m`[38;2;175;175;175mA[38;2;232;232;232m@[38;2;247;247;247m@[38;2;241;241;241m@[38;2;175;175;175m@[38;2;252;252;252m~[38;2;251;251;251m~[38;2;147;147;147m5[38;2;205;205;205m@[38;2;246;246;246m@@[38;2;208;208;208m@[38;2;199;199;199mF[38;2;251;251;251m~~[38;2;199;199;199mR[38;2;241;241;241m@[38;2;247;247;247m@[38;2;234;234;234m@[38;2;210;210;210mP[38;2;136;136;136m~[38;2;0;0;223m_[38;2;0;0;224m$[38;2;0;0;232m'      [39m
 [38;2;0;0;0m      [38;2;1;1;210m`[38;2;0;0;211m4[38;2;0;0;219m@[38;2;0;0;218my[38;2;0;0;226m___[38;2;0;0;213my[38;2;0;0;226mg@[38;2;0;0;223mg[38;2;0;0;227m_[38;2;0;0;226m__[38;2;0;0;227m_[38;2;0;0;224mg[38;2;0;0;225m@[38;2;0;0;226mg[38;2;0;0;213my[38;2;0;0;226m___[38;2;0;0;219my[38;2;0;0;227ma[38;2;0;0;217mP[38;2;0;0;226m'       [39m
 [38;2;0;0;0m         [38;2;3;1;205m~[38;2;0;0;229m~[38;2;0;0;227m~[38;2;0;0;230m~[38;2;1;0;218m~  [38;2;0;0;217m`[38;2;0;0;227m~~~[38;2;0;0;229m~[38;2;1;0;215m`  [38;2;1;0;217m~[38;2;0;0;230m~[38;2;0;0;227m~[38;2;0;0;230m~[38;2;1;1;206m~          [39m
 [38;2;0;0;0m                                       [39m
 [38;2;0;0;0m                                       [39m
[?25h