[?25l[39m [38;2;0;0;0m             [38;2;3;2;184m_[38;2;0;0;229m_[38;2;0;0;225m_[38;2;1;1;211my[38;2;0;0;217ma[38;2;0;0;225ma[38;2;0;0;224ma[38;2;0;0;222my[38;2;1;1;211my[38;2;0;0;225m_[38;2;0;0;228m_               [39m
 [38;2;0;0;0m          [38;2;0;0;225m_[38;2;1;0;214ma[38;2;0;0;219m#[38;2;0;0;210mF[38;2;0;0;226m~[38;2;0;0;219m~[38;2;215;215;215m_[38;2;245;245;245m_[38;2;147;147;147myy[38;2;245;245;245m_[38;2;215;215;215m_[38;2;0;0;219m~[38;2;0;0;226m~[38;2;0;0;227m~[38;2;0;0;215m@[38;2;0;0;218my[38;2;0;0;225m_           [39m
 [38;2;0;0;0m        [38;2;0;0;226m_[38;2;0;0;228ma[38;2;0;0;210mF[38;2;1;0;218m`[38;2;156;156;156my[38;2;219;219;219ma[38;2;231;231;231m$[38;2;251;251;251m@@[38;2;252;252;252m@@@@[38;2;251;251;251m@@[38;2;226;226;226m@[38;2;210;210;210mg[38;2;147;147;147my[38;2;1;0;218m`[38;2;0;0;225m~[38;2;0;0;219m@[38;2;0;0;226m_         [39m
 [38;2;0;0;0m       [38;2;0;0;222mg[38;2;0;0;225mF [38;2;193;193;193my[38;2;231;231;231m@[38;2;251;251;251m@[38;2;252;252;252m@@@@@@@@@@@@@[38;2;240;240;240m@[38;2;187;187;187my [38;2;0;0;218m?[38;2;0;0;222mg        [39m
 [38;2;0;0;0m      [38;2;0;0;228mg[38;2;0;0;205mF [38;2;229;229;229mg[38;2;251;251;251m@[38;2;252;252;252m@@@@@@@@@@@@@@@@[38;2;251;251;251m@[38;2;203;203;203m@ [38;2;0;0;213m~[38;2;0;0;226m$       [39m
 [38;2;0;0;0m     [38;2;0;0;211mj[38;2;0;0;227mF [38;2;211;211;211mg[38;2;251;251;251m@@[38;2;224;224;224mF[38;2;151;151;151m5[38;2;195;195;195m@[38;2;250;250;250m@[38;2;252;252;252m@@@@@[38;2;232;232;232m@[38;2;185;185;185mFP[38;2;231;231;231m@[38;2;251;251;251m@[38;2;252;252;252m@@@[38;2;251;251;251m@[38;2;191;191;191m@ [38;2;0;0;217m?[38;2;0;0;220ml      [39m
 [38;2;0;0;0m     [38;2;0;0;219m@  [38;2;246;246;246m@[38;2;252;252;252m@[38;2;251;251;251m@[38;2;225;225;225mg[38;2;169;169;169my[38;2;105;105;105m_[38;2;108;108;108m`[38;2;228;228;228m~[38;2;176;176;176mP[38;2;244;244;244m@[38;2;252;252;252m@@[38;2;242;242;242m@[38;2;216;216;216my[38;2;241;241;241m_ [38;2;123;123;123m~[38;2;247;247;247m~[38;2;179;179;179m@[38;2;251;251;251m@[38;2;252;252;252m@[38;2;250;250;250m@  [38;2;0;0;226m$      [39m
 [38;2;0;0;0m     [38;2;0;0;226m@  [38;2;249;249;249m@[38;2;252;252;252m@[38;2;251;251;251m@[38;2;219;219;219m@[38;2;208;208;208mF[38;2;207;207;207m~ [38;2;171;171;171m_[38;2;187;187;187my[38;2;220;220;220m@[38;2;252;252;252m@@[38;2;250;250;250m@[38;2;182;182;182m@[38;2;167;167;167mF[38;2;107;107;107m~ [38;2;234;234;234m_[38;2;188;188;188mg[38;2;250;250;250m@[38;2;252;252;252m@[38;2;251;251;251m@  [38;2;0;0;226m@      [39m
 [38;2;0;0;0m     [38;2;0;0;226m@  [38;2;249;249;249m@[38;2;252;252;252m@[38;2;251;251;251m@[38;2;186;186;186my[38;2;163;163;163my[38;2;208;208;208mg[38;2;225;225;225m@[38;2;251;251;251m@[38;2;252;252;252m@@@@[38;2;217;217;217m@[38;2;154;154;154my[38;2;191;191;191my[38;2;239;239;239mg[38;2;245;245;245m@[38;2;251;251;251m@[38;2;252;252;252m@@@[38;2;251;251;251m@  [38;2;0;0;226m@      [39m
 [38;2;0;0;0m     [38;2;0;0;226m@  [38;2;249;249;249m@[38;2;252;252;252m@@@@@@@@@@@@@@@@@@@@[38;2;251;251;251m@  [38;2;0;0;226m@      [39m
 [38;2;0;0;0m     [38;2;0;0;226m@  [38;2;249;249;249m@[38;2;252;252;252m@@@@@@@@@@@@@@@@@@@@[38;2;251;251;251m@  [38;2;0;0;226m@      [39m
 [38;2;0;0;0m     [38;2;0;0;226m@  [38;2;249;249;249m@[38;2;252;252;252m@@@@@@@@@@@@@@@@@@@@[38;2;251;251;251m@  [38;2;0;0;227m@      [39m
 [38;2;0;0;0m     [38;2;0;0;226m@  [38;2;249;249;249m@[38;2;252;252;252m@@@@@@@@@@@@@@@@@@@@[38;2;251;251;251m@  [38;2;0;0;227m@      [39m
 [38;2;0;0;0m     [38;2;0;0;226m@  [38;2;248;248;248m@[38;2;252;252;252m@@@@@@@@@@@@@@@@@@@@[38;2;250;250;250m@  [38;2;0;0;226m@      [39m
 [38;2;0;0;0m     [38;2;1;0;214m4[38;2;0;0;218m$ [38;2;153;153;153m7[38;2;230;230;230m@[38;2;251;251;251m@[38;2;252;252;252m@[38;2;251;251;251m@[38;2;235;235;235m@[38;2;216;216;216mP[38;2;199;199;199mP[38;2;219;219;219m@[38;2;251;251;251m@@[38;2;252;252;252m@[38;2;249;249;249m@[38;2;185;185;185m@[38;2;208;208;208mF[38;2;210;210;210mR[38;2;250;250;250m@[38;2;251;251;251m@@@[38;2;220;220;220m@[38;2;166;166;166mF [38;2;0;0;221mg[38;2;0;0;225mF      [39m
 [38;2;0;0;0m      [38;2;1;0;214m4[38;2;0;0;226m@[38;2;0;0;219my[38;2;0;0;227m_[38;2;201;201;201m`[38;2;180;180;180m~[38;2;104;104;104m~[38;2;0;0;228m_[38;2;0;0;213ma[38;2;0;0;218mg[38;2;0;0;226m_[38;2;176;176;176m`~[38;2;154;154;154m~[38;2;0;0;228m_[38;2;0;0;226m_[38;2;0;0;228mg[38;2;0;0;226m_[38;2;0;0;227m_[38;2;149;149;149m~[38;2;182;182;182m~[38;2;171;171;171m`[38;2;0;0;226m_[38;2;0;0;222ma[38;2;0;0;224m@[38;2;0;0;226mF       [39m
 [38;2;0;0;0m       [38;2;0;0;220m`[38;2;0;0;225m~[38;2;0;0;222m4[38;2;0;0;225m@[38;2;0;0;228m@[38;2;0;0;225m@[38;2;0;0;222mP[38;2;0;0;226m~~[38;2;0;0;229m=[38;2;0;0;223m@[38;2;0;0;228m@@[38;2;0;0;218mR[38;2;1;0;221m=[38;2;0;0;226m~[38;2;0;0;225m=[38;2;0;0;220mR[38;2;0;0;228m@@[38;2;0;0;222m@[38;2;0;0;218mP[38;2;0;0;225m~[38;2;2;1;197m~        [39m
 [38;2;0;0;0m                                       [39m
 [38;2;0;0;0m                                       [39m
[?25h