[?25l[39m [38;2;0;0;0m                [38;2;1;0;205m_[38;2;0;0;232m_[38;2;0;0;233m_[38;2;0;0;234m__[38;2;2;0;206m_                 [39m
 [38;2;0;0;0m           [38;2;0;0;220m_[38;2;0;0;225m_[38;2;0;0;226mg[38;2;0;0;221m@[38;2;0;0;227m@[38;2;0;0;228m@[38;2;0;0;217m@[38;2;0;0;219mRR[38;2;0;0;217m@[38;2;0;0;228m@[38;2;0;0;227m@[38;2;0;0;223m@[38;2;0;0;226mg[38;2;0;0;225m_[38;2;0;0;219m_            [39m
 [38;2;0;0;0m         [38;2;0;0;230m_[38;2;0;0;227mg[38;2;0;0;226m@[38;2;0;0;221m=[38;2;0;0;227m~[38;2;113;113;113m_[38;2;249;249;249m_[38;2;178;178;178my[38;2;199;199;199my[38;2;209;209;209myy[38;2;199;199;199my[38;2;178;178;178my[38;2;250;250;250m_[38;2;113;113;113m_[38;2;0;0;227m~[38;2;0;0;220m=[38;2;0;0;226m@[38;2;0;0;220m@[38;2;0;0;230m_          [39m
 [38;2;0;0;0m       [38;2;0;0;218m_[38;2;0;0;220m@[38;2;0;0;227mP[38;2;0;0;222m~[38;2;169;169;169m_[38;2;187;187;187mg[38;2;219;219;219m@[38;2;252;252;252m@@@@@@@@@[38;2;251;251;251m@[38;2;227;227;227m@[38;2;187;187;187mg[38;2;169;169;169m_[38;2;0;0;219m~[38;2;0;0;228m4[38;2;0;0;224m@[38;2;0;0;217m_        [39m
 [38;2;0;0;0m      [38;2;0;0;214mj[38;2;0;0;229m@[38;2;0;0;222m~[38;2;89;89;89m_[38;2;216;216;216mg[38;2;251;251;251m@[38;2;252;252;252m@@@@@@@@@@@@@@[38;2;251;251;251m@[38;2;216;216;216mg[38;2;89;89;89m_[38;2;0;0;218m~[38;2;0;0;228m@[38;2;0;0;224m_       [39m
 [38;2;0;0;0m      [38;2;0;0;231m@[38;2;1;1;205m'[38;2;107;107;107m_[38;2;224;224;224m@[38;2;252;252;252m@[38;2;251;251;251m@@[38;2;252;252;252m@@@@@@@@@@@@@@@[38;2;238;238;238m@[38;2;108;108;108m_[38;2;2;2;190m`[38;2;0;0;229m@[38;2;0;0;233m,      [39m
 [38;2;0;0;0m     [38;2;0;0;215mgF [38;2;208;208;208m$[38;2;252;252;252m@[38;2;251;251;251m@[38;2;212;212;212m~[38;2;173;173;173m~[38;2;176;176;176mT[38;2;181;181;181m@[38;2;250;250;250m@[38;2;252;252;252m@@@@@@@@@@@@@[38;2;220;220;220m@ [38;2;0;0;199m?[38;2;0;0;218m$      [39m
 [38;2;0;0;0m     [38;2;0;0;225m@  [38;2;249;249;249m@[38;2;252;252;252m@@[38;2;248;248;248m@[38;2;234;234;234mg[38;2;154;154;154mw  [38;2;208;208;208m~[38;2;205;205;205m@[38;2;251;251;251m@[38;2;220;220;220m@[38;2;250;250;250m~[38;2;249;249;249m~~~~~[38;2;251;251;251m~[38;2;217;217;217m@[38;2;252;252;252m@[38;2;251;251;251m@  [38;2;0;0;226m@      [39m
 [38;2;0;0;0m     [38;2;0;0;225m@  [38;2;249;249;249m@[38;2;252;252;252m@[38;2;251;251;251m@[38;2;212;212;212mF[38;2;202;202;202m~ [38;2;201;201;201m_[38;2;195;195;195my[38;2;243;243;243mg[38;2;249;249;249m@[38;2;252;252;252m@[38;2;251;251;251m@[38;2;250;250;250mg[38;2;248;248;248mggggg[38;2;250;250;250mg@[38;2;252;252;252m@[38;2;251;251;251m@  [38;2;0;0;227m@      [39m
 [38;2;0;0;0m     [38;2;0;0;225m@  [38;2;249;249;249m@[38;2;252;252;252m@[38;2;251;251;251m@[38;2;239;239;239mg[38;2;226;226;226mg[38;2;233;233;233m@[38;2;251;251;251m@[38;2;252;252;252m@@@@@@@@@@@@@@[38;2;251;251;251m@  [38;2;0;0;227m@      [39m
 [38;2;0;0;0m     [38;2;0;0;225m@  [38;2;249;249;249m@[38;2;252;252;252m@@@@@@@@@@@@@@@@@@@@[38;2;251;251;251m@  [38;2;0;0;227m@      [39m
 [38;2;0;0;0m     [38;2;0;0;225m@  [38;2;249;249;249m@[38;2;252;252;252m@@@@@@@@@@@@@@@@@@@@[38;2;251;251;251m@  [38;2;0;0;226m@      [39m
 [38;2;0;0;0m     [38;2;0;0;225m@  [38;2;249;249;249m@[38;2;252;252;252m@@@@@@@@@@@@@@@@@@@@[38;2;251;251;251m@  [38;2;0;0;227m@      [39m
 [38;2;0;0;0m     [38;2;0;0;220m@  [38;2;244;244;244m@[38;2;252;252;252m@@@@@@@@@@@@@@@@@@@@[38;2;249;249;249m@  [38;2;0;0;223m@      [39m
 [38;2;0;0;0m     [38;2;1;1;211m`[38;2;0;0;223m@[38;2;0;0;214m,[38;2;161;161;161m~[38;2;182;182;182m@[38;2;249;249;249m@[38;2;251;251;251m@@[38;2;217;217;217m@[38;2;204;204;204mF[38;2;175;175;175mT[38;2;180;180;180m#[38;2;242;242;242m@[38;2;251;251;251m@@[38;2;242;242;242m@[38;2;214;214;214mP[38;2;163;163;163mF[38;2;154;154;154m5[38;2;210;210;210m@[38;2;251;251;251m@@[38;2;250;250;250m@[38;2;197;197;197m@[38;2;186;186;186m~[38;2;1;0;190m_[38;2;0;0;232ma'      [39m
 [38;2;0;0;0m      [38;2;0;1;214m`[38;2;0;0;219m4[38;2;0;0;225ma_[38;2;0;0;227m_[38;2;114;114;114m`[38;2;0;0;228m_[38;2;0;0;225m_[38;2;0;0;224ma[38;2;0;0;227ma[38;2;0;0;215my[38;2;0;0;227m_[38;2;0;0;229m__[38;2;0;0;227m_[38;2;0;0;215my[38;2;0;0;227ma[38;2;0;0;221mg[38;2;0;0;225m_[38;2;0;0;229m_[38;2;115;115;115m`[38;2;0;0;227m_[38;2;0;0;225m_[38;2;0;0;227ma[38;2;0;0;223mP[38;2;0;0;229m'       [39m
 [38;2;0;0;0m         [38;2;0;0;217m~[38;2;0;0;228m~[38;2;0;0;224m~[38;2;0;0;227m~[38;2;0;0;225m~  [38;2;0;0;227m`[38;2;0;0;229m~[38;2;0;0;225m~~[38;2;0;0;230m~[38;2;0;0;226m`  [38;2;0;0;223m~[38;2;0;0;227m~[38;2;0;0;225m~[38;2;0;0;228m~[38;2;0;0;219m~          [39m
 [38;2;0;0;0m                                       [39m
 [38;2;0;0;0m                                       [39m
[?25h