[?25l[39m [38;2;0;0;0m                                       [39m
 [38;2;0;0;0m            [38;2;0;0;226m_[38;2;0;0;225m_[38;2;0;0;220mg[38;2;0;0;228ma[38;2;0;0;216m#[38;2;0;0;229m=[38;2;0;0;230m==[38;2;0;0;229m=[38;2;0;0;215m#[38;2;0;0;228ma[38;2;0;0;221mg[38;2;0;0;225m__             [39m
 [38;2;0;0;0m         [38;2;1;0;205m_[38;2;1;0;215ma[38;2;0;0;212m@[38;2;0;0;225m~[38;2;0;0;223m~[38;2;213;213;213m_[38;2;174;174;174my[38;2;206;206;206my[38;2;205;205;205ma[38;2;221;221;221mgg[38;2;197;197;197mg[38;2;206;206;206my[38;2;173;173;173my[38;2;211;211;211m_[38;2;0;0;222m~[38;2;0;0;226m~[38;2;0;0;220mR[38;2;0;0;217my[38;2;1;1;205m_          [39m
 [38;2;0;0;0m        [38;2;0;0;220mg[38;2;0;0;223mP[38;2;0;0;200m~[38;2;138;138;138my[38;2;224;224;224mg[38;2;241;241;241m@[38;2;251;251;251m@[38;2;252;252;252m@@@@@@@@[38;2;251;251;251m@[38;2;246;246;246m@[38;2;224;224;224mg_[38;2;0;0;222m`[38;2;0;0;220m4[38;2;0;0;221mg[38;2;2;1;206m,        [39m
 [38;2;0;0;0m      [38;2;2;1;196m_[38;2;0;0;224m@[38;2;1;0;204m~[38;2;134;134;134m_[38;2;240;240;240mg[38;2;251;251;251m@[38;2;252;252;252m@@@@@@@@@@@@@@[38;2;251;251;251m@[38;2;205;205;205m@[38;2;135;135;135m_[38;2;0;0;207m"[38;2;0;0;224m@[38;2;0;0;233m,       [39m
 [38;2;0;0;0m      [38;2;0;0;230m@[38;2;1;0;193m'[38;2;106;106;106my[38;2;240;240;240m@[38;2;252;252;252m@@@[38;2;251;251;251m@@@[38;2;252;252;252m@@@@@@[38;2;251;251;251m@@@[38;2;252;252;252m@@@[38;2;247;247;247m@[38;2;134;134;135m_ [38;2;0;0;227m@[38;2;0;0;207m,      [39m
 [38;2;0;0;0m     [38;2;1;0;207mg[38;2;0;0;207mF [38;2;220;220;220m$[38;2;252;252;252m@[38;2;251;251;251m@[38;2;180;180;180m@[38;2;241;241;241m~[38;2;247;247;247m_[38;2;185;185;185my[38;2;131;131;131mZ[38;2;243;243;243m~[38;2;199;199;199m@[38;2;251;251;251m@[38;2;252;252;252m@[38;2;230;230;230m@[38;2;179;179;179mF[38;2;250;250;250m_[38;2;181;181;181my[38;2;174;174;174my[38;2;222;222;222m~[38;2;180;180;180mM[38;2;251;251;251m@[38;2;252;252;252m@[38;2;230;230;230m@ [38;2;2;0;204m`[38;2;0;0;212m$      [39m
 [38;2;0;0;0m     [38;2;0;0;224m@  [38;2;250;250;250m@[38;2;251;251;251m@[38;2;177;177;177m@[38;2;72;72;72mu[38;2;214;214;214mF[38;2;71;71;71m`[38;2;151;151;151my [38;2;194;194;194m$ [38;2;226;226;226m@[38;2;243;243;243m@[38;2;74;74;74m~[38;2;174;174;174m$[38;2;118;118;118m~[38;2;166;166;166my[38;2;160;160;160m`[38;2;133;133;133m4[38;2;90;90;90mL[38;2;172;172;172m3[38;2;251;251;251m@@  [38;2;0;0;228m$      [39m
 [38;2;0;0;0m     [38;2;0;0;226m@  [38;2;249;249;249m@[38;2;252;252;252m@[38;2;205;205;205m@ [38;2;159;159;159m$[38;2;238;238;238m_[38;2;244;244;244m_[38;2;145;145;145my[38;2;238;238;238m_[38;2;206;206;206my[38;2;249;249;249m@@[38;2;137;137;137m_[38;2;176;176;176m4[38;2;152;152;152my[38;2;235;235;235m_[38;2;163;163;163my[38;2;234;234;234m_[38;2;165;165;165my[38;2;216;216;216m@[38;2;252;252;252m@[38;2;251;251;251m@  [38;2;0;0;226m@      [39m
 [38;2;0;0;0m     [38;2;0;0;226m@  [38;2;249;249;249m@[38;2;252;252;252m@@[38;2;233;233;233m@[38;2;220;220;220my[38;2;177;177;177my[38;2;165;165;165my[38;2;186;186;186my[38;2;249;249;249m@[38;2;252;252;252m@@@[38;2;250;250;250m@[38;2;227;227;227mg[38;2;189;189;189my[38;2;167;167;167my[38;2;168;168;168my[38;2;220;220;220m$[38;2;251;251;251m@[38;2;252;252;252m@@[38;2;251;251;251m@  [38;2;0;0;226m@      [39m
 [38;2;0;0;0m     [38;2;0;0;226m@  [38;2;249;249;249m@[38;2;252;252;252m@@@@@@@@@@@@@@@@@@@@[38;2;251;251;251m@  [38;2;0;0;226m@      [39m
 [38;2;0;0;0m     [38;2;0;0;226m@  [38;2;249;249;249m@[38;2;252;252;252m@@@@@@@@@@@@@@@@@@@@[38;2;251;251;251m@  [38;2;0;0;227m@      [39m
 [38;2;0;0;0m     [38;2;0;0;226m@  [38;2;249;249;249m@[38;2;252;252;252m@@@@@@@@@@@@@@@@@@@@[38;2;251;251;251m@  [38;2;0;0;227m@      [39m
 [38;2;0;0;0m     [38;2;0;0;226m@  [38;2;249;249;249m@[38;2;252;252;252m@@@@@@@@@@@@@@@@@@@@[38;2;251;251;251m@  [38;2;0;0;227m@      [39m
 [38;2;0;0;0m     [38;2;0;0;221m@  [38;2;245;245;245m@[38;2;252;252;252m@@@@@@@@@@@@@@@@@@@@[38;2;249;249;249m@  [38;2;0;0;223m@      [39m
 [38;2;0;0;0m     [38;2;1;0;212m`[38;2;0;0;223m@[38;2;0;0;214m,[38;2;163;163;163m~[38;2;190;190;190m@[38;2;251;251;251m@[38;2;252;252;252m@@[38;2;222;222;222m@[38;2;206;206;206mF[38;2;176;176;176mF[38;2;181;181;181mR[38;2;243;243;243m@[38;2;252;252;252m@@[38;2;243;243;243m@[38;2;168;168;168m@[38;2;180;180;180mF[38;2;185;185;185mF[38;2;216;216;216m@[38;2;252;252;252m@@[38;2;251;251;251m@[38;2;204;204;204m@[38;2;190;190;190m~[38;2;1;1;189m_[38;2;0;0;229mg[38;2;2;1;194mF      [39m
 [38;2;0;0;0m      [38;2;0;0;218m`[38;2;0;0;225m4[38;2;0;0;227mg_[38;2;0;0;225m_[38;2;133;133;133m`[38;2;0;0;226m_[38;2;0;0;225m_[38;2;0;0;223ma[38;2;0;0;227ma[38;2;0;0;211my[38;2;0;0;225m_[38;2;122;122;122m``[38;2;0;0;226m_[38;2;0;0;211my[38;2;0;0;226ma[38;2;0;0;220mg[38;2;0;0;225m_[38;2;0;0;226m_[38;2;135;135;135m`[38;2;0;0;225m_[38;2;0;0;227m_g[38;2;0;0;228mP[38;2;1;1;203m~       [39m
 [38;2;0;0;0m        [38;2;4;2;190m`[38;2;0;0;224m~[38;2;0;0;226m~~[38;2;0;0;227m~~[38;2;2;0;211m` [38;2;2;1;207m~[38;2;0;0;226m~[38;2;0;0;227m~~~[38;2;2;0;208m~ [38;2;2;0;207m`[38;2;0;0;224m~[38;2;0;0;227m~[38;2;0;0;226m~~[38;2;0;0;225m~[38;2;3;2;194m`         [39m
 [38;2;0;0;0m                                       [39m
[?25h