[?25l[39m [38;2;0;0;0m              [38;2;0;0;229m_[38;2;0;0;226m_[38;2;1;1;209my[38;2;0;0;215ma[38;2;0;0;222mg[38;2;0;0;223mg[38;2;0;0;222my[38;2;0;0;212my[38;2;0;0;227m__[38;2;1;2;197m_              [39m
 [38;2;0;0;0m          [38;2;1;0;214m_[38;2;0;0;213my[38;2;0;0;228ma[38;2;0;0;223mP[38;2;0;0;225m~[38;2;0;0;228m~[38;2;79;79;79m_[38;2;221;221;221m_[38;2;237;237;237m_[38;2;238;238;238m_[38;2;232;232;232m_[38;2;136;136;136m_[38;2;0;0;227m~[38;2;0;0;226m~[38;2;0;0;224m=[38;2;0;0;221m@[38;2;0;0;217mg[38;2;0;0;229m_           [39m
 [38;2;0;0;0m        [38;2;0;0;212m_[38;2;0;0;227mg[38;2;0;0;224mP~[38;2;188;188;188m_[38;2;203;203;203my[38;2;249;249;249mg[38;2;244;244;244m@[38;2;251;251;251m@@[38;2;252;252;252m@@@[38;2;251;251;251m@@[38;2;228;228;228m$[38;2;197;197;197mg[38;2;140;140;140my[38;2;0;0;226m`[38;2;0;0;225m~[38;2;0;0;223m@[38;2;0;0;230m_         [39m
 [38;2;0;0;0m       [38;2;0;0;211my[38;2;0;0;229mP[38;2;0;0;211m'[38;2;131;131;131my[38;2;240;240;240mg[38;2;251;251;251m@[38;2;252;252;252m@@@@@@@@@@@@@[38;2;242;242;242m@[38;2;198;198;198my [38;2;0;0;226m~[38;2;0;0;225m$[38;2;0;0;220m,       [39m
 [38;2;0;0;0m      [38;2;0;0;228mj[38;2;0;0;231mF [38;2;178;178;178mg[38;2;250;250;250m@[38;2;252;252;252m@@@@@@@@@@@@@@@@@[38;2;221;221;221m@[38;2;95;95;95m_[38;2;1;0;203m"[38;2;0;0;228m@[38;2;0;0;209m,      [39m
 [38;2;0;0;0m      [38;2;0;0;229m@ [38;2;157;157;157my[38;2;251;251;251m@[38;2;252;252;252m@@@@@@@@@@@@@@@@@@@[38;2;227;227;227m@ [38;2;0;0;207m"[38;2;0;0;220m$      [39m
 [38;2;0;0;0m     [38;2;1;1;205m4[38;2;1;0;212m[ [38;2;219;219;219m$[38;2;252;252;252m@@@@@@@@@@@@@@@@@@@@[38;2;251;251;251m@[38;2;138;138;138mL [38;2;0;0;236m$      [39m
 [38;2;0;0;0m     [38;2;1;0;211m4[38;2;1;0;205m[ [38;2;232;232;232m$[38;2;252;252;252m@@@@@@@@@@@@@@@@@@@@[38;2;251;251;251m@[38;2;93;93;93m$ [38;2;0;0;235m$      [39m
 [38;2;0;0;0m     [38;2;1;0;211m4[38;2;1;0;205m[ [38;2;232;232;232m$[38;2;252;252;252m@@@@@@@@@@@@@@@@@@@@[38;2;251;251;251m@[38;2;144;144;144mF [38;2;0;0;236m$      [39m
 [38;2;0;0;0m     [38;2;1;0;212m4[38;2;0;0;204m[ [38;2;233;233;233m$[38;2;252;252;252m@@@@@@@@@@@@@@@@@@@@[38;2;251;251;251m@[38;2;141;141;141mF [38;2;0;0;236m$      [39m
 [38;2;0;0;0m     [38;2;1;0;213m4[38;2;0;0;201m[ [38;2;221;221;221m@[38;2;252;252;252m@@@@@@@@@@@@@@@@@@@@@[38;2;136;136;137mF [38;2;0;0;236m$      [39m
 [38;2;0;0;0m     [38;2;0;0;215m4[38;2;0;0;197m[ [38;2;227;227;227m@[38;2;252;252;252m@@@@@@@@@@@@@@@@@@@@@[38;2;125;125;125mF [38;2;0;0;236m$      [39m
 [38;2;0;0;0m     [38;2;0;0;219m4[38;2;0;0;192m[ [38;2;234;234;234m@[38;2;252;252;252m@@@@@@@@@@@@@@@@@@@@[38;2;251;251;251m@[38;2;123;123;123mL [38;2;0;0;232m@      [39m
 [38;2;0;0;0m     [38;2;0;0;221m4[38;2;0;0;197m[ [38;2;224;224;224m@[38;2;252;252;252m@@@@@@@@@@@@@@@@@@@@[38;2;249;249;249m@[38;2;76;76;77m~ [38;2;0;0;228m@      [39m
 [38;2;0;0;0m     [38;2;1;1;208m`[38;2;0;0;228m@[38;2;0;0;223m_[38;2;171;171;171m`[38;2;177;177;177m#[38;2;237;237;237m@[38;2;248;248;248m@[38;2;233;233;233m@[38;2;225;225;225mF[38;2;252;252;252m~~[38;2;187;187;187mA[38;2;239;239;239m@[38;2;249;249;249m@[38;2;245;245;245m@[38;2;188;188;188m@[38;2;168;168;168mF[38;2;252;252;252m~[38;2;150;150;150m5[38;2;213;213;213m@[38;2;248;248;248m@@[38;2;222;222;222m@[38;2;212;212;212mF[38;2;171;171;171m~[38;2;0;0;211m_[38;2;0;0;229mg[38;2;0;1;209mF      [39m
 [38;2;0;0;0m      [38;2;0;0;219m`[38;2;0;0;224m4[38;2;0;0;218m@[38;2;0;0;216my[38;2;0;0;226m___[38;2;0;0;216ma[38;2;0;0;218m@[38;2;0;0;227mg[38;2;0;0;215my[38;2;0;0;226m___[38;2;0;0;209my[38;2;0;0;226mg[38;2;0;0;227m@[38;2;0;0;221mg[38;2;0;0;226m____[38;2;0;0;221ma[38;2;0;0;224m@[38;2;0;0;226mP[38;2;0;1;210m~       [39m
 [38;2;0;0;0m        [38;2;3;2;198m`[38;2;0;0;230m~[38;2;0;0;225m~~~[38;2;0;0;222m~ [38;2;3;2;197m`[38;2;0;0;227m~[38;2;0;0;225m~~~[38;2;0;0;231m~[38;2;0;0;215m` [38;2;1;1;212m~[38;2;0;0;226m~[38;2;0;0;225m~~~[38;2;1;0;215m~          [39m
 [38;2;0;0;0m                                       [39m
 [38;2;0;0;0m                                       [39m
[?25h