[?25l[39m [38;2;0;0;0m               [38;2;0;0;226m_[38;2;0;0;227m_[38;2;0;0;224m_[38;2;0;0;226m_[38;2;0;0;225m__[38;2;0;0;226m_[38;2;0;0;228m_                [39m
 [38;2;0;0;0m           [38;2;0;0;228m_[38;2;0;0;219mg[38;2;1;0;211m@[38;2;0;0;224m=[38;2;0;0;225m~[38;2;0;0;228m~~[38;2;0;0;222m~~[38;2;0;0;228m~~[38;2;0;0;225m~[38;2;0;0;223m=[38;2;0;0;214m@[38;2;0;0;219mg[38;2;0;0;228m_            [39m
 [38;2;0;0;0m         [38;2;1;0;214ma[38;2;0;0;228mP~[38;2;111;111;111m_[38;2;177;177;177my[38;2;221;221;221ma[38;2;220;220;220m$[38;2;246;246;246m@[38;2;251;251;251m@@@@[38;2;248;248;248m@[38;2;226;226;226m$[38;2;211;211;211mg[38;2;173;173;173my[38;2;111;111;111m_[38;2;0;0;225m~[38;2;0;0;219mR[38;2;0;0;220my[38;2;1;1;213m,         [39m
 [38;2;0;0;0m       [38;2;0;0;231m_[38;2;0;0;215m@[38;2;0;0;207m~[38;2;186;186;186m_[38;2;231;231;231mg[38;2;250;250;250m@[38;2;252;252;252m@@@@@@@@@@@@[38;2;251;251;251m@[38;2;231;231;231mg[38;2;186;186;186m_[38;2;0;0;202m~[38;2;0;0;223m#[38;2;0;0;230m_        [39m
 [38;2;0;0;0m      [38;2;1;0;210mg[38;2;0;0;229mF [38;2;183;183;183mg[38;2;250;250;250m@[38;2;252;252;252m@@@@@@@@@@@@@@@@[38;2;251;251;251m@[38;2;179;179;179mg [38;2;0;0;208m4[38;2;1;0;210mg       [39m
 [38;2;0;0;0m     [38;2;2;1;190mj[38;2;0;0;216m@ [38;2;173;173;173mg[38;2;251;251;251m@[38;2;252;252;252m@[38;2;193;193;193m@[38;2;198;198;198mA[38;2;240;240;240m@[38;2;251;251;251m@[38;2;252;252;252m@@@@@@@@@@@@@[38;2;251;251;251m@[38;2;146;146;146m@ [38;2;0;0;218mR[38;2;1;1;207mi      [39m
 [38;2;0;0;0m     [38;2;0;0;221mg[38;2;1;1;194m' [38;2;239;239;239m@[38;2;252;252;252m@[38;2;251;251;251m@[38;2;210;210;210my[38;2;225;225;225m_ [38;2;155;155;155m~[38;2;178;178;178mT[38;2;186;186;186m@[38;2;252;252;252m@@[38;2;251;251;251m@[38;2;205;205;205m@[38;2;218;218;218mRRRRR[38;2;206;206;206m@[38;2;251;251;251m@[38;2;252;252;252m@[38;2;247;247;247m@  [38;2;0;0;223m$      [39m
 [38;2;0;0;0m     [38;2;0;0;226m@  [38;2;249;249;249m@[38;2;252;252;252m@@[38;2;247;247;247m@[38;2;179;179;179m@[38;2;145;145;145mF  [38;2;134;134;134my[38;2;202;202;202m@[38;2;251;251;251m@[38;2;221;221;221m@[38;2;141;141;141my[38;2;253;253;253m_____[38;2;152;152;152my[38;2;214;214;214m@[38;2;252;252;252m@[38;2;251;251;251m@  [38;2;0;0;226m@      [39m
 [38;2;0;0;0m     [38;2;0;0;226m@  [38;2;249;249;249m@[38;2;252;252;252m@[38;2;251;251;251m@[38;2;235;235;235m_[38;2;220;220;220m_[38;2;192;192;192my[38;2;240;240;240mg[38;2;245;245;245m@[38;2;251;251;251m@[38;2;252;252;252m@@@@@@@@@@@@[38;2;251;251;251m@  [38;2;0;0;226m@      [39m
 [38;2;0;0;0m     [38;2;0;0;226m@  [38;2;249;249;249m@[38;2;252;252;252m@@@[38;2;251;251;251m@[38;2;252;252;252m@@@@@@@@@@@@@@@@[38;2;251;251;251m@  [38;2;0;0;226m@      [39m
 [38;2;0;0;0m     [38;2;0;0;226m@  [38;2;249;249;249m@[38;2;252;252;252m@@@@@@@@@@@@@@@@@@@@[38;2;251;251;251m@  [38;2;0;0;226m@      [39m
 [38;2;0;0;0m     [38;2;0;0;226m@  [38;2;249;249;249m@[38;2;252;252;252m@@@@@@@@@@@@@@@@@@@@[38;2;251;251;251m@  [38;2;0;0;227m@      [39m
 [38;2;0;0;0m     [38;2;0;0;226m@  [38;2;249;249;249m@[38;2;252;252;252m@@@@@@@@@@@@@@@@@@@@[38;2;251;251;251m@  [38;2;0;0;227m@      [39m
 [38;2;0;0;0m     [38;2;0;0;225m@  [38;2;249;249;249m@[38;2;252;252;252m@@@@@@@@@@@@@@@@@@@@[38;2;251;251;251m@  [38;2;0;0;226m@      [39m
 [38;2;0;0;0m     [38;2;0;0;219m@, [38;2;231;231;231m@[38;2;252;252;252m@@@@@@@@@@@@@@@@@@@@[38;2;243;243;243m@ [38;2;0;0;183mj[38;2;0;0;222m@      [39m
 [38;2;0;0;0m     [38;2;1;1;212m`[38;2;0;0;228m@[38;2;0;0;230m_[38;2;143;143;143m`[38;2;158;158;158m5[38;2;207;207;207m@[38;2;232;232;232m@[38;2;221;221;221m@[38;2;208;208;208mP[38;2;243;243;243m~[38;2;227;227;227m~[38;2;249;249;249m~[38;2;180;180;180m@[38;2;229;229;229m@[38;2;230;230;230m@[38;2;188;188;188m@[38;2;178;178;178mF[38;2;228;228;228m~[38;2;240;240;240m~[38;2;176;176;176mA[38;2;219;219;219m@[38;2;232;232;232m@[38;2;213;213;213m@[38;2;215;215;215mF[38;2;154;154;154m`[38;2;0;0;229m_[38;2;0;0;225m@[38;2;0;0;232m'      [39m
 [38;2;0;0;0m      [38;2;1;1;214m`[38;2;0;0;217m4[38;2;0;0;226m@[38;2;0;0;225mg[38;2;0;0;204my[38;2;0;0;227m__[38;2;0;0;222ma[38;2;0;0;226mg[38;2;0;0;227m@g[38;2;0;0;214my[38;2;0;0;227m__[38;2;0;0;214my[38;2;0;0;227mg[38;2;0;0;228m@[38;2;0;0;220m@[38;2;0;0;219mg[38;2;0;0;227m__[38;2;0;0;203my[38;2;0;0;224mg[38;2;0;0;223m@[38;2;0;0;221mP[38;2;0;0;231m'       [39m
 [38;2;0;0;0m         [38;2;0;1;216m~[38;2;0;0;226m~[38;2;0;0;227m~~[38;2;0;0;224m~  [38;2;0;0;225m`~[38;2;0;0;227m~~~[38;2;0;0;226m`  [38;2;0;0;221m~[38;2;0;0;226m~~~[38;2;1;0;217m~          [39m
 [38;2;0;0;0m                                       [39m
[?25h