[?25l[39m [38;2;0;0;0m              [38;2;0;0;230m_[38;2;0;0;225m_[38;2;1;1;205my[38;2;0;0;218my[38;2;0;0;217maa[38;2;0;0;218my[38;2;1;1;205my[38;2;0;0;225m_[38;2;0;0;231m_               [39m
 [38;2;0;0;0m          [38;2;0;0;221m_[38;2;0;0;214my[38;2;0;0;224ms[38;2;0;0;221m=[38;2;0;0;226m~[38;2;0;0;224m~[38;2;183;183;183m_[38;2;238;238;238m_[38;2;248;248;248m__[38;2;238;238;238m_[38;2;182;182;182m_[38;2;0;0;223m~[38;2;0;0;227m~[38;2;0;0;221m=[38;2;0;0;215m@y[38;2;0;0;221m_           [39m
 [38;2;0;0;0m        [38;2;0;0;222m_[38;2;0;0;229ma[38;2;0;0;214mF[38;2;0;0;226m`[38;2;145;145;145my[38;2;197;197;197mg[38;2;224;224;224m$[38;2;251;251;251m@@[38;2;252;252;252m@@@@[38;2;251;251;251m@@[38;2;230;230;230m$[38;2;197;197;197mg[38;2;241;241;241m_[38;2;0;0;227m`[38;2;0;0;210m?[38;2;0;0;229ma[38;2;0;0;223m_         [39m
 [38;2;0;0;0m       [38;2;0;0;219mg[38;2;0;0;226mF [38;2;186;186;186my[38;2;223;223;223m@[38;2;251;251;251m@[38;2;252;252;252m@@@@@@@@@@@@[38;2;251;251;251m@[38;2;234;234;234m@[38;2;179;179;179my [38;2;0;0;196mN[38;2;0;0;220mg        [39m
 [38;2;0;0;0m      [38;2;0;0;226mg[38;2;0;0;210mF [38;2;224;224;224mg[38;2;251;251;251m@[38;2;252;252;252m@@@@@@@@@@@@@@@@[38;2;251;251;251m@[38;2;197;197;197m@ [38;2;0;0;217m~[38;2;0;0;224m$       [39m
 [38;2;0;0;0m     [38;2;1;0;209mj[38;2;0;0;228mF [38;2;208;208;208mg[38;2;251;251;251m@@[38;2;219;219;219m@[38;2;211;211;211m@[38;2;250;250;250m@[38;2;251;251;251m@[38;2;252;252;252m@@@@@@@@@@@@@[38;2;251;251;251m@[38;2;186;186;186m@ [38;2;0;0;218m?[38;2;0;0;222mi      [39m
 [38;2;0;0;0m     [38;2;0;0;218m@  [38;2;246;246;246m@[38;2;252;252;252m@[38;2;248;248;248m@[38;2;170;170;170my[38;2;116;116;116m_[38;2;98;98;98m`[38;2;211;211;211m~[38;2;173;173;173mF[38;2;194;194;194m@[38;2;252;252;252m@@@[38;2;216;216;216m@[38;2;207;207;207m@@@@@[38;2;217;217;217m@[38;2;251;251;251m@[38;2;252;252;252m@[38;2;250;250;250m@  [38;2;0;0;226m$      [39m
 [38;2;0;0;0m     [38;2;0;0;226m@  [38;2;249;249;249m@[38;2;252;252;252m@@[38;2;238;238;238m@[38;2;219;219;219mP[38;2;105;105;105mT  [38;2;223;223;223m_[38;2;195;195;195m$[38;2;252;252;252m@[38;2;219;219;219m@[38;2;253;253;253m_[38;2;254;254;254m_____[38;2;253;253;253m_[38;2;212;212;212m@[38;2;252;252;252m@[38;2;251;251;251m@  [38;2;0;0;226m@      [39m
 [38;2;0;0;0m     [38;2;0;0;226m@  [38;2;249;249;249m@[38;2;252;252;252m@[38;2;247;247;247m@[38;2;242;242;242m_[38;2;240;240;240m_[38;2;205;205;205my[38;2;244;244;244mg[38;2;245;245;245m@[38;2;251;251;251m@[38;2;252;252;252m@@@@@@@@@@@@[38;2;251;251;251m@  [38;2;0;0;226m@      [39m
 [38;2;0;0;0m     [38;2;0;0;226m@  [38;2;249;249;249m@[38;2;252;252;252m@@@@@@@@@@@@@@@@@@@@[38;2;251;251;251m@  [38;2;0;0;226m@      [39m
 [38;2;0;0;0m     [38;2;0;0;226m@  [38;2;249;249;249m@[38;2;252;252;252m@@@@@@@@@@@@@@@@@@@@[38;2;251;251;251m@  [38;2;0;0;226m@      [39m
 [38;2;0;0;0m     [38;2;0;0;226m@  [38;2;249;249;249m@[38;2;252;252;252m@@@@@@@@@@@@@@@@@@@@[38;2;251;251;251m@  [38;2;0;0;227m@      [39m
 [38;2;0;0;0m     [38;2;0;0;226m@  [38;2;249;249;249m@[38;2;252;252;252m@@@@@@@@@@@@@@@@@@@@[38;2;251;251;251m@  [38;2;0;0;227m@      [39m
 [38;2;0;0;0m     [38;2;0;0;225m@  [38;2;249;249;249m@[38;2;252;252;252m@@@@@@@@@@@@@@@@@@@@[38;2;251;251;251m@  [38;2;0;0;226m@      [39m
 [38;2;0;0;0m     [38;2;0;0;209m@[38;2;0;0;230mL [38;2;198;198;198m4[38;2;251;251;251m@[38;2;252;252;252m@@@[38;2;251;251;251m@[38;2;245;245;245m@[38;2;230;230;230m@[38;2;250;250;250m@[38;2;252;252;252m@@@@[38;2;250;250;250m@[38;2;229;229;229m@[38;2;243;243;243m@[38;2;251;251;251m@[38;2;252;252;252m@@@[38;2;251;251;251m@[38;2;162;162;162m@ [38;2;0;0;229mj[38;2;0;0;216m@      [39m
 [38;2;0;0;0m     [38;2;2;2;198m`[38;2;0;0;221m@[38;2;0;0;225mg[38;2;0;0;227m_[38;2;189;189;189m`[38;2;244;244;244m~[38;2;161;161;161mF[38;2;251;251;251m~[38;2;176;176;176m~[38;2;0;0;226m_[38;2;0;0;225m_[38;2;0;0;217m_[38;2;221;221;221m~[38;2;174;174;174mT[38;2;161;161;161mF[38;2;233;233;233m~[38;2;0;0;216m_[38;2;0;0;225m_[38;2;0;0;227m_[38;2;156;156;156m~[38;2;249;249;249m~[38;2;165;165;165mF[38;2;248;248;248m~[38;2;130;130;130m~[38;2;0;0;227m_[38;2;0;0;224mg[38;2;0;0;223m@'      [39m
 [38;2;0;0;0m       [38;2;0;0;230m~[38;2;0;0;227m4@@[38;2;0;0;225m@[38;2;0;0;226m@@[38;2;0;0;216m@[38;2;0;0;229m=[38;2;0;0;227m@[38;2;0;0;226m@@@@[38;2;0;0;227m@[38;2;0;0;218mP[38;2;0;0;215m@[38;2;0;0;226m@@[38;2;0;0;225m@[38;2;0;0;227m@@[38;2;0;0;226mP[38;2;0;0;229m~        [39m
 [38;2;0;0;0m          [38;2;2;1;218m`[38;2;0;0;227m`[38;2;0;1;223m`    [38;2;3;2;189m`[38;2;1;0;228m``[38;2;2;2;189m`    [38;2;1;0;224m`[38;2;1;0;229m`[38;2;1;1;221m`           [39m
 [38;2;0;0;0m                                       [39m
[?25h