[?25l[39m [38;2;0;0;0m                                       [39m
 [38;2;0;0;0m             [38;2;0;0;227m_[38;2;1;1;202my[38;2;0;0;222mg[38;2;0;0;229ma[38;2;0;0;222mm[38;2;0;0;215m##[38;2;0;0;216m#[38;2;0;0;228ma[38;2;0;0;223mg[38;2;1;1;212my[38;2;0;0;226m_[38;2;2;0;208m_             [39m
 [38;2;0;0;0m          [38;2;0;0;229m_[38;2;0;0;228ma[38;2;0;0;223mP[38;2;0;0;225m~[38;2;0;0;209m~[38;2;239;239;239m_[38;2;173;173;173my[38;2;197;197;197my[38;2;208;208;208my[38;2;211;211;211my[38;2;201;201;201my[38;2;184;184;184my[38;2;252;252;252m_[38;2;152;152;152m_[38;2;0;0;227m~[38;2;0;0;226m~[38;2;0;0;217m@[38;2;1;0;211my[38;2;2;1;199m_          [39m
 [38;2;0;0;0m        [38;2;0;0;229m_[38;2;0;0;218m@[38;2;0;0;229m~[38;2;94;94;94m_[38;2;199;199;199my[38;2;248;248;248mg[38;2;250;250;250m@[38;2;251;251;251m@[38;2;252;252;252m@@@@@@@[38;2;251;251;251m@[38;2;238;238;238m@[38;2;213;213;213mg[38;2;224;224;224m_[38;2;0;0;203m~[38;2;0;0;219m4[38;2;0;0;221mg[38;2;2;0;217m,        [39m
 [38;2;0;0;0m       [38;2;0;0;225mg[38;2;0;0;222mF [38;2;177;177;177mg[38;2;245;245;245m@[38;2;252;252;252m@@@@@@@@@@@@@@[38;2;251;251;251m@[38;2;211;211;211m@[38;2;174;174;174m_[38;2;0;0;212m`[38;2;0;0;218m@[38;2;0;0;215m_       [39m
 [38;2;0;0;0m      [38;2;0;0;223mg[38;2;1;0;210mF [38;2;227;227;227mg[38;2;251;251;251m@[38;2;252;252;252m@@@[38;2;251;251;251m@[38;2;252;252;252m@@@@@@@@@@@@@[38;2;251;251;251m@[38;2;147;147;148my [38;2;0;0;226m0[38;2;0;0;232m,      [39m
 [38;2;0;0;0m     [38;2;2;2;177mj[38;2;0;0;220m@ [38;2;169;169;169mg[38;2;251;251;251m@[38;2;252;252;252m@@@[38;2;185;185;185m@[38;2;162;162;162m~[38;2;230;230;230m~[38;2;177;177;177mP[38;2;226;226;226m@[38;2;251;251;251m@[38;2;252;252;252m@@@@@@@@@@[38;2;248;248;248m@[38;2;65;65;65m, [38;2;0;0;230m$      [39m
 [38;2;0;0;0m     [38;2;1;1;206m4[38;2;1;1;209m[ [38;2;227;227;227m$[38;2;252;252;252m@@@@[38;2;251;251;251m@[38;2;215;215;215m@[38;2;184;184;184mg[38;2;100;100;100m. [38;2;196;196;196m`[38;2;143;143;143mM[38;2;250;250;250m@[38;2;251;251;251m@[38;2;207;207;207mF[38;2;249;249;249m~~~~~[38;2;248;248;248m~[38;2;157;157;157mM[38;2;161;161;161mL [38;2;0;0;235m$      [39m
 [38;2;0;0;0m     [38;2;1;1;208m4[38;2;0;1;207m[ [38;2;231;231;231m$[38;2;252;252;252m@@@@[38;2;215;215;215m@[38;2;246;246;246m~[38;2;167;167;167m` [38;2;156;156;156my[38;2;205;205;205mg[38;2;225;225;225m@[38;2;251;251;251m@[38;2;252;252;252m@[38;2;235;235;235m@[38;2;248;248;248mgggggg[38;2;230;230;230m@[38;2;104;104;104m$ [38;2;0;0;235m$      [39m
 [38;2;0;0;0m     [38;2;0;0;213mJ[38;2;1;0;206m[ [38;2;232;232;232m$[38;2;252;252;252m@@@@[38;2;239;239;239m@[38;2;212;212;212mg[38;2;250;250;250mg@[38;2;252;252;252m@@@@@@@@@@@@[38;2;251;251;251m@[38;2;97;97;97m$ [38;2;0;0;235m$      [39m
 [38;2;0;0;0m     [38;2;1;0;212m4[38;2;0;0;204m[ [38;2;233;233;233m$[38;2;252;252;252m@@@@@@@@@@@@@@@@@@@@[38;2;251;251;251m@[38;2;143;143;143mF [38;2;0;0;236m$      [39m
 [38;2;0;0;0m     [38;2;1;0;213m4[38;2;0;0;200m[ [38;2;223;223;223m@[38;2;252;252;252m@@@@@@@@@@@@@@@@@@@@@[38;2;133;133;133mF [38;2;0;0;237m$      [39m
 [38;2;0;0;0m     [38;2;1;0;218m4[38;2;0;0;194m[ [38;2;232;232;232m@[38;2;252;252;252m@@@@@@@@@@@@@@@@@@@@@[38;2;116;116;116mF [38;2;0;0;232m@      [39m
 [38;2;0;0;0m     [38;2;0;0;215mg  [38;2;240;240;240m@[38;2;252;252;252m@@@@@@@@@@@@@@@@@@@@[38;2;251;251;251m@[38;2;109;109;109mL [38;2;0;0;231m@      [39m
 [38;2;0;0;0m     [38;2;0;0;211m@  [38;2;238;238;238m@[38;2;252;252;252m@@@@@@@@@@@@@@@@@@@@[38;2;250;250;250m@[38;2;69;69;69m~ [38;2;0;0;228m@      [39m
 [38;2;0;0;0m     [38;2;2;1;210m`[38;2;0;0;224m@[38;2;0;0;212m,[38;2;154;154;154m~[38;2;196;196;196mF[38;2;182;182;182mF[38;2;184;184;184m@[38;2;250;250;250m@[38;2;251;251;251m@[38;2;252;252;252m@[38;2;237;237;237m@[38;2;203;203;203mP[38;2;183;183;183mF[38;2;176;176;176m#[38;2;238;238;238m@[38;2;252;252;252m@[38;2;251;251;251m@[38;2;249;249;249m@[38;2;191;191;191m@[38;2;190;190;190mF[38;2;184;184;184mF[38;2;205;205;205m@[38;2;251;251;251m@[38;2;214;214;214m@[38;2;137;137;137mF [38;2;0;0;229ma[38;2;1;1;202mF      [39m
 [38;2;0;0;0m      [38;2;1;0;215m`[38;2;0;0;224m4[38;2;0;0;225mg[38;2;0;0;226ma[38;2;0;0;225mg[38;2;0;0;226m__[38;2;143;143;143m`[38;2;125;125;125m`[38;2;0;0;225m_[38;2;0;0;212ma[38;2;0;0;227ma[38;2;0;0;214my[38;2;0;0;225m_[38;2;128;128;128m`[38;2;142;142;142m`[38;2;0;0;226m__[38;2;0;0;225mg[38;2;0;0;223mg[38;2;0;0;227m_[38;2;0;0;225m_[38;2;0;0;227m_[38;2;0;0;225mg[38;2;0;0;229mP[38;2;1;1;205m~       [39m
 [38;2;0;0;0m        [38;2;3;3;188m`  [38;2;1;0;219m~[38;2;0;0;226m~~~~[38;2;0;0;224m` [38;2;0;0;227m`[38;2;0;0;226m~~~~[38;2;1;0;217m~  [38;2;0;0;221m~[38;2;0;0;226m~[38;2;0;0;225m~[38;2;4;2;192m`         [39m
 [38;2;0;0;0m                                       [39m
[?25h