[?25l[39m [38;2;0;0;0m              [38;2;0;0;229m_[38;2;0;0;225m_[38;2;1;1;210my[38;2;0;0;221my[38;2;0;0;223maa[38;2;0;0;221my[38;2;1;1;210my[38;2;0;0;225m_[38;2;0;0;229m_               [39m
 [38;2;0;0;0m          [38;2;0;0;223m_[38;2;1;0;213ma[38;2;0;0;222ms[38;2;0;0;218m=[38;2;0;0;226m~[38;2;0;0;221m~[38;2;210;210;210m_[38;2;244;244;244m_[38;2;145;145;145my[38;2;144;144;144my[38;2;243;243;243m_[38;2;210;210;210m_[38;2;0;0;220m~[38;2;0;0;226m~[38;2;0;0;218m=[38;2;0;0;215m@[38;2;0;0;217my[38;2;0;0;225m_           [39m
 [38;2;0;0;0m        [38;2;0;0;225m_[38;2;0;0;228ma[38;2;0;0;211mF[38;2;1;0;221m`[38;2;154;154;154my[38;2;216;216;216ma[38;2;230;230;230m$[38;2;251;251;251m@@[38;2;252;252;252m@@@@[38;2;251;251;251m@@[38;2;224;224;224m@[38;2;208;208;208mg[38;2;144;144;144my[38;2;1;0;221m`[38;2;0;0;226m~[38;2;0;0;219m@[38;2;0;0;225m_         [39m
 [38;2;0;0;0m       [38;2;0;0;222mg[38;2;0;0;226mF [38;2;192;192;192my[38;2;230;230;230m@[38;2;251;251;251m@[38;2;252;252;252m@@@@@@@@@@@@@[38;2;239;239;239m@[38;2;185;185;185my [38;2;0;0;218m?[38;2;0;0;221mg        [39m
 [38;2;0;0;0m      [38;2;0;0;228mg[38;2;0;0;207mF [38;2;228;228;228mg[38;2;251;251;251m@[38;2;252;252;252m@@@@@@@@@@@@@@@@[38;2;251;251;251m@[38;2;202;202;202m@ [38;2;0;0;214m~[38;2;0;0;225m$       [39m
 [38;2;0;0;0m     [38;2;1;0;211mj[38;2;0;0;227mF [38;2;210;210;210mg[38;2;251;251;251m@@[38;2;213;213;213mP[38;2;192;192;192mF[38;2;214;214;214m@[38;2;251;251;251m@[38;2;252;252;252m@@@@@[38;2;236;236;236m@[38;2;200;200;200mF[38;2;183;183;183mR[38;2;241;241;241m@[38;2;251;251;251m@[38;2;252;252;252m@@@[38;2;251;251;251m@[38;2;190;190;190m@ [38;2;0;0;217m?[38;2;0;0;219ml      [39m
 [38;2;0;0;0m     [38;2;0;0;219m@  [38;2;246;246;246m@[38;2;252;252;252m@[38;2;251;251;251m@[38;2;208;208;208mg[38;2;150;150;150my [38;2;157;157;157m`[38;2;239;239;239m~[38;2;177;177;177mR[38;2;247;247;247m@[38;2;252;252;252m@@[38;2;238;238;238m@[38;2;202;202;202my[38;2;221;221;221m_ [38;2;159;159;159m~[38;2;180;180;180mT[38;2;196;196;196m@[38;2;252;252;252m@@[38;2;250;250;250m@  [38;2;0;0;226m$      [39m
 [38;2;0;0;0m     [38;2;0;0;226m@  [38;2;249;249;249m@[38;2;252;252;252m@@[38;2;234;234;234m@[38;2;221;221;221mF[38;2;223;223;223m~ [38;2;122;122;122m_[38;2;173;173;173my[38;2;214;214;214m@[38;2;252;252;252m@@[38;2;251;251;251m@[38;2;202;202;202m@[38;2;193;193;193mF[38;2;119;119;119m~ [38;2;209;209;209m_y[38;2;250;250;250m@[38;2;252;252;252m@[38;2;251;251;251m@  [38;2;0;0;226m@      [39m
 [38;2;0;0;0m     [38;2;0;0;226m@  [38;2;249;249;249m@[38;2;252;252;252m@[38;2;251;251;251m@[38;2;166;166;166my[38;2;142;142;142my[38;2;185;185;185mg[38;2;209;209;209m@[38;2;251;251;251m@[38;2;252;252;252m@@@@[38;2;213;213;213m@[38;2;242;242;242m_[38;2;174;174;174my[38;2;225;225;225mg[38;2;236;236;236m@[38;2;251;251;251m@[38;2;252;252;252m@@@[38;2;251;251;251m@  [38;2;0;0;226m@      [39m
 [38;2;0;0;0m     [38;2;0;0;226m@  [38;2;249;249;249m@[38;2;252;252;252m@@@@@@@@@@@@@@@@@@@@[38;2;251;251;251m@  [38;2;0;0;226m@      [39m
 [38;2;0;0;0m     [38;2;0;0;226m@  [38;2;249;249;249m@[38;2;252;252;252m@@@@@@@@@@@@@@@@@@@@[38;2;251;251;251m@  [38;2;0;0;226m@      [39m
 [38;2;0;0;0m     [38;2;0;0;226m@  [38;2;249;249;249m@[38;2;252;252;252m@@@@@@@@@@@@@@@@@@@@[38;2;251;251;251m@  [38;2;0;0;227m@      [39m
 [38;2;0;0;0m     [38;2;0;0;226m@  [38;2;249;249;249m@[38;2;252;252;252m@@@@@@@@@@@@@@@@@@@@[38;2;251;251;251m@  [38;2;0;0;227m@      [39m
 [38;2;0;0;0m     [38;2;0;0;226m@  [38;2;249;249;249m@[38;2;252;252;252m@@@@@@@@@@@@@@@@@@@@[38;2;251;251;251m@  [38;2;0;0;226m@      [39m
 [38;2;0;0;0m     [38;2;0;0;212m9[38;2;0;0;217mg [38;2;143;143;144m3[38;2;245;245;245m@[38;2;252;252;252m@@@[38;2;246;246;246m@[38;2;212;212;212mR[38;2;209;209;209mR[38;2;245;245;245m@[38;2;251;251;251m@[38;2;252;252;252m@@[38;2;251;251;251m@[38;2;209;209;209m@[38;2;199;199;199mR[38;2;216;216;216m@[38;2;251;251;251m@[38;2;252;252;252m@@[38;2;251;251;251m@[38;2;238;238;238m@[38;2;207;207;207mF [38;2;0;0;216mg[38;2;1;0;209m@      [39m
 [38;2;0;0;0m      [38;2;0;0;226m4[38;2;0;0;222m@[38;2;0;0;205my[38;2;0;0;225m_[38;2;184;184;184m~[38;2;230;230;230m~[38;2;193;193;193m~[38;2;0;0;226m_[38;2;0;0;206my[38;2;0;0;209my[38;2;0;0;226m_[38;2;170;170;170m~[38;2;230;230;230m~[38;2;224;224;224m~[38;2;159;159;159m`[38;2;0;0;226m_[38;2;0;0;216ma[38;2;0;0;227m_[38;2;193;193;193m`[38;2;224;224;224m~[38;2;231;231;231m~[38;2;164;164;164m~[38;2;0;0;228m_[38;2;0;0;216my[38;2;0;0;227mg[38;2;0;0;228mP[38;2;1;0;201m'      [39m
 [38;2;0;0;0m       [38;2;0;0;220m~[38;2;0;0;222m=@[38;2;0;0;226m@@@[38;2;0;0;220m@[38;2;1;0;211mF[38;2;0;0;227m~[38;2;0;0;218m@[38;2;0;0;227m@[38;2;0;0;226m@@[38;2;0;0;227m@[38;2;0;0;222mP[38;2;0;0;227m~4[38;2;0;0;228m@[38;2;0;0;226m@@[38;2;0;0;227m@[38;2;1;0;212m@[38;2;0;0;226m~[38;2;0;0;221m~        [39m
 [38;2;0;0;0m                                       [39m
 [38;2;0;0;0m                                       [39m
[?25h