[?25l[39m [38;2;0;0;0m              [38;2;3;1;198m_[38;2;0;0;229m_[38;2;0;0;225m_[38;2;0;0;227m____[38;2;0;0;224m_[38;2;0;0;230m_[38;2;2;1;197m_               [39m
 [38;2;0;0;0m           [38;2;0;0;226m_[38;2;0;0;225mg[38;2;0;0;224m@[38;2;0;0;223m@[38;2;0;0;221mP[38;2;0;0;216m=[38;2;0;0;227m~[38;2;0;0;226m~~[38;2;0;0;227m~[38;2;0;0;216m=[38;2;0;0;221m4[38;2;0;0;223m@[38;2;0;0;226m@[38;2;0;0;225mg[38;2;0;0;226m_[38;2;2;2;190m,           [39m
 [38;2;0;0;0m        [38;2;2;0;200m_[38;2;0;0;224ma[38;2;0;0;228m@[38;2;0;0;215mP[38;2;0;0;229m~[38;2;173;173;173m_[38;2;178;178;178my[38;2;221;221;221my[38;2;248;248;248mg[38;2;252;252;252mg[38;2;232;232;232m$$[38;2;222;222;222m$[38;2;248;248;248mg[38;2;221;221;221my[38;2;176;176;176my[38;2;174;174;174m_[38;2;0;0;226m~[38;2;0;0;220m=[38;2;0;0;228m@[38;2;0;0;220mg[38;2;3;1;201m_         [39m
 [38;2;0;0;0m       [38;2;1;0;210my[38;2;0;0;228m@~ [38;2;199;199;199my[38;2;215;215;215m@[38;2;251;251;251m@[38;2;252;252;252m@@@@@@@@@@[38;2;251;251;251m@[38;2;225;225;225m@[38;2;197;197;197my [38;2;0;0;225m~[38;2;0;0;227m@[38;2;1;0;211my        [39m
 [38;2;0;0;0m      [38;2;0;0;215mg[38;2;0;0;216m@[38;2;0;0;193m'[38;2;156;156;156my[38;2;231;231;231m@[38;2;252;252;252m@@@@@@@@@@@@@@@@[38;2;241;241;241m@[38;2;142;142;142my [38;2;0;0;228m4[38;2;0;0;211m$       [39m
 [38;2;0;0;0m     [38;2;1;1;199mj[38;2;0;0;226m@ [38;2;155;155;156my[38;2;249;249;249m@[38;2;252;252;252m@[38;2;247;247;247m@[38;2;244;244;244m@[38;2;251;251;251m@[38;2;252;252;252m@@@@@@[38;2;251;251;251m@[38;2;241;241;241m@[38;2;250;250;250m@[38;2;252;252;252m@@@@@[38;2;251;251;251m@[38;2;140;140;140my [38;2;0;0;226mB[38;2;0;0;215mi      [39m
 [38;2;0;0;0m     [38;2;0;0;220mg[38;2;0;0;197m[ [38;2;224;224;224m@[38;2;252;252;252m@[38;2;251;251;251m@[38;2;231;231;231m_ [38;2;146;146;146m~[38;2;176;176;176mT[38;2;181;181;181m@[38;2;250;250;250m@[38;2;252;252;252m@@@[38;2;209;209;209m@[38;2;132;132;132m_[38;2;81;81;81m`[38;2;217;217;217m~[38;2;169;169;169mP[38;2;219;219;219m@[38;2;251;251;251m@[38;2;252;252;252m@@[38;2;240;240;240m@  [38;2;0;0;222m$      [39m
 [38;2;0;0;0m     [38;2;0;0;226m@  [38;2;249;249;249m@[38;2;252;252;252m@@[38;2;251;251;251m@[38;2;242;242;242m@[38;2;205;205;205m=   [38;2;203;203;203m$[38;2;251;251;251m@[38;2;252;252;252m@@[38;2;251;251;251m@[38;2;197;197;197m@[38;2;90;90;90m=  [38;2;152;152;152m_[38;2;246;246;246m@[38;2;252;252;252m@[38;2;251;251;251m@  [38;2;0;0;226m@      [39m
 [38;2;0;0;0m     [38;2;0;0;226m@  [38;2;249;249;249m@[38;2;252;252;252m@[38;2;251;251;251m@[38;2;205;205;205m~ [38;2;203;203;203m_[38;2;196;196;196my[38;2;243;243;243mg[38;2;246;246;246m@[38;2;251;251;251m@[38;2;252;252;252m@@[38;2;203;203;203m@[38;2;116;116;116m~ [38;2;147;147;147my[38;2;195;195;195mg[38;2;217;217;217m@[38;2;251;251;251m@[38;2;252;252;252m@@[38;2;251;251;251m@  [38;2;0;0;226m@      [39m
 [38;2;0;0;0m     [38;2;0;0;226m@  [38;2;249;249;249m@[38;2;252;252;252m@@[38;2;249;249;249m@[38;2;242;242;242m@[38;2;251;251;251m@[38;2;252;252;252m@@@@@@[38;2;251;251;251m@[38;2;240;240;240m@[38;2;250;250;250m@[38;2;252;252;252m@@@@@@[38;2;251;251;251m@  [38;2;0;0;226m@      [39m
 [38;2;0;0;0m     [38;2;0;0;226m@  [38;2;249;249;249m@[38;2;252;252;252m@@@@@@@@@@@@@@@@@@@@[38;2;251;251;251m@  [38;2;0;0;226m@      [39m
 [38;2;0;0;0m     [38;2;0;0;226m@  [38;2;249;249;249m@[38;2;252;252;252m@@@@@@@@@@@@@@@@@@@@[38;2;251;251;251m@  [38;2;0;0;227m@      [39m
 [38;2;0;0;0m     [38;2;0;0;226m@  [38;2;249;249;249m@[38;2;252;252;252m@@@@@@@@@@@@@@@@@@@@[38;2;251;251;251m@  [38;2;0;0;227m@      [39m
 [38;2;0;0;0m     [38;2;0;0;217m@[38;2;0;0;215m, [38;2;240;240;240m@[38;2;252;252;252m@@@@@@@@@@@@@@@@@@@@[38;2;247;247;247m@ [38;2;1;0;171mj[38;2;0;0;221m@      [39m
 [38;2;0;0;0m     [38;2;1;1;207m`[38;2;0;0;226m@[38;2;0;0;221m_[38;2;203;203;203m`[38;2;182;182;182mA[38;2;237;237;237m@[38;2;248;248;248m@[38;2;244;244;244m@[38;2;183;183;183m@[38;2;160;160;160mF[38;2;252;252;252m~[38;2;153;153;153m5[38;2;211;211;211m@[38;2;247;247;247m@@[38;2;216;216;216m@[38;2;207;207;207mF[38;2;252;252;252m~[38;2;251;251;251m~[38;2;205;205;205mR[38;2;244;244;244m@[38;2;248;248;248m@[38;2;239;239;239m@[38;2;218;218;218mP[38;2;144;144;144m~[38;2;0;0;219m_[38;2;0;0;223m$[38;2;0;0;231m'      [39m
 [38;2;0;0;0m      [38;2;2;2;201m`[38;2;0;0;228m~[38;2;0;0;226ma[38;2;0;0;218my[38;2;0;0;225m_[38;2;0;0;226m__[38;2;0;0;209my[38;2;0;0;227ma[38;2;0;0;219m@[38;2;0;0;222mg[38;2;0;0;225m_[38;2;0;0;226m__[38;2;0;0;225m_[38;2;0;0;224ma[38;2;0;0;216m@[38;2;0;0;227ma[38;2;0;0;209my[38;2;0;0;226m__[38;2;0;0;225m_[38;2;0;0;217my[38;2;0;0;226ms[38;2;0;0;213mF[38;2;1;0;216m'       [39m
 [38;2;0;0;0m         [38;2;0;0;222m`[38;2;0;0;226m~[38;2;0;0;232m~[38;2;0;0;230m~[38;2;0;0;231m`   [38;2;1;0;211m~[38;2;0;0;231m~[38;2;0;0;232m~[38;2;0;0;213m~   [38;2;0;0;232m`[38;2;0;0;228m~[38;2;0;0;232m~[38;2;0;0;226m~[38;2;0;0;224m`          [39m
 [38;2;0;0;0m                                       [39m
 [38;2;0;0;0m                                       [39m
[?25h