[?25l[39m [38;2;0;0;0m                                       [39m
 [38;2;0;0;0m              [38;2;0;0;227m__[38;2;0;0;225m_[38;2;1;1;206my[38;2;0;0;215myy[38;2;1;1;206my[38;2;0;0;225m_[38;2;0;0;226m_[38;2;0;0;227m_               [39m
 [38;2;0;0;0m          [38;2;1;1;202m_y[38;2;0;0;227ma[38;2;0;0;222mP[38;2;0;0;225m~[38;2;0;0;228m~[38;2;109;109;109m_[38;2;184;184;184m_[38;2;236;236;236m__[38;2;185;185;185m_[38;2;109;109;109m_[38;2;0;0;228m~[38;2;0;0;225m~[38;2;0;0;222m4[38;2;0;0;228ma[38;2;1;1;203my_           [39m
 [38;2;0;0;0m        [38;2;0;0;214m_[38;2;0;0;228ma[38;2;0;0;221mF[38;2;0;0;217m~[38;2;217;217;217m_[38;2;214;214;214my[38;2;248;248;248mg[38;2;242;242;242m@[38;2;252;252;252m@[38;2;251;251;251m@@@@[38;2;252;252;252m@[38;2;245;245;245m@[38;2;205;205;205m@[38;2;214;214;214my[38;2;218;218;218m_[38;2;0;0;214m~[38;2;0;0;216m?[38;2;0;0;224mg[38;2;0;0;216m_         [39m
 [38;2;0;0;0m       [38;2;1;0;212mg[38;2;0;0;225mP[38;2;0;0;195m'[38;2;164;164;164my[38;2;218;218;218m$[38;2;251;251;251m@[38;2;252;252;252m@@@@@@@@@@@@[38;2;251;251;251m@[38;2;220;220;220m@[38;2;153;153;153my [38;2;0;0;221m4[38;2;1;0;213mg        [39m
 [38;2;0;0;0m      [38;2;0;0;223mg[38;2;0;0;218mF [38;2;215;215;215mg[38;2;251;251;251m@[38;2;252;252;252m@@@@@@@@@@@@@@@@[38;2;251;251;251m@[38;2;191;191;191m$ [38;2;0;0;223m~[38;2;0;0;220m$       [39m
 [38;2;0;0;0m     [38;2;1;0;205mj[38;2;0;0;230mF [38;2;198;198;198mg[38;2;251;251;251m@[38;2;252;252;252m@[38;2;250;250;250m@[38;2;192;192;192m@[38;2;210;210;210mF[38;2;189;189;189mF[38;2;204;204;204mF[38;2;200;200;200m@[38;2;251;251;251m@[38;2;252;252;252m@@[38;2;251;251;251m@[38;2;223;223;223m@[38;2;202;202;202mP[38;2;193;193;193mF[38;2;195;195;195mF[38;2;196;196;196mR[38;2;246;246;246m@[38;2;252;252;252m@[38;2;251;251;251m@[38;2;175;175;175m@ [38;2;0;0;222m?[38;2;0;0;218mi      [39m
 [38;2;0;0;0m     [38;2;0;0;217m@[38;2;0;0;178m[ [38;2;244;244;244m@[38;2;252;252;252m@[38;2;221;221;221m@[38;2;133;133;133m`[38;2;183;183;183ma[38;2;168;168;168mF[38;2;160;160;160mM[38;2;136;136;136mM[38;2;158;158;158mg[38;2;137;137;137m~[38;2;244;244;244m@[38;2;250;250;250m@[38;2;136;136;136mF[38;2;182;182;182my[38;2;171;171;171mF[38;2;177;177;177mT[38;2;199;199;199mF[38;2;145;145;145mq [38;2;188;188;188m$[38;2;251;251;251m@[38;2;249;249;249m@  [38;2;0;0;225m$      [39m
 [38;2;0;0;0m     [38;2;0;0;226m@  [38;2;249;249;249m@[38;2;251;251;251m@[38;2;175;175;175m$[38;2;85;85;85m4[38;2;180;180;180mL [38;2;196;196;196mF [38;2;158;158;158m#[38;2;106;106;106m_[38;2;233;233;233m@[38;2;239;239;239m@ [38;2;195;195;195m$ [38;2;188;188;188m4 [38;2;107;107;107m4[38;2;85;85;85m~[38;2;199;199;199mg[38;2;251;251;251m@@  [38;2;0;0;226m@      [39m
 [38;2;0;0;0m     [38;2;0;0;226m@  [38;2;249;249;249m@[38;2;252;252;252m@[38;2;251;251;251m@[38;2;207;207;207my[38;2;169;169;169m~[38;2;129;129;129mH[38;2;154;154;154m#[38;2;169;169;169m#[38;2;231;231;231m$[38;2;250;250;250m@[38;2;252;252;252m@[38;2;251;251;251m@[38;2;204;204;204m$[38;2;240;240;240m_[38;2;147;147;147mT[38;2;185;185;185m=[38;2;202;202;202mF[38;2;213;213;213m$[38;2;240;240;240m@[38;2;252;252;252m@@[38;2;251;251;251m@  [38;2;0;0;226m@      [39m
 [38;2;0;0;0m     [38;2;0;0;226m@  [38;2;249;249;249m@[38;2;252;252;252m@@@[38;2;251;251;251m@[38;2;252;252;252m@[38;2;246;246;246m@[38;2;251;251;251m@[38;2;252;252;252m@@@@@[38;2;251;251;251m@[38;2;252;252;252m@[38;2;248;248;248m@@[38;2;252;252;252m@@@@[38;2;251;251;251m@  [38;2;0;0;226m@      [39m
 [38;2;0;0;0m     [38;2;0;0;226m@  [38;2;249;249;249m@[38;2;252;252;252m@@@@@@@@@@@@@@@@@@@@[38;2;251;251;251m@  [38;2;0;0;227m@      [39m
 [38;2;0;0;0m     [38;2;0;0;226m@  [38;2;249;249;249m@[38;2;252;252;252m@@@@@@@@@@@@@@@@@@@@[38;2;251;251;251m@  [38;2;0;0;227m@      [39m
 [38;2;0;0;0m     [38;2;0;0;226m@  [38;2;249;249;249m@[38;2;252;252;252m@@@@@@@@@@@@@@@@@@@@[38;2;251;251;251m@  [38;2;0;0;227m@      [39m
 [38;2;0;0;0m     [38;2;0;0;220m@  [38;2;245;245;245m@[38;2;252;252;252m@@@@@@@@@@@@@@@@@@@@[38;2;249;249;249m@  [38;2;0;0;225m$      [39m
 [38;2;0;0;0m     [38;2;1;1;212m`[38;2;0;0;223m@[38;2;0;0;212m,[38;2;162;162;162m~[38;2;190;190;190m@[38;2;250;250;250m@[38;2;252;252;252m@@[38;2;222;222;222m@[38;2;206;206;206mF[38;2;176;176;176mF[38;2;181;181;181mR[38;2;243;243;243m@[38;2;252;252;252m@@[38;2;243;243;243m@[38;2;168;168;168m@[38;2;180;180;180mF[38;2;185;185;185mF[38;2;216;216;216m@[38;2;252;252;252m@@[38;2;251;251;251m@[38;2;204;204;204m@[38;2;190;190;190m~ [38;2;0;0;231ma[38;2;0;0;233m'      [39m
 [38;2;0;0;0m      [38;2;1;0;216m`[38;2;0;0;221m4[38;2;0;0;225mg[38;2;0;0;226m_[38;2;0;0;225m_[38;2;132;132;132m`[38;2;0;0;225m__[38;2;0;0;223ma[38;2;0;0;227ma[38;2;0;0;211my[38;2;0;0;225m_[38;2;121;121;121m`[38;2;122;122;122m`[38;2;0;0;225m_[38;2;0;0;211my[38;2;0;0;226ma[38;2;0;0;220mg[38;2;0;0;225m_[38;2;0;0;226m_[38;2;135;135;135m`[38;2;0;0;225m_[38;2;0;0;226m_g[38;2;0;0;225mP[38;2;0;0;231m'       [39m
 [38;2;0;0;0m         [38;2;1;0;218m~[38;2;0;0;227m~[38;2;0;0;226m~~~[38;2;3;1;196m` [38;2;0;0;228m`[38;2;0;0;226m~~[38;2;0;0;227m~[38;2;0;0;226m~[38;2;0;0;228m` [38;2;3;2;193m`[38;2;0;0;223m~[38;2;0;0;226m~[38;2;0;0;225m~[38;2;0;0;227m~[38;2;1;0;221m~          [39m
 [38;2;0;0;0m                                       [39m
[?25h