[?25l[39m [38;2;0;0;0m                                       [39m
 [38;2;0;0;0m            [38;2;1;0;219m_[38;2;0;0;226m_[38;2;0;0;220my[38;2;0;0;229ma[38;2;0;0;221mm[38;2;0;0;216mP[38;2;0;0;219mP[38;2;0;0;218mP[38;2;0;0;213mR[38;2;0;0;217m#[38;2;0;0;229ma[38;2;0;0;220my[38;2;0;0;226m_[38;2;1;0;218m_             [39m
 [38;2;0;0;0m         [38;2;2;1;191m_[38;2;1;0;212my[38;2;0;0;214m@[38;2;0;0;227m~[38;2;0;0;229m~[38;2;181;181;181m_[38;2;164;164;164my[38;2;196;196;196my[38;2;219;219;219my[38;2;198;198;198mgg[38;2;219;219;219my[38;2;197;197;197my[38;2;159;159;159my[38;2;181;181;181m_[38;2;0;0;225m~~[38;2;0;0;217m@[38;2;0;0;212my[38;2;1;0;216m,          [39m
 [38;2;0;0;0m        [38;2;1;0;217mg[38;2;0;0;226mP[38;2;0;0;210m~[38;2;217;217;217m_[38;2;212;212;212mg[38;2;234;234;234m@[38;2;251;251;251m@[38;2;252;252;252m@@@@@@@@[38;2;251;251;251m@[38;2;240;240;240m@[38;2;213;213;213mg[38;2;216;216;216m_[38;2;0;0;205m~[38;2;0;0;225m4[38;2;0;0;217mg[38;2;3;1;190m,        [39m
 [38;2;0;0;0m      [38;2;2;2;190m_[38;2;0;0;224m@[38;2;0;0;211m~[38;2;117;117;117m_[38;2;232;232;232mg[38;2;251;251;251m@[38;2;252;252;252m@@@@@@@@@@@@@@[38;2;251;251;251m@[38;2;205;205;205m$[38;2;116;116;116m_[38;2;0;0;205m~[38;2;0;0;224m@[38;2;0;0;232m,       [39m
 [38;2;0;0;0m      [38;2;0;0;229m@[38;2;1;1;197m'[38;2;95;95;95my[38;2;235;235;235m@[38;2;252;252;252m@[38;2;251;251;251m@[38;2;252;252;252m@@@@@@@@@@@@@@@@[38;2;244;244;244m@[38;2;124;124;124m_ [38;2;0;0;227m@[38;2;1;0;203m,      [39m
 [38;2;0;0;0m     [38;2;0;0;221mJ[38;2;1;0;209mF [38;2;216;216;216m$[38;2;252;252;252m@[38;2;251;251;251m@[38;2;172;172;172m~[38;2;111;111;111m~[38;2;243;243;243m~[38;2;184;184;184mR[38;2;242;242;242m@[38;2;251;251;251m@[38;2;252;252;252m@@@@@@@@@@@@[38;2;226;226;226m@ [38;2;0;0;206m"[38;2;1;0;210m$      [39m
 [38;2;0;0;0m     [38;2;0;0;223m@  [38;2;249;249;249m@[38;2;252;252;252m@@[38;2;251;251;251m@[38;2;247;247;247mg[38;2;171;171;171mw  [38;2;153;153;153m~[38;2;208;208;208m$[38;2;251;251;251m@[38;2;216;216;216m@[38;2;205;205;205m~[38;2;175;175;175m~~~[38;2;176;176;176m~~[38;2;206;206;206m~[38;2;225;225;225m$[38;2;252;252;252m@[38;2;251;251;251m@  [38;2;0;0;228m$      [39m
 [38;2;0;0;0m     [38;2;0;0;226m@  [38;2;249;249;249m@[38;2;252;252;252m@[38;2;251;251;251m@[38;2;189;189;189mF[38;2;145;145;145m~ [38;2;237;237;237m_[38;2;215;215;215my[38;2;205;205;205m@[38;2;251;251;251m@[38;2;252;252;252m@[38;2;251;251;251m@[38;2;225;225;225m@[38;2;215;215;215m@@@@@[38;2;224;224;224m@[38;2;252;252;252m@@[38;2;251;251;251m@  [38;2;0;0;226m@      [39m
 [38;2;0;0;0m     [38;2;0;0;226m@  [38;2;249;249;249m@[38;2;252;252;252m@[38;2;251;251;251m@g[38;2;250;250;250mg[38;2;246;246;246m@[38;2;251;251;251m@[38;2;252;252;252m@@@@@@@@@@@@@@[38;2;251;251;251m@  [38;2;0;0;226m@      [39m
 [38;2;0;0;0m     [38;2;0;0;226m@  [38;2;249;249;249m@[38;2;252;252;252m@@@@@@@@@@@@@@@@@@@@[38;2;251;251;251m@  [38;2;0;0;226m@      [39m
 [38;2;0;0;0m     [38;2;0;0;226m@  [38;2;249;249;249m@[38;2;252;252;252m@@@@@@@@@@@@@@@@@@@@[38;2;251;251;251m@  [38;2;0;0;227m@      [39m
 [38;2;0;0;0m     [38;2;0;0;226m@  [38;2;249;249;249m@[38;2;252;252;252m@@@@@@@@@@@@@@@@@@@@[38;2;251;251;251m@  [38;2;0;0;227m@      [39m
 [38;2;0;0;0m     [38;2;0;0;226m@  [38;2;249;249;249m@[38;2;252;252;252m@@@@@@@@@@@@@@@@@@@@[38;2;251;251;251m@  [38;2;0;0;226m@      [39m
 [38;2;0;0;0m     [38;2;0;0;221m@  [38;2;245;245;245m@[38;2;252;252;252m@@@@@@@@@@@@@@@@@@@@[38;2;249;249;249m@  [38;2;0;0;223m@      [39m
 [38;2;0;0;0m     [38;2;1;0;213m`[38;2;0;0;225m$[38;2;0;0;211m,[38;2;165;165;165m~[38;2;192;192;192m@[38;2;251;251;251m@[38;2;252;252;252m@@[38;2;224;224;224m@[38;2;208;208;208mF[38;2;179;179;179mF[38;2;160;160;160m@[38;2;244;244;244m@[38;2;252;252;252m@@[38;2;244;244;244m@[38;2;171;171;171m@[38;2;183;183;183mF[38;2;167;167;167mP[38;2;219;219;219m@[38;2;252;252;252m@@[38;2;251;251;251m@[38;2;207;207;207m@[38;2;193;193;193m~ [38;2;0;0;231ma'      [39m
 [38;2;0;0;0m      [38;2;1;0;218m`[38;2;0;0;225m4[38;2;0;0;226mg[38;2;0;0;225m__[38;2;138;138;138m`[38;2;0;0;226m_[38;2;0;0;225m_[38;2;0;0;222ma[38;2;0;0;226ma[38;2;0;0;209my[38;2;0;0;225m_[38;2;129;129;129m``[38;2;0;0;226m_[38;2;0;0;208my[38;2;0;0;225mg[38;2;0;0;219mg[38;2;0;0;225m_[38;2;0;0;226m_[38;2;138;138;138m`[38;2;0;0;225m__[38;2;0;0;227mg[38;2;0;0;228mP[38;2;1;1;204m~       [39m
 [38;2;0;0;0m        [38;2;4;2;189m`[38;2;0;0;224m~[38;2;0;0;226m~~[38;2;0;0;227m~[38;2;0;0;226m~[38;2;2;0;209m` [38;2;2;1;206m~[38;2;0;0;226m~[38;2;0;0;227m~[38;2;0;0;226m~~[38;2;2;1;209m~ [38;2;1;0;207m`[38;2;0;0;225m~[38;2;0;0;227m~[38;2;0;0;226m~~[38;2;0;0;225m~[38;2;2;3;191m`         [39m
 [38;2;0;0;0m                                       [39m
[?25h