[?25l[39m [38;2;0;0;0m               [38;2;0;0;224m_[38;2;0;0;226m_[38;2;0;0;225m____[38;2;0;0;226m_[38;2;0;0;228m_                [39m
 [38;2;0;0;0m           [38;2;0;0;228m_[38;2;0;0;220mg[38;2;0;0;211m@[38;2;0;0;223m=[38;2;0;0;226m~[38;2;0;0;228m~~[38;2;0;0;221m~~[38;2;0;0;228m~~[38;2;0;0;225m~[38;2;0;0;224m=[38;2;0;0;214m@[38;2;0;0;219mg[38;2;0;0;228m_            [39m
 [38;2;0;0;0m         [38;2;1;0;215ma[38;2;0;0;229mP[38;2;0;0;228m~[38;2;111;111;111m_[38;2;176;176;176my[38;2;221;221;221ma[38;2;220;220;220m$[38;2;246;246;246m@[38;2;251;251;251m@@@@[38;2;248;248;248m@[38;2;225;225;225m$[38;2;212;212;212mg[38;2;173;173;173my[38;2;112;112;112m_[38;2;0;0;225m~[38;2;0;0;218mR[38;2;0;0;219my[38;2;1;1;212m,         [39m
 [38;2;0;0;0m       [38;2;0;0;230m_[38;2;0;0;215m@[38;2;0;0;207m~[38;2;185;185;185m_[38;2;231;231;231mg[38;2;250;250;250m@[38;2;252;252;252m@@@@@@@@@@@@[38;2;251;251;251m@[38;2;231;231;231mg[38;2;186;186;186m_[38;2;0;0;202m~[38;2;0;0;221mR[38;2;0;0;231m_        [39m
 [38;2;0;0;0m      [38;2;1;0;210mg[38;2;0;0;229mF [38;2;183;183;183mg[38;2;250;250;250m@[38;2;252;252;252m@@@@@@@@@@@@@@@@[38;2;251;251;251m@[38;2;179;179;179mg [38;2;0;0;209m4[38;2;1;0;210mg       [39m
 [38;2;0;0;0m     [38;2;2;1;190mj[38;2;0;0;215m@ [38;2;173;173;173mg[38;2;251;251;251m@[38;2;252;252;252m@@[38;2;251;251;251m@[38;2;247;247;247m@[38;2;241;241;241m@[38;2;249;249;249m@[38;2;251;251;251m@[38;2;252;252;252m@@@@[38;2;251;251;251m@[38;2;250;250;250m@[38;2;242;242;242m@[38;2;245;245;245m@[38;2;251;251;251m@[38;2;252;252;252m@@[38;2;251;251;251m@[38;2;146;146;146m@ [38;2;0;0;218mR[38;2;0;0;207mi      [39m
 [38;2;0;0;0m     [38;2;0;0;221mg[38;2;1;1;194m' [38;2;239;239;239m@[38;2;252;252;252m@[38;2;248;248;248m@[38;2;196;196;196mF[38;2;149;149;149my[38;2;171;171;171ma[38;2;224;224;224ma[38;2;144;144;144ma[38;2;141;141;141m_[38;2;168;168;168m5[38;2;251;251;251m@[38;2;252;252;252m@[38;2;184;184;184m@[38;2;193;193;193m~[38;2;146;146;146ma[38;2;202;202;202ma[38;2;192;192;192ma[38;2;131;131;131my[38;2;235;235;235m~[38;2;240;240;240m@[38;2;252;252;252m@[38;2;247;247;247m@  [38;2;0;0;223m$      [39m
 [38;2;0;0;0m     [38;2;0;0;226m@  [38;2;249;249;249m@[38;2;251;251;251m@[38;2;168;168;168m$[38;2;87;87;87mu[38;2;162;162;162mF [38;2;187;187;187ms [38;2;198;198;198m$ [38;2;220;220;220m@[38;2;238;238;238m@ [38;2;194;194;194m$ [38;2;202;202;202ma [38;2;130;130;130m4[38;2;114;114;114mL[38;2;155;155;155mg[38;2;252;252;252m@[38;2;251;251;251m@  [38;2;0;0;226m@      [39m
 [38;2;0;0;0m     [38;2;0;0;226m@  [38;2;249;249;249m@[38;2;252;252;252m@[38;2;227;227;227m@[38;2;139;139;139m_[38;2;133;133;133m$[38;2;167;167;167mw[38;2;189;189;189my[38;2;192;192;192my[38;2;196;196;196my[38;2;231;231;231mg[38;2;251;251;251m@@[38;2;164;164;164my[38;2;150;150;150m7[38;2;147;147;147ma[38;2;167;167;167my[38;2;206;206;206ma[38;2;192;192;192my[38;2;191;191;191mg[38;2;243;243;243m@[38;2;252;252;252m@[38;2;251;251;251m@  [38;2;0;0;226m@      [39m
 [38;2;0;0;0m     [38;2;0;0;226m@  [38;2;249;249;249m@[38;2;252;252;252m@@[38;2;251;251;251m@g[38;2;210;210;210mg[38;2;222;222;222my[38;2;221;221;221ma[38;2;251;251;251m@[38;2;252;252;252m@@@[38;2;251;251;251m@[38;2;233;233;233m@[38;2;234;234;234mg[38;2;224;224;224my[38;2;225;225;225my[38;2;226;226;226m@[38;2;252;252;252m@@@[38;2;251;251;251m@  [38;2;0;0;226m@      [39m
 [38;2;0;0;0m     [38;2;0;0;226m@  [38;2;249;249;249m@[38;2;252;252;252m@@@@@@@@@@@@@@@@@@@@[38;2;251;251;251m@  [38;2;0;0;226m@      [39m
 [38;2;0;0;0m     [38;2;0;0;226m@  [38;2;249;249;249m@[38;2;252;252;252m@@@@@@@@@@@@@@@@@@@@[38;2;251;251;251m@  [38;2;0;0;227m@      [39m
 [38;2;0;0;0m     [38;2;0;0;226m@  [38;2;249;249;249m@[38;2;252;252;252m@@@@@@@@@@@@@@@@@@@@[38;2;251;251;251m@  [38;2;0;0;227m@      [39m
 [38;2;0;0;0m     [38;2;0;0;225m@  [38;2;249;249;249m@[38;2;252;252;252m@@@@@@@@@@@@@@@@@@@@[38;2;251;251;251m@  [38;2;0;0;227m@      [39m
 [38;2;0;0;0m     [38;2;0;0;219m@, [38;2;231;231;231m@[38;2;252;252;252m@@@@@@@@@@@@@@@@@@@@[38;2;243;243;243m@ [38;2;1;0;182mj[38;2;0;0;222m@      [39m
 [38;2;0;0;0m     [38;2;1;1;212m`[38;2;0;0;228m@[38;2;0;0;230m_[38;2;143;143;143m`[38;2;158;158;159m5[38;2;207;207;207m@[38;2;232;232;232m@[38;2;221;221;221m@[38;2;208;208;208mP[38;2;243;243;243m~[38;2;227;227;227m~[38;2;248;248;248m~[38;2;180;180;180m@[38;2;229;229;229m@[38;2;230;230;230m@[38;2;188;188;188m@[38;2;178;178;178mF[38;2;228;228;228m~[38;2;240;240;240m~[38;2;176;176;176mA[38;2;219;219;219m@[38;2;232;232;232m@[38;2;213;213;213m@[38;2;215;215;215mF[38;2;154;154;154m`[38;2;0;0;230m_[38;2;0;0;225m@[38;2;0;0;233m'      [39m
 [38;2;0;0;0m      [38;2;1;0;214m`[38;2;0;0;216m4[38;2;0;0;225m@g[38;2;0;0;204my[38;2;0;0;227m__[38;2;0;0;223ma[38;2;0;0;226mg[38;2;0;0;227m@g[38;2;0;0;215my[38;2;0;0;227m__[38;2;0;0;214my[38;2;0;0;227mg[38;2;0;0;228m@[38;2;0;0;220m@[38;2;0;0;219mg[38;2;0;0;227m__[38;2;0;0;203my[38;2;0;0;224mg[38;2;0;0;223m@[38;2;0;0;221mP[38;2;0;0;230m'       [39m
 [38;2;0;0;0m         [38;2;1;1;215m~[38;2;0;0;226m~[38;2;0;0;227m~~[38;2;0;0;224m~  [38;2;0;0;226m`[38;2;0;0;225m~[38;2;0;0;227m~~[38;2;0;0;225m~[38;2;0;0;227m`  [38;2;0;0;220m~[38;2;0;0;227m~~[38;2;0;0;226m~[38;2;1;0;217m~          [39m
 [38;2;0;0;0m                                       [39m
[?25h