[?25l[39m [38;2;0;0;0m              [38;2;0;0;222m_[38;2;0;0;225m_[38;2;0;0;227m_[38;2;1;1;205my[38;2;0;1;211my[38;2;1;1;211my[38;2;1;1;204my[38;2;0;0;227m_[38;2;0;0;225m_[38;2;0;0;222m_               [39m
 [38;2;0;0;0m          [38;2;1;1;200m_[38;2;1;1;202my[38;2;0;0;227mg[38;2;0;0;228m@[38;2;0;0;224mP[38;2;0;0;218m=[38;2;0;0;226m~~[38;2;0;0;228m~[38;2;0;0;227m~[38;2;0;0;226m~~[38;2;0;0;218m=[38;2;0;0;224m4[38;2;0;0;228m@[38;2;0;0;226mg[38;2;1;1;203my[38;2;1;1;200m_           [39m
 [38;2;0;0;0m        [38;2;1;0;212m_[38;2;0;0;225ma[38;2;0;0;223m@[38;2;0;0;225m~[38;2;0;0;207m~[38;2;238;238;238m_[38;2;204;204;204my[38;2;239;239;239mg[38;2;224;224;224m$[38;2;236;236;236m@[38;2;249;249;249m@[38;2;250;250;250m@[38;2;239;239;239m@[38;2;228;228;228m$[38;2;239;239;239mg[38;2;204;204;204my[38;2;239;239;239m_[38;2;0;0;206m~[38;2;0;0;226m~[38;2;0;0;222m@[38;2;0;0;224mg[38;2;1;0;213m_         [39m
 [38;2;0;0;0m       [38;2;1;0;210ma[38;2;0;0;224m@[38;2;0;0;226m~[38;2;115;115;115m_[38;2;195;195;195mg[38;2;238;238;238m@[38;2;251;251;251m@[38;2;252;252;252m@@@@@@@@@@[38;2;251;251;251m@[38;2;244;244;244m@[38;2;195;195;195mg[38;2;115;115;115m_[38;2;0;0;223m~[38;2;0;0;221m@[38;2;0;0;217my        [39m
 [38;2;0;0;0m      [38;2;0;0;220mg[38;2;0;0;226mP [38;2;186;186;187my[38;2;244;244;244m@[38;2;252;252;252m@@@@@@@@@@@@@@@@[38;2;249;249;249m@[38;2;177;177;177my [38;2;0;0;221m4[38;2;0;0;217m$       [39m
 [38;2;0;0;0m     [38;2;1;0;204mj[38;2;0;0;221m@ [38;2;151;151;151mg[38;2;251;251;251m@[38;2;252;252;252m@[38;2;228;228;228m@[38;2;213;213;213m@[38;2;251;251;251m@[38;2;252;252;252m@@@@@@[38;2;250;250;250m@[38;2;205;205;205m@[38;2;237;237;237m@[38;2;251;251;251m@[38;2;252;252;252m@@@@[38;2;251;251;251m@[38;2;160;160;161my [38;2;0;0;224mR[38;2;0;0;218mi      [39m
 [38;2;0;0;0m     [38;2;0;0;214m@[38;2;1;1;199m' [38;2;232;232;232m@[38;2;252;252;252m@[38;2;251;251;251m@[38;2;174;174;174my[38;2;87;87;87m_[38;2;129;129;129m`[38;2;234;234;234m~[38;2;172;172;172m#[38;2;231;231;231m@[38;2;251;251;251m@[38;2;252;252;252m@@[38;2;215;215;215m@[38;2;236;236;236m_ [38;2;138;138;138m~[38;2;173;173;173mT[38;2;177;177;177m@[38;2;249;249;249m@[38;2;252;252;252m@@[38;2;244;244;244m@  [38;2;0;0;223m$      [39m
 [38;2;0;0;0m     [38;2;0;0;226m@  [38;2;249;249;249m@[38;2;252;252;252m@@[38;2;251;251;251m@[38;2;222;222;222m@[38;2;162;162;162m=  [38;2;154;154;154m_[38;2;205;205;205m$[38;2;251;251;251m@[38;2;252;252;252m@@[38;2;249;249;249m@[38;2;186;186;186m@[38;2;72;72;72m:  [38;2;142;142;142my[38;2;246;246;246m@[38;2;252;252;252m@[38;2;251;251;251m@  [38;2;0;0;226m@      [39m
 [38;2;0;0;0m     [38;2;0;0;226m@  [38;2;249;249;249m@[38;2;252;252;252m@[38;2;251;251;251m@[38;2;121;121;121m~ [38;2;151;151;151my[38;2;200;200;200mg[38;2;221;221;221m@[38;2;251;251;251m@[38;2;252;252;252m@@@[38;2;203;203;203m@ [38;2;169;169;169m_[38;2;184;184;184my[38;2;235;235;235mg[38;2;242;242;242m@[38;2;251;251;251m@[38;2;252;252;252m@@[38;2;251;251;251m@  [38;2;0;0;226m@      [39m
 [38;2;0;0;0m     [38;2;0;0;226m@  [38;2;249;249;249m@[38;2;252;252;252m@@[38;2;251;251;251m@@[38;2;252;252;252m@@@@@@@@[38;2;251;251;251m@@[38;2;252;252;252m@@@@@@[38;2;251;251;251m@  [38;2;0;0;226m@      [39m
 [38;2;0;0;0m     [38;2;0;0;226m@  [38;2;249;249;249m@[38;2;252;252;252m@@@@@@@@@@@@@@@@@@@@[38;2;251;251;251m@  [38;2;0;0;226m@      [39m
 [38;2;0;0;0m     [38;2;0;0;226m@  [38;2;249;249;249m@[38;2;252;252;252m@@@@@@@@@@@@@@@@@@@@[38;2;251;251;251m@  [38;2;0;0;227m@      [39m
 [38;2;0;0;0m     [38;2;0;0;226m@  [38;2;249;249;249m@[38;2;252;252;252m@@@@@@@@@@@@@@@@@@@@[38;2;251;251;251m@  [38;2;0;0;227m@      [39m
 [38;2;0;0;0m     [38;2;0;0;217m@[38;2;0;0;215m, [38;2;239;239;239m@[38;2;252;252;252m@@@@@@@@@@@@@@@@@@@@[38;2;247;247;247m@ [38;2;1;0;172mj[38;2;0;0;221m@      [39m
 [38;2;0;0;0m     [38;2;1;1;207m`[38;2;0;0;226m@[38;2;0;0;225m_[38;2;193;193;193m`[38;2;175;175;175mA[38;2;233;233;233m@[38;2;247;247;247m@[38;2;242;242;242m@[38;2;177;177;177m@[38;2;251;251;251m~[38;2;252;252;252m~[38;2;146;146;146m5[38;2;204;204;204m@[38;2;246;246;246m@@[38;2;210;210;210m@[38;2;203;203;203mF[38;2;251;251;251m~~[38;2;199;199;199mR[38;2;242;242;242m@[38;2;247;247;247m@[38;2;235;235;235m@[38;2;212;212;212mP[38;2;139;139;139m~[38;2;0;0;222m_[38;2;0;0;224m$[38;2;0;0;232m'      [39m
 [38;2;0;0;0m      [38;2;2;2;200m`[38;2;0;0;227m~[38;2;0;0;217m@[38;2;0;0;220my[38;2;0;0;225m_[38;2;0;0;226m__[38;2;0;0;212my[38;2;0;0;227ma[38;2;0;0;219m@[38;2;0;0;223mg[38;2;0;0;225m_[38;2;0;0;226m__[38;2;0;0;225m_[38;2;0;0;223mg[38;2;0;0;217m@[38;2;0;0;227ma[38;2;0;0;212my[38;2;0;0;226m__[38;2;0;0;225m_[38;2;0;0;219my[38;2;0;0;226ms[38;2;0;0;214mF[38;2;1;0;215m'       [39m
 [38;2;0;0;0m         [38;2;0;0;219m`[38;2;0;0;223m~[38;2;0;0;231m~[38;2;0;0;229m~[38;2;0;0;231m`   [38;2;1;1;208m~[38;2;0;0;231m~~[38;2;0;0;210m~   [38;2;0;0;232m`[38;2;0;0;227m~[38;2;0;0;232m~[38;2;0;0;225m~[38;2;0;0;223m`          [39m
 [38;2;0;0;0m                                       [39m
 [38;2;0;0;0m                                       [39m
[?25h