[?25l[39m [38;2;0;0;0m                [38;2;0;0;222m_[38;2;0;0;231m_[38;2;0;0;229m__[38;2;0;0;234m_[38;2;0;0;222m_                 [39m
 [38;2;0;0;0m           [38;2;0;0;226m_[38;2;1;1;207my[38;2;0;0;228ma[38;2;0;0;221mP[38;2;0;0;219m=[38;2;0;0;226m~[38;2;0;0;225m~[38;2;0;0;227m~~[38;2;0;0;226m~~[38;2;0;0;218m=[38;2;0;0;216mR[38;2;0;0;228ma[38;2;1;1;207my[38;2;0;0;228m_            [39m
 [38;2;0;0;0m         [38;2;0;0;228m_[38;2;0;0;218m$[38;2;0;0;226m~[38;2;0;0;207m~[38;2;239;239;239m_[38;2;203;203;203my[38;2;239;239;239mg[38;2;225;225;225m$[38;2;236;236;236m@[38;2;249;249;249m@[38;2;250;250;250m@[38;2;239;239;239m@[38;2;228;228;228m$[38;2;239;239;239mg[38;2;204;204;204my[38;2;238;238;238m_[38;2;0;0;206m~[38;2;0;0;225m~[38;2;0;0;219m@[38;2;1;1;203my          [39m
 [38;2;0;0;0m       [38;2;0;0;222m_[38;2;0;0;220m@[38;2;0;0;225m~[38;2;115;115;115m_[38;2;195;195;195mg[38;2;238;238;238m@[38;2;251;251;251m@[38;2;252;252;252m@@@@@@@@@@[38;2;251;251;251m@[38;2;244;244;244m@[38;2;195;195;195mg[38;2;115;115;115m_[38;2;0;0;221m~[38;2;0;0;220m@[38;2;0;0;221m_        [39m
 [38;2;0;0;0m      [38;2;0;0;218mj[38;2;0;0;227mP [38;2;186;186;186my[38;2;244;244;244m@[38;2;252;252;252m@@@@@@@@@@@@@@@@[38;2;249;249;249m@[38;2;177;177;178my [38;2;0;0;223m4[38;2;0;0;214mL       [39m
 [38;2;0;0;0m      [38;2;0;0;223m@ [38;2;152;152;152mg[38;2;251;251;251m@[38;2;252;252;252m@@[38;2;251;251;251m@[38;2;249;249;249m@[38;2;243;243;243m@[38;2;250;250;250m@[38;2;251;251;251m@[38;2;252;252;252m@@@@[38;2;251;251;251m@@[38;2;244;244;244m@[38;2;246;246;246m@[38;2;251;251;251m@[38;2;252;252;252m@@[38;2;251;251;251m@[38;2;160;160;161my [38;2;0;0;226mR[38;2;0;0;232m,      [39m
 [38;2;0;0;0m     [38;2;0;0;218mg[38;2;1;1;199m' [38;2;232;232;232m@[38;2;252;252;252m@[38;2;249;249;249m@[38;2;200;200;200mF[38;2;146;146;146my[38;2;168;168;168ma[38;2;221;221;221ma[38;2;139;139;139ma[38;2;138;138;138m~[38;2;170;170;170m5[38;2;251;251;251m@[38;2;252;252;252m@[38;2;187;187;187m@[38;2;199;199;199m~[38;2;172;172;172mw[38;2;200;200;200ma[38;2;188;188;188ma[38;2;132;132;132my[38;2;237;237;237m~[38;2;240;240;240m@[38;2;252;252;252m@[38;2;244;244;244m@  [38;2;0;0;220m$      [39m
 [38;2;0;0;0m     [38;2;0;0;226m@  [38;2;249;249;249m@[38;2;251;251;251m@[38;2;169;169;169m$[38;2;86;86;86mu[38;2;164;164;164mF [38;2;182;182;182ms [38;2;199;199;199m$ [38;2;221;221;221m@[38;2;238;238;238m@ [38;2;193;193;193m$ [38;2;196;196;196ma [38;2;130;130;130m4[38;2;113;113;113mL[38;2;154;154;154mg[38;2;252;252;252m@[38;2;251;251;251m@  [38;2;0;0;226m@      [39m
 [38;2;0;0;0m     [38;2;0;0;226m@  [38;2;249;249;249m@[38;2;252;252;252m@[38;2;225;225;225m@[38;2;131;131;131m_[38;2;135;135;135m$[38;2;167;167;167mw[38;2;189;189;189my[38;2;193;193;193myy[38;2;229;229;229mg[38;2;251;251;251m@@[38;2;159;159;159my[38;2;153;153;153m?[38;2;145;145;145ma[38;2;166;166;166my[38;2;203;203;203ma[38;2;189;189;189my[38;2;187;187;187mg[38;2;242;242;242m@[38;2;252;252;252m@[38;2;251;251;251m@  [38;2;0;0;226m@      [39m
 [38;2;0;0;0m     [38;2;0;0;226m@  [38;2;249;249;249m@[38;2;252;252;252m@@[38;2;251;251;251m@g[38;2;203;203;203mg[38;2;218;218;218my[38;2;216;216;216ma[38;2;251;251;251m@[38;2;252;252;252m@@@@[38;2;229;229;229m@[38;2;228;228;228mg[38;2;220;220;220my[38;2;222;222;222my[38;2;225;225;225m@[38;2;252;252;252m@@@[38;2;251;251;251m@  [38;2;0;0;226m@      [39m
 [38;2;0;0;0m     [38;2;0;0;226m@  [38;2;249;249;249m@[38;2;252;252;252m@@@@@@@@@@@@@@@@@@@@[38;2;251;251;251m@  [38;2;0;0;226m@      [39m
 [38;2;0;0;0m     [38;2;0;0;226m@  [38;2;249;249;249m@[38;2;252;252;252m@@@@@@@@@@@@@@@@@@@@[38;2;251;251;251m@  [38;2;0;0;227m@      [39m
 [38;2;0;0;0m     [38;2;0;0;226m@  [38;2;249;249;249m@[38;2;252;252;252m@@@@@@@@@@@@@@@@@@@@[38;2;251;251;251m@  [38;2;0;0;227m@      [39m
 [38;2;0;0;0m     [38;2;0;0;225m@  [38;2;249;249;249m@[38;2;252;252;252m@@@@@@@@@@@@@@@@@@@@[38;2;251;251;251m@  [38;2;0;0;227m@      [39m
 [38;2;0;0;0m     [38;2;0;0;220m@[38;2;0;0;217m, [38;2;239;239;239m@[38;2;252;252;252m@@@@@@@@@@@@@@@@@@@@[38;2;246;246;246m@ [38;2;1;0;171mj[38;2;0;0;222m@      [39m
 [38;2;0;0;0m     [38;2;1;1;212m`[38;2;0;0;227m@[38;2;0;0;222m_[38;2;114;114;114m~[38;2;180;180;180mR[38;2;234;234;234m@[38;2;251;251;251m@[38;2;241;241;241m@[38;2;189;189;189m@[38;2;171;171;171mF[38;2;251;251;251m~[38;2;155;155;155m5[38;2;216;216;216m@[38;2;249;249;249m@@[38;2;220;220;220m@[38;2;207;207;207mF[38;2;250;250;250m~[38;2;251;251;251m~[38;2;177;177;177m@[38;2;241;241;241m@[38;2;252;252;252m@[38;2;236;236;236m@[38;2;170;170;170m@[38;2;151;151;151m~[38;2;0;0;220m_[38;2;0;0;223m$[38;2;1;1;201m~      [39m
 [38;2;0;0;0m      [38;2;1;0;217m`[38;2;0;0;222m4[38;2;0;0;220m$[38;2;0;0;216my[38;2;0;0;227m_[38;2;0;0;225m_[38;2;0;0;227m_[38;2;0;0;207my[38;2;0;0;227mg@[38;2;0;0;222mg[38;2;0;0;227m_[38;2;0;0;226m__[38;2;0;0;227m_[38;2;0;0;225ma[38;2;0;0;226m@[38;2;0;0;227mg[38;2;0;0;206my[38;2;0;0;227m_[38;2;0;0;225m_[38;2;0;0;227m_[38;2;0;0;215my[38;2;0;0;227mg[38;2;0;0;225mP[38;2;1;1;201m~       [39m
 [38;2;0;0;0m         [38;2;0;0;222m~[38;2;0;0;226m~[38;2;0;0;227m~[38;2;0;0;226m~~[38;2;2;1;203m` [38;2;2;1;201m~[38;2;0;0;226m~[38;2;0;0;227m~~[38;2;0;0;226m~[38;2;2;1;203m~ [38;2;3;1;202m`[38;2;0;0;224m~[38;2;0;0;226m~[38;2;0;0;227m~[38;2;0;0;226m~[38;2;0;0;225m~[38;2;2;4;187m`         [39m
 [38;2;0;0;0m                                       [39m
[?25h