[?25l[39m [38;2;0;0;0m                                       [39m
 [38;2;0;0;0m             [38;2;0;0;227m__[38;2;0;0;221ma[38;2;0;0;227mgggggg[38;2;0;0;219mg[38;2;0;0;227m__              [39m
 [38;2;0;0;0m          [38;2;0;0;227m_[38;2;0;0;228mg[38;2;0;0;226m@[38;2;0;0;218mP[38;2;0;0;226m~[38;2;0;0;231m~[38;2;134;134;134m_[38;2;222;222;222m_[38;2;253;253;253m__[38;2;222;222;222m_[38;2;134;134;134m_[38;2;0;0;229m~[38;2;0;0;226m~[38;2;0;0;227m=[38;2;0;0;226m@[38;2;0;0;228mg[38;2;0;0;227m_           [39m
 [38;2;0;0;0m        [38;2;0;0;210my[38;2;0;0;227m@[38;2;0;0;218mF[38;2;0;0;210m~[38;2;131;131;131my[38;2;192;192;192mg[38;2;207;207;207m@[38;2;247;247;247m@[38;2;252;252;252m@[38;2;251;251;251m@[38;2;252;252;252m@@[38;2;251;251;251m@@[38;2;249;249;249m@[38;2;214;214;214m@[38;2;192;192;192mg[38;2;228;228;228m_[38;2;0;0;206m~[38;2;0;0;213m?[38;2;0;0;227m@[38;2;0;1;211my         [39m
 [38;2;0;0;0m       [38;2;0;0;229mg[38;2;0;0;227mF [38;2;174;174;174my[38;2;214;214;214m@[38;2;251;251;251m@[38;2;252;252;252m@@@@@@@@@@@@[38;2;251;251;251m@[38;2;229;229;229m@[38;2;165;165;165my [38;2;0;0;201m#[38;2;0;0;227m$[38;2;1;0;221m,       [39m
 [38;2;0;0;0m      [38;2;0;0;224m@[38;2;0;0;215mF [38;2;220;220;220mg[38;2;251;251;251m@[38;2;252;252;252m@@@@@@@@@@@@@@@@[38;2;251;251;251m@[38;2;198;198;198m$ [38;2;0;0;220m~[38;2;0;0;227m@       [39m
 [38;2;0;0;0m     [38;2;0;0;217mJ[38;2;0;0;227mF [38;2;203;203;203mg[38;2;251;251;251m@@[38;2;218;218;218mF[38;2;156;156;156mM[38;2;187;187;187m@[38;2;251;251;251m@[38;2;252;252;252m@@@@@@@@@@@@@[38;2;251;251;251m@[38;2;181;181;181m@ [38;2;0;0;219m?[38;2;1;1;205m$      [39m
 [38;2;0;0;0m     [38;2;0;0;221m@[38;2;0;0;176m[ [38;2;245;245;245m@[38;2;252;252;252m@[38;2;251;251;251m@[38;2;229;229;229mg[38;2;177;177;177my[38;2;150;150;150m_ [38;2;217;217;217m~[38;2;188;188;188mF[38;2;243;243;243m@[38;2;252;252;252m@[38;2;245;245;245m@[38;2;191;191;191mM[38;2;203;203;203mFFFFF[38;2;188;188;188mM[38;2;245;245;245m@[38;2;252;252;252m@[38;2;250;250;250m@  [38;2;0;0;224m@      [39m
 [38;2;0;0;0m     [38;2;0;0;225m@  [38;2;249;249;249m@[38;2;252;252;252m@@[38;2;216;216;216m@[38;2;203;203;203mF[38;2;202;202;202m~ [38;2;187;187;187m_[38;2;191;191;191my[38;2;225;225;225m@[38;2;252;252;252m@[38;2;236;236;236m@[38;2;203;203;203my[38;2;192;192;192myyyyy[38;2;207;207;207my[38;2;232;232;232m@[38;2;252;252;252m@[38;2;251;251;251m@  [38;2;0;0;227m@      [39m
 [38;2;0;0;0m     [38;2;0;0;225m@  [38;2;249;249;249m@[38;2;252;252;252m@[38;2;251;251;251m@[38;2;192;192;192my[38;2;172;172;172my[38;2;219;219;219ma[38;2;228;228;228m@[38;2;251;251;251m@[38;2;252;252;252m@@@@@@@@@@@@@[38;2;251;251;251m@  [38;2;0;0;227m@      [39m
 [38;2;0;0;0m     [38;2;0;0;225m@  [38;2;249;249;249m@[38;2;252;252;252m@@@@@@@@@@@@@@@@@@@@[38;2;251;251;251m@  [38;2;0;0;227m@      [39m
 [38;2;0;0;0m     [38;2;0;0;225m@  [38;2;249;249;249m@[38;2;252;252;252m@@@@@@@@@@@@@@@@@@@@[38;2;251;251;251m@  [38;2;0;0;226m@      [39m
 [38;2;0;0;0m     [38;2;0;0;225m@  [38;2;249;249;249m@[38;2;252;252;252m@@@@@@@@@@@@@@@@@@@@[38;2;251;251;251m@  [38;2;0;0;227m@      [39m
 [38;2;0;0;0m     [38;2;0;0;224m@  [38;2;249;249;249m@[38;2;252;252;252m@@@@@@@@@@@@@@@@@@@@[38;2;251;251;251m@  [38;2;0;0;226m@      [39m
 [38;2;0;0;0m     [38;2;0;0;206m?[38;2;0;0;234mL [38;2;169;169;169m4[38;2;250;250;250m@[38;2;252;252;252m@@@[38;2;251;251;251m@[38;2;225;225;225m@[38;2;197;197;197m@[38;2;244;244;244m@[38;2;251;251;251m@[38;2;252;252;252m@@[38;2;251;251;251m@[38;2;244;244;244m@[38;2;196;196;196m@[38;2;222;222;222m@[38;2;251;251;251m@[38;2;252;252;252m@@@[38;2;250;250;250m@[38;2;222;222;222mF [38;2;0;0;219myF      [39m
 [38;2;0;0;0m      [38;2;0;0;228m~[38;2;0;0;218m@[38;2;0;0;224m_[38;2;121;121;121m`[38;2;223;223;223m~[38;2;251;251;251m~[38;2;240;240;240m~[38;2;115;115;115m~[38;2;0;0;226m_[38;2;0;0;209my[38;2;0;0;226m_[38;2;180;180;180m~[38;2;247;247;247m~[38;2;249;249;249m~[38;2;201;201;201m~[38;2;0;0;226m_[38;2;0;0;209my[38;2;0;0;227m_[38;2;188;188;188m`[38;2;236;236;236m~[38;2;252;252;252m~[38;2;232;232;232m~[38;2;132;132;132m`[38;2;0;0;224m_[38;2;0;0;227ma[38;2;0;1;210mF       [39m
 [38;2;0;0;0m        [38;2;0;0;226m~~[38;2;0;0;231m=[38;2;0;0;213mP[38;2;0;0;231m=[38;2;0;0;226m~[38;2;0;0;227m~[38;2;0;0;220m~[38;2;0;0;227m~[38;2;0;0;228m====[38;2;0;0;226m~[38;2;0;0;219m~[38;2;0;0;226m~~[38;2;0;0;230m=[38;2;0;0;213mP[38;2;0;0;231m=[38;2;0;0;226m~[38;2;0;0;227m~         [39m
 [38;2;0;0;0m                                       [39m
 [38;2;0;0;0m                                       [39m
[?25h