[?25l[39m [38;2;0;0;0m              [38;2;1;0;208m_[38;2;0;0;228m_[38;2;0;0;226m_[38;2;0;0;227m_[38;2;1;1;204my[38;2;1;1;203my[38;2;0;0;227m_[38;2;0;0;226m_[38;2;0;0;228m_[38;2;1;0;208m_               [39m
 [38;2;0;0;0m           [38;2;0;0;225m_[38;2;0;0;226mg@[38;2;0;0;218m@[38;2;0;0;229m=[38;2;0;0;227m~[38;2;0;0;226m~[38;2;0;0;225m~~[38;2;0;0;226m~[38;2;0;0;227m~[38;2;0;0;229m=[38;2;0;0;218m@[38;2;0;0;227m@[38;2;0;0;226mg[38;2;0;0;225m_[38;2;1;2;200m,           [39m
 [38;2;0;0;0m        [38;2;1;0;204m_[38;2;0;0;225ma[38;2;0;0;227m@[38;2;0;0;214mF[38;2;0;0;226m~[38;2;202;202;202m_[38;2;185;185;185my[38;2;214;214;214ma[38;2;252;252;252mg[38;2;230;230;230m$[38;2;226;226;226m@[38;2;227;227;227m@[38;2;231;231;231m$[38;2;252;252;252mg[38;2;205;205;205mg[38;2;185;185;185my[38;2;201;201;201m_[38;2;0;0;222m~[38;2;0;0;209m?[38;2;0;0;227m@[38;2;0;0;222mg[38;2;1;1;206m_         [39m
 [38;2;0;0;0m       [38;2;0;0;213my[38;2;0;0;227m@[38;2;0;0;229m~ [38;2;207;207;207my[38;2;224;224;224m@[38;2;251;251;251m@[38;2;252;252;252m@@@@@@@@@@[38;2;251;251;251m@[38;2;233;233;233m@[38;2;206;206;206my[38;2;72;72;72m,[38;2;0;0;225m~[38;2;0;0;226m@[38;2;1;0;214my        [39m
 [38;2;0;0;0m      [38;2;0;0;217mg[38;2;0;0;228mP [38;2;168;168;168my[38;2;238;238;238m@[38;2;252;252;252m@@@@@@@@@@@@@@@@[38;2;245;245;245m@[38;2;155;155;155my [38;2;0;0;226m4[38;2;0;0;214m$       [39m
 [38;2;0;0;0m     [38;2;1;1;201mj[38;2;0;0;224m@ [38;2;162;162;162my[38;2;250;250;250m@[38;2;251;251;251m@[38;2;244;244;244m@[38;2;237;237;237m@[38;2;251;251;251m@[38;2;252;252;252m@@@@@@@[38;2;234;234;234m@[38;2;247;247;247m@[38;2;251;251;251m@[38;2;252;252;252m@@@@[38;2;251;251;251m@[38;2;148;148;148my [38;2;0;0;225mB[38;2;0;0;216mi      [39m
 [38;2;0;0;0m     [38;2;0;0;221mg[38;2;0;0;195m[ [38;2;227;227;227m@[38;2;252;252;252m@[38;2;251;251;251m@[38;2;140;140;140my [38;2;116;116;116m~[38;2;246;246;246m~[38;2;195;195;195mR[38;2;246;246;246m@[38;2;251;251;251m@[38;2;252;252;252m@@[38;2;210;210;210m@[38;2;184;184;184m_ [38;2;191;191;191m~[38;2;172;172;172mF[38;2;205;205;205m@[38;2;251;251;251m@[38;2;252;252;252m@@[38;2;242;242;242m@  [38;2;0;0;223m$      [39m
 [38;2;0;0;0m     [38;2;0;0;226m@  [38;2;249;249;249m@[38;2;252;252;252m@@[38;2;251;251;251m@[38;2;240;240;240m@[38;2;207;207;207m=  [38;2;81;81;81m_[38;2;203;203;203m$[38;2;251;251;251m@[38;2;252;252;252m@@[38;2;251;251;251m@[38;2;195;195;195m@[38;2;91;91;91m=  [38;2;186;186;186m_[38;2;246;246;246m@[38;2;252;252;252m@[38;2;251;251;251m@  [38;2;0;0;226m@      [39m
 [38;2;0;0;0m     [38;2;0;0;226m@  [38;2;249;249;249m@[38;2;252;252;252m@[38;2;251;251;251m@[38;2;177;177;177m~ [38;2;226;226;226m_[38;2;208;208;208my[38;2;247;247;247mg[38;2;250;250;250m@[38;2;252;252;252m@@@[38;2;202;202;202m@[38;2;145;145;145m`[38;2;82;82;82m_[38;2;162;162;162my[38;2;213;213;213mg[38;2;227;227;227m@[38;2;251;251;251m@[38;2;252;252;252m@@[38;2;251;251;251m@  [38;2;0;0;226m@      [39m
 [38;2;0;0;0m     [38;2;0;0;226m@  [38;2;249;249;249m@[38;2;252;252;252m@@[38;2;251;251;251m@[38;2;249;249;249m@[38;2;251;251;251m@[38;2;252;252;252m@@@@@@@[38;2;248;248;248m@[38;2;251;251;251m@[38;2;252;252;252m@@@@@@[38;2;251;251;251m@  [38;2;0;0;226m@      [39m
 [38;2;0;0;0m     [38;2;0;0;226m@  [38;2;249;249;249m@[38;2;252;252;252m@@@@@@@@@@@@@@@@@@@@[38;2;251;251;251m@  [38;2;0;0;226m@      [39m
 [38;2;0;0;0m     [38;2;0;0;226m@  [38;2;249;249;249m@[38;2;252;252;252m@@@@@@@@@@@@@@@@@@@@[38;2;251;251;251m@  [38;2;0;0;227m@      [39m
 [38;2;0;0;0m     [38;2;0;0;226m@  [38;2;249;249;249m@[38;2;252;252;252m@@@@@@@@@@@@@@@@@@@@[38;2;251;251;251m@  [38;2;0;0;227m@      [39m
 [38;2;0;0;0m     [38;2;0;0;217m@[38;2;0;0;215m, [38;2;239;239;239m@[38;2;252;252;252m@@@@@@@@@@@@@@@@@@@@[38;2;247;247;247m@ [38;2;1;0;171mj[38;2;0;0;221m@      [39m
 [38;2;0;0;0m     [38;2;1;1;207m`[38;2;0;0;226m@[38;2;0;0;222m_[38;2;199;199;199m`[38;2;179;179;179mA[38;2;236;236;236m@[38;2;247;247;247m@[38;2;243;243;243m@[38;2;180;180;180m@[38;2;173;173;173mT[38;2;252;252;252m~[38;2;150;150;150m5[38;2;208;208;208m@[38;2;247;247;247m@@[38;2;214;214;214m@[38;2;205;205;205mF[38;2;252;252;252m~[38;2;251;251;251m~[38;2;202;202;202mR[38;2;243;243;243m@[38;2;248;248;248m@[38;2;238;238;238m@[38;2;216;216;216mP[38;2;142;142;142m~[38;2;0;0;220m_[38;2;0;0;223m$[38;2;0;0;231m'      [39m
 [38;2;0;0;0m      [38;2;2;2;199m`[38;2;0;0;227m~[38;2;0;0;215m@[38;2;0;0;218my[38;2;0;0;225m_[38;2;0;0;226m__[38;2;0;0;211my[38;2;0;0;227ma[38;2;0;0;218m@[38;2;0;0;222mg[38;2;0;0;225m_[38;2;0;0;226m__[38;2;0;0;225m_[38;2;0;0;224ma[38;2;0;0;216m@[38;2;0;0;227ma[38;2;0;0;211my[38;2;0;0;226m__[38;2;0;0;225m_[38;2;0;0;218my[38;2;0;0;226ms[38;2;0;0;213mF[38;2;1;1;214m'       [39m
 [38;2;0;0;0m         [38;2;0;0;219m`[38;2;0;0;223m~[38;2;0;0;231m~[38;2;0;0;228m~[38;2;0;0;231m`   [38;2;1;0;207m~[38;2;0;0;231m~~[38;2;0;0;208m~   [38;2;0;0;229m`[38;2;0;0;226m~[38;2;0;0;232m~[38;2;0;0;225m~[38;2;0;0;222m`          [39m
 [38;2;0;0;0m                                       [39m
 [38;2;0;0;0m                                       [39m
[?25h