[?25l[39m [38;2;0;0;0m                 [38;2;0;0;223m_[38;2;0;0;233m__[38;2;0;0;235m_[38;2;0;0;226m_                 [39m
 [38;2;0;0;0m            [38;2;0;0;229m_[38;2;0;0;215my[38;2;0;0;228ma[38;2;0;0;222mP[38;2;0;0;217m=[38;2;0;0;226m~[38;2;0;0;225m~[38;2;0;0;226m~~~[38;2;0;0;228m~[38;2;0;0;229m=[38;2;0;0;221ma[38;2;0;0;218mg[38;2;0;0;224m_[38;2;3;2;193m,           [39m
 [38;2;0;0;0m          [38;2;1;0;207my[38;2;0;0;218m@[38;2;0;0;225m~[38;2;0;0;233m`[38;2;234;234;234m_[38;2;202;202;202my[38;2;236;236;236mg[38;2;220;220;220m$[38;2;228;228;228m@[38;2;242;242;242m@[38;2;239;239;239m@[38;2;221;221;221m@[38;2;252;252;252mg[38;2;210;210;210mg[38;2;187;187;187my[38;2;210;210;210m_[38;2;0;0;222m~[38;2;0;0;210m?[38;2;0;0;228ma[38;2;0;0;230m_         [39m
 [38;2;0;0;0m        [38;2;0;0;211m_[38;2;0;0;222m@[38;2;0;0;227m~ [38;2;183;183;183mg[38;2;235;235;235m@[38;2;251;251;251m@[38;2;252;252;252m@@@@@@@@@@[38;2;251;251;251m@[38;2;237;237;237m@[38;2;184;184;184mg[38;2;112;112;112m_[38;2;0;0;225m~[38;2;0;0;219m@[38;2;0;0;221m_       [39m
 [38;2;0;0;0m       [38;2;0;0;207m_[38;2;0;0;221m@ [38;2;144;144;144my[38;2;234;234;234m@[38;2;252;252;252m@@@@@@@@@@@@@@@@[38;2;249;249;249m@[38;2;195;195;195my [38;2;0;0;202m5[38;2;0;0;212my      [39m
 [38;2;0;0;0m       [38;2;0;0;232m@ [38;2;109;109;110my[38;2;246;246;246m@[38;2;252;252;252m@@@@@[38;2;235;235;235m@[38;2;219;219;219m@[38;2;251;251;251m@[38;2;252;252;252m@@@@@@@@@@[38;2;251;251;251m@[38;2;162;162;162m@ [38;2;0;0;225m?[38;2;1;0;218mi     [39m
 [38;2;0;0;0m      [38;2;1;1;207mJ[38;2;0;0;217mF [38;2;203;203;203m$[38;2;252;252;252m@@@@@[38;2;251;251;251m@[38;2;174;174;174my[38;2;80;80;80m_[38;2;142;142;142m`[38;2;235;235;235m~[38;2;186;186;186mP[38;2;233;233;233m@[38;2;251;251;251m@[38;2;252;252;252m@[38;2;251;251;251m@[38;2;249;249;249m@[38;2;246;246;246m@@@[38;2;245;245;245m@@[38;2;84;84;84mW [38;2;0;0;234m$     [39m
 [38;2;0;0;0m      [38;2;1;0;212m4[38;2;0;0;203m[ [38;2;234;234;234m$[38;2;252;252;252m@@@@@@[38;2;251;251;251m@[38;2;231;231;231m@[38;2;186;186;186m=  [38;2;128;128;128m_[38;2;192;192;192m$[38;2;251;251;251m@[38;2;224;224;224m@[38;2;176;176;176m_[38;2;154;154;154m___[38;2;155;155;155m__  [38;2;0;0;235m$     [39m
 [38;2;0;0;0m      [38;2;1;0;215m4[38;2;0;0;191ml [38;2;225;225;225m@[38;2;252;252;252m@@@@@[38;2;251;251;251m@[38;2;142;142;142m~ y[38;2;190;190;190mg[38;2;212;212;212m@[38;2;251;251;251m@[38;2;252;252;252m@@@[38;2;251;251;251m@[38;2;252;252;252m@@@@@[38;2;130;130;130mF [38;2;0;0;236m$     [39m
 [38;2;0;0;0m      [38;2;1;0;215mg[38;2;0;0;190m[ [38;2;236;236;236m@[38;2;252;252;252m@@@@@@[38;2;251;251;251m@@[38;2;252;252;252m@@@@@@@@@@@@[38;2;251;251;251m@[38;2;119;119;119mL [38;2;0;0;231m@     [39m
 [38;2;0;0;0m      [38;2;0;0;220m@  [38;2;249;249;249m@[38;2;252;252;252m@@@@@@@@@@@@@@@@@@@@[38;2;251;251;251m@[38;2;66;66;66mL [38;2;0;0;228m@     [39m
 [38;2;0;0;0m      [38;2;0;0;233m@ [38;2;80;80;80m4[38;2;250;250;250m@[38;2;252;252;252m@@@@@@@@@@@@@@@@@@@@[38;2;248;248;248m@  [38;2;0;0;221m$     [39m
 [38;2;0;0;0m      [38;2;0;0;235m@ [38;2;141;141;142m4[38;2;251;251;251m@[38;2;252;252;252m@@@@@@@@@@@@@@@@@@@@[38;2;234;234;234m@ [38;2;0;0;201mJ[38;2;1;0;217mF     [39m
 [38;2;0;0;0m     [38;2;2;2;176mj[38;2;0;0;216m@ [38;2;158;158;158m$[38;2;252;252;252m@@@@@@@@@@@@@@@@@@@@@[38;2;189;189;189m@ [38;2;0;0;215mg[38;2;1;1;207m[     [39m
 [38;2;0;0;0m     [38;2;2;1;197m4[38;2;1;0;203m$ [38;2;179;179;179m$[38;2;252;252;252m@@@@@@@@@@@@@@@@@@@@[38;2;251;251;251m@[38;2;163;163;163mF [38;2;0;0;231m$      [39m
 [38;2;0;0;0m     [38;2;2;2;188m`[38;2;0;0;230m@[38;2;0;0;229m_[38;2;71;71;72m"[38;2;187;187;187m4[38;2;221;221;221mF[38;2;251;251;251m~~[38;2;172;172;172m@[38;2;243;243;243m@[38;2;251;251;251m@[38;2;243;243;243m@[38;2;189;189;189m@[38;2;175;175;175mF[38;2;251;251;251m~[38;2;166;166;166m5[38;2;225;225;225m@[38;2;251;251;251m@[38;2;250;250;250m@[38;2;220;220;220m@[38;2;207;207;207mF[38;2;251;251;251m~[38;2;176;176;176mT[38;2;198;198;198mR[38;2;220;220;220m~[38;2;1;0;194m_[38;2;0;0;224mg[38;2;0;0;220mF      [39m
 [38;2;0;0;0m      [38;2;2;1;209m`[38;2;0;0;218m4[38;2;0;0;222m$[38;2;0;0;217my[38;2;0;0;220ma[38;2;0;0;221m@[38;2;0;0;227mg[38;2;0;0;206my[38;2;0;0;225m__[38;2;0;0;226m_[38;2;0;0;208my[38;2;0;0;226mg[38;2;0;0;224m@[38;2;0;0;220my[38;2;0;0;227m_[38;2;0;0;225m__[38;2;0;0;227m_[38;2;0;0;224mg[38;2;0;0;227m@[38;2;0;0;226mg[38;2;0;0;217mw[38;2;0;0;228mgP[38;2;0;0;214m~       [39m
 [38;2;0;0;0m         [38;2;0;0;223m~[38;2;2;1;202m~ [38;2;2;1;208m`[38;2;0;0;224m~[38;2;0;0;227m~~[38;2;0;0;226m~[38;2;0;0;225m~  [38;2;1;0;215m~[38;2;0;0;227m~~~[38;2;0;0;226m~[38;2;0;0;225m` [38;2;2;0;223m`[38;2;0;0;224m~[38;2;4;2;197m`         [39m
 [38;2;0;0;0m                                       [39m
[?25h