[?25l[39m [38;2;0;0;0m               [38;2;1;1;195m_[38;2;0;0;232m_[38;2;0;0;227m_[38;2;0;0;224m__[38;2;0;0;227m_[38;2;0;0;234m_[38;2;2;1;195m_                [39m
 [38;2;0;0;0m           [38;2;0;0;229m_[38;2;0;0;216my[38;2;0;0;226ma[38;2;0;0;222mP[38;2;0;0;228m~[38;2;0;0;225m~[38;2;0;0;228m~[38;2;0;0;230m~[38;2;0;0;229m~[38;2;0;0;228m~[38;2;0;0;225m~[38;2;0;0;227m~[38;2;0;0;222m4[38;2;0;0;227ma[38;2;0;0;215my[38;2;0;0;230m_            [39m
 [38;2;0;0;0m         [38;2;1;0;210my[38;2;0;0;214m@[38;2;0;0;226m~[38;2;1;0;223m`[38;2;153;153;153my[38;2;216;216;216my[38;2;250;250;250mg[38;2;222;222;222m@[38;2;249;249;249m@[38;2;250;250;250m@@@[38;2;228;228;228m@[38;2;250;250;250mg[38;2;216;216;216my[38;2;145;145;145my[38;2;1;0;223m`[38;2;0;0;226m~[38;2;0;0;215m@[38;2;1;0;212my          [39m
 [38;2;0;0;0m       [38;2;0;0;225m_[38;2;0;0;218m@[38;2;0;0;219m~[38;2;146;146;146m_[38;2;211;211;211mg[38;2;246;246;246m@[38;2;251;251;251m@[38;2;252;252;252m@@@@@@@@@@@[38;2;249;249;249m@[38;2;211;211;211mg[38;2;147;147;147m_[38;2;0;0;215m~[38;2;0;0;217m@[38;2;0;0;226m_        [39m
 [38;2;0;0;0m      [38;2;0;0;223mj[38;2;0;0;231mF [38;2;198;198;198my[38;2;248;248;248m@[38;2;252;252;252m@@@@@@@@@@@@@@@@[38;2;250;250;250m@[38;2;191;191;191my [38;2;0;0;205m5[38;2;0;0;220mL       [39m
 [38;2;0;0;0m     [38;2;3;2;181mj[38;2;0;0;220m@ [38;2;161;161;161mg[38;2;251;251;251m@[38;2;252;252;252m@@@@@@@@@@@@@@@@@@[38;2;251;251;251m@[38;2;131;131;131m@ [38;2;0;0;223mR[38;2;1;1;198mi      [39m
 [38;2;0;0;0m     [38;2;0;0;219mg[38;2;1;1;198m' [38;2;235;235;235m@[38;2;251;251;251m@[38;2;220;220;220m@[38;2;189;189;189mF[38;2;187;187;187mF[38;2;196;196;196mF[38;2;203;203;203mF[38;2;208;208;208mF[38;2;210;210;210mF[38;2;192;192;192m@[38;2;252;252;252m@[38;2;247;247;247m@[38;2;208;208;208mP[38;2;212;212;212mFFFFF[38;2;187;187;187mA[38;2;246;246;246m@[38;2;252;252;252m@[38;2;246;246;246m@  [38;2;0;0;222m$      [39m
 [38;2;0;0;0m     [38;2;0;0;226m@  [38;2;249;249;249m@[38;2;251;251;251m@[38;2;195;195;195m@[38;2;156;156;156my[38;2;160;160;160my[38;2;168;168;168my[38;2;172;172;172my[38;2;177;177;177my[38;2;182;182;182my[38;2;192;192;192mg[38;2;251;251;251m@[38;2;233;233;233m@[38;2;194;194;194my[38;2;184;184;184myyyyy[38;2;199;199;199my[38;2;227;227;227m@[38;2;252;252;252m@[38;2;251;251;251m@  [38;2;0;0;226m@      [39m
 [38;2;0;0;0m     [38;2;0;0;225m@  [38;2;249;249;249m@[38;2;252;252;252m@@@@@@@@@@@@@@@@@@@@[38;2;251;251;251m@  [38;2;0;0;226m@      [39m
 [38;2;0;0;0m     [38;2;0;0;225m@  [38;2;249;249;249m@[38;2;252;252;252m@@@@@@@@@@@@@@@@@@@@[38;2;251;251;251m@  [38;2;0;0;226m@      [39m
 [38;2;0;0;0m     [38;2;0;0;225m@  [38;2;250;250;250m@[38;2;252;252;252m@@@@@@@@@@@@@@@@@@@@[38;2;251;251;251m@  [38;2;0;0;226m@      [39m
 [38;2;0;0;0m     [38;2;0;0;225m@  [38;2;249;249;249m@[38;2;252;252;252m@@@@@@@@@@@@@@@@@@@@[38;2;251;251;251m@  [38;2;0;0;226m@      [39m
 [38;2;0;0;0m     [38;2;0;0;225m@  [38;2;249;249;249m@[38;2;252;252;252m@@@@@@@@@@@@@@@@@@@@[38;2;251;251;251m@  [38;2;0;0;226m@      [39m
 [38;2;0;0;0m     [38;2;0;0;225m@  [38;2;249;249;249m@[38;2;252;252;252m@@@@@@@@@@@@@@@@@@@@[38;2;251;251;251m@  [38;2;0;0;226m@      [39m
 [38;2;0;0;0m     [38;2;0;0;208m@[38;2;0;0;231mL [38;2;187;187;187m4[38;2;251;251;251m@[38;2;252;252;252m@@@[38;2;251;251;251m@[38;2;236;236;236m@[38;2;213;213;213m@[38;2;248;248;248m@[38;2;251;251;251m@[38;2;252;252;252m@@[38;2;251;251;251m@[38;2;248;248;248m@[38;2;211;211;211m@[38;2;235;235;235m@[38;2;251;251;251m@[38;2;252;252;252m@@@[38;2;251;251;251m@[38;2;228;228;228mF [38;2;0;0;230mj[38;2;0;0;216m$      [39m
 [38;2;0;0;0m     [38;2;2;2;196m`[38;2;0;0;219m@[38;2;0;0;226mg[38;2;0;0;227m_[38;2;167;167;167m`[38;2;238;238;238m~[38;2;251;251;251m~[38;2;248;248;248m~[38;2;145;145;145m~[38;2;0;0;228m_[38;2;0;0;226m_[38;2;0;0;224m_[38;2;202;202;202m~[38;2;250;250;250m~[38;2;251;251;251m~[38;2;220;220;220m~[38;2;0;0;223m_[38;2;0;0;226m_[38;2;0;0;227m_[38;2;126;126;126m~[38;2;245;245;245m~[38;2;251;251;251m~[38;2;242;242;242m~[38;2;172;172;172m`[38;2;0;0;226m_g[38;2;0;0;221m@[38;2;0;0;216m'      [39m
 [38;2;0;0;0m       [38;2;0;0;228m~[38;2;0;0;225m4[38;2;0;0;227m@[38;2;0;0;226m@[38;2;0;0;227m@[38;2;0;0;226m@@[38;2;0;0;227mP[38;2;0;0;229m=[38;2;0;0;225m@[38;2;0;0;226m@@[38;2;0;0;227m@[38;2;0;0;226m@[38;2;0;0;225m@[38;2;0;0;228m=[38;2;0;0;219mR[38;2;0;0;227m@[38;2;0;0;226m@[38;2;0;0;227m@[38;2;0;0;226m@[38;2;0;0;227m@[38;2;0;0;224mP[38;2;0;0;228m~        [39m
 [38;2;0;0;0m          [38;2;2;1;199m`[38;2;1;1;222m`[38;2;1;2;210m`     [38;2;2;1;221m`[38;2;1;1;221m`     [38;2;2;1;205m`[38;2;1;1;223m`[38;2;3;2;195m`           [39m
 [38;2;0;0;0m                                       [39m
[?25h