[?25l[39m [38;2;0;0;0m                                       [39m
 [38;2;0;0;0m              [38;2;0;0;227m_[38;2;0;0;226m_[38;2;0;0;227m_[38;2;0;0;212my[38;2;0;0;219myy[38;2;0;0;215my[38;2;1;1;200my[38;2;0;0;227m_[38;2;0;0;228m_               [39m
 [38;2;0;0;0m          [38;2;1;2;194m_[38;2;1;1;201my[38;2;0;0;228mg[38;2;0;0;227mP[38;2;0;0;226m~[38;2;0;0;225m~[38;2;0;0;231m~[38;2;118;118;118m_[38;2;152;152;152m_[38;2;156;156;156m_[38;2;132;132;132m_[38;2;0;0;231m~[38;2;0;0;226m~~[38;2;0;0;224m4[38;2;0;0;218m@[38;2;0;0;214my[38;2;0;0;223m_           [39m
 [38;2;0;0;0m        [38;2;1;1;202m_[38;2;0;0;224mg[38;2;0;0;228mP[38;2;0;0;227m~[38;2;125;125;125m_[38;2;185;185;185my[38;2;231;231;231mg[38;2;224;224;224m@[38;2;250;250;250m@[38;2;252;252;252m@[38;2;251;251;251m@@@@[38;2;237;237;237m@[38;2;244;244;244mg[38;2;208;208;208my[38;2;212;212;212m_[38;2;0;0;217m~[38;2;0;0;212m4[38;2;0;0;220m@[38;2;0;0;229m_         [39m
 [38;2;0;0;0m       [38;2;0;0;218mj[38;2;0;0;219m@[38;2;0;0;208m~[38;2;172;172;172m_[38;2;229;229;229mg[38;2;251;251;251m@[38;2;252;252;252m@@@@@@@@@@@@@[38;2;221;221;221m@[38;2;163;163;163my [38;2;0;0;198m#[38;2;0;0;219m$[38;2;1;1;198m,       [39m
 [38;2;0;0;0m      [38;2;0;0;227mj[38;2;0;0;230mF [38;2;170;170;170mg[38;2;249;249;249m@[38;2;252;252;252m@@@@@@@@@@@@@@@@[38;2;251;251;251m@[38;2;199;199;199m@[38;2;66;66;66m,[38;2;0;0;214m~[38;2;0;0;230m$       [39m
 [38;2;0;0;0m      [38;2;0;0;228m@ [38;2;158;158;158my[38;2;182;182;182m@[38;2;181;181;181mM[38;2;213;213;213m@[38;2;251;251;251m@[38;2;252;252;252m@@@@@@@@@@@@@@@@[38;2;206;206;206m@ [38;2;0;0;206m?[38;2;0;0;212m$      [39m
 [38;2;0;0;0m     [38;2;0;0;212m4[38;2;1;0;208m[ [38;2;225;225;225m$[38;2;209;209;209mg[38;2;150;150;150my[38;2;80;80;80m_[38;2;135;135;135m`[38;2;242;242;242m~[38;2;184;184;184mA[38;2;245;245;245m@[38;2;252;252;252m@[38;2;251;251;251m@[38;2;184;184;184m@[38;2;220;220;220mPPPPP[38;2;201;201;201mR[38;2;248;248;248m@[38;2;252;252;252m@@@[38;2;251;251;251m@[38;2;95;95;96mL [38;2;0;0;231m@      [39m
 [38;2;0;0;0m     [38;2;0;0;216m4[38;2;0;0;197m[ [38;2;228;228;228m@[38;2;241;241;241m@[38;2;217;217;217mP[38;2;159;159;159mT  [38;2;155;155;155my[38;2;204;204;204m$[38;2;252;252;252m@[38;2;239;239;239m@[38;2;179;179;179my[38;2;161;161;161myyyyy[38;2;173;173;173my[38;2;207;207;207m@[38;2;251;251;251m@[38;2;252;252;252m@@@[38;2;140;140;140mL [38;2;0;0;237m$      [39m
 [38;2;0;0;0m     [38;2;0;0;217m4[38;2;0;0;195m[ [38;2;228;228;228m@[38;2;169;169;169my[38;2;252;252;252m_[38;2;202;202;202my[38;2;249;249;249mg[38;2;250;250;250m@[38;2;252;252;252m@@@@@@@@@@@@@@@@[38;2;136;136;136mL [38;2;0;0;236m$      [39m
 [38;2;0;0;0m     [38;2;0;0;219m4[38;2;0;0;194m[ [38;2;232;232;232m@[38;2;252;252;252m@@@@@@@@@@@@@@@@@@@@@[38;2;129;129;129mL [38;2;0;0;232m@      [39m
 [38;2;0;0;0m     [38;2;0;0;220m4[38;2;0;0;191m[ [38;2;236;236;236m@[38;2;252;252;252m@@@@@@@@@@@@@@@@@@@@[38;2;251;251;251m@[38;2;119;119;119mL [38;2;0;0;232m@      [39m
 [38;2;0;0;0m     [38;2;0;0;216mg  [38;2;242;242;242m@[38;2;252;252;252m@@@@@@@@@@@@@@@@@@@@[38;2;251;251;251m@[38;2;105;105;105mL [38;2;0;0;231m@      [39m
 [38;2;0;0;0m     [38;2;0;0;215m@  [38;2;246;246;246m@[38;2;252;252;252m@@@@@@@@@@@@@@@@@@@@[38;2;251;251;251m@[38;2;89;89;90mL [38;2;0;0;231m@      [39m
 [38;2;0;0;0m     [38;2;1;0;209m9[38;2;0;0;208mL [38;2;208;208;208m$[38;2;252;252;252m@@@[38;2;251;251;251m@[38;2;252;252;252m@@@@@[38;2;251;251;251m@[38;2;252;252;252m@@@@@@@[38;2;251;251;251m@[38;2;252;252;252m@@[38;2;235;235;235m@ [38;2;1;0;195m_[38;2;0;0;221m$      [39m
 [38;2;0;0;0m     [38;2;2;3;186m`[38;2;0;0;215m@[38;2;0;0;208my [38;2;243;243;243m~[38;2;224;224;224m~[38;2;125;125;125m~[38;2;200;200;200m~[38;2;180;180;180mF[38;2;208;208;208mR[38;2;216;216;216mR[38;2;164;164;164m@[38;2;158;158;158mF[38;2;152;152;152m~[38;2;148;148;148m~[38;2;245;245;245m~[38;2;195;195;195m#[38;2;218;218;218mR[38;2;207;207;207mR[38;2;200;200;200mF[38;2;205;205;205m~[38;2;125;125;125m~[38;2;221;221;221m~[38;2;175;175;175mF [38;2;0;0;228m_[38;2;0;0;220m@[38;2;0;0;218m'      [39m
 [38;2;0;0;0m       [38;2;0;0;227m~[38;2;0;0;222m4[38;2;0;0;227ma[38;2;0;0;211m@[38;2;0;0;224m=[38;2;1;1;210m@[38;2;0;0;227ma[38;2;0;0;218mg[38;2;0;0;221my[38;2;0;0;226mga[38;2;0;0;217mP[38;2;0;0;220m4[38;2;0;0;227ma[38;2;0;0;225mg[38;2;0;0;219my[38;2;0;0;222ma[38;2;0;0;228ma[38;2;0;0;225mP=[38;2;0;0;217m@[38;2;0;0;227ma[38;2;0;0;222mP[38;2;0;0;228m~        [39m
 [38;2;0;0;0m              [38;2;4;1;190m`[38;2;2;1;204m`      [38;2;2;2;206m`                [39m
 [38;2;0;0;0m                                       [39m
[?25h