[?25l[39m [38;2;0;0;0m                 [38;2;1;0;201m_[38;2;0;0;223m_[38;2;1;0;221m_[38;2;2;0;203m_                  [39m
 [38;2;0;0;0m           [38;2;2;1;195m_[38;2;0;0;225m_[38;2;0;0;222ma[38;2;0;0;226mg[38;2;0;0;227m@@[38;2;0;0;228m@[38;2;0;0;223m@[38;2;0;0;224m@[38;2;0;0;228m@@[38;2;0;0;227m@[38;2;0;0;226mg[38;2;0;0;219mg[38;2;0;0;225m_[38;2;2;1;194m_            [39m
 [38;2;0;0;0m         [38;2;0;0;231m_[38;2;0;0;227mg@[38;2;0;0;223mP[38;2;0;0;226m~[38;2;0;0;221m~[38;2;219;219;219m_[38;2;160;160;160my[38;2;184;184;184my[38;2;195;195;195myy[38;2;184;184;184my[38;2;157;157;157my[38;2;219;219;219m_[38;2;0;0;220m~[38;2;0;0;227m~[38;2;0;0;224m4[38;2;0;0;227m@g[38;2;0;0;231m_          [39m
 [38;2;0;0;0m       [38;2;1;0;208m_[38;2;0;0;226mg[38;2;0;0;217m@[38;2;0;0;228m~[38;2;117;117;117m_[38;2;202;202;202my[38;2;248;248;248mg[38;2;250;250;250m@[38;2;251;251;251m@[38;2;252;252;252m@@@@@@[38;2;251;251;251m@@[38;2;210;210;210m@[38;2;201;201;201my[38;2;120;120;120m_[38;2;0;0;224m~[38;2;0;0;223mR$[38;2;1;0;209m_        [39m
 [38;2;0;0;0m      [38;2;0;0;219m_[38;2;0;0;229m@[38;2;0;0;228m~ [38;2;198;198;198mg[38;2;249;249;249m@[38;2;252;252;252m@@@@@@@@@@@@@@[38;2;250;250;250m@[38;2;198;198;198mg[38;2;66;66;66m,[38;2;0;0;224m~[38;2;0;0;229m@[38;2;0;0;219m_       [39m
 [38;2;0;0;0m      [38;2;0;0;231m@[38;2;1;0;196m~[38;2;90;90;91m_[38;2;214;214;214m@[38;2;252;252;252m@@@@@@@@@@@@@@@@@@[38;2;231;231;231m@[38;2;90;90;91m_[38;2;1;0;197m"[38;2;0;0;230m@[38;2;0;0;229m,      [39m
 [38;2;0;0;0m     [38;2;0;0;213mg[38;2;0;0;218mF [38;2;199;199;199m$[38;2;252;252;252m@[38;2;251;251;251m@[38;2;235;235;235m~[38;2;218;218;218m~[38;2;173;173;173mF[38;2;206;206;206m@[38;2;251;251;251m@[38;2;252;252;252m@@@@@@@@@@@@@[38;2;213;213;213m@ [38;2;0;0;204m?[38;2;0;0;217m$      [39m
 [38;2;0;0;0m     [38;2;0;0;224m@  [38;2;249;249;249m@[38;2;252;252;252m@@[38;2;234;234;234m@[38;2;210;210;210mg[38;2;145;145;145my [38;2;104;104;104m`[38;2;237;237;237m~[38;2;213;213;213m@[38;2;252;252;252m@[38;2;226;226;226m@[38;2;251;251;251m~[38;2;250;250;250m~~~~~[38;2;251;251;251m~[38;2;224;224;224m@[38;2;252;252;252m@[38;2;251;251;251m@  [38;2;0;0;226m@      [39m
 [38;2;0;0;0m     [38;2;0;0;225m@  [38;2;249;249;249m@[38;2;252;252;252m@@[38;2;227;227;227mF[38;2;230;230;230m~[38;2;78;78;78m`[38;2;136;136;136m_[38;2;177;177;177my[38;2;229;229;229mg[38;2;247;247;247m@[38;2;252;252;252m@[38;2;250;250;250m@[38;2;240;240;240mg[38;2;236;236;236mgggg[38;2;235;235;235mg[38;2;241;241;241mg[38;2;248;248;248m@[38;2;252;252;252m@[38;2;251;251;251m@  [38;2;0;0;227m@      [39m
 [38;2;0;0;0m     [38;2;0;0;225m@  [38;2;249;249;249m@[38;2;252;252;252m@[38;2;251;251;251m@[38;2;215;215;215mg[38;2;200;200;200ma[38;2;225;225;225m$[38;2;251;251;251m@[38;2;252;252;252m@@@@@@@@@@@@@@[38;2;251;251;251m@  [38;2;0;0;227m@      [39m
 [38;2;0;0;0m     [38;2;0;0;225m@  [38;2;249;249;249m@[38;2;252;252;252m@@@@@@@@@@@@@@@@@@@@[38;2;251;251;251m@  [38;2;0;0;227m@      [39m
 [38;2;0;0;0m     [38;2;0;0;225m@  [38;2;249;249;249m@[38;2;252;252;252m@@@@@@@@@@@@@@@@@@@@[38;2;251;251;251m@  [38;2;0;0;226m@      [39m
 [38;2;0;0;0m     [38;2;0;0;225m@  [38;2;249;249;249m@[38;2;252;252;252m@@@@@@@@@@@@@@@@@@@@[38;2;251;251;251m@  [38;2;0;0;227m@      [39m
 [38;2;0;0;0m     [38;2;0;0;221m@  [38;2;246;246;246m@[38;2;252;252;252m@@@@@@@@@@@@@@@@@@@@[38;2;249;249;249m@  [38;2;0;0;223m@      [39m
 [38;2;0;0;0m     [38;2;1;0;213m`[38;2;0;0;225m$[38;2;0;0;209m,[38;2;175;175;175m~[38;2;196;196;196m@[38;2;251;251;251m@@@[38;2;229;229;229m@[38;2;214;214;214mF[38;2;181;181;181mF[38;2;196;196;196mA[38;2;247;247;247m@[38;2;251;251;251m@@[38;2;247;247;247m@[38;2;172;172;172m@[38;2;186;186;186mF[38;2;194;194;194mF[38;2;225;225;225m@[38;2;251;251;251m@@@[38;2;210;210;210m@[38;2;197;197;197m~ [38;2;0;0;231ma[38;2;0;0;232m'      [39m
 [38;2;0;0;0m      [38;2;0;0;217m`[38;2;0;0;224m4[38;2;0;0;222mg[38;2;0;0;225m_[38;2;0;0;228m_[38;2;179;179;179m`[38;2;0;0;228m_[38;2;0;0;226m_[38;2;0;0;218ma[38;2;0;0;228ma[38;2;0;0;208my[38;2;0;0;227m_[38;2;161;161;161m``[38;2;0;0;227m_[38;2;0;0;207my[38;2;0;0;228ma[38;2;0;0;216mg[38;2;0;0;226m_[38;2;102;102;102m`[38;2;180;180;180m`[38;2;0;0;228m_[38;2;0;0;225m_a[38;2;0;0;226mP[38;2;2;1;203m~       [39m
 [38;2;0;0;0m        [38;2;2;3;186m`[38;2;0;0;227m~[38;2;0;0;226m~[38;2;0;0;225m~~[38;2;0;0;230m~[38;2;0;2;202m` [38;2;2;1;205m~[38;2;0;0;227m~[38;2;0;0;225m~~[38;2;0;0;228m~[38;2;1;1;205m~ [38;2;2;0;203m`[38;2;0;0;227m~[38;2;0;0;225m~~~[38;2;0;0;227m~[38;2;3;3;190m`         [39m
 [38;2;0;0;0m                                       [39m
 [38;2;0;0;0m                                       [39m
[?25h