[?25l[39m [38;2;0;0;0m                                       [39m
 [38;2;0;0;0m              [38;2;0;0;227m_[38;2;0;0;226m__[38;2;0;0;214my[38;2;0;0;220myy[38;2;0;0;214my[38;2;0;0;226m_[38;2;0;0;227m__               [39m
 [38;2;0;0;0m          [38;2;0;0;211m_[38;2;0;0;208my[38;2;0;0;225ma[38;2;0;0;219mP[38;2;0;0;225m~[38;2;0;0;231m~[38;2;134;134;134m_[38;2;222;222;222m_[38;2;253;253;253m__[38;2;222;222;222m_[38;2;134;134;134m_[38;2;0;0;229m~[38;2;0;0;226m~[38;2;0;0;227m=[38;2;0;0;226ma[38;2;1;0;209my[38;2;1;0;211m_           [39m
 [38;2;0;0;0m        [38;2;0;0;218m_[38;2;0;0;229ma[38;2;0;0;218mF[38;2;0;0;210m~[38;2;131;131;131my[38;2;192;192;192mg[38;2;207;207;207m@[38;2;247;247;247m@[38;2;252;252;252m@[38;2;251;251;251m@[38;2;252;252;252m@@[38;2;251;251;251m@@[38;2;249;249;249m@[38;2;215;215;215m@[38;2;192;192;192mg[38;2;228;228;228m_[38;2;0;0;206m~[38;2;0;0;213m?[38;2;0;0;227ma[38;2;0;0;219m_         [39m
 [38;2;0;0;0m       [38;2;1;0;216mg[38;2;0;0;228mF [38;2;174;174;174my[38;2;214;214;214m@[38;2;251;251;251m@[38;2;252;252;252m@@@@@@@@@@@@[38;2;251;251;251m@[38;2;229;229;229m@[38;2;164;164;165my [38;2;0;0;200m#[38;2;0;0;217mg        [39m
 [38;2;0;0;0m      [38;2;0;0;225mg[38;2;0;0;214mF [38;2;220;220;220mg[38;2;251;251;251m@[38;2;252;252;252m@@@@@@@@@@@@@@@@[38;2;251;251;251m@[38;2;198;198;198m$ [38;2;0;0;221m~[38;2;0;0;222m$       [39m
 [38;2;0;0;0m     [38;2;1;0;207mj[38;2;0;0;229mF [38;2;203;203;203mg[38;2;251;251;251m@[38;2;252;252;252m@[38;2;248;248;248m@[38;2;182;182;182m@[38;2;199;199;199mF[38;2;177;177;177mF[38;2;193;193;193mF[38;2;187;187;187m@[38;2;252;252;252m@@@[38;2;251;251;251m@[38;2;215;215;215m@[38;2;214;214;214mF[38;2;181;181;181mF[38;2;157;157;157mP[38;2;183;183;183mR[38;2;241;241;241m@[38;2;252;252;252m@[38;2;251;251;251m@[38;2;181;181;181m@ [38;2;0;0;221m?[38;2;0;0;219mi      [39m
 [38;2;0;0;0m     [38;2;0;0;218m@  [38;2;245;245;245m@[38;2;252;252;252m@[38;2;217;217;217m@[38;2;99;99;99m`[38;2;187;187;187ms[38;2;155;155;155mF[38;2;138;138;138m5[38;2;162;162;162mT[38;2;164;164;164mg[38;2;114;114;114m~[38;2;243;243;243m@[38;2;250;250;250m@[38;2;188;188;188m~[38;2;160;160;160mg[38;2;179;179;179mF[38;2;240;240;240m~[38;2;189;189;189mF[38;2;151;151;151mh [38;2;182;182;182m$[38;2;251;251;251m@[38;2;250;250;250m@  [38;2;0;0;226m$      [39m
 [38;2;0;0;0m     [38;2;0;0;226m@  [38;2;249;249;249m@[38;2;251;251;251m@[38;2;178;178;178m$[38;2;82;82;82m4[38;2;187;187;187mL [38;2;192;192;192mF [38;2;149;149;149m#[38;2;126;126;126m_[38;2;235;235;235m@[38;2;240;240;240m@ [38;2;193;193;193m$ [38;2;152;152;152m# [38;2;101;101;101m4[38;2;86;86;86m~[38;2;202;202;202mg[38;2;251;251;251m@@  [38;2;0;0;226m@      [39m
 [38;2;0;0;0m     [38;2;0;0;226m@  [38;2;249;249;249m@[38;2;252;252;252m@[38;2;251;251;251m@[38;2;181;181;181mg[38;2;208;208;208m_[38;2;149;149;149m?[38;2;193;193;193m?[38;2;175;175;175mM[38;2;225;225;225m@[38;2;251;251;251m@[38;2;252;252;252m@[38;2;251;251;251m@[38;2;201;201;201m@[38;2;137;137;137my[38;2;155;155;155m7[38;2;137;137;137mM[38;2;200;200;200mF[38;2;214;214;214m$[38;2;247;247;247m@[38;2;252;252;252m@@[38;2;251;251;251m@  [38;2;0;0;226m@      [39m
 [38;2;0;0;0m     [38;2;0;0;226m@  [38;2;249;249;249m@[38;2;252;252;252m@@@[38;2;251;251;251m@[38;2;252;252;252m@@@@@@@@@@@@[38;2;251;251;251m@[38;2;252;252;252m@@@[38;2;251;251;251m@  [38;2;0;0;226m@      [39m
 [38;2;0;0;0m     [38;2;0;0;226m@  [38;2;249;249;249m@[38;2;252;252;252m@@@@@@@@@@@@@@@@@@@@[38;2;251;251;251m@  [38;2;0;0;227m@      [39m
 [38;2;0;0;0m     [38;2;0;0;226m@  [38;2;249;249;249m@[38;2;252;252;252m@@@@@@@@@@@@@@@@@@@@[38;2;251;251;251m@  [38;2;0;0;227m@      [39m
 [38;2;0;0;0m     [38;2;0;0;226m@  [38;2;249;249;249m@[38;2;252;252;252m@@@@@@@@@@@@@@@@@@@@[38;2;251;251;251m@  [38;2;0;0;227m@      [39m
 [38;2;0;0;0m     [38;2;0;0;220m@  [38;2;245;245;245m@[38;2;252;252;252m@@@@@@@@@@@@@@@@@@@@[38;2;249;249;249m@  [38;2;0;0;223m@      [39m
 [38;2;0;0;0m     [38;2;1;0;213m`[38;2;0;0;225m$[38;2;0;0;209m,[38;2;168;168;168m~[38;2;195;195;195m@[38;2;251;251;251m@[38;2;252;252;252m@@[38;2;226;226;226m@[38;2;210;210;210mF[38;2;181;181;181mF[38;2;162;162;162m@[38;2;245;245;245m@[38;2;252;252;252m@@[38;2;245;245;245m@[38;2;173;173;173m@[38;2;184;184;184mF[38;2;170;170;170mP[38;2;221;221;221m@[38;2;252;252;252m@[38;2;251;251;251m@@[38;2;209;209;209m@[38;2;194;194;194m~ [38;2;0;0;231ma[38;2;1;1;201m~      [39m
 [38;2;0;0;0m      [38;2;0;0;216m`[38;2;0;0;224m4[38;2;0;0;225mg[38;2;0;0;226m__[38;2;140;140;140m`[38;2;101;101;101m`[38;2;0;0;225m_[38;2;0;0;222ma[38;2;0;0;227ma[38;2;0;0;208my[38;2;0;0;225m_[38;2;133;133;133m``[38;2;0;0;225m_[38;2;0;0;208my[38;2;0;0;226ma[38;2;0;0;217mg[38;2;0;0;225m_[38;2;102;102;102m`[38;2;142;142;142m`[38;2;0;0;225m__[38;2;0;0;226mg[38;2;0;0;227mP[38;2;1;1;199m~       [39m
 [38;2;0;0;0m         [38;2;0;0;222m~[38;2;0;0;227m~[38;2;0;0;226m~~~[38;2;2;1;203m` [38;2;2;1;200m~[38;2;0;0;227m~[38;2;0;0;226m~~~[38;2;2;1;202m~ [38;2;2;1;201m`[38;2;0;0;224m~[38;2;0;0;226m~~~[38;2;0;0;223m~[38;2;4;4;187m`         [39m
 [38;2;0;0;0m                                       [39m
[?25h