[?25l[39m [38;2;0;0;0m                                       [39m
 [38;2;0;0;0m            [38;2;0;0;227m_[38;2;0;0;225m_[38;2;0;0;220mg[38;2;0;0;227ma[38;2;0;0;215m#[38;2;0;0;219mP[38;2;0;0;230m==[38;2;0;0;229m=[38;2;0;0;216m#[38;2;0;0;228ma[38;2;0;0;221mg[38;2;0;0;225m_[38;2;0;0;227m_             [39m
 [38;2;0;0;0m         [38;2;1;0;205m_[38;2;0;0;214ma[38;2;0;0;212m@[38;2;0;0;227m~[38;2;0;0;224m~[38;2;212;212;212m_[38;2;174;174;174my[38;2;206;206;206my[38;2;205;205;205ma[38;2;221;221;221mgg[38;2;197;197;197mg[38;2;206;206;206my[38;2;173;173;173my[38;2;212;212;212m_[38;2;0;0;222m~[38;2;0;0;225m~[38;2;0;0;213m@[38;2;0;0;218my[38;2;2;1;206m_          [39m
 [38;2;0;0;0m        [38;2;0;0;219mg[38;2;0;0;223mP[38;2;0;0;199m~[38;2;138;138;138my[38;2;225;225;225mg[38;2;241;241;241m@[38;2;251;251;251m@[38;2;252;252;252m@@@@@@@@[38;2;251;251;251m@[38;2;246;246;246m@[38;2;225;225;225mg[38;2;224;224;224m_[38;2;0;0;221m`[38;2;0;0;220m4[38;2;0;0;221mg[38;2;2;1;207m,        [39m
 [38;2;0;0;0m      [38;2;1;1;195m_[38;2;0;0;224m@[38;2;0;0;206m~[38;2;134;134;134m_[38;2;240;240;240mg[38;2;251;251;251m@[38;2;252;252;252m@@@@@@@@@@@@@@[38;2;251;251;251m@[38;2;205;205;205m@[38;2;135;135;135m_[38;2;0;0;207m"[38;2;0;0;224m@[38;2;0;0;233m,       [39m
 [38;2;0;0;0m      [38;2;0;0;230m@[38;2;1;0;193m'[38;2;107;107;107my[38;2;240;240;240m@[38;2;252;252;252m@[38;2;251;251;251m@@[38;2;252;252;252m@@@@@@@@@@@@@@@[38;2;247;247;247m@[38;2;135;135;135m_ [38;2;0;0;231m$[38;2;1;0;206m,      [39m
 [38;2;0;0;0m     [38;2;0;0;222mJ[38;2;1;0;206mF [38;2;220;220;220m$[38;2;252;252;252m@[38;2;251;251;251m@[38;2;142;142;142m~[38;2;156;156;156m`[38;2;236;236;236m~[38;2;174;174;174mA[38;2;234;234;234m@[38;2;251;251;251m@[38;2;252;252;252m@@@@@@@@@@@@[38;2;230;230;230m@ [38;2;1;0;203m`[38;2;0;0;212m$      [39m
 [38;2;0;0;0m     [38;2;0;0;224m@  [38;2;250;250;250m@[38;2;252;252;252m@@[38;2;251;251;251m@[38;2;220;220;220m$[38;2;166;166;166mw  [38;2;113;113;113m~[38;2;204;204;204m$[38;2;251;251;251m@[38;2;213;213;213m@[38;2;169;169;169m~[38;2;254;254;254m`````[38;2;165;165;165m~[38;2;222;222;222m$[38;2;252;252;252m@[38;2;251;251;251m@  [38;2;0;0;228m$      [39m
 [38;2;0;0;0m     [38;2;0;0;225m@  [38;2;249;249;249m@[38;2;252;252;252m@[38;2;251;251;251m@[38;2;174;174;174mF[38;2;115;115;115m~ [38;2;146;146;146my[38;2;195;195;195mg[38;2;217;217;217m@[38;2;251;251;251m@[38;2;252;252;252m@@[38;2;234;234;234m@[38;2;228;228;228m@@@@@[38;2;233;233;233m@[38;2;251;251;251m@[38;2;252;252;252m@[38;2;251;251;251m@  [38;2;0;0;227m@      [39m
 [38;2;0;0;0m     [38;2;0;0;225m@  [38;2;249;249;249m@[38;2;252;252;252m@[38;2;251;251;251m@[38;2;216;216;216m@[38;2;251;251;251mg[38;2;249;249;249m@[38;2;252;252;252m@@@@@@@@@@@@@@@[38;2;251;251;251m@  [38;2;0;0;227m@      [39m
 [38;2;0;0;0m     [38;2;0;0;225m@  [38;2;249;249;249m@[38;2;252;252;252m@@@@@@@@@@@@@@@@@@@@[38;2;251;251;251m@  [38;2;0;0;227m@      [39m
 [38;2;0;0;0m     [38;2;0;0;225m@  [38;2;249;249;249m@[38;2;252;252;252m@@@@@@@@@@@@@@@@@@@@[38;2;251;251;251m@  [38;2;0;0;226m@      [39m
 [38;2;0;0;0m     [38;2;0;0;225m@  [38;2;249;249;249m@[38;2;252;252;252m@@@@@@@@@@@@@@@@@@@@[38;2;251;251;251m@  [38;2;0;0;227m@      [39m
 [38;2;0;0;0m     [38;2;0;0;226m@  [38;2;249;249;249m@[38;2;252;252;252m@@@@@@@@@@@@@@@@@@@@[38;2;251;251;251m@  [38;2;0;0;226m@      [39m
 [38;2;0;0;0m     [38;2;0;0;221m@  [38;2;245;245;245m@[38;2;252;252;252m@@@@@@@@@@@@@@@@@@@@[38;2;249;249;249m@  [38;2;0;0;223m@      [39m
 [38;2;0;0;0m     [38;2;1;0;213m`[38;2;0;0;225m$[38;2;0;0;212m,[38;2;162;162;162m~[38;2;190;190;190m@[38;2;251;251;251m@[38;2;252;252;252m@@[38;2;222;222;222m@[38;2;206;206;206mF[38;2;176;176;176mF[38;2;181;181;181mR[38;2;243;243;243m@[38;2;252;252;252m@@[38;2;243;243;243m@[38;2;168;168;168m@[38;2;180;180;180mF[38;2;185;185;185mF[38;2;216;216;216m@[38;2;252;252;252m@@[38;2;251;251;251m@[38;2;204;204;204m@[38;2;190;190;190m~ [38;2;0;0;229mg[38;2;0;0;231m'      [39m
 [38;2;0;0;0m      [38;2;0;0;218m`[38;2;0;0;225m4[38;2;0;0;227mg[38;2;0;0;225m__[38;2;133;133;133m`[38;2;0;0;225m__[38;2;0;0;223ma[38;2;0;0;226ma[38;2;0;0;210my[38;2;0;0;225m_[38;2;122;122;122m``[38;2;0;0;226m_[38;2;0;0;211my[38;2;0;0;224mg[38;2;0;0;220mg[38;2;0;0;227m_[38;2;0;0;225m_[38;2;135;135;135m`[38;2;0;0;225m_[38;2;0;0;227m_g[38;2;0;0;228mP[38;2;1;1;203m~       [39m
 [38;2;0;0;0m        [38;2;3;3;192m`[38;2;0;0;223m~[38;2;0;0;226m~[38;2;0;0;227m~~~[38;2;2;0;209m` [38;2;2;1;207m~[38;2;0;0;227m~~~~[38;2;1;1;207m~ [38;2;1;0;210m`[38;2;0;0;225m~[38;2;0;0;227m~[38;2;0;0;226m~~[38;2;0;0;225m~[38;2;3;2;194m`         [39m
 [38;2;0;0;0m                                       [39m
[?25h