[?25l[39m [38;2;0;0;0m                [38;2;0;0;223m_[38;2;0;0;233m_[38;2;0;0;229m__[38;2;0;0;233m_[38;2;0;0;222m_                 [39m
 [38;2;0;0;0m           [38;2;0;0;227m_[38;2;1;1;207my[38;2;0;0;228ma[38;2;0;0;221mP[38;2;0;0;218m=[38;2;0;0;226m~[38;2;0;0;225m~[38;2;0;0;227m~~[38;2;0;0;226m~~[38;2;0;0;219m=[38;2;0;0;216mR[38;2;0;0;227ma[38;2;1;1;207my[38;2;0;0;228m_            [39m
 [38;2;0;0;0m         [38;2;0;0;229m_[38;2;0;0;215m@[38;2;0;0;226m~[38;2;0;0;205m~[38;2;239;239;239m_[38;2;204;204;204my[38;2;239;239;239mg[38;2;225;225;225m$[38;2;236;236;236m@[38;2;250;250;250m@@[38;2;239;239;239m@[38;2;228;228;228m$[38;2;239;239;239mg[38;2;204;204;204my[38;2;238;238;238m_[38;2;0;0;205m~[38;2;0;0;225m~[38;2;0;0;219m@[38;2;0;0;229m_          [39m
 [38;2;0;0;0m       [38;2;0;0;220m_[38;2;0;0;219m@[38;2;0;0;225m~[38;2;115;115;115m_[38;2;196;196;196mg[38;2;238;238;238m@[38;2;251;251;251m@[38;2;252;252;252m@@@@@@@@@@[38;2;251;251;251m@[38;2;244;244;244m@[38;2;195;195;195mg[38;2;115;115;115m_[38;2;0;0;222m~[38;2;0;0;220m@[38;2;0;0;221m_        [39m
 [38;2;0;0;0m      [38;2;0;0;218mj[38;2;0;0;227mP [38;2;186;186;186my[38;2;244;244;244m@[38;2;252;252;252m@@@@@@@@@@@@@@@@[38;2;249;249;249m@[38;2;177;177;177my [38;2;0;0;223m4[38;2;1;0;214mL       [39m
 [38;2;0;0;0m      [38;2;0;0;223m@ [38;2;151;151;152mg[38;2;251;251;251m@[38;2;252;252;252m@[38;2;225;225;225m@[38;2;208;208;208m@[38;2;250;250;250m@[38;2;252;252;252m@@@@@@@@@@@@@@[38;2;251;251;251m@[38;2;160;160;161my [38;2;0;0;227mR[38;2;0;0;231m,      [39m
 [38;2;0;0;0m     [38;2;0;0;218mg[38;2;1;1;199m' [38;2;232;232;232m@[38;2;252;252;252m@[38;2;251;251;251m@[38;2;179;179;179my[38;2;103;103;103m_[38;2;113;113;113m`[38;2;229;229;229m~[38;2;165;165;165m#[38;2;227;227;227m@[38;2;252;252;252m@@@[38;2;240;240;240m@[38;2;233;233;233m@@@@@[38;2;242;242;242m@[38;2;251;251;251m@[38;2;252;252;252m@[38;2;244;244;244m@  [38;2;0;0;220m$      [39m
 [38;2;0;0;0m     [38;2;0;0;226m@  [38;2;249;249;249m@[38;2;252;252;252m@@[38;2;251;251;251m@[38;2;218;218;218m@[38;2;129;129;129mM  [38;2;167;167;167m_[38;2;206;206;206m$[38;2;251;251;251m@[38;2;217;217;217m@[38;2;196;196;196m_[38;2;172;172;172m_____[38;2;200;200;200m_[38;2;220;220;220m$[38;2;252;252;252m@[38;2;251;251;251m@  [38;2;0;0;226m@      [39m
 [38;2;0;0;0m     [38;2;0;0;226m@  [38;2;249;249;249m@[38;2;252;252;252m@[38;2;251;251;251m@[38;2;134;134;134m_[38;2;69;69;69m_[38;2;157;157;157my[38;2;206;206;206mg[38;2;224;224;224m@[38;2;251;251;251m@[38;2;252;252;252m@@@[38;2;251;251;251m@@@@@@@[38;2;252;252;252m@@[38;2;251;251;251m@  [38;2;0;0;226m@      [39m
 [38;2;0;0;0m     [38;2;0;0;226m@  [38;2;249;249;249m@[38;2;252;252;252m@@[38;2;251;251;251m@@[38;2;252;252;252m@@@@@@@@@@@@@@@@[38;2;251;251;251m@  [38;2;0;0;226m@      [39m
 [38;2;0;0;0m     [38;2;0;0;226m@  [38;2;249;249;249m@[38;2;252;252;252m@@@@@@@@@@@@@@@@@@@@[38;2;251;251;251m@  [38;2;0;0;226m@      [39m
 [38;2;0;0;0m     [38;2;0;0;226m@  [38;2;249;249;249m@[38;2;252;252;252m@@@@@@@@@@@@@@@@@@@@[38;2;251;251;251m@  [38;2;0;0;227m@      [39m
 [38;2;0;0;0m     [38;2;0;0;226m@  [38;2;249;249;249m@[38;2;252;252;252m@@@@@@@@@@@@@@@@@@@@[38;2;251;251;251m@  [38;2;0;0;227m@      [39m
 [38;2;0;0;0m     [38;2;0;0;225m@  [38;2;249;249;249m@[38;2;252;252;252m@@@@@@@@@@@@@@@@@@@@[38;2;251;251;251m@  [38;2;0;0;226m@      [39m
 [38;2;0;0;0m     [38;2;0;0;220m@[38;2;0;0;217m, [38;2;240;240;240m@[38;2;252;252;252m@@@@@@@@@@@@@@@@@@@@[38;2;246;246;246m@ [38;2;1;0;171mj[38;2;0;0;222m@      [39m
 [38;2;0;0;0m     [38;2;1;0;212m`[38;2;0;0;226m@[38;2;0;0;222m_[38;2;113;113;113m~[38;2;180;180;180mR[38;2;234;234;234m@[38;2;251;251;251m@[38;2;241;241;241m@[38;2;188;188;188m@[38;2;172;172;172mF[38;2;251;251;251m~[38;2;155;155;155m5[38;2;216;216;216m@[38;2;249;249;249m@@[38;2;220;220;220m@[38;2;207;207;207mF[38;2;250;250;250m~[38;2;251;251;251m~[38;2;177;177;177m@[38;2;241;241;241m@[38;2;252;252;252m@[38;2;236;236;236m@[38;2;170;170;170m@[38;2;151;151;151m~[38;2;0;0;221m_[38;2;0;0;230mg[38;2;0;0;232m'      [39m
 [38;2;0;0;0m      [38;2;1;0;217m`[38;2;0;0;222m4[38;2;0;0;220m$[38;2;0;0;217my[38;2;0;0;227m_[38;2;0;0;225m_[38;2;0;0;227m_[38;2;0;0;206my[38;2;0;0;227mg@[38;2;0;0;223mg[38;2;0;0;227m_[38;2;0;0;226m__[38;2;0;0;227m_[38;2;0;0;224ma[38;2;0;0;225m@[38;2;0;0;227mg[38;2;0;0;206my[38;2;0;0;227m_[38;2;0;0;225m_[38;2;0;0;227m_[38;2;0;0;215my[38;2;0;0;227mg[38;2;0;0;225mP[38;2;1;1;201m~       [39m
 [38;2;0;0;0m         [38;2;0;0;222m~[38;2;0;0;226m~[38;2;0;0;227m~[38;2;0;0;226m~~[38;2;3;0;201m` [38;2;3;1;200m~[38;2;0;0;226m~[38;2;0;0;227m~~[38;2;0;0;226m~[38;2;2;1;202m~ `[38;2;0;0;223m~[38;2;0;0;227m~~[38;2;0;0;226m~[38;2;0;0;223m~[38;2;4;3;188m`         [39m
 [38;2;0;0;0m                                       [39m
[?25h