[?25l[39m [38;2;0;0;0m                [38;2;0;0;222m_[38;2;0;0;233m_[38;2;0;0;229m__[38;2;0;0;232m_[38;2;1;0;223m_                 [39m
 [38;2;0;0;0m           [38;2;0;0;226m_[38;2;1;1;207my[38;2;0;0;226mg[38;2;0;0;224m@[38;2;0;0;227m@[38;2;0;0;224m@[38;2;0;0;219mR[38;2;0;0;221mP[38;2;0;0;216mR[38;2;0;0;219mR[38;2;0;0;224m@[38;2;0;0;227m@[38;2;0;0;226m@[38;2;0;0;227mg[38;2;1;1;207my[38;2;0;0;226m_            [39m
 [38;2;0;0;0m         [38;2;0;0;229m_[38;2;0;0;219m@[38;2;0;0;223m@[38;2;0;0;209mF[38;2;0;0;229m~[38;2;147;147;147m_[38;2;148;148;148my[38;2;188;188;188my[38;2;208;208;208my[38;2;220;220;220myy[38;2;208;208;208my[38;2;188;188;188my[38;2;141;141;141my[38;2;147;147;147m_[38;2;0;0;226m~~[38;2;0;0;224m@[38;2;0;0;223m@[38;2;0;0;229m_          [39m
 [38;2;0;0;0m       [38;2;0;0;221m_[38;2;0;0;222m@[38;2;0;0;226mP[38;2;0;0;217m~[38;2;194;194;194m_[38;2;199;199;199mg[38;2;226;226;226m@[38;2;251;251;251m@[38;2;252;252;252m@@@@@@@@[38;2;251;251;251m@[38;2;234;234;234m@[38;2;199;199;199mg[38;2;193;193;193m_[38;2;0;0;214m~[38;2;0;0;226m4[38;2;0;0;225m@[38;2;0;0;223m_        [39m
 [38;2;0;0;0m      [38;2;0;0;218mj[38;2;0;0;228m@[38;2;0;0;219m~[38;2;100;100;100m_[38;2;224;224;224mg[38;2;251;251;251m@[38;2;252;252;252m@@@@@@@@@@@@@@[38;2;251;251;251m@[38;2;197;197;197m$[38;2;101;101;101m_[38;2;0;0;215m~[38;2;0;0;226m@[38;2;0;0;215mL       [39m
 [38;2;0;0;0m      [38;2;0;0;231m@[38;2;1;1;204m'[38;2;115;115;115m_[38;2;230;230;230m@[38;2;252;252;252m@@@@@@@@@@@@@@@@@@[38;2;241;241;241m@[38;2;116;116;116m_ [38;2;0;0;228m@[38;2;0;0;235m,      [39m
 [38;2;0;0;0m     [38;2;0;0;216mg[38;2;0;0;212mF [38;2;212;212;212m$[38;2;252;252;252m@[38;2;251;251;251m@[38;2;233;233;233m~[38;2;215;215;215m~[38;2;171;171;171mF[38;2;204;204;204m@[38;2;251;251;251m@[38;2;252;252;252m@@@@[38;2;206;206;206m@[38;2;211;211;211m~[38;2;239;239;239m~[38;2;177;177;177mA[38;2;236;236;236m@[38;2;251;251;251m@[38;2;252;252;252m@@@[38;2;224;224;224m@ [38;2;0;0;209m"[38;2;0;0;219m$      [39m
 [38;2;0;0;0m     [38;2;0;0;226m@  [38;2;249;249;249m@[38;2;252;252;252m@@[38;2;236;236;236m@[38;2;213;213;213mg[38;2;146;146;146my [38;2;92;92;92m`[38;2;235;235;235m~[38;2;213;213;213m@[38;2;252;252;252m@@@[38;2;219;219;219m$[38;2;209;209;209my[38;2;87;87;87m_ [38;2;119;119;119m~[38;2;147;147;147mM[38;2;250;250;250m@[38;2;252;252;252m@[38;2;251;251;251m@  [38;2;0;0;226m@      [39m
 [38;2;0;0;0m     [38;2;0;0;226m@  [38;2;249;249;249m@[38;2;252;252;252m@[38;2;251;251;251m@[38;2;226;226;226mF[38;2;228;228;228m~[38;2;69;69;69m`[38;2;146;146;146m_[38;2;179;179;179my[38;2;231;231;231mg[38;2;248;248;248m@[38;2;252;252;252m@@[38;2;233;233;233m@[38;2;183;183;183mF[38;2;165;165;165m~ [38;2;228;228;228m_[38;2;210;210;210my[38;2;248;248;248mg[38;2;251;251;251m@[38;2;252;252;252m@[38;2;251;251;251m@  [38;2;0;0;226m@      [39m
 [38;2;0;0;0m     [38;2;0;0;226m@  [38;2;249;249;249m@[38;2;252;252;252m@[38;2;251;251;251m@[38;2;219;219;219mg[38;2;205;205;205ma[38;2;227;227;227m$[38;2;251;251;251m@[38;2;252;252;252m@@@@@[38;2;240;240;240m@[38;2;223;223;223my[38;2;235;235;235mg[38;2;243;243;243m@[38;2;251;251;251m@[38;2;252;252;252m@@@@[38;2;251;251;251m@  [38;2;0;0;226m@      [39m
 [38;2;0;0;0m     [38;2;0;0;226m@  [38;2;249;249;249m@[38;2;252;252;252m@@@@@@@@@@@@@@@@@@@@[38;2;251;251;251m@  [38;2;0;0;226m@      [39m
 [38;2;0;0;0m     [38;2;0;0;226m@  [38;2;249;249;249m@[38;2;252;252;252m@@@@@@@@@@@@@@@@@@@@[38;2;251;251;251m@  [38;2;0;0;227m@      [39m
 [38;2;0;0;0m     [38;2;0;0;226m@  [38;2;249;249;249m@[38;2;252;252;252m@@@@@@@@@@@@@@@@@@@@[38;2;251;251;251m@  [38;2;0;0;227m@      [39m
 [38;2;0;0;0m     [38;2;0;0;220m@  [38;2;243;243;243m@[38;2;252;252;252m@@@@@@@@@@@@@@@@@@@@[38;2;248;248;248m@  [38;2;0;0;222m@      [39m
 [38;2;0;0;0m     [38;2;1;0;210m`[38;2;0;0;223m@[38;2;0;0;214m,[38;2;150;150;150m~[38;2;175;175;175m@[38;2;248;248;248m@[38;2;251;251;251m@[38;2;250;250;250m@[38;2;212;212;212m@[38;2;199;199;199mF[38;2;173;173;173mT[38;2;171;171;171mA[38;2;238;238;238m@[38;2;251;251;251m@@[38;2;239;239;239m@[38;2;205;205;205mP[38;2;173;173;173mT[38;2;147;147;147m5[38;2;203;203;203m@[38;2;250;250;250m@[38;2;251;251;251m@[38;2;249;249;249m@[38;2;192;192;192m@[38;2;179;179;179m~[38;2;1;0;198m_[38;2;0;0;232ma'      [39m
 [38;2;0;0;0m      [38;2;1;0;211m`[38;2;0;0;215m4[38;2;0;0;226ma[38;2;0;0;225m_[38;2;0;0;226m_[38;2;0;0;228m_[38;2;0;0;227m_[38;2;0;0;225m_a[38;2;0;0;217m@y[38;2;0;0;226m_[38;2;0;0;228m__[38;2;0;0;226m_[38;2;0;0;218my[38;2;0;0;226ma[38;2;0;0;222mg[38;2;0;0;225m_[38;2;0;0;227m_[38;2;0;0;229m_[38;2;0;0;226m_[38;2;0;0;225m_[38;2;0;0;227ma[38;2;0;0;221mP[38;2;0;0;228m'       [39m
 [38;2;0;0;0m         [38;2;2;1;210m~[38;2;0;0;229m~[38;2;0;0;227m~~[38;2;0;0;222m~  [38;2;0;0;221m`[38;2;0;0;228m~[38;2;0;0;227m~~[38;2;0;0;231m~[38;2;0;0;221m`  ~[38;2;0;0;228m~[38;2;0;0;226m~[38;2;0;0;229m~[38;2;0;0;212m~          [39m
 [38;2;0;0;0m                                       [39m
 [38;2;0;0;0m                                       [39m
[?25h