[?25l[39m [38;2;0;0;0m                                       [39m
 [38;2;0;0;0m            [38;2;0;0;216m_[38;2;0;0;224m_[38;2;0;0;221mg[38;2;0;0;225ma[38;2;0;0;219mP[38;2;0;0;229m=[38;2;0;0;220m=[38;2;0;0;217m=[38;2;0;0;222m=[38;2;0;0;230m=[38;2;0;0;213mR[38;2;0;0;228ma[38;2;0;0;221my[38;2;0;0;225m_[38;2;1;1;202m_            [39m
 [38;2;0;0;0m          [38;2;0;0;228m_d[38;2;0;0;211mF[38;2;0;0;228m~[38;2;173;173;173m_[38;2;172;172;172my[38;2;210;210;210my[38;2;220;220;220mg[38;2;250;250;250mg[38;2;252;252;252mg[38;2;250;250;250mg[38;2;220;220;220mg[38;2;211;211;211my[38;2;173;173;173my[38;2;192;192;192m_[38;2;0;0;226m~~[38;2;0;0;216m@[38;2;0;0;226m_          [39m
 [38;2;0;0;0m        [38;2;0;0;225m_[38;2;0;0;220m@[38;2;0;0;227m~[38;2;94;94;94m_[38;2;209;209;209my[38;2;222;222;222m@[38;2;251;251;251m@[38;2;252;252;252m@@@@@@@@@[38;2;251;251;251m@[38;2;239;239;239m@[38;2;203;203;203mg[38;2;182;182;182m_[38;2;0;0;217m~[38;2;0;0;230m4[38;2;0;1;210my        [39m
 [38;2;0;0;0m       [38;2;0;0;215my[38;2;0;0;231mF [38;2;190;190;190my[38;2;243;243;243m@[38;2;252;252;252m@@@@@@@@@@@@@@@[38;2;251;251;251m@[38;2;213;213;213mg[38;2;74;74;74m,[38;2;0;0;223m~[38;2;0;0;228m$[38;2;1;0;204m,      [39m
 [38;2;0;0;0m      [38;2;0;0;207mj[38;2;0;0;232mF [38;2;180;180;180mg[38;2;251;251;251m@[38;2;252;252;252m@@@[38;2;251;251;251m@@@[38;2;252;252;252m@@@@@@@@@@@@[38;2;230;230;230m@[38;2;72;72;72m,[38;2;0;0;202m"[38;2;0;0;228m$      [39m
 [38;2;0;0;0m      [38;2;0;0;230m@ [38;2;66;66;66mu[38;2;248;248;248m@[38;2;252;252;252m@@@@[38;2;222;222;222m@ [38;2;151;151;151m`[38;2;237;237;237m~[38;2;178;178;178mA[38;2;237;237;237m@[38;2;251;251;251m@[38;2;252;252;252m@@@[38;2;251;251;251m@@@@@@[38;2;178;178;178m@ [38;2;0;0;213m9i     [39m
 [38;2;0;0;0m      [38;2;0;0;236m@ [38;2;138;138;138m4[38;2;251;251;251m@[38;2;252;252;252m@@@@@[38;2;251;251;251m@[38;2;212;212;212m$[38;2;134;134;134m+  [38;2;129;129;129m~[38;2;243;243;243m@[38;2;251;251;251m@[38;2;166;166;166mE[38;2;129;129;129m`[38;2;130;130;130m`````[38;2;137;137;137m~ [38;2;0;0;194mJ[38;2;1;1;204m$     [39m
 [38;2;0;0;0m      [38;2;0;0;235m@ [38;2;144;144;144m4[38;2;251;251;251m@[38;2;252;252;252m@@@@[38;2;220;220;220m@[38;2;201;201;201m~ [38;2;207;207;207m_[38;2;197;197;197my[38;2;243;243;243mg[38;2;247;247;247m@[38;2;252;252;252m@@[38;2;251;251;251m@[38;2;241;241;241m@[38;2;240;240;240m@@@@@[38;2;235;235;235m@ [38;2;0;0;195mJ[38;2;1;1;204m$     [39m
 [38;2;0;0;0m      [38;2;0;0;234m@ [38;2;153;153;153m4[38;2;251;251;251m@[38;2;252;252;252m@@@@[38;2;251;251;251m@[38;2;228;228;228m$[38;2;237;237;237m@[38;2;251;251;251m@[38;2;252;252;252m@@@@@@@@@@@@[38;2;233;233;233m@ [38;2;0;0;201mJ[38;2;0;0;226m[     [39m
 [38;2;0;0;0m      [38;2;0;0;230m@ [38;2;169;169;169m4[38;2;251;251;251m@[38;2;252;252;252m@@@@@@@@@@@@@@@@@@@@[38;2;219;219;219m@ [38;2;1;1;203m4[38;2;0;1;221m[     [39m
 [38;2;0;0;0m     [38;2;3;2;168mj[38;2;0;0;220m@ [38;2;177;177;177ma[38;2;252;252;252m@@@@@@@@@@@@@@@@@@@@@[38;2;194;194;194m@ [38;2;0;0;210mg[38;2;1;1;211m[     [39m
 [38;2;0;0;0m     [38;2;2;2;192mJ[38;2;0;0;218mF [38;2;187;187;187m$[38;2;252;252;252m@@@@@@@@@@@@@@@@@@@@[38;2;251;251;251m@[38;2;175;175;176m$ [38;2;0;0;219m$[38;2;0;0;195m|     [39m
 [38;2;0;0;0m     [38;2;1;0;210mJ[38;2;1;1;212m[ [38;2;224;224;224m$[38;2;252;252;252m@@@@@@@@@@@@@@@@@@@@[38;2;251;251;251m@[38;2;126;126;126m@ [38;2;0;0;232m$      [39m
 [38;2;0;0;0m     [38;2;0;0;213m4[38;2;1;0;208m[ [38;2;225;225;225m$[38;2;252;252;252m@@@@@@@@@@@@@@@@@@@@[38;2;251;251;251m@[38;2;113;113;113mF [38;2;0;0;231m@      [39m
 [38;2;0;0;0m     [38;2;2;2;202m`[38;2;0;0;228m@[38;2;0;0;209m_[38;2;100;100;100m~[38;2;196;196;196mP[38;2;179;179;179mF[38;2;156;156;156mM[38;2;194;194;194m@[38;2;250;250;250m@[38;2;252;252;252m@[38;2;251;251;251m@[38;2;213;213;213m@[38;2;198;198;198mF[38;2;168;168;168mF[38;2;178;178;178mR[38;2;241;241;241m@[38;2;252;252;252m@@[38;2;238;238;238m@[38;2;207;207;207mP[38;2;172;172;172mF[38;2;165;165;165mM[38;2;214;214;214m@[38;2;208;208;208m@[38;2;144;144;144mF [38;2;0;0;225mg[38;2;1;0;213mF      [39m
 [38;2;0;0;0m      [38;2;1;1;213m`[38;2;0;0;223m4[38;2;0;0;228mg[38;2;0;0;217my[38;2;0;0;225mg[38;2;0;0;226mg[38;2;0;0;227m_[38;2;0;0;225m_[38;2;119;119;119m`[38;2;0;0;225m_[38;2;0;0;227m_[38;2;0;0;225mg[38;2;0;0;217m@[38;2;0;0;209my[38;2;0;0;226m_[38;2;108;108;108m`[38;2;100;100;100m`[38;2;0;0;225m_[38;2;0;0;214ma[38;2;0;0;217m@[38;2;0;0;219mg[38;2;0;0;227m__g[38;2;0;0;229mP[38;2;1;0;210m~       [39m
 [38;2;0;0;0m        [38;2;3;3;187m`[38;2;1;1;210m~ [38;2;2;1;205m`[38;2;0;0;225m~[38;2;0;0;227m~~~[38;2;0;0;226m~[38;2;2;2;195m` [38;2;1;0;213m~[38;2;0;0;226m~[38;2;0;0;227m~[38;2;0;0;226m~~[38;2;1;2;199m~ [38;2;1;0;220m`[38;2;0;0;226m~~[38;2;4;1;199m`         [39m
 [38;2;0;0;0m                                       [39m
[?25h