[?25l[39m [38;2;0;0;0m                                       [39m
 [38;2;0;0;0m              [38;2;1;0;219m_[38;2;0;0;225m_[38;2;0;0;226m_[38;2;0;0;225m_[38;2;1;1;203my[38;2;1;1;204my[38;2;0;0;225m_[38;2;0;0;227m_[38;2;0;0;225m_[38;2;0;0;219m_               [39m
 [38;2;0;0;0m          [38;2;3;2;188m_[38;2;0;0;224m_[38;2;0;0;228ma[38;2;0;0;225mP[38;2;0;0;226m~~[38;2;0;0;232m~[38;2;142;142;142m_[38;2;181;181;181m_[38;2;182;182;182m_[38;2;142;142;142m_[38;2;0;0;230m~[38;2;0;0;226m~[38;2;0;0;225m~4[38;2;0;0;229ma[38;2;0;0;224m_[38;2;1;2;199m,           [39m
 [38;2;0;0;0m        [38;2;0;1;207m_[38;2;0;0;226ma[38;2;0;0;223mP~[38;2;192;192;192m_[38;2;203;203;203my[38;2;243;243;243mg[38;2;234;234;234m@[38;2;252;252;252m@[38;2;251;251;251m@@@@[38;2;252;252;252m@[38;2;238;238;238m@[38;2;243;243;243mg[38;2;203;203;203my[38;2;192;192;192m_[38;2;0;0;220m~[38;2;0;0;221m4[38;2;0;0;223mg[38;2;0;0;206m_         [39m
 [38;2;0;0;0m       [38;2;0;0;214my[38;2;0;0;228mP[38;2;1;0;206m'[38;2;153;153;153my[38;2;245;245;245mg[38;2;251;251;251m@[38;2;252;252;252m@@@@@@@@@@@@[38;2;251;251;251m@[38;2;210;210;210m@[38;2;138;138;138my[38;2;2;1;199m`[38;2;0;0;226m4[38;2;0;0;215my        [39m
 [38;2;0;0;0m      [38;2;0;0;219mg[38;2;0;0;222mF [38;2;205;205;205mg[38;2;251;251;251m@[38;2;252;252;252m@@@@@@@@@@@@@@@@[38;2;251;251;251m@[38;2;172;172;173m@ [38;2;0;0;211m?[38;2;0;0;216m$       [39m
 [38;2;0;0;0m     [38;2;1;0;202mj[38;2;0;0;231mF [38;2;192;192;192mg[38;2;251;251;251m@@[38;2;213;213;213mP[38;2;177;177;177mM[38;2;214;214;214m@[38;2;251;251;251m@[38;2;252;252;252m@@@@@@@@@@@@@[38;2;251;251;251m@[38;2;167;167;167m@ [38;2;0;0;219m4[38;2;0;0;217mi      [39m
 [38;2;0;0;0m     [38;2;0;0;217m@[38;2;0;0;181m[ [38;2;242;242;242m@[38;2;252;252;252m@[38;2;251;251;251m@[38;2;205;205;205mg[38;2;148;148;148my[38;2;77;77;77m_[38;2;137;137;137m`[38;2;243;243;243m~[38;2;185;185;185mA[38;2;247;247;247m@[38;2;252;252;252m@[38;2;248;248;248m@[38;2;226;226;226mP[38;2;217;217;217mPPPPP[38;2;206;206;206mA[38;2;250;250;250m@[38;2;252;252;252m@[38;2;248;248;248m@  [38;2;0;0;225m$      [39m
 [38;2;0;0;0m     [38;2;0;0;225m@  [38;2;249;249;249m@[38;2;252;252;252m@[38;2;251;251;251m@[38;2;233;233;233m@[38;2;221;221;221mF[38;2;209;209;209m~ [38;2;108;108;108m_[38;2;171;171;171my[38;2;214;214;214m@[38;2;252;252;252m@[38;2;229;229;229m@[38;2;182;182;182my[38;2;169;169;169myyyyy[38;2;186;186;186my[38;2;224;224;224m@[38;2;252;252;252m@[38;2;251;251;251m@  [38;2;0;0;227m@      [39m
 [38;2;0;0;0m     [38;2;0;0;225m@  [38;2;249;249;249m@[38;2;252;252;252m@[38;2;251;251;251m@[38;2;165;165;165my[38;2;140;140;140my[38;2;215;215;215my[38;2;219;219;219m$[38;2;251;251;251m@[38;2;252;252;252m@@@@@@@@@@@@@[38;2;251;251;251m@  [38;2;0;0;227m@      [39m
 [38;2;0;0;0m     [38;2;0;0;225m@  [38;2;249;249;249m@[38;2;252;252;252m@@@@@@@@@@@@@@@@@@@@[38;2;251;251;251m@  [38;2;0;0;227m@      [39m
 [38;2;0;0;0m     [38;2;0;0;225m@  [38;2;249;249;249m@[38;2;252;252;252m@@@@@@@@@@@@@@@@@@@@[38;2;251;251;251m@  [38;2;0;0;226m@      [39m
 [38;2;0;0;0m     [38;2;0;0;225m@  [38;2;249;249;249m@[38;2;252;252;252m@@@@@@@@@@@@@@@@@@@@[38;2;251;251;251m@  [38;2;0;0;227m@      [39m
 [38;2;0;0;0m     [38;2;0;0;225m@  [38;2;249;249;249m@[38;2;252;252;252m@@@@@@@@@@@@@@@@@@@@[38;2;251;251;251m@  [38;2;0;0;226m@      [39m
 [38;2;0;0;0m     [38;2;0;0;219m@  [38;2;243;243;243m@[38;2;252;252;252m@@@@@@@@@@@@@@@@@@@@[38;2;248;248;248m@  [38;2;0;0;222m@      [39m
 [38;2;0;0;0m     [38;2;1;1;210m`[38;2;0;0;225m@[38;2;1;0;205m_[38;2;148;148;148m~[38;2;174;174;174m@[38;2;247;247;247m@[38;2;251;251;251m@[38;2;250;250;250m@[38;2;209;209;209m@[38;2;194;194;194mF[38;2;174;174;174mT[38;2;170;170;170mA[38;2;233;233;233m@[38;2;251;251;251m@@[38;2;235;235;235m@[38;2;223;223;223mF[38;2;162;162;162mF[38;2;155;155;155mM[38;2;201;201;201m@[38;2;250;250;250m@[38;2;252;252;252m@[38;2;248;248;248m@[38;2;190;190;190m@[38;2;176;176;176m~[38;2;1;0;203m_[38;2;0;0;232ma'      [39m
 [38;2;0;0;0m      [38;2;1;1;211m`[38;2;0;0;212m4[38;2;0;0;228ma[38;2;0;0;225m__[38;2;0;0;223m__[38;2;0;0;225m_g[38;2;0;0;222m@[38;2;0;0;218my[38;2;0;0;225m_[38;2;0;0;223m__[38;2;0;0;225m_[38;2;0;0;215ma[38;2;0;0;217m@[38;2;0;0;225mg_[38;2;0;0;223m__[38;2;0;0;225m__[38;2;0;0;228ma[38;2;0;0;219mP[38;2;0;0;228m'       [39m
 [38;2;0;0;0m         [38;2;2;1;208m~[38;2;0;0;226m~~[38;2;0;0;227m~[38;2;0;0;220m~  [38;2;0;0;222m`[38;2;0;0;224m~[38;2;0;0;226m~~~[38;2;0;0;219m`  [38;2;0;0;216m~[38;2;0;0;226m~~~[38;2;1;1;211m~          [39m
 [38;2;0;0;0m                                       [39m
[?25h