[?25l[39m [38;2;0;0;0m                                       [39m
 [38;2;0;0;0m             [38;2;1;0;211m_[38;2;0;0;226m_[38;2;0;0;225m_[38;2;0;0;215mg[38;2;0;0;223mg[38;2;0;0;229maa[38;2;0;0;226ma[38;2;0;0;219mg[38;2;1;1;208my[38;2;0;0;226m_[38;2;0;0;227m_              [39m
 [38;2;0;0;0m          [38;2;0;0;226m_[38;2;0;0;219ma[38;2;0;0;213m@[38;2;0;0;227m~~[38;2;111;111;111m_[38;2;239;239;239m_[38;2;154;154;154my[38;2;169;169;169my[38;2;170;170;170my[38;2;161;161;161my[38;2;252;252;252m_[38;2;158;158;158m_[38;2;0;0;228m~[38;2;0;0;226m~[38;2;0;0;227m4[38;2;0;0;224mg[38;2;0;0;228m_           [39m
 [38;2;0;0;0m        [38;2;0;0;221m_[38;2;0;0;228ma[38;2;0;0;212mF[38;2;0;0;214m`[38;2;157;157;157my[38;2;222;222;222mg[38;2;230;230;230m@[38;2;252;252;252m@[38;2;251;251;251m@[38;2;252;252;252m@@@@@[38;2;251;251;251m@[38;2;247;247;247m@[38;2;244;244;244mg[38;2;192;192;192my[38;2;111;111;111m_[38;2;0;0;223m~[38;2;0;0;222mR[38;2;1;1;209my         [39m
 [38;2;0;0;0m       [38;2;1;0;213mg[38;2;0;0;229mF [38;2;179;179;179my[38;2;224;224;224m@[38;2;252;252;252m@@@@@@@@@@@@@@[38;2;251;251;251m@[38;2;204;204;204mg[38;2;85;85;85m_[38;2;0;0;222m~[38;2;0;0;227m$[38;2;0;0;231m,       [39m
 [38;2;0;0;0m      [38;2;0;0;216mg[38;2;0;0;222mF [38;2;210;210;210mg[38;2;251;251;251m@[38;2;252;252;252m@@@@@@@@@@@@@@@@@[38;2;240;240;240m@[38;2;135;135;135m_ [38;2;0;0;227m@[38;2;0;0;218m,      [39m
 [38;2;0;0;0m     [38;2;2;2;174mj[38;2;0;0;221m@ [38;2;161;161;161mg[38;2;251;251;251m@[38;2;245;245;245m@[38;2;251;251;251m~[38;2;249;249;249m~[38;2;180;180;180mR[38;2;241;241;241m@[38;2;251;251;251m@[38;2;252;252;252m@@@@@@@@@@@@@[38;2;236;236;236m@  [38;2;0;0;222m$      [39m
 [38;2;0;0;0m     [38;2;1;0;209m4[38;2;1;0;208m[ [38;2;229;229;229m$[38;2;252;252;252m@[38;2;251;251;251m@[38;2;248;248;248mg[38;2;204;204;204my[38;2;190;190;190m_ [38;2;143;143;143m~[38;2;177;177;177mT[38;2;240;240;240m@[38;2;252;252;252m@[38;2;219;219;219m@[38;2;164;164;164mF[38;2;173;173;173mTTTTT[38;2;158;158;158mM[38;2;243;243;243m@[38;2;252;252;252m@[38;2;251;251;251m@[38;2;141;141;141mL [38;2;0;0;236m$      [39m
 [38;2;0;0;0m     [38;2;1;0;213m4[38;2;1;0;201m[ [38;2;234;234;234m$[38;2;252;252;252m@[38;2;251;251;251m@[38;2;215;215;215mP[38;2;244;244;244m~[38;2;153;153;153m`[38;2;77;77;77m_[38;2;161;161;161my[38;2;212;212;212mg[38;2;246;246;246m@[38;2;252;252;252m@[38;2;238;238;238m@[38;2;211;211;211mg[38;2;203;203;203mggggg[38;2;225;225;225mg[38;2;248;248;248m@[38;2;252;252;252m@@[38;2;138;138;138mF [38;2;0;0;236m$      [39m
 [38;2;0;0;0m     [38;2;0;0;213m4[38;2;0;0;200m[ [38;2;222;222;222m@[38;2;252;252;252m@[38;2;249;249;249m@[38;2;212;212;212my[38;2;210;210;210my[38;2;250;250;250mg[38;2;251;251;251m@[38;2;252;252;252m@@@@@@@@@@@@@@@[38;2;135;135;135mF [38;2;0;0;237m$      [39m
 [38;2;0;0;0m     [38;2;1;0;215m4[38;2;0;0;198m[ [38;2;225;225;225m@[38;2;252;252;252m@@@@@@@@@@@@@@@@@@@@@[38;2;128;128;128mF [38;2;0;0;237m$      [39m
 [38;2;0;0;0m     [38;2;0;0;218m4[38;2;0;0;195m[ [38;2;231;231;231m@[38;2;252;252;252m@@@@@@@@@@@@@@@@@@@@@[38;2;132;132;132mL [38;2;0;0;232m@      [39m
 [38;2;0;0;0m     [38;2;0;0;221m4  [38;2;238;238;238m@[38;2;252;252;252m@@@@@@@@@@@@@@@@@@@@[38;2;251;251;251m@[38;2;116;116;117mL [38;2;0;0;231m@      [39m
 [38;2;0;0;0m     [38;2;0;0;213m$  [38;2;244;244;244m@[38;2;252;252;252m@@@@@@@@@@@@@@@@@@@@[38;2;251;251;251m@[38;2;98;98;99mL [38;2;0;0;230m@      [39m
 [38;2;0;0;0m     [38;2;0;0;213m@  [38;2;241;241;241m@[38;2;252;252;252m@@@@@@@@@@@@@@@@@@@@[38;2;250;250;250m@[38;2;63;63;64m~ [38;2;0;0;227m@      [39m
 [38;2;0;0;0m     [38;2;1;1;210m`[38;2;0;0;224m@[38;2;0;0;210m,[38;2;162;162;162m~[38;2;198;198;198m@[38;2;251;251;251m@[38;2;245;245;245m@[38;2;171;171;171m@[38;2;186;186;186mF[38;2;184;184;184mP[38;2;232;232;232m@[38;2;251;251;251m@@@[38;2;208;208;208m@[38;2;199;199;199mF[38;2;184;184;184mF[38;2;192;192;192m@[38;2;251;251;251m@@[38;2;252;252;252m@[38;2;237;237;237m@[38;2;203;203;203mP[38;2;184;184;184mF[38;2;137;137;137mF [38;2;0;0;227mg[38;2;1;1;200mF      [39m
 [38;2;0;0;0m      [38;2;1;0;216m`[38;2;0;0;226m4[38;2;0;0;224mg[38;2;0;0;225m_[38;2;0;0;227m_[38;2;0;0;225m_[38;2;0;0;207my[38;2;0;0;227ma[38;2;0;0;219my[38;2;0;0;225m_[38;2;124;124;124m`[38;2;152;152;152m`[38;2;0;0;225m__[38;2;0;0;224mg[38;2;0;0;225mg_[38;2;0;0;226m_[38;2;152;152;152m`[38;2;131;131;131m`[38;2;0;0;225m_[38;2;0;0;217my[38;2;0;0;226ma[38;2;0;0;228mg[38;2;0;0;229mP[38;2;1;0;205m~       [39m
 [38;2;0;0;0m        [38;2;2;4;189m`[38;2;0;0;224m~[38;2;0;0;226m~~[38;2;2;1;200m~ [38;2;1;0;220m`[38;2;0;0;225m~[38;2;0;0;226m~~~[38;2;0;0;223m~  [38;2;0;0;221m~[38;2;0;0;226m~~~~[38;2;0;0;224m` [38;2;3;3;199m`         [39m
 [38;2;0;0;0m                                       [39m
[?25h