[?25l[39m [38;2;0;0;0m               [38;2;0;0;229m_[38;2;0;0;226m_[38;2;0;0;213my[38;2;0;0;218ma[38;2;0;0;225ma[38;2;0;0;222ma[38;2;0;0;220my[38;2;1;1;208my[38;2;0;0;225m_[38;2;0;0;229m_[38;2;3;2;189m_             [39m
 [38;2;0;0;0m            [38;2;1;1;206my[38;2;0;0;228ma[38;2;0;0;220mP[38;2;0;0;226m~[38;2;0;0;223m~[38;2;151;151;151m_[38;2;239;239;239m_[38;2;143;143;143my[38;2;148;148;148my[38;2;249;249;249m_[38;2;235;235;235m_[38;2;118;118;118m_[38;2;0;0;227m~~[38;2;0;0;221m4a[38;2;0;0;227m_          [39m
 [38;2;0;0;0m          [38;2;1;0;211my[38;2;0;0;220m@[38;2;0;0;228m~[38;2;74;74;74m_[38;2;186;186;186my[38;2;245;245;245mg[38;2;246;246;246m@[38;2;251;251;251m@[38;2;252;252;252m@@@@@[38;2;251;251;251m@[38;2;249;249;249m@[38;2;250;250;250mg[38;2;208;208;208my[38;2;215;215;215m_[38;2;0;0;223m~4[38;2;0;0;217mg[38;2;1;1;205m_       [39m
 [38;2;0;0;0m         [38;2;0;0;227mg[38;2;0;0;223mF [38;2;198;198;198my[38;2;240;240;240m@[38;2;252;252;252m@@@@@@@@@@@@@[38;2;251;251;251m@[38;2;227;227;227m@[38;2;181;181;181my[38;2;1;1;188m`[38;2;0;0;220m?[38;2;0;0;217mg      [39m
 [38;2;0;0;0m        [38;2;0;0;216mg[38;2;0;0;220mF [38;2;209;209;209mg[38;2;251;251;251m@[38;2;252;252;252m@@@@@@@@@@@@@@@@@[38;2;218;218;218m@[38;2;107;107;107m_[38;2;0;0;204m~[38;2;0;0;229m$[38;2;1;0;199m,    [39m
 [38;2;0;0;0m        [38;2;0;0;229m@ [38;2;154;154;155my[38;2;251;251;251m@[38;2;252;252;252m@@@@@@@@@@@@@@[38;2;221;221;221m@[38;2;251;251;251m~[38;2;162;162;162mM[38;2;208;208;208m@[38;2;251;251;251m@[38;2;234;234;234m@ [38;2;1;0;202m"[38;2;0;0;222m$    [39m
 [38;2;0;0;0m       [38;2;2;1;203mJ[38;2;0;0;217m[ [38;2;203;203;203m$[38;2;252;252;252m@@@@@@@@@@@@@@@[38;2;248;248;248m@[38;2;216;216;216mg[38;2;161;161;161my[38;2;92;92;92m_[38;2;136;136;136m`[38;2;234;234;234m~[38;2;83;83;83mF [38;2;0;0;234m$    [39m
 [38;2;0;0;0m       [38;2;2;1;200m4[38;2;0;1;213m[ [38;2;221;221;221m$[38;2;252;252;252m@@@@@@@@@@@@@@@[38;2;247;247;247m@[38;2;214;214;214mP[38;2;250;250;250m~[38;2;81;81;81m~[38;2;93;93;93m_[38;2;160;160;160my[38;2;104;104;104mw [38;2;0;0;231m$    [39m
 [38;2;0;0;0m       [38;2;1;1;205m4[38;2;0;0;209m[ [38;2;229;229;229m$[38;2;252;252;252m@@@@@@@@@@@@@@@[38;2;225;225;225m@[38;2;181;181;181my[38;2;213;213;213my[38;2;249;249;249mg[38;2;250;250;250m@[38;2;251;251;251m@[38;2;135;135;135mE [38;2;0;0;234m$    [39m
 [38;2;0;0;0m       [38;2;0;0;216m4[38;2;0;0;198m[ [38;2;228;228;228m@[38;2;252;252;252m@@@@@@@@@@@@@@@@@@@@[38;2;251;251;251m@[38;2;128;128;128mF [38;2;0;0;236m$    [39m
 [38;2;0;0;0m       [38;2;0;0;225m@  [38;2;249;249;249m@[38;2;252;252;252m@@@@@@@@@@@@@@@@@@@@[38;2;251;251;251m@[38;2;66;66;67m~ [38;2;0;0;225m@    [39m
 [38;2;0;0;0m       [38;2;0;0;234m@ [38;2;143;143;143my[38;2;251;251;251m@[38;2;252;252;252m@@@@@@@@@@@@@@@@@@@@[38;2;233;233;233m@ [38;2;0;0;206mj[38;2;0;0;220mF    [39m
 [38;2;0;0;0m      [38;2;0;0;210mj[38;2;0;0;219mF [38;2;205;205;205m$[38;2;252;252;252m@@@@@@@@@@@@@@@@@@@@[38;2;251;251;251m@[38;2;142;142;142m@ [38;2;0;0;225m$[38;2;0;0;215m'    [39m
 [38;2;0;0;0m      [38;2;0;0;224m@  [38;2;248;248;248m@[38;2;252;252;252m@@@@@@@@@@@@@@@@@@@@[38;2;248;248;248m@[38;2;83;83;84m~ [38;2;0;0;224m@     [39m
 [38;2;0;0;0m      [38;2;0;0;230m@[38;2;0;0;211mL [38;2;202;202;202m4[38;2;249;249;249m@[38;2;252;252;252m@@[38;2;251;251;251m@[38;2;238;238;238m@[38;2;226;226;226mP[38;2;212;212;212mP[38;2;230;230;230m@[38;2;251;251;251m@[38;2;252;252;252m@[38;2;251;251;251m@[38;2;250;250;250m@[38;2;193;193;193m@[38;2;207;207;207mP[38;2;189;189;189m@[38;2;251;251;251m@[38;2;252;252;252m@[38;2;251;251;251m@@[38;2;203;203;203m@[38;2;170;170;170m~[38;2;0;0;216m_[38;2;0;0;222m@[38;2;1;1;199m~     [39m
 [38;2;0;0;0m      [38;2;0;0;213m~[38;2;0;0;227m@[38;2;0;0;226mg[38;2;0;0;227m_[38;2;0;0;224m_[38;2;173;173;173m~[38;2;212;212;212m~[38;2;120;120;120m~[38;2;0;0;227m_[38;2;0;0;219ma[38;2;0;0;212my[38;2;0;0;226m_[38;2;117;117;117m~[38;2;210;210;210m~[38;2;175;175;175m~[38;2;0;0;227m_[38;2;0;0;205my[38;2;0;0;222mg[38;2;0;0;227m_[38;2;130;130;130m`[38;2;192;192;192m~[38;2;194;194;194m~[38;2;129;129;129m`[38;2;0;0;226m_g[38;2;0;0;222m@[38;2;0;1;211m~      [39m
 [38;2;0;0;0m       [38;2;1;1;208m`[38;2;0;0;225m~[38;2;0;0;221m4[38;2;0;0;226m@[38;2;0;0;227m@@[38;2;0;0;224m@[38;2;0;0;220mP[38;2;0;0;226m~[38;2;0;0;219m=[38;2;0;0;215m@[38;2;0;0;228m@[38;2;0;0;227m@[38;2;0;0;228m@[38;2;0;0;223mP[38;2;0;0;227m~[38;2;0;0;226m~[38;2;0;0;224m4[38;2;0;0;227m@@[38;2;0;0;228m@[38;2;0;0;220mR[38;2;0;0;218m=[38;2;0;0;224m~        [39m
 [38;2;0;0;0m                                       [39m
 [38;2;0;0;0m                                       [39m
[?25h