[?25l[39m [38;2;0;0;0m               [38;2;0;0;231m_[38;2;0;0;225m_[38;2;1;1;203my[38;2;0;0;216my[38;2;0;0;220my[38;2;0;0;219my[38;2;0;0;214my[38;2;0;0;226m_[38;2;0;0;225m_[38;2;0;0;230m_              [39m
 [38;2;0;0;0m            [38;2;0;0;226m_gP~[38;2;0;0;228m~[38;2;0;0;207m~[38;2;223;223;223m_[38;2;240;240;240m_[38;2;244;244;244m_[38;2;238;238;238m_[38;2;210;210;210m_[38;2;0;0;223m~[38;2;0;0;226m~[38;2;0;0;227m~[38;2;0;0;215m#[38;2;1;0;214mg[38;2;0;0;228m_          [39m
 [38;2;0;0;0m          [38;2;0;0;230m_[38;2;0;0;222m@[38;2;0;0;229m~ [38;2;172;172;172my[38;2;233;233;233mg[38;2;235;235;235m@[38;2;251;251;251m@@[38;2;252;252;252m@@@[38;2;251;251;251m@@[38;2;242;242;242m@[38;2;244;244;244mg[38;2;198;198;198my[38;2;190;190;190m_[38;2;0;0;225m~[38;2;0;0;227m4[38;2;1;0;212mg[38;2;1;0;221m,       [39m
 [38;2;0;0;0m         [38;2;0;0;223mg[38;2;0;0;227mF [38;2;187;187;187my[38;2;234;234;234m@[38;2;251;251;251m@[38;2;252;252;252m@@@@@@@@@@@@[38;2;251;251;251m@[38;2;219;219;219m@[38;2;171;171;171my[38;2;0;0;204m`[38;2;0;0;220m4[38;2;0;0;219my      [39m
 [38;2;0;0;0m        [38;2;0;0;212mg[38;2;0;0;225mF [38;2;198;198;198mg[38;2;251;251;251m@[38;2;252;252;252m@@@@@@@@@@@@@@@@[38;2;251;251;251m@[38;2;209;209;209m@[38;2;94;94;94m_[38;2;0;0;211m~[38;2;0;0;228m$[38;2;1;1;190m,    [39m
 [38;2;0;0;0m        [38;2;0;0;231m@ [38;2;148;148;148my[38;2;251;251;251m@[38;2;252;252;252m@@@@@@@@@[38;2;223;223;223m@[38;2;165;165;165mF[38;2;178;178;178mP[38;2;226;226;226m@[38;2;251;251;251m@[38;2;252;252;252m@@@@@[38;2;231;231;231m@ [38;2;0;0;208m"[38;2;0;0;221m$    [39m
 [38;2;0;0;0m       [38;2;2;1;201mJ[38;2;0;0;218m[ [38;2;199;199;199m$[38;2;252;252;252m@@@@@@@@@@[38;2;244;244;244m@[38;2;194;194;194mg[38;2;138;138;138my [38;2;102;102;102m~[38;2;244;244;244m~[38;2;169;169;169m@[38;2;251;251;251m@[38;2;252;252;252m@[38;2;206;206;206m@[38;2;205;205;205mF[38;2;76;76;76m~ [38;2;0;0;234m$    [39m
 [38;2;0;0;0m       [38;2;2;1;200m4[38;2;1;1;213m[ [38;2;220;220;220m$[38;2;252;252;252m@@@@@@@@@@[38;2;249;249;249m@[38;2;172;172;172m@[38;2;251;251;251m~[38;2;149;149;149m` [38;2;144;144;144my[38;2;197;197;197mg[38;2;251;251;251m@@[38;2;221;221;221mg[38;2;198;198;198my[38;2;96;96;96mL [38;2;0;0;231m$    [39m
 [38;2;0;0;0m       [38;2;1;1;205m4[38;2;1;0;210m[ [38;2;229;229;229m$[38;2;252;252;252m@@@@@@@@@@[38;2;217;217;217m@[38;2;162;162;162my[38;2;203;203;203my[38;2;245;245;245mg[38;2;248;248;248m@[38;2;251;251;251m@[38;2;252;252;252m@@@@[38;2;251;251;251m@[38;2;136;136;136mE [38;2;0;0;234m$    [39m
 [38;2;0;0;0m       [38;2;0;0;216m4[38;2;0;0;199m[ [38;2;227;227;227m@[38;2;252;252;252m@@@@@@@@@@@@@@@@@@@@@[38;2;129;129;129mF [38;2;0;0;236m$    [39m
 [38;2;0;0;0m       [38;2;0;0;225m@  [38;2;249;249;249m@[38;2;252;252;252m@@@@@@@@@@@@@@@@@@@@[38;2;251;251;251m@[38;2;67;67;68m~ [38;2;0;0;225m@    [39m
 [38;2;0;0;0m       [38;2;0;0;234m@ [38;2;143;143;143my[38;2;251;251;251m@[38;2;252;252;252m@@@@@@@@@@@@@@@@@@@@[38;2;233;233;233m@ [38;2;0;0;206mj[38;2;0;0;220mF    [39m
 [38;2;0;0;0m      [38;2;0;0;210mj[38;2;0;0;219mF [38;2;204;204;204m$[38;2;252;252;252m@@@@@@@@@@@@@@@@@@@@[38;2;251;251;251m@[38;2;143;143;143m@ [38;2;0;0;224m$[38;2;0;0;214m'    [39m
 [38;2;0;0;0m      [38;2;0;0;224m@  [38;2;248;248;248m@[38;2;252;252;252m@@@@@@@@@@@@@@@@@@@@[38;2;250;250;250m@[38;2;84;84;84m~ [38;2;0;0;224m@     [39m
 [38;2;0;0;0m      [38;2;0;0;234m@[38;2;0;0;206m,[38;2;65;65;66m"[38;2;233;233;233m@[38;2;250;250;250m@[38;2;252;252;252m@@@@[38;2;251;251;251m@[38;2;248;248;248m@[38;2;247;247;247m@[38;2;251;251;251m@[38;2;252;252;252m@@@@[38;2;251;251;251m@[38;2;246;246;246m@[38;2;251;251;251m@[38;2;252;252;252m@@@[38;2;247;247;247m@[38;2;183;183;183mF [38;2;0;0;227mg[38;2;1;1;206mF     [39m
 [38;2;0;0;0m      [38;2;0;0;219m4[38;2;0;0;224m@[38;2;0;0;227m_[38;2;0;0;225m_[38;2;0;0;206m_[38;2;211;211;211m~[38;2;173;173;173mF[38;2;188;188;188mF[38;2;167;167;167mF[38;2;181;181;181m~[38;2;0;0;228m_[38;2;0;0;226m_[38;2;128;128;128m~[38;2;172;172;172mT[38;2;190;190;190mT[38;2;184;184;184mF[38;2;235;235;235m~[38;2;0;0;221m_[38;2;0;0;226m_[38;2;79;79;79m`[38;2;235;235;235m~[38;2;178;178;178mF[38;2;241;241;241m~[38;2;0;0;217m_[38;2;0;0;209my[38;2;0;0;224m@[38;2;0;0;216mF      [39m
 [38;2;0;0;0m       [38;2;0;0;229m~[38;2;0;0;218mR[38;2;0;0;220m4[38;2;0;0;227m@[38;2;0;0;226m@gg[38;2;0;0;224m@[38;2;0;0;227m@[38;2;0;0;224mP[38;2;0;0;222m@[38;2;0;0;226m@[38;2;0;0;221m@[38;2;0;0;226mgg@[38;2;0;0;219m@[38;2;0;0;226m4@[38;2;0;0;225m@[38;2;0;0;226mg@[38;2;0;0;222m@[38;2;1;1;206mF[38;2;0;0;223m'       [39m
 [38;2;0;0;0m           [38;2;1;0;224m`[38;2;2;1;209m~[38;2;2;1;210m~[38;2;0;0;222m`   [38;2;2;2;194m`[38;2;2;1;197m~[38;2;2;1;215m~[38;2;0;0;226m`    [38;2;0;0;225m`[38;2;0;0;227m`[38;2;4;2;191m`          [39m
 [38;2;0;0;0m                                       [39m
[?25h