[?25l[39m [38;2;0;0;0m                                       [39m
 [38;2;0;0;0m             [38;2;1;1;202m_[38;2;0;0;226m_[38;2;0;0;225m_[38;2;0;0;215my[38;2;0;0;221mg[38;2;0;0;223mgg[38;2;0;0;220mg[38;2;0;0;216my[38;2;0;0;225m_[38;2;0;0;227m_[38;2;2;1;200m_              [39m
 [38;2;0;0;0m          [38;2;0;0;229m_[38;2;0;0;219ma[38;2;0;0;213m@[38;2;0;0;227m~~[38;2;89;89;89m_[38;2;214;214;214m_[38;2;253;253;253m_[38;2;154;154;154my[38;2;153;153;153my[38;2;253;253;253m_[38;2;214;214;214m_[38;2;89;89;89m_[38;2;0;0;226m~~[38;2;0;0;215m@[38;2;0;1;214mg[38;2;0;0;228m_           [39m
 [38;2;0;0;0m        [38;2;0;0;226m_[38;2;0;0;227ma[38;2;0;0;228m~[38;2;0;0;213m`[38;2;163;163;163my[38;2;222;222;222mg[38;2;227;227;227m@[38;2;252;252;252m@[38;2;251;251;251m@[38;2;252;252;252m@@@@[38;2;251;251;251m@[38;2;252;252;252m@[38;2;233;233;233m@[38;2;222;222;222mg[38;2;156;156;156my[38;2;0;0;212m`[38;2;0;0;225m~[38;2;0;0;219m@[38;2;0;0;226m_         [39m
 [38;2;0;0;0m       [38;2;0;0;223mg[38;2;0;0;224mF [38;2;197;197;197my[38;2;233;233;233m@[38;2;252;252;252m@@@@@@@@@@@@@@[38;2;241;241;241m@[38;2;192;192;192my [38;2;0;0;216m?[38;2;0;0;224mg        [39m
 [38;2;0;0;0m      [38;2;0;0;229mg[38;2;0;0;217m~ [38;2;232;232;232mg[38;2;251;251;251m@[38;2;252;252;252m@@@@@@@@@@@@@@@@[38;2;251;251;251m@[38;2;207;207;207m@ [38;2;0;0;211m~[38;2;0;0;227m$       [39m
 [38;2;0;0;0m     [38;2;0;0;211mj[38;2;0;0;225mF [38;2;213;213;213mg[38;2;251;251;251m@@[38;2;193;193;193mF[38;2;251;251;251m~[38;2;187;187;187mR[38;2;243;243;243m@[38;2;251;251;251m@[38;2;252;252;252m@@@@@@@@@@@@[38;2;251;251;251m@[38;2;194;194;194m@ [38;2;0;0;215m?[38;2;0;0;220ml      [39m
 [38;2;0;0;0m     [38;2;0;0;219m@  [38;2;247;247;247m@[38;2;252;252;252m@[38;2;251;251;251m@[38;2;247;247;247mg[38;2;200;200;200my[38;2;199;199;199m_ [38;2;162;162;162m~[38;2;180;180;180mT[38;2;234;234;234m@[38;2;252;252;252m@[38;2;239;239;239m@[38;2;199;199;199mF[38;2;181;181;181mF[38;2;180;180;180mFFFF[38;2;158;158;158m5[38;2;239;239;239m@[38;2;252;252;252m@[38;2;251;251;251m@  [38;2;0;0;226m$      [39m
 [38;2;0;0;0m     [38;2;0;0;225m@  [38;2;249;249;249m@[38;2;252;252;252m@[38;2;251;251;251m@[38;2;194;194;194m@[38;2;178;178;178mF[38;2;149;149;149m~ [38;2;234;234;234m_[38;2;213;213;213my[38;2;235;235;235m@[38;2;252;252;252m@[38;2;242;242;242m@[38;2;191;191;191mg[38;2;215;215;215myyyyy[38;2;196;196;196mg[38;2;239;239;239m@[38;2;252;252;252m@[38;2;251;251;251m@  [38;2;0;0;227m@      [39m
 [38;2;0;0;0m     [38;2;0;0;225m@  [38;2;249;249;249m@[38;2;252;252;252m@[38;2;251;251;251m@[38;2;209;209;209my[38;2;191;191;191my[38;2;239;239;239mg[38;2;246;246;246m@[38;2;251;251;251m@[38;2;252;252;252m@@@@@@@@@@@@@[38;2;251;251;251m@  [38;2;0;0;227m@      [39m
 [38;2;0;0;0m     [38;2;0;0;225m@  [38;2;249;249;249m@[38;2;252;252;252m@@@@@@@@@@@@@@@@@@@@[38;2;251;251;251m@  [38;2;0;0;227m@      [39m
 [38;2;0;0;0m     [38;2;0;0;225m@  [38;2;249;249;249m@[38;2;252;252;252m@@@@@@@@@@@@@@@@@@@@[38;2;251;251;251m@  [38;2;0;0;226m@      [39m
 [38;2;0;0;0m     [38;2;0;0;225m@  [38;2;249;249;249m@[38;2;252;252;252m@@@@@@@@@@@@@@@@@@@@[38;2;251;251;251m@  [38;2;0;0;227m@      [39m
 [38;2;0;0;0m     [38;2;0;0;225m@  [38;2;249;249;249m@[38;2;252;252;252m@@@@@@@@@@@@@@@@@@@@[38;2;251;251;251m@  [38;2;0;0;226m@      [39m
 [38;2;0;0;0m     [38;2;0;0;220m@  [38;2;246;246;246m@[38;2;252;252;252m@@@@@@@@@@@@@@@@@@@@[38;2;249;249;249m@  [38;2;0;0;223m@      [39m
 [38;2;0;0;0m     [38;2;1;0;213m`[38;2;0;0;224m$[38;2;0;0;208m,[38;2;172;172;172m~[38;2;200;200;200m@[38;2;251;251;251m@@[38;2;252;252;252m@[38;2;229;229;229m@[38;2;214;214;214mF[38;2;183;183;183mF[38;2;167;167;167m@[38;2;246;246;246m@[38;2;251;251;251m@@[38;2;246;246;246m@[38;2;177;177;177m@[38;2;187;187;187mF[38;2;176;176;176mP[38;2;225;225;225m@[38;2;252;252;252m@[38;2;251;251;251m@@[38;2;213;213;213m@[38;2;200;200;200m~ [38;2;0;0;230ma[38;2;0;0;231m'      [39m
 [38;2;0;0;0m      [38;2;0;0;218m`[38;2;0;0;226m4[38;2;0;0;225mg[38;2;0;0;227m__[38;2;150;150;150m`[38;2;116;116;116m`[38;2;0;0;225m_[38;2;0;0;220ma[38;2;0;0;227ma[38;2;0;0;205my[38;2;0;0;225m_[38;2;143;143;143m`[38;2;142;142;142m`[38;2;0;0;225m_[38;2;0;0;205my[38;2;0;0;224mg[38;2;0;0;215mg[38;2;0;0;225m_[38;2;116;116;116m`[38;2;152;152;152m`[38;2;0;0;228m_[38;2;0;0;227m_[38;2;0;0;225mg[38;2;0;0;228mP[38;2;1;1;203m~       [39m
 [38;2;0;0;0m        [38;2;3;2;190m`[38;2;0;0;223m~[38;2;0;0;226m~~~~[38;2;0;0;209m` [38;2;2;1;207m~[38;2;0;0;226m~~~~[38;2;1;1;207m~ [38;2;1;0;209m`[38;2;0;0;224m~[38;2;0;0;227m~[38;2;0;0;226m~~[38;2;0;0;225m~[38;2;2;3;195m`         [39m
 [38;2;0;0;0m                                       [39m
[?25h