[?25l[39m [38;2;0;0;0m               [38;2;0;0;228m_[38;2;0;0;227m_[38;2;0;0;225m_[38;2;0;0;226m__[38;2;0;0;225m_[38;2;0;0;227m__                [39m
 [38;2;0;0;0m           [38;2;0;0;228m_[38;2;0;0;221ma[38;2;0;0;218m@[38;2;0;0;227m@[38;2;0;0;218m@[38;2;0;0;220mP[38;2;0;0;226m=[38;2;0;0;218m==[38;2;0;0;226m=[38;2;0;0;229m=[38;2;0;0;218m@[38;2;0;0;227m@[38;2;0;0;221m@[38;2;0;0;218mg[38;2;0;0;228m_            [39m
 [38;2;0;0;0m         [38;2;1;0;216ma[38;2;0;0;226m@[38;2;0;0;227mP[38;2;0;0;226m~[38;2;0;0;232m`[38;2;247;247;247m_[38;2;192;192;192my[38;2;201;201;201ma[38;2;240;240;240mg[38;2;252;252;252mgg[38;2;240;240;240mg[38;2;193;193;193mg[38;2;192;192;192my[38;2;247;247;247m_[38;2;0;0;232m`[38;2;0;0;226m~[38;2;0;0;228m4[38;2;0;0;227m@[38;2;0;0;218my[38;2;0;1;210m,         [39m
 [38;2;0;0;0m       [38;2;0;0;230m_[38;2;0;0;228m@[38;2;0;0;220mF[38;2;1;0;199m`[38;2;169;169;169my[38;2;240;240;240mg[38;2;249;249;249m@[38;2;251;251;251m@[38;2;252;252;252m@@@@@@@@@[38;2;251;251;251m@[38;2;240;240;240mg[38;2;160;160;161my[38;2;1;0;200m`[38;2;0;0;214m?[38;2;0;0;228m@[38;2;0;0;230m_        [39m
 [38;2;0;0;0m      [38;2;0;0;228mj[38;2;0;0;223m@[38;2;1;1;211m'[38;2;110;110;110my[38;2;204;204;204m@[38;2;251;251;251m@[38;2;252;252;252m@@@@@@@@@@@@@@[38;2;251;251;251m@[38;2;223;223;223m@[38;2;171;171;171m_[38;2;1;1;203m`[38;2;0;0;218m@[38;2;0;0;226mL       [39m
 [38;2;0;0;0m     [38;2;1;1;192mj[38;2;0;0;229m@ [38;2;129;129;129my[38;2;245;245;245m@[38;2;252;252;252m@[38;2;251;251;251m@@[38;2;252;252;252m@@@@@@@[38;2;251;251;251m@@@[38;2;252;252;252m@@@@@[38;2;250;250;250m@[38;2;112;112;113my [38;2;0;0;224m@[38;2;0;0;209mi      [39m
 [38;2;0;0;0m     [38;2;0;0;219mg[38;2;0;0;202mF [38;2;227;227;227m$[38;2;252;252;252m@[38;2;251;251;251m@[38;2;124;124;124m~[38;2;125;125;125m`[38;2;230;230;230m~[38;2;165;165;165m#[38;2;227;227;227m@[38;2;251;251;251m@[38;2;252;252;252m@@@[38;2;204;204;204m@[38;2;86;86;86m`[38;2;129;129;129m~[38;2;248;248;248m~[38;2;201;201;201mR[38;2;248;248;248m@[38;2;251;251;251m@[38;2;252;252;252m@@[38;2;234;234;234m@  [38;2;0;0;221m$      [39m
 [38;2;0;0;0m     [38;2;0;0;226m@  [38;2;250;250;250m@[38;2;252;252;252m@@[38;2;251;251;251m@[38;2;214;214;214m@[38;2;160;160;160mw  [38;2;203;203;203m`[38;2;202;202;202m$[38;2;251;251;251m@[38;2;252;252;252m@@[38;2;250;250;250m@[38;2;234;234;234ma[38;2;81;81;81m+  [38;2;194;194;194m~[38;2;247;247;247m@[38;2;252;252;252m@[38;2;251;251;251m@  [38;2;0;0;226m@      [39m
 [38;2;0;0;0m     [38;2;0;0;226m@  [38;2;249;249;249m@[38;2;252;252;252m@[38;2;251;251;251m@[38;2;162;162;162mF[38;2;161;161;161m` [38;2;157;157;157my[38;2;206;206;206mg[38;2;224;224;224m@[38;2;251;251;251m@[38;2;252;252;252m@@[38;2;212;212;212m@[38;2;215;215;215m~ [38;2;179;179;179m_[38;2;188;188;188my[38;2;238;238;238mg[38;2;244;244;244m@[38;2;252;252;252m@@[38;2;251;251;251m@  [38;2;0;0;226m@      [39m
 [38;2;0;0;0m     [38;2;0;0;226m@  [38;2;249;249;249m@[38;2;252;252;252m@[38;2;251;251;251m@[38;2;222;222;222m@[38;2;251;251;251mg[38;2;250;250;250m@[38;2;252;252;252m@@@@@@[38;2;251;251;251m@g[38;2;226;226;226m@[38;2;251;251;251m@[38;2;252;252;252m@@@@@[38;2;251;251;251m@  [38;2;0;0;226m@      [39m
 [38;2;0;0;0m     [38;2;0;0;226m@  [38;2;249;249;249m@[38;2;252;252;252m@@@@@@@@@@@@@@@@@@@@[38;2;251;251;251m@  [38;2;0;0;226m@      [39m
 [38;2;0;0;0m     [38;2;0;0;226m@  [38;2;249;249;249m@[38;2;252;252;252m@@@@@@@@@@@@@@@@@@@@[38;2;251;251;251m@  [38;2;0;0;227m@      [39m
 [38;2;0;0;0m     [38;2;0;0;226m@  [38;2;249;249;249m@[38;2;252;252;252m@@@@@@@@@@@@@@@@@@@@[38;2;251;251;251m@  [38;2;0;0;227m@      [39m
 [38;2;0;0;0m     [38;2;0;0;218m@  [38;2;241;241;241m@[38;2;252;252;252m@@@@@@@@@@@@@@@@@@@@[38;2;247;247;247m@  [38;2;0;0;224m$      [39m
 [38;2;0;0;0m     [38;2;1;1;208m`[38;2;0;0;225m@[38;2;0;0;215m_[38;2;117;117;117m~[38;2;192;192;192mA[38;2;242;242;242m@[38;2;250;250;250m@[38;2;247;247;247m@[38;2;192;192;192m@[38;2;173;173;173mF[38;2;252;252;252m~[38;2;184;184;184mF[38;2;223;223;223m@[38;2;249;249;249m@@[38;2;226;226;226m@[38;2;214;214;214mF[38;2;252;252;252m~[38;2;174;174;174mT[38;2;181;181;181m@[38;2;247;247;247m@[38;2;250;250;250m@[38;2;244;244;244m@[38;2;173;173;173m@[38;2;156;156;156m~[38;2;0;0;212m_[38;2;0;0;232ma[38;2;0;0;231m'      [39m
 [38;2;0;0;0m      [38;2;1;1;205m`[38;2;0;0;215m?[38;2;0;0;227ma[38;2;0;0;213my[38;2;0;0;226m_[38;2;0;0;227m_[38;2;0;0;226m_[38;2;0;0;224m_[38;2;0;0;227ma[38;2;0;0;220m@[38;2;0;0;219mg[38;2;0;0;225m_[38;2;0;0;226m__[38;2;0;0;225m_[38;2;0;0;221ma[38;2;0;0;218m@[38;2;0;0;226ma[38;2;0;0;224m_[38;2;0;0;226m_[38;2;0;0;227m_[38;2;0;0;226m_[38;2;0;0;212my[38;2;0;0;226ma[38;2;0;0;216mF[38;2;0;0;221m'       [39m
 [38;2;0;0;0m         [38;2;0;0;229m`~[38;2;0;0;230m~[38;2;0;0;231m~[38;2;1;1;200m~  [38;2;0;2;196m`[38;2;0;0;220m~[38;2;0;0;231m~~[38;2;0;0;222m~[38;2;1;2;197m`  [38;2;0;0;234m`[38;2;0;0;231m~~[38;2;0;0;230m~[38;2;0;0;231m`          [39m
 [38;2;0;0;0m                                       [39m
 [38;2;0;0;0m                                       [39m
[?25h