[?25l[39m [38;2;0;0;0m                                       [39m
 [38;2;0;0;0m            [38;2;0;0;228m_[38;2;1;1;209my[38;2;0;0;227ma[38;2;0;0;218m#[38;2;0;0;219mP[38;2;0;0;226m=[38;2;0;0;218m=[38;2;0;0;217m=[38;2;0;0;226m=[38;2;0;0;229m=[38;2;0;0;210m@[38;2;0;0;226ma[38;2;1;1;208my[38;2;0;0;228m_             [39m
 [38;2;0;0;0m         [38;2;0;0;220m_[38;2;0;0;223ma[38;2;0;0;228mP[38;2;0;0;225m~[38;2;0;0;232m`[38;2;247;247;247m_[38;2;192;192;192my[38;2;201;201;201ma[38;2;240;240;240mg[38;2;252;252;252mgg[38;2;241;241;241mg[38;2;193;193;193mg[38;2;192;192;192my[38;2;247;247;247m_[38;2;0;0;234m`[38;2;0;0;226m~[38;2;0;0;229m4[38;2;0;0;221mg_          [39m
 [38;2;0;0;0m        [38;2;0;0;225mg[38;2;0;0;220mF[38;2;1;0;200m`[38;2;169;169;169my[38;2;240;240;240mg[38;2;249;249;249m@[38;2;251;251;251m@[38;2;252;252;252m@@@@@@@@@[38;2;251;251;251m@[38;2;240;240;240mg[38;2;161;161;161my[38;2;1;0;201m`[38;2;0;0;215m?[38;2;0;0;224mg[38;2;1;0;223m,        [39m
 [38;2;0;0;0m      [38;2;0;0;206m_[38;2;0;0;223m@[38;2;1;1;208m'[38;2;110;110;110my[38;2;205;205;205m@[38;2;251;251;251m@[38;2;252;252;252m@@@@@@@@@@@@@@[38;2;251;251;251m@[38;2;223;223;223m@[38;2;171;171;171m_[38;2;0;1;201m`[38;2;0;0;220m@[38;2;0;0;206m_       [39m
 [38;2;0;0;0m      [38;2;0;0;230m@ [38;2;129;129;129my[38;2;245;245;245m@[38;2;252;252;252m@[38;2;251;251;251m@@@[38;2;252;252;252m@@@@@@@@@@@@@@[38;2;250;250;250m@[38;2;113;113;113my [38;2;0;0;226m@[38;2;0;0;218m,      [39m
 [38;2;0;0;0m     [38;2;0;0;210mg[38;2;1;0;202mF [38;2;227;227;227m$[38;2;252;252;252m@[38;2;251;251;251m@[38;2;167;167;167m_ [38;2;204;204;204m~[38;2;156;156;156m5[38;2;212;212;212m@[38;2;251;251;251m@[38;2;252;252;252m@@@[38;2;251;251;251m@@@@@@@[38;2;252;252;252m@@[38;2;234;234;234m@ [38;2;0;0;181m?[38;2;0;0;214m$      [39m
 [38;2;0;0;0m     [38;2;0;0;224m@  [38;2;250;250;250m@[38;2;252;252;252m@@[38;2;251;251;251m@[38;2;227;227;227m@[38;2;154;154;154mm  [38;2;130;130;130m`[38;2;202;202;202m$[38;2;251;251;251m@[38;2;211;211;211m@[38;2;102;102;102m~[38;2;130;130;130m`````[38;2;181;181;181m`[38;2;216;216;216m$[38;2;252;252;252m@[38;2;251;251;251m@  [38;2;0;0;226m@      [39m
 [38;2;0;0;0m     [38;2;0;0;225m@  [38;2;249;249;249m@[38;2;252;252;252m@[38;2;251;251;251m@[38;2;236;236;236m~[38;2;100;100;100m`[38;2;117;117;117m_[38;2;172;172;172my[38;2;224;224;224mg[38;2;234;234;234m@[38;2;251;251;251m@[38;2;252;252;252m@[38;2;251;251;251m@[38;2;245;245;245m@[38;2;240;240;240m@@@@@[38;2;244;244;244m@[38;2;252;252;252m@@[38;2;251;251;251m@  [38;2;0;0;227m@      [39m
 [38;2;0;0;0m     [38;2;0;0;225m@  [38;2;249;249;249m@[38;2;252;252;252m@@[38;2;237;237;237m@[38;2;230;230;230m$[38;2;251;251;251m@[38;2;252;252;252m@@@@@@@@@@@@@@@[38;2;251;251;251m@  [38;2;0;0;227m@      [39m
 [38;2;0;0;0m     [38;2;0;0;225m@  [38;2;249;249;249m@[38;2;252;252;252m@@@@@@@@@@@@@@@@@@@@[38;2;251;251;251m@  [38;2;0;0;227m@      [39m
 [38;2;0;0;0m     [38;2;0;0;225m@  [38;2;249;249;249m@[38;2;252;252;252m@@@@@@@@@@@@@@@@@@@@[38;2;251;251;251m@  [38;2;0;0;226m@      [39m
 [38;2;0;0;0m     [38;2;0;0;225m@  [38;2;249;249;249m@[38;2;252;252;252m@@@@@@@@@@@@@@@@@@@@[38;2;251;251;251m@  [38;2;0;0;227m@      [39m
 [38;2;0;0;0m     [38;2;0;0;225m@  [38;2;249;249;249m@[38;2;252;252;252m@@@@@@@@@@@@@@@@@@@@[38;2;251;251;251m@  [38;2;0;0;226m@      [39m
 [38;2;0;0;0m     [38;2;0;0;220m@  [38;2;244;244;244m@[38;2;252;252;252m@@@@@@@@@@@@@@@@@@@@[38;2;249;249;249m@  [38;2;0;0;223m@      [39m
 [38;2;0;0;0m     [38;2;1;0;211m`[38;2;0;0;223m@[38;2;0;0;214m,[38;2;157;157;157m~[38;2;183;183;183m@[38;2;249;249;249m@[38;2;252;252;252m@[38;2;251;251;251m@[38;2;217;217;217m@[38;2;200;200;200mF[38;2;169;169;169mF[38;2;179;179;179mA[38;2;239;239;239m@[38;2;252;252;252m@@[38;2;240;240;240m@[38;2;211;211;211mP[38;2;173;173;173mF[38;2;163;163;163mM[38;2;210;210;210m@[38;2;251;251;251m@[38;2;252;252;252m@[38;2;250;250;250m@[38;2;198;198;198m@[38;2;184;184;184m~[38;2;1;0;194m_[38;2;0;0;229mg[38;2;0;0;231m'      [39m
 [38;2;0;0;0m      [38;2;0;0;218m`[38;2;0;0;225m4[38;2;0;0;227mg[38;2;0;0;225m_[38;2;0;0;223m_[38;2;116;116;116m`[38;2;0;0;223m_[38;2;0;0;227m_[38;2;0;0;225ma[38;2;0;0;219m@[38;2;0;0;214my[38;2;0;0;226m_[38;2;105;105;105m`[38;2;104;104;104m`[38;2;0;0;226m_[38;2;0;0;215my[38;2;0;0;225ma[38;2;0;0;222mg[38;2;0;0;227m_[38;2;0;0;225m_[38;2;117;117;117m`[38;2;0;0;223m_[38;2;0;0;227m_[38;2;0;0;228mgP[38;2;1;1;203m~       [39m
 [38;2;0;0;0m        [38;2;2;3;191m`[38;2;0;0;224m~[38;2;0;0;226m~[38;2;0;0;227m~~[38;2;0;0;226m~[38;2;2;0;210m` [38;2;1;1;208m~[38;2;0;0;226m~[38;2;0;0;227m~~~[38;2;1;1;208m~ [38;2;1;0;208m`[38;2;0;0;224m~[38;2;0;0;227m~~[38;2;0;0;226m~~[38;2;2;2;194m`         [39m
 [38;2;0;0;0m                                       [39m
[?25h