[?25l[39m [38;2;0;0;0m              [38;2;0;0;229m_[38;2;0;0;225m_[38;2;1;1;211my[38;2;0;0;217ma[38;2;0;0;223mgg[38;2;0;0;222my[38;2;1;1;210my[38;2;0;0;225m_[38;2;0;0;229m_               [39m
 [38;2;0;0;0m          [38;2;0;0;225m_[38;2;0;0;214ma[38;2;0;0;215m@[38;2;0;0;222m=[38;2;0;0;225m~[38;2;0;0;224m~[38;2;183;183;183m_[38;2;238;238;238m_[38;2;248;248;248m__[38;2;238;238;238m_[38;2;183;183;183m_[38;2;0;0;223m~[38;2;0;0;227m~[38;2;0;0;221m=[38;2;0;0;218m@y[38;2;0;0;226m_           [39m
 [38;2;0;0;0m        [38;2;0;0;226m_[38;2;0;0;228ma[38;2;0;0;214mF[38;2;0;0;227m`[38;2;144;144;144my[38;2;197;197;197mg[38;2;224;224;224m$[38;2;251;251;251m@@[38;2;252;252;252m@@@@[38;2;251;251;251m@@[38;2;230;230;230m$[38;2;196;196;196mg[38;2;241;241;241m_[38;2;0;0;227m`[38;2;0;0;210m?[38;2;0;0;219m@[38;2;0;0;226m_         [39m
 [38;2;0;0;0m       [38;2;0;0;221mg[38;2;0;0;226mF [38;2;187;187;187my[38;2;223;223;223m@[38;2;251;251;251m@[38;2;252;252;252m@@@@@@@@@@@@[38;2;251;251;251m@[38;2;234;234;234m@[38;2;180;180;180my [38;2;0;0;197mN[38;2;0;0;222mg        [39m
 [38;2;0;0;0m      [38;2;0;0;228mg[38;2;0;0;210mF [38;2;224;224;224mg[38;2;251;251;251m@[38;2;252;252;252m@@@@@@@@@@@@@@@@[38;2;251;251;251m@[38;2;197;197;197m@ [38;2;0;0;216m~[38;2;0;0;226m$       [39m
 [38;2;0;0;0m     [38;2;0;0;211mj[38;2;0;0;227mF [38;2;207;207;207mg[38;2;251;251;251m@@[38;2;210;210;210mF[38;2;142;142;142mM[38;2;177;177;177m@[38;2;248;248;248m@[38;2;251;251;251m@[38;2;252;252;252m@@@@@@@@@@@@[38;2;251;251;251m@[38;2;186;186;186m@ [38;2;0;0;218m?[38;2;0;0;220ml      [39m
 [38;2;0;0;0m     [38;2;0;0;219m@  [38;2;246;246;246m@[38;2;252;252;252m@[38;2;251;251;251m@[38;2;238;238;238mg[38;2;184;184;184my[38;2;169;169;169m_ [38;2;199;199;199m~[38;2;176;176;176mF[38;2;239;239;239m@[38;2;252;252;252m@[38;2;243;243;243m@[38;2;186;186;186mM[38;2;196;196;196mFFFFF[38;2;183;183;183mM[38;2;243;243;243m@[38;2;252;252;252m@[38;2;250;250;250m@  [38;2;0;0;226m$      [39m
 [38;2;0;0;0m     [38;2;0;0;226m@  [38;2;249;249;249m@[38;2;252;252;252m@[38;2;251;251;251m@[38;2;205;205;205m@[38;2;194;194;194mF[38;2;172;172;172m~ [38;2;205;205;205m_[38;2;201;201;201my[38;2;227;227;227m@[38;2;252;252;252m@[38;2;238;238;238m@[38;2;212;212;212my[38;2;202;202;202myyyyy[38;2;215;215;215my[38;2;235;235;235m@[38;2;252;252;252m@[38;2;251;251;251m@  [38;2;0;0;226m@      [39m
 [38;2;0;0;0m     [38;2;0;0;226m@  [38;2;249;249;249m@[38;2;252;252;252m@[38;2;251;251;251m@[38;2;200;200;200my[38;2;181;181;181my[38;2;226;226;226mg[38;2;236;236;236m@[38;2;251;251;251m@[38;2;252;252;252m@@@@@@@@@@@@@[38;2;251;251;251m@  [38;2;0;0;226m@      [39m
 [38;2;0;0;0m     [38;2;0;0;226m@  [38;2;249;249;249m@[38;2;252;252;252m@@@@@@@@@@@@@@@@@@@@[38;2;251;251;251m@  [38;2;0;0;226m@      [39m
 [38;2;0;0;0m     [38;2;0;0;226m@  [38;2;249;249;249m@[38;2;252;252;252m@@@@@@@@@@@@@@@@@@@@[38;2;251;251;251m@  [38;2;0;0;226m@      [39m
 [38;2;0;0;0m     [38;2;0;0;226m@  [38;2;249;249;249m@[38;2;252;252;252m@@@@@@@@@@@@@@@@@@@@[38;2;251;251;251m@  [38;2;0;0;227m@      [39m
 [38;2;0;0;0m     [38;2;0;0;226m@  [38;2;249;249;249m@[38;2;252;252;252m@@@@@@@@@@@@@@@@@@@@[38;2;251;251;251m@  [38;2;0;0;227m@      [39m
 [38;2;0;0;0m     [38;2;0;0;222m@  [38;2;242;242;242m@[38;2;252;252;252m@@@@@@@@@@@@@@@@@@@@[38;2;248;248;248m@  [38;2;0;0;224m@      [39m
 [38;2;0;0;0m     [38;2;1;1;197m7[38;2;0;0;224m@[38;2;1;0;209m_[38;2;134;134;134m~[38;2;198;198;198mR[38;2;245;245;245m@[38;2;252;252;252m@[38;2;248;248;248m@[38;2;201;201;201m@[38;2;185;185;185mF[38;2;252;252;252m~[38;2;171;171;171m5[38;2;231;231;231m@[38;2;251;251;251m@@[38;2;233;233;233m@[38;2;219;219;219mF[38;2;252;252;252m~[38;2;178;178;178mT[38;2;191;191;191m@[38;2;248;248;248m@[38;2;252;252;252m@[38;2;246;246;246m@[38;2;182;182;182m@[38;2;166;166;166m~[38;2;0;1;205m_[38;2;0;0;230mg[38;2;0;0;211mF      [39m
 [38;2;0;0;0m      [38;2;0;0;217m~@[38;2;0;0;227mg[38;2;0;0;209my[38;2;0;0;226m_[38;2;0;0;227m__[38;2;0;0;226m_[38;2;0;0;224mg[38;2;0;0;222m@[38;2;0;0;221my[38;2;0;0;226m__[38;2;0;0;227m_[38;2;0;0;226m_[38;2;0;0;216ma[38;2;0;0;219m@[38;2;0;0;225mg[38;2;0;0;226m____[38;2;0;0;208my[38;2;0;0;226mg[38;2;0;0;220m@~       [39m
 [38;2;0;0;0m        [38;2;2;1;198m~[38;2;0;0;225m~[38;2;0;0;227m~~~[38;2;0;0;225m~[38;2;1;0;218m~[38;2;0;1;209m`[38;2;0;0;228m~[38;2;0;0;226m~[38;2;0;0;227m~~[38;2;0;0;226m~[38;2;0;0;229m~[38;2;0;0;207m`[38;2;1;0;214m~[38;2;0;0;226m~[38;2;0;0;227m~~~[38;2;0;0;226m~[38;2;0;2;203m~         [39m
 [38;2;0;0;0m                                       [39m
 [38;2;0;0;0m                                       [39m
[?25h