[?25l[39m [38;2;0;0;0m                                       [39m
 [38;2;0;0;0m            [38;2;0;0;219m_[38;2;0;0;226m_[38;2;1;0;214ma[38;2;0;0;227mg[38;2;0;0;216m@[38;2;0;0;223m@[38;2;0;0;226m@[38;2;0;0;227m@[38;2;0;0;223m@[38;2;0;0;217m@[38;2;0;0;227mg[38;2;0;0;220my[38;2;0;0;226m_[38;2;1;0;219m_             [39m
 [38;2;0;0;0m         [38;2;1;2;194m_[38;2;0;0;212my[38;2;0;0;220m@[38;2;0;0;221m@[38;2;0;0;219m=[38;2;0;0;225m~[38;2;0;0;227m~[38;2;189;189;189m_[38;2;253;253;253m_[38;2;142;142;142my[38;2;141;141;141my[38;2;253;253;253m_[38;2;189;189;189m_[38;2;0;0;224m~[38;2;0;0;226m~[38;2;0;0;219m=[38;2;0;0;221m@[38;2;0;0;224m@[38;2;1;0;212my[38;2;1;0;217m,          [39m
 [38;2;0;0;0m        [38;2;0;0;217ma[38;2;0;0;228m@[38;2;0;0;212mF[38;2;0;0;219m`[38;2;154;154;154my[38;2;215;215;215mg[38;2;222;222;222m@[38;2;251;251;251m@@[38;2;252;252;252m@@@@[38;2;251;251;251m@[38;2;252;252;252m@[38;2;228;228;228m@[38;2;215;215;215mg[38;2;146;146;146my[38;2;0;0;220m`[38;2;0;0;226m~[38;2;0;0;227m@[38;2;1;0;214mg[38;2;2;1;191m,        [39m
 [38;2;0;0;0m      [38;2;1;1;190m_[38;2;0;0;224m@[38;2;0;0;225mF [38;2;193;193;193my[38;2;228;228;228m@[38;2;252;252;252m@@@@@@@@@@@@@@[38;2;238;238;238m@[38;2;187;187;187my [38;2;0;0;218m?[38;2;0;0;226m@[38;2;0;0;235m,       [39m
 [38;2;0;0;0m      [38;2;0;0;228m@[38;2;0;0;206mF [38;2;229;229;229mg[38;2;251;251;251m@[38;2;252;252;252m@@@@@@@@@@@@@@@@[38;2;251;251;251m@[38;2;203;203;203m@ [38;2;0;0;214m~[38;2;0;0;229m@[38;2;0;0;202m,      [39m
 [38;2;0;0;0m     [38;2;0;0;222mJ[38;2;0;0;226mF [38;2;210;210;210mg[38;2;251;251;251m@[38;2;252;252;252m@[38;2;251;251;251m@@@[38;2;252;252;252m@@@@@@[38;2;251;251;251m@[38;2;250;250;250m@[38;2;251;251;251m@[38;2;252;252;252m@@@@@[38;2;251;251;251m@[38;2;191;191;191m@ [38;2;0;0;216m?[38;2;0;0;210m$      [39m
 [38;2;0;0;0m     [38;2;0;0;223m@  [38;2;246;246;246m@[38;2;252;252;252m@[38;2;246;246;246m@[38;2;197;197;197m_ [38;2;155;155;155m~[38;2;174;174;174mT[38;2;194;194;194mR[38;2;243;243;243m@[38;2;251;251;251m@[38;2;252;252;252m@@[38;2;191;191;191m@[38;2;109;109;109m_[38;2;86;86;86m`[38;2;226;226;226m~[38;2;161;161;161mM[38;2;198;198;198m@[38;2;250;250;250m@[38;2;252;252;252m@@[38;2;250;250;250m@  [38;2;0;0;225m@      [39m
 [38;2;0;0;0m     [38;2;0;0;226m@  [38;2;249;249;249m@[38;2;252;252;252m@@[38;2;251;251;251m@[38;2;200;200;200m@[38;2;134;134;134m=  [38;2;91;91;91m_[38;2;190;190;190m$[38;2;252;252;252m@@@[38;2;242;242;242m@[38;2;153;153;153m@   [38;2;197;197;197m_[38;2;244;244;244m@[38;2;252;252;252m@[38;2;251;251;251m@  [38;2;0;0;226m@      [39m
 [38;2;0;0;0m     [38;2;0;0;226m@  [38;2;249;249;249m@[38;2;252;252;252m@[38;2;246;246;246m@[38;2;173;173;173m_[38;2;152;152;152m_[38;2;170;170;170my[38;2;208;208;208ma[38;2;226;226;226m$[38;2;251;251;251m@[38;2;252;252;252m@@@[38;2;190;190;190m@[38;2;113;113;113m_[38;2;224;224;224m_[38;2;191;191;191my[38;2;239;239;239mg@[38;2;251;251;251m@[38;2;252;252;252m@@[38;2;251;251;251m@  [38;2;0;0;226m@      [39m
 [38;2;0;0;0m     [38;2;0;0;226m@  [38;2;249;249;249m@[38;2;252;252;252m@@[38;2;251;251;251m@@[38;2;252;252;252m@@@@@@@@@[38;2;251;251;251m@[38;2;252;252;252m@@@@@@[38;2;251;251;251m@  [38;2;0;0;226m@      [39m
 [38;2;0;0;0m     [38;2;0;0;226m@  [38;2;249;249;249m@[38;2;252;252;252m@@@@@@@@@@@@@@@@@@@@[38;2;251;251;251m@  [38;2;0;0;227m@      [39m
 [38;2;0;0;0m     [38;2;0;0;226m@  [38;2;249;249;249m@[38;2;252;252;252m@@@@@@@@@@@@@@@@@@@@[38;2;251;251;251m@  [38;2;0;0;227m@      [39m
 [38;2;0;0;0m     [38;2;0;0;224m@  [38;2;249;249;249m@[38;2;252;252;252m@@@@@@@@@@@@@@@@@@@@[38;2;251;251;251m@  [38;2;0;0;225m@      [39m
 [38;2;0;0;0m     [38;2;1;1;199m7[38;2;0;0;216m$ [38;2;168;168;168m7[38;2;243;243;243m@[38;2;251;251;251m@[38;2;252;252;252m@[38;2;251;251;251m@[38;2;250;250;250m@[38;2;190;190;190m@[38;2;219;219;219mP[38;2;218;218;218m@[38;2;251;251;251m@[38;2;252;252;252m@@[38;2;251;251;251m@[38;2;221;221;221m@[38;2;222;222;222mP[38;2;214;214;214mR[38;2;249;249;249m@[38;2;251;251;251m@[38;2;252;252;252m@[38;2;251;251;251m@[38;2;245;245;245m@[38;2;197;197;197mF [38;2;0;0;220mg[38;2;0;0;213mF      [39m
 [38;2;0;0;0m      [38;2;0;0;220m~[38;2;0;0;218m@[38;2;0;0;212my[38;2;0;0;227m_[38;2;152;152;152m~[38;2;225;225;225m~[38;2;198;198;198m~[38;2;0;0;226m_[38;2;0;0;225m_[38;2;0;0;217mg[38;2;0;0;227m_[38;2;192;192;192m`[38;2;217;217;217m~[38;2;222;222;222m~[38;2;104;104;104m~[38;2;0;0;227m_[38;2;0;0;221ma[38;2;0;0;225m_[38;2;0;0;226m_[38;2;185;185;185m~[38;2;226;226;226m~[38;2;175;175;175m~[38;2;0;0;227m_[38;2;0;0;210my[38;2;0;0;216m@[38;2;0;0;222m~       [39m
 [38;2;0;0;0m        [38;2;1;1;208m~[38;2;0;0;225m~[38;2;0;0;227m~[38;2;0;0;225m=[38;2;0;0;226m~[38;2;0;0;225m~[38;2;0;0;222m~[38;2;0;0;223m`[38;2;0;0;227m~[38;2;0;0;226m~[38;2;0;0;222m==[38;2;0;0;227m~[38;2;0;0;229m~[38;2;0;0;222m`[38;2;0;0;220m~[38;2;0;0;226m~~=[38;2;0;0;227m~[38;2;0;0;225m~[38;2;1;0;212m~         [39m
 [38;2;0;0;0m                                       [39m
 [38;2;0;0;0m                                       [39m
[?25h