[?25l[39m [38;2;0;0;0m                                       [39m
 [38;2;0;0;0m            [38;2;2;2;189m_[38;2;0;0;226m_[38;2;0;0;212my[38;2;0;0;226ma[38;2;0;0;225ma[38;2;0;0;215m#[38;2;0;0;213m#[38;2;0;0;218m4[38;2;0;0;214m#[38;2;0;0;224ma[38;2;0;0;227ma[38;2;0;0;217my[38;2;0;0;225m_[38;2;0;0;215m_             [39m
 [38;2;0;0;0m          [38;2;0;0;226m_a[38;2;0;0;221m=[38;2;0;0;228m~[38;2;120;120;120m_[38;2;251;251;251m_[38;2;184;184;184my[38;2;206;206;206my[38;2;220;220;220my[38;2;221;221;221my[38;2;210;210;210my[38;2;191;191;191my[38;2;151;151;151my[38;2;172;172;172m_[38;2;0;0;226m~~[38;2;0;0;216m@[38;2;0;0;213my[38;2;1;1;200m_          [39m
 [38;2;0;0;0m        [38;2;1;1;209my[38;2;0;0;214m@[38;2;0;0;224m~[38;2;149;149;149m_[38;2;183;183;183mg[38;2;218;218;218m@[38;2;252;252;252m@@@@@@@@@[38;2;251;251;251m@[38;2;240;240;240m@[38;2;216;216;216mg[38;2;223;223;223m_[38;2;0;0;201m~[38;2;0;0;220m4g[38;2;0;1;213m,        [39m
 [38;2;0;0;0m       [38;2;0;0;228mg[38;2;0;0;208mF [38;2;200;200;200mg[38;2;251;251;251m@[38;2;252;252;252m@@@@@@@@@@@@@@[38;2;251;251;251m@[38;2;208;208;208m@[38;2;162;162;162m_[38;2;1;0;203m"[38;2;0;0;220m@[38;2;0;0;208m_       [39m
 [38;2;0;0;0m      [38;2;0;0;231mg[38;2;1;0;203m~ [38;2;204;204;204m@[38;2;251;251;251m@@@[38;2;252;252;252m@@@@@@@@@@@@@@@[38;2;250;250;250m@[38;2;127;127;127my [38;2;0;0;222m@[38;2;0;0;229m,      [39m
 [38;2;0;0;0m     [38;2;1;1;200mj[38;2;0;0;228mF [38;2;204;204;204mg[38;2;251;251;251m@@[38;2;194;194;194m~[38;2;142;142;142m~[38;2;247;247;247m~[38;2;197;197;197mR[38;2;247;247;247m@[38;2;251;251;251m@[38;2;252;252;252m@@@@@@@@@@@@[38;2;243;243;243m@  [38;2;0;0;225m$      [39m
 [38;2;0;0;0m     [38;2;0;0;215m4[38;2;0;0;200m[ [38;2;225;225;225m@[38;2;252;252;252m@@[38;2;251;251;251m@[38;2;242;242;242mg[38;2;166;166;166mw  [38;2;182;182;182m~[38;2;198;198;198m@[38;2;251;251;251m@[38;2;220;220;220m@[38;2;235;235;235m~[38;2;218;218;218m~~~~~[38;2;236;236;236m~[38;2;211;211;211m@[38;2;252;252;252m@@[38;2;129;129;129mL [38;2;0;0;236m$      [39m
 [38;2;0;0;0m     [38;2;0;0;216m4[38;2;0;0;197m[ [38;2;230;230;230m@[38;2;252;252;252m@[38;2;251;251;251m@[38;2;202;202;202mF[38;2;181;181;181m~ [38;2;223;223;223m_[38;2;205;205;205my[38;2;247;247;247mg[38;2;250;250;250m@[38;2;252;252;252m@[38;2;251;251;251m@[38;2;215;215;215m@[38;2;252;252;252mggggg[38;2;212;212;212m@[38;2;252;252;252m@@@[38;2;135;135;135mL [38;2;0;0;236m$      [39m
 [38;2;0;0;0m     [38;2;0;0;217m4[38;2;0;0;195m[ [38;2;231;231;231m@[38;2;252;252;252m@[38;2;251;251;251m@[38;2;248;248;248mg[38;2;242;242;242mg[38;2;240;240;240m@[38;2;251;251;251m@[38;2;252;252;252m@@@@@@@@@@@@@@@[38;2;132;132;132mL [38;2;0;0;237m$      [39m
 [38;2;0;0;0m     [38;2;0;0;219m4[38;2;0;0;192m[ [38;2;233;233;233m@[38;2;252;252;252m@@@@@@@@@@@@@@@@@@@@[38;2;251;251;251m@[38;2;125;125;125mL [38;2;0;0;232m@      [39m
 [38;2;0;0;0m     [38;2;0;0;220m4[38;2;0;0;191m[ [38;2;238;238;238m@[38;2;252;252;252m@@@@@@@@@@@@@@@@@@@@[38;2;251;251;251m@[38;2;116;116;116mL [38;2;0;0;232m@      [39m
 [38;2;0;0;0m     [38;2;0;0;212m$  [38;2;242;242;242m@[38;2;252;252;252m@@@@@@@@@@@@@@@@@@@@[38;2;251;251;251m@[38;2;102;102;102mL [38;2;0;0;231m@      [39m
 [38;2;0;0;0m     [38;2;0;0;215m@  [38;2;246;246;246m@[38;2;252;252;252m@@@@@@@@@@@@@@@@@@@@[38;2;251;251;251m@[38;2;86;86;87mL [38;2;0;0;231m@      [39m
 [38;2;0;0;0m     [38;2;0;0;215m@  [38;2;242;242;242m@[38;2;252;252;252m@@@@@@@@@@@@@@@@@@@@[38;2;250;250;250m@  [38;2;0;0;226m@      [39m
 [38;2;0;0;0m     [38;2;1;1;211m`[38;2;0;0;223m@[38;2;0;0;210m,[38;2;159;159;159m~[38;2;192;192;192m@[38;2;251;251;251m@[38;2;250;250;250m@[38;2;197;197;197m@[38;2;192;192;192mF[38;2;163;163;163mM[38;2;193;193;193m@[38;2;251;251;251m@@[38;2;252;252;252m@[38;2;231;231;231m@[38;2;215;215;215mF[38;2;180;180;180mF[38;2;183;183;183mA[38;2;242;242;242m@[38;2;252;252;252m@@[38;2;247;247;247m@[38;2;180;180;180m@[38;2;186;186;186mF[38;2;204;204;204m~ [38;2;0;0;228mg[38;2;1;1;199mF      [39m
 [38;2;0;0;0m      [38;2;1;0;216m`[38;2;0;0;226m4g[38;2;0;0;225m____gg_[38;2;0;0;226m_[38;2;141;141;141m`[38;2;109;109;109m`[38;2;0;0;225m_[38;2;0;0;220ma[38;2;0;0;227ma[38;2;0;0;210my[38;2;0;0;225m_[38;2;131;131;131m`[38;2;138;138;138m`[38;2;0;0;225m_[38;2;0;0;205my[38;2;0;0;225mg[38;2;0;0;226mg[38;2;0;0;228mP[38;2;1;1;204m~       [39m
 [38;2;0;0;0m        [38;2;2;4;188m`[38;2;0;0;224m~[38;2;0;0;226m~~[38;2;0;0;221m~  ~[38;2;0;0;226m~~~~[38;2;1;0;214m` [38;2;2;1;199m~[38;2;0;0;226m~~~[38;2;0;0;227m~[38;2;1;0;212m~           [39m
 [38;2;0;0;0m                                       [39m
[?25h