[?25l[39m [38;2;0;0;0m              [38;2;0;0;232m_[38;2;0;0;225m_[38;2;1;1;203my[38;2;0;0;216my[38;2;1;0;215ma[38;2;0;0;221my[38;2;0;0;216my[38;2;1;1;203my[38;2;0;0;225m_[38;2;0;0;231m_               [39m
 [38;2;0;0;0m          [38;2;0;0;218m_[38;2;1;0;212my[38;2;0;0;225ms[38;2;0;0;224m=[38;2;0;0;226m~[38;2;0;0;224m~[38;2;168;168;168m_[38;2;236;236;236m_[38;2;246;246;246m__[38;2;236;236;236m_[38;2;168;168;168m_[38;2;0;0;224m~[38;2;0;0;226m~[38;2;0;0;222m=[38;2;0;0;214m@[38;2;0;0;212my[38;2;0;0;219m_           [39m
 [38;2;0;0;0m        [38;2;0;0;222m_[38;2;0;0;229ma[38;2;0;0;216mF[38;2;1;0;201m~[38;2;140;140;140my[38;2;193;193;193mg[38;2;222;222;222m$[38;2;251;251;251m@@[38;2;252;252;252m@@@@[38;2;251;251;251m@@[38;2;228;228;228m$[38;2;193;193;193mg[38;2;238;238;238m_[38;2;0;0;229m`[38;2;0;0;211m?[38;2;0;0;229ma[38;2;0;0;221m_         [39m
 [38;2;0;0;0m       [38;2;0;0;219mg[38;2;0;0;227mF [38;2;185;185;185my[38;2;221;221;221m@[38;2;251;251;251m@[38;2;252;252;252m@@@@@@@@@@@@[38;2;251;251;251m@[38;2;232;232;232m@[38;2;178;178;178my [38;2;0;0;199mN[38;2;0;0;219mg        [39m
 [38;2;0;0;0m      [38;2;0;0;226mg[38;2;0;0;212mF [38;2;222;222;222mg[38;2;251;251;251m@[38;2;252;252;252m@@@@@@@@@@@@@@@@[38;2;251;251;251m@[38;2;195;195;195m@ [38;2;0;0;218m~[38;2;0;0;224m$       [39m
 [38;2;0;0;0m     [38;2;1;0;208mj[38;2;0;0;228mF [38;2;207;207;207mg[38;2;251;251;251m@@[38;2;201;201;201m@[38;2;177;177;177m@[38;2;246;246;246m@[38;2;251;251;251m@[38;2;252;252;252m@@@@@[38;2;247;247;247m@[38;2;223;223;223mP[38;2;209;209;209m@[38;2;251;251;251m@[38;2;252;252;252m@@@@[38;2;251;251;251m@[38;2;185;185;185m@ [38;2;0;0;219m?[38;2;0;0;221mi      [39m
 [38;2;0;0;0m     [38;2;0;0;218m@  [38;2;245;245;245m@[38;2;252;252;252m@[38;2;251;251;251m@[38;2;200;200;200my[38;2;183;183;183m_ [38;2;194;194;194m~[38;2;156;156;156m5[38;2;214;214;214m@[38;2;251;251;251m@[38;2;252;252;252m@@[38;2;223;223;223m@[38;2;156;156;156my [38;2;150;150;150m`[38;2;241;241;241m~[38;2;183;183;183mR[38;2;243;243;243m@[38;2;252;252;252m@@[38;2;250;250;250m@  [38;2;0;0;226m$      [39m
 [38;2;0;0;0m     [38;2;0;0;226m@  [38;2;249;249;249m@[38;2;252;252;252m@@[38;2;251;251;251m@[38;2;218;218;218m@[38;2;161;161;161mF  [38;2;190;190;190m_[38;2;207;207;207m$[38;2;251;251;251m@[38;2;252;252;252m@@[38;2;248;248;248m@[38;2;182;182;182m@[38;2;71;71;71mF  [38;2;161;161;161my[38;2;247;247;247m@[38;2;252;252;252m@[38;2;251;251;251m@  [38;2;0;0;226m@      [39m
 [38;2;0;0;0m     [38;2;0;0;226m@  [38;2;249;249;249m@[38;2;252;252;252m@[38;2;251;251;251m@[38;2;119;119;119m_ [38;2;156;156;156my[38;2;210;210;210mg[38;2;228;228;228m@[38;2;251;251;251m@[38;2;252;252;252m@@@[38;2;202;202;202m@ [38;2;172;172;172m_[38;2;189;189;189my[38;2;240;240;240mg[38;2;246;246;246m@[38;2;251;251;251m@[38;2;252;252;252m@@[38;2;251;251;251m@  [38;2;0;0;226m@      [39m
 [38;2;0;0;0m     [38;2;0;0;226m@  [38;2;249;249;249m@[38;2;252;252;252m@@[38;2;251;251;251m@@[38;2;252;252;252m@@@@@@@@[38;2;251;251;251m@@[38;2;252;252;252m@@@@@@[38;2;251;251;251m@  [38;2;0;0;226m@      [39m
 [38;2;0;0;0m     [38;2;0;0;226m@  [38;2;249;249;249m@[38;2;252;252;252m@@@@@@@@@@@@@@@@@@@@[38;2;251;251;251m@  [38;2;0;0;226m@      [39m
 [38;2;0;0;0m     [38;2;0;0;226m@  [38;2;249;249;249m@[38;2;252;252;252m@@@@@@@@@@@@@@@@@@@@[38;2;251;251;251m@  [38;2;0;0;227m@      [39m
 [38;2;0;0;0m     [38;2;0;0;226m@  [38;2;249;249;249m@[38;2;252;252;252m@@@@@@@@@@@@@@@@@@@@[38;2;251;251;251m@  [38;2;0;0;227m@      [39m
 [38;2;0;0;0m     [38;2;0;0;226m@  [38;2;249;249;249m@[38;2;252;252;252m@@@@@@@@@@@@@@@@@@@@[38;2;251;251;251m@  [38;2;0;0;227m@      [39m
 [38;2;0;0;0m     [38;2;0;0;211m@[38;2;0;0;227mL [38;2;211;211;211m4[38;2;251;251;251m@[38;2;252;252;252m@@@[38;2;251;251;251m@[38;2;245;245;245m@[38;2;246;246;246m@[38;2;251;251;251m@[38;2;252;252;252m@@@[38;2;251;251;251m@[38;2;248;248;248m@[38;2;242;242;242m@[38;2;251;251;251m@[38;2;252;252;252m@@@@[38;2;251;251;251m@[38;2;173;173;173m@ [38;2;0;0;228mj[38;2;0;0;217m@      [39m
 [38;2;0;0;0m     [38;2;2;2;202m`[38;2;0;0;223m@g[38;2;0;0;228m_[38;2;135;135;135m~[38;2;248;248;248m~[38;2;178;178;178mF[38;2;249;249;249m~[38;2;173;173;173m`[38;2;0;0;228m__[38;2;141;141;141m~[38;2;248;248;248m~[38;2;178;178;178mF[38;2;166;166;166mF[38;2;205;205;205m~[38;2;0;0;226m__[38;2;98;98;98m`[38;2;236;236;236m~[38;2;170;170;170mF[38;2;178;178;178mF[38;2;243;243;243m~[38;2;113;113;113m`[38;2;0;0;226m_[38;2;0;0;224ma@[38;2;0;0;226m'      [39m
 [38;2;0;0;0m       [38;2;0;0;229m~[38;2;0;0;219mR[38;2;0;0;226m@@[38;2;0;0;220m@[38;2;0;0;226m@[38;2;0;0;227m@[38;2;0;0;226mP[38;2;1;1;211m@[38;2;0;0;226m@@[38;2;0;0;220m@[38;2;0;0;224m@[38;2;0;0;226m@[38;2;0;0;221m@4[38;2;0;0;228m@[38;2;0;0;226m@[38;2;0;0;222m@[38;2;0;0;221m@[38;2;0;0;226m@[38;2;0;0;227m@[38;2;0;0;221mP[38;2;0;0;228m~        [39m
 [38;2;0;0;0m          [38;2;0;0;226m``[38;2;0;0;224m`    [38;2;0;0;226m`[38;2;0;0;227m`[38;2;0;0;228m`    [38;2;2;1;210m`[38;2;0;0;227m``[38;2;1;0;216m`           [39m
 [38;2;0;0;0m                                       [39m
[?25h