[?25l[39m [38;2;0;0;0m                                       [39m
 [38;2;0;0;0m             [38;2;0;0;228m_[38;2;0;0;227m_[38;2;0;0;216my[38;2;0;0;223mg[38;2;0;0;227mg[38;2;0;0;228mgg[38;2;0;0;227mg[38;2;0;0;223mg[38;2;0;0;216my[38;2;0;0;226m_[38;2;0;0;229m_              [39m
 [38;2;0;0;0m          [38;2;0;0;229m_[38;2;0;0;226mg[38;2;0;0;227m@[38;2;0;0;221mP[38;2;0;0;226m~[38;2;0;0;228m~[38;2;109;109;109m_[38;2;184;184;184m_[38;2;236;236;236m__[38;2;185;185;185m_[38;2;109;109;109m_[38;2;0;0;228m~[38;2;0;0;226m~[38;2;0;0;222m4[38;2;0;0;227m@[38;2;0;0;226mg[38;2;0;0;230m_           [39m
 [38;2;0;0;0m        [38;2;0;0;230m_[38;2;0;0;224m@[38;2;0;0;220mF[38;2;0;0;217m~[38;2;218;218;218m_[38;2;214;214;214my[38;2;248;248;248mg[38;2;242;242;242m@[38;2;252;252;252m@[38;2;251;251;251m@@@@[38;2;252;252;252m@[38;2;245;245;245m@[38;2;205;205;205m@[38;2;214;214;214my[38;2;218;218;218m_[38;2;0;0;213m~[38;2;0;0;212m4[38;2;0;0;226m@[38;2;0;0;230m_         [39m
 [38;2;0;0;0m       [38;2;0;0;228mg[38;2;0;0;223mP[38;2;0;0;196m'[38;2;165;165;165my[38;2;218;218;218m$[38;2;251;251;251m@[38;2;252;252;252m@@@@@@@@@@@@[38;2;251;251;251m@[38;2;220;220;220m@[38;2;154;154;154my [38;2;0;0;220m4[38;2;0;0;224m$[38;2;0;1;210m,       [39m
 [38;2;0;0;0m      [38;2;0;0;220m@[38;2;0;0;218mF [38;2;215;215;215mg[38;2;251;251;251m@[38;2;252;252;252m@@@@@@@@@@@@@@@@[38;2;251;251;251m@[38;2;191;191;191m$ [38;2;0;0;222m~[38;2;0;0;229m$       [39m
 [38;2;0;0;0m     [38;2;0;0;218mj[38;2;0;0;228mF [38;2;198;198;198mg[38;2;251;251;251m@[38;2;252;252;252m@@@@@@@@@@@@@@@@@@[38;2;251;251;251m@[38;2;175;175;175m@ [38;2;0;0;221m?[      [39m
 [38;2;0;0;0m     [38;2;0;0;220m@[38;2;0;0;178m[ [38;2;244;244;244m@[38;2;252;252;252m@[38;2;251;251;251m@[38;2;217;217;217m@[38;2;204;204;204mF[38;2;146;146;146mE[38;2;160;160;160mZ[38;2;148;148;148mZ[38;2;192;192;192mF[38;2;232;232;232m@[38;2;252;252;252m@@[38;2;244;244;244m@[38;2;209;209;209mP[38;2;145;145;145mE[38;2;156;156;156mZZ[38;2;157;157;157mM[38;2;187;187;187m@[38;2;252;252;252m@@[38;2;249;249;249m@  [38;2;0;0;223m@      [39m
 [38;2;0;0;0m     [38;2;0;0;226m@  [38;2;249;249;249m@[38;2;251;251;251m@[38;2;175;175;175m@[38;2;77;77;77mu[38;2;207;207;207mF[38;2;115;115;115m~[38;2;158;158;158my[38;2;106;106;106m~[38;2;191;191;191m$ [38;2;227;227;227m@[38;2;242;242;242m@[38;2;84;84;84m`[38;2;172;172;172m$[38;2;171;171;171m~[38;2;174;174;174my[38;2;152;152;152m~[38;2;119;119;119m9[38;2;91;91;91mL[38;2;178;178;178m3[38;2;251;251;251m@@  [38;2;0;0;226m@      [39m
 [38;2;0;0;0m     [38;2;0;0;226m@  [38;2;249;249;249m@[38;2;252;252;252m@[38;2;228;228;228m@[38;2;224;224;224m_[38;2;160;160;160m=[38;2;169;169;169m+[38;2;159;159;159maa[38;2;207;207;207my[38;2;238;238;238mg[38;2;251;251;251m@@[38;2;192;192;192my[38;2;143;143;143m7[38;2;172;172;172m*[38;2;145;145;145mw[38;2;198;198;198may[38;2;210;210;210ma[38;2;242;242;242m@[38;2;252;252;252m@[38;2;251;251;251m@  [38;2;0;0;226m@      [39m
 [38;2;0;0;0m     [38;2;0;0;226m@  [38;2;249;249;249m@[38;2;252;252;252m@@[38;2;251;251;251m@[38;2;248;248;248m@[38;2;226;226;226m@[38;2;214;214;214m@[38;2;223;223;223m@[38;2;251;251;251m@[38;2;252;252;252m@@@@[38;2;251;251;251m@[38;2;233;233;233m@[38;2;216;216;216m@@[38;2;247;247;247m@[38;2;252;252;252m@@@[38;2;251;251;251m@  [38;2;0;0;226m@      [39m
 [38;2;0;0;0m     [38;2;0;0;226m@  [38;2;249;249;249m@[38;2;252;252;252m@@@@@@@@@@@@@@@@@@@@[38;2;251;251;251m@  [38;2;0;0;227m@      [39m
 [38;2;0;0;0m     [38;2;0;0;226m@  [38;2;249;249;249m@[38;2;252;252;252m@@@@@@@@@@@@@@@@@@@@[38;2;251;251;251m@  [38;2;0;0;227m@      [39m
 [38;2;0;0;0m     [38;2;0;0;225m@  [38;2;249;249;249m@[38;2;252;252;252m@@@@@@@@@@@@@@@@@@@@[38;2;251;251;251m@  [38;2;0;0;226m@      [39m
 [38;2;0;0;0m     [38;2;1;1;206m4[38;2;0;0;230mL [38;2;199;199;199m4[38;2;251;251;251m@[38;2;252;252;252m@@@[38;2;251;251;251m@[38;2;245;245;245m@[38;2;230;230;230m@[38;2;249;249;249m@[38;2;252;252;252m@@@@[38;2;250;250;250m@[38;2;229;229;229m@[38;2;243;243;243m@[38;2;251;251;251m@[38;2;252;252;252m@@@[38;2;251;251;251m@[38;2;162;162;162m@ [38;2;0;0;229mj[38;2;0;0;223mF      [39m
 [38;2;0;0;0m      [38;2;0;0;231m~[38;2;0;0;228ma[38;2;0;0;225m_[38;2;189;189;189m`[38;2;244;244;244m~[38;2;162;162;162mF[38;2;251;251;251m~[38;2;177;177;177m~[38;2;0;0;226m_[38;2;0;0;225m_[38;2;0;0;218m_[38;2;221;221;221m~[38;2;174;174;174mT[38;2;161;161;161mF[38;2;233;233;233m~[38;2;0;0;218m_[38;2;0;0;225m_[38;2;0;0;227m_[38;2;156;156;156m~[38;2;249;249;249m~[38;2;165;165;165mF[38;2;249;249;249m~[38;2;130;130;130m~[38;2;0;0;227m_[38;2;0;0;228ma[38;2;0;0;220mF       [39m
 [38;2;0;0;0m       [38;2;2;2;195m`[38;2;0;0;227m~[38;2;0;0;223m=[38;2;0;0;218m4[38;2;0;0;215mR[38;2;0;0;219mP[38;2;0;0;230m=[38;2;0;0;226m~[38;2;0;0;228m~[38;2;0;0;227m~[38;2;0;0;229m=[38;2;0;0;215mRR[38;2;0;0;229m=[38;2;0;0;227m~[38;2;0;0;229m~[38;2;0;0;227m~[38;2;0;0;230m=[38;2;1;0;213mR[38;2;0;0;216mR[38;2;0;0;218mP[38;2;0;0;224m=[38;2;0;0;228m~[38;2;2;2;201m`        [39m
 [38;2;0;0;0m                                       [39m
 [38;2;0;0;0m                                       [39m
[?25h