[?25l[39m [38;2;0;0;0m                                       [39m
 [38;2;0;0;0m             [38;2;0;0;227m_[38;2;0;0;225m_[38;2;0;1;210my[38;2;0;0;222mg[38;2;0;0;229ma[38;2;0;0;231ma[38;2;0;0;230ma[38;2;0;0;228ma[38;2;0;0;222mg[38;2;0;1;211my[38;2;0;0;226m_[38;2;0;0;227m_              [39m
 [38;2;0;0;0m          [38;2;0;0;230m_[38;2;0;0;227maP[38;2;0;0;226m~[38;2;0;0;230m~[38;2;161;161;161m_[38;2;252;252;252m_[38;2;168;168;168my[38;2;178;178;178myy[38;2;167;167;167my[38;2;252;252;252m_[38;2;161;161;161m_[38;2;0;0;228m~[38;2;0;0;226m~[38;2;0;0;227m4[38;2;0;0;224mg[38;2;0;0;230m_           [39m
 [38;2;0;0;0m        [38;2;0;0;229m_[38;2;0;0;218m@[38;2;0;0;228m~[38;2;77;77;77m_[38;2;185;185;185my[38;2;241;241;241mg[38;2;243;243;243m@[38;2;251;251;251m@[38;2;252;252;252m@@@@@@[38;2;251;251;251m@[38;2;246;246;246m@[38;2;241;241;241mg[38;2;182;182;182my[38;2;77;77;77m_[38;2;0;0;225m~[38;2;0;0;219m@[38;2;0;0;229m_         [39m
 [38;2;0;0;0m       [38;2;0;0;228mg[38;2;0;0;216mF [38;2;181;181;181mg[38;2;245;245;245m@[38;2;252;252;252m@@@@@@@@@@@@@@[38;2;249;249;249m@[38;2;179;179;179mg [38;2;0;0;227m~[38;2;0;0;224m$[38;2;1;1;200m,       [39m
 [38;2;0;0;0m      [38;2;0;0;231mg[38;2;1;0;204m~ [38;2;211;211;211m$[38;2;251;251;251m@[38;2;252;252;252m@@@@@@@@@@@@@@@@@[38;2;221;221;221m@[38;2;77;77;77m,[38;2;0;0;206m"[38;2;0;0;229m$       [39m
 [38;2;0;0;0m     [38;2;0;0;216mj[38;2;0;0;222mF [38;2;220;220;220mg[38;2;251;251;251m@@[38;2;166;166;166mF[38;2;241;241;241m~[38;2;176;176;176mP[38;2;225;225;225m@[38;2;251;251;251m@[38;2;252;252;252m@@@@@@@@@@@@@[38;2;205;205;205m@ [38;2;0;0;209m?[38;2;0;0;220m[      [39m
 [38;2;0;0;0m     [38;2;0;0;220m@  [38;2;248;248;248m@[38;2;252;252;252m@@[38;2;219;219;219m@[38;2;188;188;188mg[38;2;125;125;125my [38;2;195;195;195m`[38;2;248;248;248m~[38;2;221;221;221m@[38;2;252;252;252m@[38;2;231;231;231m@[38;2;144;144;144mM[38;2;251;251;251m~~~~~[38;2;173;173;173mT[38;2;232;232;232m@[38;2;252;252;252m@[38;2;251;251;251m@  [38;2;0;0;227m$      [39m
 [38;2;0;0;0m     [38;2;0;0;225m@  [38;2;249;249;249m@[38;2;252;252;252m@[38;2;251;251;251m@[38;2;222;222;222mP[38;2;244;244;244m~[38;2;154;154;154m`[38;2;72;72;72m_[38;2;159;159;159my[38;2;209;209;209mg[38;2;242;242;242m@[38;2;252;252;252m@[38;2;247;247;247m@[38;2;227;227;227mg[38;2;219;219;219mggggg[38;2;229;229;229mg[38;2;245;245;245m@[38;2;252;252;252m@[38;2;251;251;251m@  [38;2;0;0;227m@      [39m
 [38;2;0;0;0m     [38;2;0;0;225m@  [38;2;249;249;249m@[38;2;252;252;252m@@[38;2;192;192;192mg[38;2;211;211;211my[38;2;250;250;250mg@[38;2;252;252;252m@@@@@@@@@@@@@@[38;2;251;251;251m@  [38;2;0;0;227m@      [39m
 [38;2;0;0;0m     [38;2;0;0;225m@  [38;2;249;249;249m@[38;2;252;252;252m@@@@@@@@@@@@@@@@@@@@[38;2;251;251;251m@  [38;2;0;0;227m@      [39m
 [38;2;0;0;0m     [38;2;0;0;225m@  [38;2;249;249;249m@[38;2;252;252;252m@@@@@@@@@@@@@@@@@@@@[38;2;251;251;251m@  [38;2;0;0;226m@      [39m
 [38;2;0;0;0m     [38;2;0;0;225m@  [38;2;249;249;249m@[38;2;252;252;252m@@@@@@@@@@@@@@@@@@@@[38;2;251;251;251m@  [38;2;0;0;227m@      [39m
 [38;2;0;0;0m     [38;2;0;0;225m@  [38;2;249;249;249m@[38;2;252;252;252m@@@@@@@@@@@@@@@@@@@@[38;2;251;251;251m@  [38;2;0;0;226m@      [39m
 [38;2;0;0;0m     [38;2;0;0;221m@  [38;2;246;246;246m@[38;2;252;252;252m@@@@@@@@@@@@@@@@@@@@[38;2;249;249;249m@  [38;2;0;0;223m@      [39m
 [38;2;0;0;0m     [38;2;1;0;213m`[38;2;0;0;225m$[38;2;0;0;208m,[38;2;173;173;173m~[38;2;201;201;201m@[38;2;251;251;251m@@[38;2;252;252;252m@[38;2;230;230;230m@[38;2;214;214;214mF[38;2;184;184;184mF[38;2;167;167;167m@[38;2;246;246;246m@[38;2;251;251;251m@@[38;2;247;247;247m@[38;2;178;178;178m@[38;2;187;187;187mF[38;2;177;177;177mP[38;2;226;226;226m@[38;2;251;251;251m@@[38;2;252;252;252m@[38;2;214;214;214m@[38;2;201;201;201m~ [38;2;0;0;230ma[38;2;0;0;231m'      [39m
 [38;2;0;0;0m      [38;2;0;0;218m`[38;2;0;0;226m4[38;2;0;0;225mg[38;2;0;0;227m__[38;2;152;152;152m`[38;2;116;116;116m`[38;2;0;0;225m_[38;2;0;0;220ma[38;2;0;0;227ma[38;2;0;0;205my[38;2;0;0;225m_[38;2;143;143;143m``[38;2;0;0;225m_[38;2;0;0;205my[38;2;0;0;224mg[38;2;0;0;215mg[38;2;0;0;225m_[38;2;118;118;118m`[38;2;153;153;153m`[38;2;0;0;228m_[38;2;0;0;227m_[38;2;0;0;225mg[38;2;0;0;228mP[38;2;1;1;203m~       [39m
 [38;2;0;0;0m        [38;2;3;2;190m`[38;2;0;0;223m~[38;2;0;0;226m~~~~[38;2;0;0;209m` [38;2;1;1;207m~[38;2;0;0;226m~~~~[38;2;1;1;207m~ [38;2;1;0;209m`[38;2;0;0;224m~[38;2;0;0;227m~[38;2;0;0;226m~~[38;2;0;0;225m~[38;2;2;3;195m`         [39m
 [38;2;0;0;0m                                       [39m
[?25h