[?25l[39m [38;2;0;0;0m                                       [39m
 [38;2;0;0;0m              [38;2;0;0;214m_[38;2;0;0;226m__[38;2;0;0;225m_[38;2;1;1;200my[38;2;1;1;201my[38;2;0;0;225m_[38;2;0;0;227m_[38;2;0;0;226m_[38;2;0;0;214m_               [39m
 [38;2;0;0;0m           [38;2;0;0;224m_[38;2;0;0;226mgP~[38;2;0;0;225m~[38;2;0;0;232m~[38;2;129;129;129m_[38;2;159;159;159m_[38;2;160;160;160m_[38;2;129;129;129m_[38;2;0;0;232m~[38;2;0;0;225m~~[38;2;0;0;226m4g[38;2;0;0;224m_[38;2;1;2;193m,           [39m
 [38;2;0;0;0m        [38;2;0;1;206m_[38;2;0;0;225maP[38;2;0;0;224m~[38;2;178;178;178m_[38;2;198;198;198my[38;2;239;239;239mg[38;2;230;230;230m@[38;2;251;251;251m@[38;2;252;252;252m@[38;2;251;251;251m@@[38;2;252;252;252m@[38;2;251;251;251m@[38;2;234;234;234m@[38;2;239;239;239mg[38;2;197;197;197my[38;2;178;178;178m_[38;2;0;0;222m~[38;2;0;0;224m4[38;2;0;0;222mg[38;2;1;0;205m_         [39m
 [38;2;0;0;0m       [38;2;0;0;213my[38;2;0;0;229mP[38;2;1;0;209m'[38;2;144;144;144my[38;2;245;245;245mg[38;2;251;251;251m@[38;2;252;252;252m@@@@@@@@@@@@[38;2;251;251;251m@[38;2;217;217;217m$[38;2;129;129;129my[38;2;2;0;205m`[38;2;0;0;228m4[38;2;0;0;214my        [39m
 [38;2;0;0;0m      [38;2;0;0;219mg[38;2;0;0;224mF [38;2;201;201;201mg[38;2;251;251;251m@[38;2;252;252;252m@@@@@@@@@@@@@@@@[38;2;251;251;251m@[38;2;167;167;167m@ [38;2;0;0;227m~[38;2;0;0;215m$       [39m
 [38;2;0;0;0m     [38;2;1;1;201mj[38;2;0;0;232mF [38;2;189;189;189mg[38;2;251;251;251m@[38;2;252;252;252m@[38;2;251;251;251m@[38;2;219;219;219m@[38;2;218;218;218mP[38;2;196;196;196mP[38;2;195;195;195mR[38;2;227;227;227m@[38;2;251;251;251m@[38;2;252;252;252m@@[38;2;251;251;251m@[38;2;241;241;241m@[38;2;209;209;209mR[38;2;199;199;199mP[38;2;203;203;203mP[38;2;200;200;200m@[38;2;251;251;251m@[38;2;252;252;252m@[38;2;251;251;251m@[38;2;168;168;168m$ [38;2;0;0;220m4[38;2;0;0;215mi      [39m
 [38;2;0;0;0m     [38;2;0;0;216m@[38;2;1;1;191m' [38;2;242;242;242m@[38;2;252;252;252m@[38;2;232;232;232m@[38;2;145;145;145m~[38;2;174;174;174maf[38;2;173;173;173m#[38;2;141;141;141mH[38;2;166;166;166my[38;2;183;183;183m~[38;2;247;247;247m@[38;2;251;251;251m@[38;2;183;183;183mF[38;2;166;166;166my[38;2;212;212;212m=[38;2;157;157;157m5[38;2;181;181;181mP[38;2;145;145;145ma[38;2;133;133;133m`[38;2;198;198;198m@[38;2;251;251;251m@[38;2;248;248;248m@  [38;2;0;0;225m$      [39m
 [38;2;0;0;0m     [38;2;0;0;226m@  [38;2;249;249;249m@[38;2;251;251;251m@[38;2;170;170;170m$[38;2;92;92;92m4[38;2;164;164;164mL [38;2;152;152;152m@ [38;2;160;160;160m0 [38;2;229;229;229m@[38;2;238;238;238m@ [38;2;199;199;199m$ [38;2;208;208;208m4 [38;2;120;120;120m4[38;2;85;85;85mF[38;2;182;182;182ma[38;2;251;251;251m@@  [38;2;0;0;226m@      [39m
 [38;2;0;0;0m     [38;2;0;0;226m@  [38;2;249;249;249m@[38;2;252;252;252m@[38;2;249;249;249m@[38;2;186;186;186my[38;2;142;142;142m7[38;2;208;208;208m=[38;2;251;251;251m==g[38;2;242;242;242m@[38;2;252;252;252m@[38;2;251;251;251m@[38;2;176;176;176m@[38;2;187;187;187m_[38;2;130;130;130mH[38;2;249;249;249m=[38;2;193;193;193m#[38;2;235;235;235mg[38;2;228;228;228m$[38;2;251;251;251m@[38;2;252;252;252m@[38;2;251;251;251m@  [38;2;0;0;226m@      [39m
 [38;2;0;0;0m     [38;2;0;0;226m@  [38;2;249;249;249m@[38;2;252;252;252m@@@@[38;2;238;238;238m@[38;2;230;230;230m@[38;2;236;236;236m@[38;2;252;252;252m@@@@@[38;2;251;251;251m@[38;2;247;247;247m@[38;2;231;231;231m@@[38;2;251;251;251m@[38;2;252;252;252m@@@[38;2;251;251;251m@  [38;2;0;0;226m@      [39m
 [38;2;0;0;0m     [38;2;0;0;226m@  [38;2;249;249;249m@[38;2;252;252;252m@@@@@@@@@@@@@@@@@@@@[38;2;251;251;251m@  [38;2;0;0;227m@      [39m
 [38;2;0;0;0m     [38;2;0;0;226m@  [38;2;249;249;249m@[38;2;252;252;252m@@@@@@@@@@@@@@@@@@@@[38;2;251;251;251m@  [38;2;0;0;227m@      [39m
 [38;2;0;0;0m     [38;2;0;0;226m@  [38;2;249;249;249m@[38;2;252;252;252m@@@@@@@@@@@@@@@@@@@@[38;2;251;251;251m@  [38;2;0;0;226m@      [39m
 [38;2;0;0;0m     [38;2;0;0;217m@  [38;2;241;241;241m@[38;2;252;252;252m@@@@@@@@@@@@@@@@@@@@[38;2;247;247;247m@  [38;2;0;0;221m@      [39m
 [38;2;0;0;0m     [38;2;2;1;207m`[38;2;0;0;225m@[38;2;0;0;217m_[38;2;124;124;124m~[38;2;188;188;188mR[38;2;238;238;238m@[38;2;252;252;252m@[38;2;245;245;245m@[38;2;195;195;195m@[38;2;180;180;180mF[38;2;251;251;251m~[38;2;161;161;161m5[38;2;220;220;220m@[38;2;251;251;251m@@[38;2;225;225;225m@[38;2;212;212;212mF[38;2;251;251;251m~[38;2;175;175;175mT[38;2;185;185;185m@[38;2;245;245;245m@[38;2;252;252;252m@[38;2;240;240;240m@[38;2;176;176;176m@[38;2;159;159;159m~[38;2;0;0;216m_[38;2;0;0;231ma'      [39m
 [38;2;0;0;0m      [38;2;2;2;204m`[38;2;1;0;212m?[38;2;0;0;226ma[38;2;0;0;213my[38;2;0;0;227m_[38;2;0;0;225m___[38;2;0;0;227ma[38;2;0;0;223m@[38;2;0;0;220mg[38;2;0;0;227m_[38;2;0;0;225m__[38;2;0;0;227m_[38;2;0;0;223ma[38;2;0;0;221m@[38;2;0;0;227ma[38;2;0;0;225m___[38;2;0;0;227m_[38;2;0;0;212my[38;2;0;0;226ma[38;2;0;0;215mF[38;2;0;0;221m'       [39m
 [38;2;0;0;0m         [38;2;0;0;227m`[38;2;0;0;224m~[38;2;0;0;227m~[38;2;0;0;226m~[38;2;1;1;203m~  [38;2;3;2;199m`[38;2;1;0;221m~[38;2;0;0;227m~~[38;2;0;0;220m~[38;2;3;2;197m`  [38;2;3;1;200m~[38;2;0;0;226m~[38;2;0;0;227m~[38;2;0;0;225m~[38;2;0;0;227m`          [39m
 [38;2;0;0;0m                                       [39m
[?25h