[?25l[39m [38;2;0;0;0m              [38;2;1;2;188m_[38;2;0;0;232m_[38;2;0;0;225m_[38;2;0;0;226m__[38;2;0;0;225m_[38;2;0;0;226m_[38;2;0;0;224m_[38;2;0;0;232m_[38;2;3;2;187m_               [39m
 [38;2;0;0;0m           [38;2;0;0;226m_[38;2;0;0;227ma[38;2;0;0;222mP[38;2;0;0;228m~[38;2;0;0;226m~[38;2;0;0;228m~[38;2;77;77;77m_[38;2;156;156;156m_[38;2;154;154;154m_[38;2;77;77;77m_[38;2;0;0;228m~[38;2;0;0;227m~~[38;2;0;0;217mR[38;2;0;0;224mg[38;2;0;0;226m_            [39m
 [38;2;0;0;0m        [38;2;1;1;196m_[38;2;0;0;223ma[38;2;0;0;228mP~[38;2;161;161;161m_[38;2;189;189;189my[38;2;237;237;237mg[38;2;220;220;220m@[38;2;251;251;251m@@@@@@[38;2;228;228;228m@[38;2;237;237;237mg[38;2;189;189;189my[38;2;162;162;162m_[38;2;0;0;225m~[38;2;0;0;228m4[38;2;0;0;220mg[38;2;1;0;228m,         [39m
 [38;2;0;0;0m       [38;2;1;0;209my[38;2;0;0;229mP[38;2;0;0;211m'[38;2;138;138;138my[38;2;239;239;239mg[38;2;251;251;251m@[38;2;252;252;252m@@@@@@@@@@@@[38;2;251;251;251m@[38;2;202;202;202m@[38;2;217;217;217m_[38;2;0;0;212m`[38;2;0;0;229m4[38;2;1;0;210my        [39m
 [38;2;0;0;0m      [38;2;0;0;216mg[38;2;0;0;226mF [38;2;196;196;196mg[38;2;251;251;251m@[38;2;252;252;252m@@@@@@@@@@@@@@@@[38;2;251;251;251m@[38;2;193;193;193mg [38;2;0;0;215m?[38;2;1;0;211m$       [39m
 [38;2;0;0;0m     [38;2;1;1;196mj[38;2;0;0;232mF [38;2;185;185;185mg[38;2;251;251;251m@[38;2;252;252;252m@@@@@@@@@@@@@@@@@@[38;2;251;251;251m@[38;2;163;163;163m$ [38;2;0;0;222m4[38;2;1;0;212mi      [39m
 [38;2;0;0;0m     [38;2;0;0;222mg[38;2;0;0;182m[ [38;2;241;241;241m@[38;2;251;251;251m@[38;2;186;186;186m@[38;2;210;210;210m~~[38;2;226;226;226m~[38;2;246;246;246m~[38;2;251;251;251m~~[38;2;173;173;173m5[38;2;251;251;251m@[38;2;231;231;231m@[38;2;170;170;170mF[38;2;173;173;173mTTTTT[38;2;144;144;144mM[38;2;231;231;231m@[38;2;252;252;252m@[38;2;248;248;248m@  [38;2;0;0;224m$      [39m
 [38;2;0;0;0m     [38;2;0;0;226m@  [38;2;249;249;249m@[38;2;252;252;252m@[38;2;229;229;229m$[38;2;190;190;190my[38;2;193;193;193my[38;2;202;202;202my[38;2;211;211;211my[38;2;192;192;192mg[38;2;205;205;205mg[38;2;245;245;245mg[38;2;252;252;252m@[38;2;249;249;249m@[38;2;219;219;219mg[38;2;208;208;208mggggg[38;2;222;222;222mg[38;2;245;245;245m@[38;2;252;252;252m@[38;2;251;251;251m@  [38;2;0;0;226m@      [39m
 [38;2;0;0;0m     [38;2;0;0;225m@  [38;2;249;249;249m@[38;2;252;252;252m@@@@@@@@@@@@@@@@@@@@[38;2;251;251;251m@  [38;2;0;0;226m@      [39m
 [38;2;0;0;0m     [38;2;0;0;225m@  [38;2;249;249;249m@[38;2;252;252;252m@@@@@@@@@@@@@@@@@@@@[38;2;251;251;251m@  [38;2;0;0;226m@      [39m
 [38;2;0;0;0m     [38;2;0;0;225m@  [38;2;250;250;250m@[38;2;252;252;252m@@@@@@@@@@@@@@@@@@@@[38;2;251;251;251m@  [38;2;0;0;226m@      [39m
 [38;2;0;0;0m     [38;2;0;0;225m@  [38;2;249;249;249m@[38;2;252;252;252m@@@@@@@@@@@@@@@@@@@@[38;2;251;251;251m@  [38;2;0;0;226m@      [39m
 [38;2;0;0;0m     [38;2;0;0;225m@  [38;2;249;249;249m@[38;2;252;252;252m@@@@@@@@@@@@@@@@@@@@[38;2;251;251;251m@  [38;2;0;0;226m@      [39m
 [38;2;0;0;0m     [38;2;0;0;225m@  [38;2;249;249;249m@[38;2;252;252;252m@@@@@@@@@@@@@@@@@@@@[38;2;251;251;251m@  [38;2;0;0;226m@      [39m
 [38;2;0;0;0m     [38;2;0;0;214m9[38;2;0;0;222my [38;2;155;155;155m4[38;2;247;247;247m@[38;2;252;252;252m@@@[38;2;251;251;251m@[38;2;212;212;212m@[38;2;214;214;214mR[38;2;237;237;237m@[38;2;251;251;251m@[38;2;252;252;252m@@[38;2;251;251;251m@[38;2;238;238;238m@[38;2;214;214;214mR[38;2;208;208;208m@[38;2;251;251;251m@[38;2;252;252;252m@@@[38;2;248;248;248m@[38;2;213;213;213mF [38;2;0;0;221my[38;2;0;0;211m@      [39m
 [38;2;0;0;0m     [38;2;2;2;187m`[38;2;0;0;212m@[38;2;0;0;220m@[38;2;0;0;226m_[38;2;0;0;222m_[38;2;206;206;206m~[38;2;242;242;242m~[38;2;230;230;230m~[38;2;159;159;159m`[38;2;0;0;227m_[38;2;0;0;215my[38;2;0;0;227m_[38;2;152;152;152m~[38;2;236;236;236m~[38;2;239;239;239m~[38;2;171;171;171m~[38;2;0;0;227m_[38;2;0;0;216my[38;2;0;0;226m_[38;2;155;155;155m`[38;2;223;223;223m~[38;2;242;242;242m~[38;2;219;219;219m~[38;2;0;0;223m_[38;2;0;0;226m_[38;2;0;0;227mg[38;2;0;0;215m@[38;2;0;0;205m'      [39m
 [38;2;0;0;0m       [38;2;0;0;225m~[38;2;0;0;227m=[38;2;0;0;226m@@@@[38;2;0;0;228m@[38;2;0;0;223mP[38;2;0;0;214m=[38;2;1;0;214m@[38;2;0;0;226m@@@[38;2;0;0;227m@[38;2;1;0;214m@[38;2;1;0;215m=[38;2;0;0;224m4[38;2;0;0;228m@[38;2;0;0;226m@@@@[38;2;0;0;228m=[38;2;0;0;225m~        [39m
 [38;2;0;0;0m                                       [39m
 [38;2;0;0;0m                                       [39m
[?25h