[?25l[39m [38;2;0;0;0m                                       [39m
 [38;2;0;0;0m              [38;2;0;0;220m_[38;2;0;0;227m_[38;2;0;0;226m_[38;2;1;1;199my[38;2;1;1;206myy[38;2;1;1;199my[38;2;0;0;226m__[38;2;0;0;219m_               [39m
 [38;2;0;0;0m          [38;2;1;2;190m_[38;2;0;0;225m_[38;2;0;0;227mgP~[38;2;0;0;225m~[38;2;0;0;231m~[38;2;120;120;120m_[38;2;150;150;150m_[38;2;149;149;149m_[38;2;121;121;121m_[38;2;0;0;231m~[38;2;0;0;225m~[38;2;0;0;226m~[38;2;0;0;227m4[38;2;0;0;226mg[38;2;0;0;225m_[38;2;1;1;202m,           [39m
 [38;2;0;0;0m        [38;2;0;0;208m_[38;2;0;0;224mg[38;2;0;0;226mP[38;2;0;0;225m~[38;2;169;169;169m_[38;2;195;195;195my[38;2;237;237;237mg[38;2;228;228;228m@[38;2;251;251;251m@[38;2;252;252;252m@[38;2;251;251;251m@@[38;2;252;252;252m@[38;2;251;251;251m@[38;2;232;232;232m@[38;2;237;237;237mg[38;2;193;193;193my[38;2;171;171;171m_[38;2;0;0;222m~[38;2;0;0;225m4[38;2;0;0;224mg[38;2;1;0;208m_         [39m
 [38;2;0;0;0m       [38;2;0;0;215my[38;2;0;0;229mP[38;2;1;0;210m'[38;2;139;139;139my[38;2;244;244;244mg[38;2;251;251;251m@[38;2;252;252;252m@@@@@@@@@@@@[38;2;251;251;251m@[38;2;215;215;215m$_[38;2;2;0;207m`[38;2;0;0;229m4[38;2;0;0;216my        [39m
 [38;2;0;0;0m      [38;2;0;0;220mg[38;2;0;0;224mF [38;2;199;199;199mg[38;2;251;251;251m@[38;2;252;252;252m@@@@@@@@@@@@@@@@[38;2;251;251;251m@[38;2;164;164;164m@ [38;2;0;0;227m~[38;2;0;0;217m$       [39m
 [38;2;0;0;0m     [38;2;1;0;202mj[38;2;0;0;231mF [38;2;186;186;186mg[38;2;251;251;251m@@[38;2;224;224;224mP[38;2;171;171;171m#[38;2;223;223;223m@[38;2;251;251;251m@[38;2;252;252;252m@@@@@@@@@@@@@[38;2;251;251;251m@[38;2;165;165;165m$ [38;2;0;0;220m4[38;2;0;0;216mi      [39m
 [38;2;0;0;0m     [38;2;0;0;216m@[38;2;1;1;191m' [38;2;241;241;241m@[38;2;252;252;252m@@[38;2;196;196;196mg[38;2;243;243;243m_ [38;2;186;186;186m`[38;2;248;248;248m~[38;2;190;190;190mR[38;2;250;250;250m@[38;2;252;252;252m@[38;2;250;250;250m@[38;2;206;206;206mR[38;2;221;221;221mPPPPP[38;2;179;179;179m@[38;2;250;250;250m@[38;2;252;252;252m@[38;2;248;248;248m@  [38;2;0;0;225m$      [39m
 [38;2;0;0;0m     [38;2;0;0;226m@  [38;2;249;249;249m@[38;2;252;252;252m@[38;2;251;251;251m@[38;2;238;238;238m@[38;2;210;210;210mP[38;2;149;149;149mT [38;2;78;78;78m_[38;2;162;162;162my[38;2;211;211;211m@[38;2;252;252;252m@[38;2;227;227;227m@[38;2;170;170;170my[38;2;159;159;159myyyyy[38;2;177;177;177my[38;2;221;221;221m@[38;2;252;252;252m@[38;2;251;251;251m@  [38;2;0;0;226m@      [39m
 [38;2;0;0;0m     [38;2;0;0;226m@  [38;2;249;249;249m@[38;2;252;252;252m@[38;2;251;251;251m@[38;2;151;151;151my[38;2;252;252;252m_[38;2;206;206;206my[38;2;250;250;250mg[38;2;251;251;251m@[38;2;252;252;252m@@@@@@@@@@@@@[38;2;251;251;251m@  [38;2;0;0;226m@      [39m
 [38;2;0;0;0m     [38;2;0;0;226m@  [38;2;249;249;249m@[38;2;252;252;252m@@@@@@@@@@@@@@@@@@@@[38;2;251;251;251m@  [38;2;0;0;226m@      [39m
 [38;2;0;0;0m     [38;2;0;0;226m@  [38;2;249;249;249m@[38;2;252;252;252m@@@@@@@@@@@@@@@@@@@@[38;2;251;251;251m@  [38;2;0;0;227m@      [39m
 [38;2;0;0;0m     [38;2;0;0;226m@  [38;2;249;249;249m@[38;2;252;252;252m@@@@@@@@@@@@@@@@@@@@[38;2;251;251;251m@  [38;2;0;0;227m@      [39m
 [38;2;0;0;0m     [38;2;0;0;226m@  [38;2;249;249;249m@[38;2;252;252;252m@@@@@@@@@@@@@@@@@@@@[38;2;251;251;251m@  [38;2;0;0;226m@      [39m
 [38;2;0;0;0m     [38;2;0;0;214m@[38;2;0;0;217m, [38;2;234;234;234m@[38;2;252;252;252m@@@@@@@@@@@@@@@@@@@@[38;2;244;244;244m@ [38;2;1;0;179mj[38;2;0;0;222m$      [39m
 [38;2;0;0;0m     [38;2;2;2;203m`[38;2;0;0;225m@[38;2;0;0;229m_[38;2;162;162;162m`[38;2;171;171;171mP[38;2;216;216;216m@[38;2;236;236;236m@[38;2;228;228;228m@[38;2;166;166;166m@[38;2;248;248;248m~[38;2;232;232;232m~[38;2;177;177;177mT[38;2;190;190;190m@[38;2;234;234;234m@@[38;2;197;197;197m@[38;2;188;188;188mF[38;2;233;233;233m~[38;2;244;244;244m~[38;2;181;181;181mR[38;2;226;226;226m@[38;2;236;236;236m@[38;2;221;221;221m@[38;2;220;220;220mF[38;2;122;122;122m~[38;2;0;0;228m_[38;2;0;0;225m$[38;2;0;0;229m'      [39m
 [38;2;0;0;0m      [38;2;3;2;187m`[38;2;0;0;228m~[38;2;0;0;217m@[38;2;0;0;222mg[38;2;0;0;226m_[38;2;0;0;227m__[38;2;0;0;218ma[38;2;0;0;224ma[38;2;0;0;217mR[38;2;0;0;226mg[38;2;0;0;208my[38;2;0;0;227m__[38;2;0;0;208my[38;2;0;0;226mg[38;2;0;0;225mP[38;2;0;0;216m@[38;2;0;0;220my[38;2;0;0;227m__[38;2;0;0;226m_[38;2;0;0;223ma[38;2;0;0;213m@[38;2;0;0;230m~[38;2;1;1;193m'       [39m
 [38;2;0;0;0m         [38;2;3;2;195m`[38;2;1;1;203m~[38;2;0;0;221m~[38;2;1;1;213m~[38;2;2;1;211m`   [38;2;0;0;227m`[38;2;1;0;218m~[38;2;1;0;220m~[38;2;0;0;227m`   [38;2;2;1;211m`[38;2;1;1;212m~[38;2;1;0;223m~[38;2;1;1;207m~[38;2;2;3;197m`          [39m
 [38;2;0;0;0m                                       [39m
[?25h