[?25l[39m [38;2;0;0;0m              [38;2;0;0;230m_[38;2;0;0;225m_[38;2;0;0;226m_[38;2;0;0;214my[38;2;0;0;220myy[38;2;0;0;215my[38;2;0;0;226m_[38;2;0;0;225m_[38;2;0;0;230m_               [39m
 [38;2;0;0;0m          [38;2;0;0;217m_[38;2;0;0;211my[38;2;0;0;225ms[38;2;0;0;216mP[38;2;0;0;226m~~[38;2;152;152;152m_[38;2;235;235;235m_[38;2;243;243;243m__[38;2;235;235;235m_[38;2;151;151;151m_[38;2;0;0;225m~[38;2;0;0;226m~[38;2;0;0;224m=[38;2;0;0;225ma[38;2;0;1;212my[38;2;0;0;217m_           [39m
 [38;2;0;0;0m        [38;2;0;0;220m_[38;2;0;0;230ma[38;2;0;0;216mF[38;2;0;0;204m~[38;2;135;135;135my[38;2;188;188;188mg[38;2;219;219;219m$[38;2;250;250;250m@[38;2;251;251;251m@[38;2;252;252;252m@@@@[38;2;251;251;251m@@[38;2;226;226;226m$[38;2;189;189;189mg[38;2;234;234;234m_[38;2;0;0;201m~[38;2;0;0;211m?[38;2;0;0;229ma[38;2;0;0;220m_         [39m
 [38;2;0;0;0m       [38;2;1;0;217mg[38;2;0;0;227mF [38;2;182;182;182my[38;2;219;219;219m@[38;2;251;251;251m@[38;2;252;252;252m@@@@@@@@@@@@[38;2;251;251;251m@[38;2;230;230;230m@[38;2;175;175;175my [38;2;0;0;199m#[38;2;0;0;218mg        [39m
 [38;2;0;0;0m      [38;2;0;0;226mg[38;2;0;0;212mF [38;2;220;220;220mg[38;2;251;251;251m@[38;2;252;252;252m@@@@@@@@@@@@@@@@[38;2;251;251;251m@[38;2;201;201;201m$ [38;2;0;0;219m~[38;2;0;0;223m$       [39m
 [38;2;0;0;0m     [38;2;0;0;208mj[38;2;0;0;228mF [38;2;205;205;205mg[38;2;251;251;251m@@[38;2;216;216;216mF[38;2;149;149;149mM[38;2;184;184;184m@[38;2;249;249;249m@[38;2;251;251;251m@[38;2;252;252;252m@@@@@@@@@@@@[38;2;251;251;251m@[38;2;183;183;183m@ [38;2;0;0;220m?[38;2;0;0;221mi      [39m
 [38;2;0;0;0m     [38;2;0;0;218m@  [38;2;245;245;245m@[38;2;252;252;252m@[38;2;251;251;251m@[38;2;234;234;234mg[38;2;179;179;179my[38;2;146;146;146m_[38;2;69;69;69m`[38;2;210;210;210m~[38;2;165;165;165mP[38;2;241;241;241m@[38;2;252;252;252m@[38;2;244;244;244m@[38;2;216;216;216mF[38;2;204;204;204mFFFFF[38;2;188;188;188mM[38;2;244;244;244m@[38;2;252;252;252m@[38;2;250;250;250m@  [38;2;0;0;226m$      [39m
 [38;2;0;0;0m     [38;2;0;0;226m@  [38;2;249;249;249m@[38;2;252;252;252m@[38;2;251;251;251m@[38;2;210;210;210m@[38;2;200;200;200mF[38;2;186;186;186m~ [38;2;193;193;193m_[38;2;196;196;196my[38;2;224;224;224m@[38;2;252;252;252m@[38;2;236;236;236m@[38;2;208;208;208my[38;2;198;198;198myyyyy[38;2;211;211;211my[38;2;233;233;233m@[38;2;252;252;252m@[38;2;251;251;251m@  [38;2;0;0;226m@      [39m
 [38;2;0;0;0m     [38;2;0;0;226m@  [38;2;249;249;249m@[38;2;252;252;252m@[38;2;251;251;251m@[38;2;194;194;194my[38;2;174;174;174my[38;2;220;220;220mg[38;2;232;232;232m@[38;2;251;251;251m@[38;2;252;252;252m@@@@@@@@@@@@@[38;2;251;251;251m@  [38;2;0;0;226m@      [39m
 [38;2;0;0;0m     [38;2;0;0;226m@  [38;2;249;249;249m@[38;2;252;252;252m@@@@@@@@@@@@@@@@@@@@[38;2;251;251;251m@  [38;2;0;0;226m@      [39m
 [38;2;0;0;0m     [38;2;0;0;226m@  [38;2;249;249;249m@[38;2;252;252;252m@@@@@@@@@@@@@@@@@@@@[38;2;251;251;251m@  [38;2;0;0;226m@      [39m
 [38;2;0;0;0m     [38;2;0;0;226m@  [38;2;249;249;249m@[38;2;252;252;252m@@@@@@@@@@@@@@@@@@@@[38;2;251;251;251m@  [38;2;0;0;227m@      [39m
 [38;2;0;0;0m     [38;2;0;0;226m@  [38;2;249;249;249m@[38;2;252;252;252m@@@@@@@@@@@@@@@@@@@@[38;2;251;251;251m@  [38;2;0;0;227m@      [39m
 [38;2;0;0;0m     [38;2;0;0;225m@  [38;2;249;249;249m@[38;2;252;252;252m@@@@@@@@@@@@@@@@@@@@[38;2;251;251;251m@  [38;2;0;0;226m@      [39m
 [38;2;0;0;0m     [38;2;0;0;212m@[38;2;0;0;225mL [38;2;220;220;220m4[38;2;251;251;251m@[38;2;252;252;252m@@@@[38;2;250;250;250m@[38;2;246;246;246m@[38;2;251;251;251m@[38;2;252;252;252m@@@@[38;2;251;251;251m@[38;2;246;246;246m@[38;2;249;249;249m@[38;2;252;252;252m@@@@[38;2;251;251;251m@[38;2;186;186;186m@ [38;2;0;0;225mj[38;2;0;0;218m@      [39m
 [38;2;0;0;0m     [38;2;2;2;204m`[38;2;0;0;224m@[38;2;0;0;220mg[38;2;0;0;227m_[38;2;160;160;160m~[38;2;175;175;175mT[38;2;190;190;190mT[38;2;181;181;181mF[38;2;224;224;224m~[38;2;0;0;222m_[38;2;0;0;226m_[38;2;155;155;155m`[38;2;243;243;243m~[38;2;181;181;181mF[38;2;187;187;187mF[38;2;248;248;248m~[38;2;155;155;155m`[38;2;0;0;226m_[38;2;0;0;222m_[38;2;204;204;204m~[38;2;167;167;167mF[38;2;188;188;188mF[38;2;173;173;173mF[38;2;186;186;186m~[38;2;0;0;228m_[38;2;0;0;222ma[38;2;0;0;226m@[38;2;0;0;228m'      [39m
 [38;2;0;0;0m       [38;2;0;0;228m~[38;2;1;0;215m@[38;2;0;0;226m@[38;2;0;0;222m@[38;2;0;0;226mgg@[38;2;0;0;224m@[38;2;0;0;223m4[38;2;0;0;228m@[38;2;0;0;226m@gg[38;2;0;0;225m@[38;2;0;0;227m@[38;2;0;0;222mP[38;2;0;0;223m@[38;2;0;0;226m@[38;2;0;0;218m@[38;2;0;0;226mg[38;2;0;0;220m@[38;2;0;0;226m@[38;2;0;0;217m@[38;2;0;0;229m~[38;2;4;3;184m`       [39m
 [38;2;0;0;0m          [38;2;0;0;227m`[38;2;1;1;212m~[38;2;1;1;200m~[38;2;2;2;191m`   [38;2;0;0;221m`[38;2;1;1;208m~[38;2;2;1;209m~[38;2;0;0;221m`   [38;2;3;1;195m`[38;2;2;1;197m~[38;2;1;1;215m~[38;2;0;0;228m`           [39m
 [38;2;0;0;0m                                       [39m
[?25h