[?25l[39m [38;2;0;0;0m                                       [39m
 [38;2;0;0;0m              [38;2;0;0;216m_[38;2;0;0;225m_[38;2;0;0;226m_[38;2;1;1;199my[38;2;1;1;208my[38;2;1;1;210my[38;2;1;1;202my[38;2;0;0;225m_[38;2;0;0;227m__               [39m
 [38;2;0;0;0m           [38;2;0;0;226m_g[38;2;0;0;225mP[38;2;0;0;226m~~[38;2;0;0;231m~[38;2;148;148;148m_[38;2;200;200;200m_[38;2;209;209;209m_[38;2;168;168;168m_[38;2;105;105;105m_[38;2;0;0;228m~[38;2;0;0;225m~[38;2;0;0;221m4[38;2;0;0;227ma[38;2;0;1;208my[38;2;0;0;217m_           [39m
 [38;2;0;0;0m         [38;2;0;0;218ma[38;2;0;0;228mP[38;2;0;0;225m~[38;2;150;150;150m_[38;2;193;193;193my[38;2;238;238;238mg[38;2;231;231;231m@[38;2;252;252;252m@[38;2;251;251;251m@@@@[38;2;252;252;252m@[38;2;246;246;246m@[38;2;210;210;210m@[38;2;192;192;192mg[38;2;233;233;233m_[38;2;0;0;204m~[38;2;0;0;210m?[38;2;0;0;228ma[38;2;0;0;225m_         [39m
 [38;2;0;0;0m       [38;2;0;0;226m_[38;2;0;0;218m@[38;2;0;0;204m~[38;2;175;175;175m_[38;2;233;233;233mg[38;2;251;251;251m@[38;2;252;252;252m@@@@@@@@@@@@[38;2;251;251;251m@[38;2;235;235;235m@[38;2;189;189;189my [38;2;0;0;216m?[38;2;0;0;219m$[38;2;1;1;194m,       [39m
 [38;2;0;0;0m      [38;2;0;0;217mj[38;2;0;0;233mF [38;2;168;168;168mg[38;2;249;249;249m@[38;2;252;252;252m@@@@@@@@@@@@@@@@@[38;2;215;215;215m@[38;2;88;88;89m_[38;2;0;0;209m"[38;2;0;0;230m$[38;2;1;0;189m,      [39m
 [38;2;0;0;0m      [38;2;0;0;231m@ [38;2;150;150;150my[38;2;251;251;251m@[38;2;212;212;212m@[38;2;164;164;164mM[38;2;198;198;198mR[38;2;247;247;247m@[38;2;251;251;251m@[38;2;252;252;252m@@@@@@@@@@@@@@[38;2;222;222;222m@ [38;2;0;0;202m~[38;2;0;0;215m$      [39m
 [38;2;0;0;0m     [38;2;0;0;211mJ[38;2;1;0;213m[ [38;2;216;216;216m$[38;2;252;252;252m@[38;2;219;219;219m@[38;2;194;194;194my[38;2;190;190;190m_ [38;2;183;183;183m~[38;2;147;147;147m5[38;2;213;213;213m@[38;2;251;251;251m@@[38;2;200;200;200m@[38;2;209;209;209mPPPPPP[38;2;221;221;221m@[38;2;252;252;252m@@[38;2;251;251;251m@[38;2;133;133;133mL [38;2;0;0;236m$      [39m
 [38;2;0;0;0m     [38;2;1;0;210m4[38;2;0;0;204m[ [38;2;233;233;233m$[38;2;252;252;252m@[38;2;248;248;248m@[38;2;179;179;179m@[38;2;165;165;165mF[38;2;64;64;64m~ [38;2;140;140;140my[38;2;204;204;204mg[38;2;251;251;251m@[38;2;252;252;252m@[38;2;214;214;214my[38;2;177;177;177myyyyy[38;2;179;179;179my[38;2;212;212;212mg[38;2;251;251;251m@[38;2;252;252;252m@[38;2;251;251;251m@[38;2;143;143;143mF [38;2;0;0;235m$      [39m
 [38;2;0;0;0m     [38;2;0;0;211m4[38;2;0;0;203m[ [38;2;234;234;234m$[38;2;251;251;251m@[38;2;176;176;176m@[38;2;253;253;253m_[38;2;191;191;191my[38;2;245;245;245mg[38;2;248;248;248m@[38;2;252;252;252m@@@@@@@@@@@@@@[38;2;251;251;251m@[38;2;141;141;141mF [38;2;0;0;237m$      [39m
 [38;2;0;0;0m     [38;2;0;0;213m4[38;2;0;0;201m[ [38;2;222;222;222m@[38;2;252;252;252m@@@@@@@@@@@@@@@@@@@@@[38;2;136;136;136mF [38;2;0;0;236m$      [39m
 [38;2;0;0;0m     [38;2;0;0;216m4[38;2;0;0;197m[ [38;2;228;228;228m@[38;2;252;252;252m@@@@@@@@@@@@@@@@@@@@@[38;2;124;124;124mF [38;2;0;0;237m$      [39m
 [38;2;0;0;0m     [38;2;0;0;220m4[38;2;0;0;190m[ [38;2;235;235;235m@[38;2;252;252;252m@@@@@@@@@@@@@@@@@@@@[38;2;251;251;251m@[38;2;122;122;122mL [38;2;0;0;232m@      [39m
 [38;2;0;0;0m     [38;2;0;0;212m$  [38;2;242;242;242m@[38;2;252;252;252m@@@@@@@@@@@@@@@@@@@@[38;2;251;251;251m@[38;2;103;103;104mL [38;2;0;0;230m@      [39m
 [38;2;0;0;0m     [38;2;0;0;211m@[38;2;0;0;215m, [38;2;237;237;237m@[38;2;252;252;252m@@@@@@@@@@@@@@@@@@@@[38;2;250;250;250m@[38;2;65;65;66m~ [38;2;0;0;227m@      [39m
 [38;2;0;0;0m     [38;2;1;1;209m`[38;2;0;0;225m@[38;2;0;0;214m,[38;2;142;142;142m~[38;2;179;179;179m@[38;2;244;244;244m@[38;2;181;181;181m@[38;2;182;182;182mF[38;2;175;175;175mF[38;2;188;188;188m@[38;2;250;250;250m@[38;2;252;252;252m@[38;2;251;251;251m@[38;2;218;218;218m@[38;2;202;202;202mF[38;2;167;167;167mF[38;2;176;176;176mA[38;2;238;238;238m@[38;2;252;252;252m@@[38;2;241;241;241m@[38;2;213;213;213mP[38;2;175;175;175mF[38;2;161;161;161mM[38;2;196;196;196m~ [38;2;0;0;230ma[38;2;1;1;205m~      [39m
 [38;2;0;0;0m      [38;2;1;1;212m`[38;2;0;0;217m4[38;2;0;0;227ma[38;2;0;0;225m_[38;2;0;0;226m_[38;2;0;0;204my[38;2;0;0;226ma[38;2;0;0;227ma[38;2;0;0;225m__[38;2;118;118;118m`[38;2;0;0;225m_[38;2;0;0;227m_[38;2;0;0;224ma[38;2;0;0;220m@[38;2;0;0;214my[38;2;0;0;225m_[38;2;106;106;106m`[38;2;107;107;107m`[38;2;0;0;225m_[38;2;0;0;214my[38;2;0;0;226ma[38;2;0;0;223mg[38;2;0;0;226ma[38;2;0;0;224mP[38;2;0;0;231m'       [39m
 [38;2;0;0;0m         [38;2;1;0;216m~[38;2;0;0;226m~[38;2;2;1;203m~  [38;2;1;0;216m~[38;2;0;0;226m~[38;2;0;0;227m~~[38;2;0;0;224m~[38;2;3;2;185m` [38;2;0;0;224m`[38;2;0;0;225m~[38;2;0;0;227m~~[38;2;0;0;226m~[38;2;0;0;225m`            [39m
 [38;2;0;0;0m                                       [39m
[?25h