[?25l[39m [38;2;0;0;0m                                       [39m
 [38;2;0;0;0m             [38;2;3;2;185m_[38;2;0;0;227m_[38;2;0;0;226m_[38;2;1;1;211my[38;2;1;0;218mg[38;2;0;0;222mgg[38;2;0;0;218mg[38;2;1;0;211my[38;2;0;0;226m__               [39m
 [38;2;0;0;0m          [38;2;0;0;224m_[38;2;0;0;215ma[38;2;0;0;212m@[38;2;0;0;220m=[38;2;0;0;225m~[38;2;0;0;226m~[38;2;190;190;190m_[38;2;253;253;253m_[38;2;142;142;142my[38;2;141;141;141my[38;2;253;253;253m_[38;2;189;189;189m_[38;2;0;0;225m~[38;2;0;0;226m~[38;2;0;0;220m=[38;2;0;0;217m@y[38;2;0;0;224m_           [39m
 [38;2;0;0;0m        [38;2;0;0;225m_[38;2;0;0;228ma[38;2;0;0;210mF[38;2;0;0;220m`[38;2;154;154;154my[38;2;215;215;215mg[38;2;222;222;222m@[38;2;251;251;251m@@[38;2;252;252;252m@@@@[38;2;251;251;251m@[38;2;252;252;252m@[38;2;228;228;228m@[38;2;215;215;215mg[38;2;146;146;146my[38;2;0;0;219m`[38;2;0;0;226m~[38;2;0;0;218m@[38;2;0;0;225m_         [39m
 [38;2;0;0;0m       [38;2;0;0;222mg[38;2;0;0;226mF [38;2;193;193;193my[38;2;228;228;228m@[38;2;252;252;252m@@@@@@@@@@@@@@[38;2;238;238;238m@[38;2;186;186;186my [38;2;0;0;219m?[38;2;0;0;222mg        [39m
 [38;2;0;0;0m      [38;2;0;0;228mg[38;2;1;0;205mF [38;2;229;229;229mg[38;2;251;251;251m@[38;2;252;252;252m@@@@@@@@@@@@@@@@[38;2;251;251;251m@[38;2;203;203;203m@ [38;2;0;0;213m~[38;2;0;0;226m$       [39m
 [38;2;0;0;0m     [38;2;0;0;211mj[38;2;0;0;226mF [38;2;210;210;210mg[38;2;251;251;251m@[38;2;252;252;252m@[38;2;245;245;245m@[38;2;214;214;214mP[38;2;179;179;179mF[38;2;162;162;162mF[38;2;155;155;155mM[38;2;195;195;195mR[38;2;249;249;249m@[38;2;252;252;252m@@[38;2;251;251;251m@[38;2;197;197;197m@F[38;2;165;165;165mFF[38;2;181;181;181mP[38;2;231;231;231m@[38;2;252;252;252m@[38;2;251;251;251m@[38;2;191;191;191m@ [38;2;0;0;217m?[38;2;0;0;219ml      [39m
 [38;2;0;0;0m     [38;2;0;0;219m@  [38;2;246;246;246m@[38;2;252;252;252m@[38;2;209;209;209m@[38;2;71;71;71m~[38;2;185;185;185ms[38;2;163;163;163mT[38;2;174;174;174mT[38;2;160;160;160mT[38;2;173;173;173mg[38;2;168;168;168m`[38;2;240;240;240m@[38;2;249;249;249m@[38;2;165;165;165m~[38;2;168;168;168mg[38;2;173;173;173mF[38;2;252;252;252m~[38;2;166;166;166mF[38;2;131;131;131m3[38;2;68;68;68m,[38;2;169;169;169m@[38;2;251;251;251m@[38;2;250;250;250m@  [38;2;0;0;226m$      [39m
 [38;2;0;0;0m     [38;2;0;0;226m@  [38;2;249;249;249m@[38;2;251;251;251m@[38;2;183;183;183m$[38;2;75;75;75m4[38;2;146;146;146mg [38;2;183;183;183mF [38;2;157;157;157mF[38;2;171;171;171m_[38;2;238;238;238m@[38;2;241;241;241m@ [38;2;189;189;189m$ [38;2;183;183;183m?[38;2;91;91;91m_[38;2;81;81;81mJ[38;2;87;87;87m~[38;2;208;208;208mg[38;2;251;251;251m@@  [38;2;0;0;226m@      [39m
 [38;2;0;0;0m     [38;2;0;0;226m@  [38;2;249;249;249m@[38;2;252;252;252m@[38;2;251;251;251m@[38;2;198;198;198mg[38;2;243;243;243m_[38;2;160;160;160mT[38;2;176;176;176mF[38;2;170;170;170mM[38;2;244;244;244m@[38;2;251;251;251m@[38;2;252;252;252m@@[38;2;215;215;215m@[38;2;163;163;163my[38;2;148;148;148mT[38;2;156;156;156mF[38;2;182;182;182mF[38;2;212;212;212m@[38;2;250;250;250m@[38;2;252;252;252m@@[38;2;251;251;251m@  [38;2;0;0;226m@      [39m
 [38;2;0;0;0m     [38;2;0;0;226m@  [38;2;249;249;249m@[38;2;252;252;252m@@@@@@@@@@@@@[38;2;251;251;251m@[38;2;252;252;252m@@[38;2;251;251;251m@[38;2;252;252;252m@@@[38;2;251;251;251m@  [38;2;0;0;226m@      [39m
 [38;2;0;0;0m     [38;2;0;0;226m@  [38;2;249;249;249m@[38;2;252;252;252m@@@@@@@@@@@@@@@@@@@@[38;2;251;251;251m@  [38;2;0;0;227m@      [39m
 [38;2;0;0;0m     [38;2;0;0;226m@  [38;2;249;249;249m@[38;2;252;252;252m@@@@@@@@@@@@@@@@@@@@[38;2;251;251;251m@  [38;2;0;0;227m@      [39m
 [38;2;0;0;0m     [38;2;0;0;226m@  [38;2;249;249;249m@[38;2;252;252;252m@@@@@@@@@@@@@@@@@@@@[38;2;251;251;251m@  [38;2;0;0;227m@      [39m
 [38;2;0;0;0m     [38;2;0;0;221m@  [38;2;246;246;246m@[38;2;252;252;252m@@@@@@@@@@@@@@@@@@@@[38;2;249;249;249m@  [38;2;0;0;223m@      [39m
 [38;2;0;0;0m     [38;2;1;0;212m`[38;2;0;0;225m$[38;2;0;0;208m,[38;2;172;172;172m~[38;2;200;200;200m@[38;2;251;251;251m@@[38;2;252;252;252m@[38;2;229;229;229m@[38;2;213;213;213mF[38;2;183;183;183mF[38;2;166;166;166m@[38;2;246;246;246m@[38;2;251;251;251m@@[38;2;246;246;246m@[38;2;176;176;176m@[38;2;187;187;187mF[38;2;192;192;192mF[38;2;224;224;224m@[38;2;252;252;252m@[38;2;251;251;251m@@[38;2;212;212;212m@[38;2;199;199;199m~ [38;2;0;0;230ma[38;2;2;1;194mF      [39m
 [38;2;0;0;0m      [38;2;0;0;218m`[38;2;0;0;225m4g_[38;2;0;0;227m_[38;2;148;148;148m`[38;2;114;114;114m`[38;2;0;0;225m_[38;2;0;0;220ma[38;2;0;0;227ma[38;2;0;0;205my[38;2;0;0;225m_[38;2;141;141;141m``[38;2;0;0;225m_[38;2;0;0;205my[38;2;0;0;224mg[38;2;0;0;215mg[38;2;0;0;225m_[38;2;115;115;115m`[38;2;151;151;151m`[38;2;0;0;226m_[38;2;0;0;227m_[38;2;0;0;225mg[38;2;0;0;228mP[38;2;1;1;202m~       [39m
 [38;2;0;0;0m        [38;2;3;3;189m`[38;2;0;0;223m~[38;2;0;0;226m~~~[38;2;0;0;227m~[38;2;2;0;207m` [38;2;2;1;205m~[38;2;0;0;226m~~~~[38;2;1;1;208m~ [38;2;2;0;207m`[38;2;0;0;225m~[38;2;0;0;227m~[38;2;0;0;226m~~[38;2;0;0;225m~[38;2;4;2;192m`         [39m
 [38;2;0;0;0m                                       [39m
[?25h