[?25l[39m [38;2;0;0;0m               [38;2;0;0;225m__[38;2;0;0;226m_[38;2;1;1;206my[38;2;0;1;212my[38;2;1;1;211my[38;2;1;1;202my[38;2;0;0;224m_[38;2;0;0;227m_[38;2;1;0;217m_              [39m
 [38;2;0;0;0m            [38;2;0;0;226m_gP~[38;2;0;0;228m~[38;2;0;0;219m~[38;2;170;170;170m_[38;2;232;232;232m_[38;2;233;233;233m_[38;2;220;220;220m_[38;2;108;108;108m_[38;2;0;0;227m~[38;2;0;0;225m~[38;2;0;0;226m=[38;2;0;0;225ma[38;2;1;1;211my[38;2;0;0;228m_          [39m
 [38;2;0;0;0m          [38;2;1;0;206my[38;2;0;0;221m@[38;2;0;0;228m~ [38;2;169;169;169my[38;2;224;224;224mg[38;2;223;223;223m@[38;2;251;251;251m@@[38;2;252;252;252m@@[38;2;251;251;251m@@@[38;2;231;231;231m$[38;2;216;216;216mg[38;2;172;172;172my[38;2;109;109;109m_[38;2;0;0;225m~[38;2;0;0;218mR[38;2;1;1;207my        [39m
 [38;2;0;0;0m         [38;2;0;0;228mg[38;2;0;0;222mF [38;2;196;196;196my[38;2;236;236;236m@[38;2;251;251;251m@[38;2;252;252;252m@@@@@@@@@@@@[38;2;251;251;251m@[38;2;234;234;234mg[38;2;209;209;209m_[38;2;0;0;210m~[38;2;0;0;220mR[38;2;0;0;231m_      [39m
 [38;2;0;0;0m        [38;2;0;0;225mg[38;2;0;0;212mF [38;2;218;218;218mg[38;2;251;251;251m@[38;2;252;252;252m@@@@@@@@@@@@@@@@[38;2;251;251;251m@[38;2;168;168;168m@ [38;2;0;0;228m~[38;2;1;0;218mg     [39m
 [38;2;0;0;0m       [38;2;1;2;190mj[38;2;0;0;215m@ [38;2;175;175;175mg[38;2;251;251;251m@[38;2;252;252;252m@@@@@@@[38;2;247;247;247m@[38;2;205;205;205mF[38;2;177;177;177mP[38;2;224;224;224m@[38;2;251;251;251m@[38;2;252;252;252m@@@@@@[38;2;251;251;251m@[38;2;189;189;189m@ [38;2;0;0;217m?[38;2;1;0;214mL    [39m
 [38;2;0;0;0m       [38;2;0;0;216m4[38;2;0;0;201m[ [38;2;224;224;224m@[38;2;252;252;252m@@@@@@@@[38;2;250;250;250m@[38;2;197;197;197mg[38;2;141;141;141my [38;2;97;97;97m~[38;2;243;243;243m~[38;2;161;161;161m@[38;2;251;251;251m@[38;2;252;252;252m@[38;2;238;238;238m@[38;2;203;203;203mP[38;2;196;196;196mP[38;2;195;195;195mP  [38;2;0;0;233m$    [39m
 [38;2;0;0;0m       [38;2;0;0;220m4[38;2;0;0;190m[ [38;2;238;238;238m@[38;2;252;252;252m@@@@@@@@@[38;2;210;210;210m@[38;2;202;202;202mF[38;2;185;185;185m~ [38;2;189;189;189m_[38;2;196;196;196my[38;2;238;238;238m@[38;2;252;252;252m@[38;2;225;225;225m$[38;2;186;186;186my[38;2;181;181;181myy  [38;2;0;0;231m@    [39m
 [38;2;0;0;0m       [38;2;0;0;214m@  [38;2;245;245;245m@[38;2;252;252;252m@@@@@@@@[38;2;241;241;241m@[38;2;155;155;155my[38;2;171;171;171my[38;2;220;220;220mg[38;2;231;231;231m@[38;2;251;251;251m@[38;2;252;252;252m@@@@@@[38;2;251;251;251m@[38;2;93;93;93mL [38;2;0;0;230m@    [39m
 [38;2;0;0;0m       [38;2;0;0;226m@  [38;2;249;249;249m@[38;2;252;252;252m@@@@@@@@@@@@@@@@@@@@[38;2;251;251;251m@  [38;2;0;0;225m@    [39m
 [38;2;0;0;0m       [38;2;0;0;236m@ [38;2;103;103;103my[38;2;251;251;251m@[38;2;252;252;252m@@@@@@@@@@@@@@@@@@@@[38;2;242;242;242m@ [38;2;0;0;183mj[38;2;0;0;213m$    [39m
 [38;2;0;0;0m      [38;2;3;2;168mj[38;2;0;0;223m@ [38;2;169;169;169mg[38;2;251;251;251m@[38;2;252;252;252m@@@@@@@@@@@@@@@@@@@@[38;2;203;203;203m@ [38;2;0;0;221mJ[38;2;0;1;214m[    [39m
 [38;2;0;0;0m      [38;2;0;0;220mJ[38;2;0;0;204mF [38;2;229;229;229m$[38;2;252;252;252m@@@@@@@@@@@@@@@@@@@@[38;2;251;251;251m@[38;2;163;163;163mF [38;2;0;0;233m$     [39m
 [38;2;0;0;0m      [38;2;0;0;232m@ [38;2;87;87;87mu[38;2;250;250;250m@[38;2;252;252;252m@@@@@@@@@@@@@@@@@@@@[38;2;247;247;247m@  [38;2;0;0;220m$     [39m
 [38;2;0;0;0m      [38;2;0;0;234m@ [38;2;93;93;93mJ[38;2;250;250;250m@[38;2;252;252;252m@@@@[38;2;251;251;251m@@[38;2;252;252;252m@@@@@@[38;2;251;251;251m@@[38;2;252;252;252m@@@@@[38;2;251;251;251m@[38;2;205;205;205mF [38;2;0;0;227mg[38;2;1;1;201mF     [39m
 [38;2;0;0;0m      [38;2;0;0;216m@[38;2;0;0;223mg[38;2;0;0;222m_[38;2;151;151;151m~[38;2;179;179;179mF[38;2;188;188;188mR[38;2;197;197;197mP[38;2;248;248;248m~[38;2;116;116;116m~[38;2;138;138;138m`[38;2;204;204;204m~[38;2;174;174;174mP[38;2;193;193;193mR[38;2;164;164;164m@[38;2;191;191;191mF~[38;2;133;133;133m`[38;2;136;136;136m~[38;2;178;178;178mT[38;2;203;203;203mP[38;2;192;192;192mR[38;2;210;210;210mF[38;2;238;238;238m~[38;2;168;168;168m`[38;2;0;0;226m_[38;2;0;0;230mg[38;2;0;0;222mF      [39m
 [38;2;0;0;0m       [38;2;0;0;229m~[38;2;0;0;223m@[38;2;0;0;224m@[38;2;0;0;227mg[38;2;0;0;229mg[38;2;0;0;228mg[38;2;0;0;219m@[38;2;0;0;223m@[38;2;0;0;225m@[38;2;0;0;222m@[38;2;0;0;228mg[38;2;0;0;229mgg[38;2;0;0;226mg[38;2;0;0;227m@[38;2;0;0;221m@[38;2;0;0;226m@[38;2;0;0;227mg[38;2;0;0;229mgg[38;2;0;0;227mg[38;2;0;0;225m@[38;2;0;0;222m@[38;2;0;0;217mP[38;2;1;1;203m~       [39m
 [38;2;0;0;0m         [38;2;1;0;218m`[38;2;0;0;221m~[38;2;0;0;225m~[38;2;1;0;219m~[38;2;3;0;205m`  [38;2;0;0;224m`[38;2;0;0;223m~[38;2;0;0;226m~~[38;2;0;0;227m`   [38;2;1;1;214m~[38;2;0;0;225m~[38;2;0;0;226m~[38;2;1;0;216m~[38;2;2;3;191m`          [39m
 [38;2;0;0;0m                                       [39m
[?25h