[?25l[39m [38;2;0;0;0m               [38;2;0;0;230m_[38;2;0;0;226m_[38;2;0;0;225m_[38;2;0;0;227m__[38;2;0;0;225m_[38;2;0;0;226m_[38;2;0;0;229m_                [39m
 [38;2;0;0;0m           [38;2;0;0;228m_[38;2;0;0;223ma[38;2;0;0;220m@[38;2;0;0;228m@[38;2;0;0;218m@[38;2;0;0;220mP[38;2;0;0;227m=[38;2;0;0;217m==[38;2;0;0;226m=[38;2;0;0;228m=[38;2;0;0;218m@[38;2;0;0;227m@[38;2;0;0;222m@[38;2;0;0;220mg[38;2;0;0;228m_            [39m
 [38;2;0;0;0m        [38;2;3;2;184m_[38;2;1;0;217ma[38;2;0;0;226m@[38;2;0;0;227mP[38;2;0;0;226m~[38;2;0;0;234m`[38;2;247;247;247m_[38;2;192;192;192my[38;2;201;201;201ma[38;2;241;241;241mg[38;2;252;252;252mgg[38;2;240;240;240mg[38;2;194;194;194mg[38;2;192;192;192my[38;2;247;247;247m_[38;2;0;0;232m`[38;2;0;0;226m~[38;2;0;0;228m4[38;2;0;0;227m@[38;2;0;1;212mg[38;2;1;0;215m,         [39m
 [38;2;0;0;0m       [38;2;1;1;203my[38;2;0;0;228m@[38;2;0;0;220mF[38;2;0;0;201m`[38;2;169;169;169my[38;2;240;240;240mg[38;2;250;250;250m@[38;2;251;251;251m@[38;2;252;252;252m@@@@@@@@@[38;2;251;251;251m@[38;2;240;240;240mg[38;2;161;161;161my[38;2;1;0;200m`[38;2;0;0;215m?[38;2;0;0;227m@[38;2;0;0;230m_        [39m
 [38;2;0;0;0m      [38;2;1;0;209mg[38;2;0;0;222m@[38;2;1;1;211m'[38;2;111;111;111my[38;2;205;205;205m@[38;2;251;251;251m@[38;2;252;252;252m@@@@@@@@@@@@@@[38;2;251;251;251m@[38;2;222;222;222m@[38;2;171;171;171m_[38;2;1;2;202m`[38;2;0;0;218m@[38;2;0;0;226mL       [39m
 [38;2;0;0;0m     [38;2;2;1;194mj[38;2;0;0;229m@ [38;2;129;129;129my[38;2;245;245;245m@[38;2;251;251;251m@[38;2;245;245;245m@[38;2;240;240;240m@[38;2;251;251;251m@[38;2;252;252;252m@@@@@@@@@@@@@@[38;2;250;250;250m@[38;2;112;112;113my [38;2;0;0;224m@[38;2;1;0;209mi      [39m
 [38;2;0;0;0m     [38;2;0;0;219mg[38;2;0;0;201mF [38;2;227;227;227m$[38;2;252;252;252m@[38;2;251;251;251m@[38;2;242;242;242m_ [38;2;127;127;127m~[38;2;248;248;248m~[38;2;200;200;200mR[38;2;248;248;248m@[38;2;252;252;252m@@@@[38;2;251;251;251m@@@@@[38;2;252;252;252m@@@[38;2;234;234;234m@ [38;2;0;0;183m?[38;2;0;0;221m$      [39m
 [38;2;0;0;0m     [38;2;0;0;226m@  [38;2;250;250;250m@[38;2;252;252;252m@@[38;2;251;251;251m@[38;2;242;242;242m@[38;2;209;209;209m=  [38;2;71;71;71m_[38;2;203;203;203m$[38;2;251;251;251m@[38;2;214;214;214m@[38;2;102;102;102m_[38;2;71;71;71m_____[38;2;112;112;112m_[38;2;216;216;216m$[38;2;252;252;252m@[38;2;251;251;251m@  [38;2;0;0;225m@      [39m
 [38;2;0;0;0m     [38;2;0;0;225m@  [38;2;249;249;249m@[38;2;252;252;252m@[38;2;251;251;251m@[38;2;187;187;187m~ [38;2;222;222;222m_[38;2;204;204;204my[38;2;246;246;246mg[38;2;249;249;249m@[38;2;252;252;252m@@@[38;2;251;251;251m@@@@@@@[38;2;252;252;252m@@[38;2;251;251;251m@  [38;2;0;0;226m@      [39m
 [38;2;0;0;0m     [38;2;0;0;225m@  [38;2;249;249;249m@[38;2;252;252;252m@@[38;2;250;250;250m@[38;2;247;247;247m@[38;2;251;251;251m@[38;2;252;252;252m@@@@@@@@@@@@@@@[38;2;251;251;251m@  [38;2;0;0;226m@      [39m
 [38;2;0;0;0m     [38;2;0;0;225m@  [38;2;249;249;249m@[38;2;252;252;252m@@@@@@@@@@@@@@@@@@@@[38;2;251;251;251m@  [38;2;0;0;226m@      [39m
 [38;2;0;0;0m     [38;2;0;0;225m@  [38;2;249;249;249m@[38;2;252;252;252m@@@@@@@@@@@@@@@@@@@@[38;2;251;251;251m@  [38;2;0;0;226m@      [39m
 [38;2;0;0;0m     [38;2;0;0;225m@  [38;2;249;249;249m@[38;2;252;252;252m@@@@@@@@@@@@@@@@@@@@[38;2;251;251;251m@  [38;2;0;0;226m@      [39m
 [38;2;0;0;0m     [38;2;0;0;218m@  [38;2;242;242;242m@[38;2;252;252;252m@@@@@@@@@@@@@@@@@@@@[38;2;247;247;247m@  [38;2;0;0;224m$      [39m
 [38;2;0;0;0m     [38;2;1;1;210m`[38;2;0;0;224m@[38;2;0;0;212m_[38;2;130;130;130m~[38;2;193;193;193mR[38;2;244;244;244m@[38;2;251;251;251m@[38;2;248;248;248m@[38;2;197;197;197m@[38;2;179;179;179mF[38;2;252;252;252m~[38;2;167;167;167m5[38;2;227;227;227m@[38;2;250;250;250m@@[38;2;229;229;229m@[38;2;217;217;217mF[38;2;252;252;252m~[38;2;176;176;176mT[38;2;185;185;185m@[38;2;247;247;247m@[38;2;251;251;251m@[38;2;245;245;245m@[38;2;176;176;176m@[38;2;158;158;158m~[38;2;0;0;211m_[38;2;0;0;232ma[38;2;0;0;231m'      [39m
 [38;2;0;0;0m      [38;2;1;1;209m`[38;2;0;0;216m?[38;2;0;0;227ma[38;2;0;0;211my[38;2;0;0;226m_[38;2;0;0;228m_[38;2;0;0;226m_[38;2;0;0;224m_[38;2;0;0;227ma[38;2;0;0;221m@[38;2;0;0;216mg[38;2;0;0;225m_[38;2;0;0;227m__[38;2;0;0;225m_[38;2;0;0;218ma[38;2;0;0;217m@[38;2;0;0;225ma[38;2;0;0;224m_[38;2;0;0;226m_[38;2;0;0;228m_[38;2;0;0;226m_[38;2;0;0;211my[38;2;0;0;226ma[38;2;0;0;217mF[38;2;0;0;222m'       [39m
 [38;2;0;0;0m         [38;2;0;0;231m`[38;2;0;0;230m~[38;2;0;0;229m~[38;2;0;0;231m~[38;2;2;1;206m~  [38;2;1;1;204m`[38;2;0;0;223m~[38;2;0;0;229m~[38;2;0;0;230m~[38;2;0;0;224m~[38;2;1;1;203m`  [38;2;2;1;204m~[38;2;0;0;231m~[38;2;0;0;229m~[38;2;0;0;231m~`          [39m
 [38;2;0;0;0m                                       [39m
 [38;2;0;0;0m                                       [39m
[?25h