[?25l[39m [38;2;0;0;0m                                       [39m
 [38;2;0;0;0m              [38;2;0;0;227m__[38;2;0;0;225m_[38;2;1;1;207my[38;2;0;0;215myy[38;2;1;1;206my[38;2;0;0;225m_[38;2;0;0;227m_[38;2;0;0;228m_               [39m
 [38;2;0;0;0m          [38;2;1;1;202m_y[38;2;0;0;227ma[38;2;0;0;222mP[38;2;0;0;225m~[38;2;0;0;228m~[38;2;109;109;109m_[38;2;185;185;185m_[38;2;235;235;235m__[38;2;185;185;185m_[38;2;109;109;109m_[38;2;0;0;228m~[38;2;0;0;226m~[38;2;0;0;222m4[38;2;0;0;228ma[38;2;1;1;203my[38;2;2;1;204m_           [39m
 [38;2;0;0;0m        [38;2;0;0;215m_[38;2;0;0;228ma[38;2;0;0;221mF[38;2;0;0;216m~[38;2;217;217;217m_[38;2;214;214;214my[38;2;248;248;248mg[38;2;242;242;242m@[38;2;252;252;252m@[38;2;251;251;251m@@@@[38;2;252;252;252m@[38;2;245;245;245m@[38;2;205;205;205m@[38;2;215;215;215my[38;2;217;217;217m_[38;2;0;0;213m~[38;2;0;0;216m?[38;2;0;0;225mg[38;2;0;0;214m_         [39m
 [38;2;0;0;0m       [38;2;0;0;213mg[38;2;0;0;225mP[38;2;0;0;194m'[38;2;165;165;165my[38;2;217;217;217m$[38;2;251;251;251m@[38;2;252;252;252m@@@@@@@@@@@@[38;2;251;251;251m@[38;2;220;220;220m@[38;2;153;153;153my [38;2;0;0;222m4[38;2;1;0;213mg        [39m
 [38;2;0;0;0m      [38;2;0;0;223mg[38;2;0;0;218mF [38;2;215;215;215mg[38;2;251;251;251m@[38;2;252;252;252m@@@@@@@@@@@@@@@@[38;2;251;251;251m@[38;2;191;191;191m$ [38;2;0;0;223m~[38;2;0;0;220m$       [39m
 [38;2;0;0;0m     [38;2;1;0;205mj[38;2;0;0;230mF [38;2;199;199;199mg[38;2;251;251;251m@@[38;2;225;225;225mF[38;2;178;178;178mF[38;2;199;199;199m@[38;2;251;251;251m@[38;2;252;252;252m@@@@@@@@@@@@@[38;2;251;251;251m@[38;2;175;175;175m@ [38;2;0;0;222m?[38;2;0;0;218mi      [39m
 [38;2;0;0;0m     [38;2;0;0;217m@[38;2;0;0;179m[ [38;2;244;244;244m@[38;2;252;252;252m@[38;2;251;251;251m@[38;2;219;219;219mg[38;2;166;166;166my[38;2;121;121;121m_[38;2;71;71;71m`[38;2;230;230;230m~[38;2;179;179;179mP[38;2;244;244;244m@[38;2;252;252;252m@[38;2;246;246;246m@[38;2;213;213;213mP[38;2;197;197;197mPPPPP[38;2;189;189;189mA[38;2;247;247;247m@[38;2;252;252;252m@[38;2;249;249;249m@  [38;2;0;0;226m$      [39m
 [38;2;0;0;0m     [38;2;0;0;225m@  [38;2;249;249;249m@[38;2;252;252;252m@[38;2;251;251;251m@[38;2;223;223;223m@[38;2;211;211;211mF[38;2;208;208;208m~ [38;2;160;160;160m_[38;2;183;183;183my[38;2;220;220;220m@[38;2;252;252;252m@[38;2;233;233;233m@[38;2;195;195;195my[38;2;185;185;185my[38;2;184;184;184myy[38;2;185;185;185myy[38;2;199;199;199my[38;2;229;229;229m@[38;2;252;252;252m@[38;2;251;251;251m@  [38;2;0;0;227m@      [39m
 [38;2;0;0;0m     [38;2;0;0;225m@  [38;2;249;249;249m@[38;2;252;252;252m@[38;2;251;251;251m@[38;2;184;184;184my[38;2;162;162;162my[38;2;195;195;195mg[38;2;217;217;217m@[38;2;251;251;251m@[38;2;252;252;252m@@@@@@@@@@@@@[38;2;251;251;251m@  [38;2;0;0;227m@      [39m
 [38;2;0;0;0m     [38;2;0;0;225m@  [38;2;249;249;249m@[38;2;252;252;252m@@@@@@@@@@@@@@@@@@@@[38;2;251;251;251m@  [38;2;0;0;227m@      [39m
 [38;2;0;0;0m     [38;2;0;0;225m@  [38;2;249;249;249m@[38;2;252;252;252m@@@@@@@@@@@@@@@@@@@@[38;2;251;251;251m@  [38;2;0;0;226m@      [39m
 [38;2;0;0;0m     [38;2;0;0;225m@  [38;2;249;249;249m@[38;2;252;252;252m@@@@@@@@@@@@@@@@@@@@[38;2;251;251;251m@  [38;2;0;0;227m@      [39m
 [38;2;0;0;0m     [38;2;0;0;225m@  [38;2;249;249;249m@[38;2;252;252;252m@@@@@@@@@@@@@@@@@@@@[38;2;251;251;251m@  [38;2;0;0;226m@      [39m
 [38;2;0;0;0m     [38;2;0;0;220m@  [38;2;245;245;245m@[38;2;252;252;252m@@@@@@@@@@@@@@@@@@@@[38;2;249;249;249m@  [38;2;0;0;223m@      [39m
 [38;2;0;0;0m     [38;2;1;0;212m`[38;2;0;0;223m@[38;2;0;0;212m,[38;2;162;162;162m~[38;2;190;190;190m@[38;2;250;250;250m@[38;2;252;252;252m@@[38;2;222;222;222m@[38;2;206;206;206mF[38;2;176;176;176mF[38;2;181;181;181mR[38;2;243;243;243m@[38;2;252;252;252m@@[38;2;243;243;243m@[38;2;218;218;218mP[38;2;180;180;180mF[38;2;185;185;185mF[38;2;216;216;216m@[38;2;252;252;252m@@[38;2;251;251;251m@[38;2;204;204;204m@[38;2;190;190;190m~ [38;2;0;0;231ma[38;2;0;0;232m'      [39m
 [38;2;0;0;0m      [38;2;1;0;215m`[38;2;0;0;220m4[38;2;0;0;225mg[38;2;0;0;226m_[38;2;0;0;225m_[38;2;132;132;132m`[38;2;0;0;225m__[38;2;0;0;223ma[38;2;0;0;227ma[38;2;0;0;211my[38;2;0;0;225m_[38;2;121;121;121m`[38;2;122;122;122m`[38;2;0;0;225m_[38;2;0;0;211my[38;2;0;0;226ma[38;2;0;0;220mg[38;2;0;0;225m__[38;2;135;135;135m`[38;2;0;0;225m_[38;2;0;0;226m_g[38;2;0;0;225mP[38;2;0;0;230m'       [39m
 [38;2;0;0;0m         [38;2;1;0;221m~[38;2;0;0;227m~[38;2;0;0;226m~~[38;2;0;0;227m~[38;2;3;1;195m` [38;2;0;0;228m`[38;2;0;0;226m~~[38;2;0;0;227m~[38;2;0;0;226m~[38;2;0;0;228m` [38;2;2;0;193m`[38;2;0;0;223m~[38;2;0;0;226m~[38;2;0;0;225m~[38;2;0;0;226m~[38;2;0;0;221m~          [39m
 [38;2;0;0;0m                                       [39m
[?25h