[?25l[39m [38;2;0;0;0m                                       [39m
 [38;2;0;0;0m              [38;2;0;0;215m_[38;2;0;0;226m__[38;2;0;0;225m_[38;2;1;1;200myy[38;2;0;0;225m_[38;2;0;0;227m_[38;2;0;0;226m_[38;2;0;0;215m_               [39m
 [38;2;0;0;0m           [38;2;0;0;225m_[38;2;0;0;226mgP[38;2;0;0;227m~[38;2;0;0;225m~[38;2;0;0;232m~[38;2;132;132;132m_[38;2;165;165;165m__[38;2;132;132;132m_[38;2;0;0;231m~[38;2;0;0;225m~~4[38;2;0;0;228ma[38;2;0;0;224m_[38;2;1;2;193m,           [39m
 [38;2;0;0;0m        [38;2;0;1;204m_[38;2;0;0;225ma[38;2;0;0;224mP~[38;2;181;181;181m_[38;2;199;199;199my[38;2;240;240;240mg[38;2;231;231;231m@[38;2;251;251;251m@[38;2;252;252;252m@[38;2;251;251;251m@@@@[38;2;235;235;235m@[38;2;240;240;240mg[38;2;198;198;198my[38;2;182;182;182m_[38;2;0;0;221m~[38;2;0;0;223m4[38;2;0;0;222mg[38;2;1;1;204m_         [39m
 [38;2;0;0;0m       [38;2;0;0;213my[38;2;0;0;229mP[38;2;1;0;209m'[38;2;146;146;146my[38;2;245;245;245mg[38;2;251;251;251m@[38;2;252;252;252m@@@@@@@@@@@@[38;2;251;251;251m@[38;2;218;218;218m$[38;2;131;131;132my[38;2;2;0;203m`[38;2;0;0;229m4[38;2;0;0;213my        [39m
 [38;2;0;0;0m      [38;2;0;0;218mg[38;2;0;0;223mF [38;2;202;202;202mg[38;2;251;251;251m@[38;2;252;252;252m@@@@@@@@@@@@@@@@[38;2;251;251;251m@[38;2;168;168;169m@ [38;2;0;0;227m~[38;2;0;0;214m$       [39m
 [38;2;0;0;0m     [38;2;1;1;201mj[38;2;0;0;232mF [38;2;189;189;189mg[38;2;251;251;251m@[38;2;252;252;252m@[38;2;251;251;251m@[38;2;216;216;216m@[38;2;165;165;165m@[38;2;212;212;212mF[38;2;197;197;197m#[38;2;225;225;225m@[38;2;251;251;251m@[38;2;252;252;252m@@[38;2;251;251;251m@[38;2;240;240;240m@[38;2;205;205;205mR[38;2;188;188;188mM[38;2;198;198;198mP[38;2;196;196;196m@[38;2;251;251;251m@[38;2;252;252;252m@[38;2;251;251;251m@[38;2;168;168;168m$ [38;2;0;0;220m4[38;2;0;0;215mi      [39m
 [38;2;0;0;0m     [38;2;0;0;216m@[38;2;1;1;191m' [38;2;242;242;242m@[38;2;252;252;252m@[38;2;231;231;231m@[38;2;141;141;141m~[38;2;175;175;175ma[38;2;161;161;161mF[38;2;183;183;183mP[38;2;138;138;138mH[38;2;167;167;167my[38;2;180;180;180m~[38;2;247;247;247m@[38;2;251;251;251m@[38;2;177;177;177mF[38;2;168;168;168my[38;2;207;207;207m=[38;2;157;157;157m5[38;2;181;181;181mP[38;2;143;143;143ma[38;2;121;121;121m`[38;2;196;196;196m@[38;2;251;251;251m@[38;2;248;248;248m@  [38;2;0;0;225m$      [39m
 [38;2;0;0;0m     [38;2;0;0;226m@  [38;2;249;249;249m@[38;2;251;251;251m@[38;2;170;170;170m$[38;2;91;91;91m4[38;2;166;166;166mL [38;2;150;150;150m@ [38;2;157;157;157m0 [38;2;230;230;230m@[38;2;238;238;238m@ [38;2;199;199;199m$ [38;2;207;207;207m4 [38;2;119;119;119m4[38;2;84;84;84mF[38;2;191;191;191mg[38;2;251;251;251m@@  [38;2;0;0;226m@      [39m
 [38;2;0;0;0m     [38;2;0;0;226m@  [38;2;249;249;249m@[38;2;252;252;252m@[38;2;249;249;249m@[38;2;188;188;188my[38;2;140;140;140m7[38;2;198;198;198m=[38;2;251;251;251m==g[38;2;244;244;244m@[38;2;252;252;252m@[38;2;251;251;251m@[38;2;178;178;178m@[38;2;196;196;196m_[38;2;127;127;127mH[38;2;246;246;246m=[38;2;192;192;192m#[38;2;233;233;233mg[38;2;218;218;218m@[38;2;251;251;251m@[38;2;252;252;252m@[38;2;251;251;251m@  [38;2;0;0;226m@      [39m
 [38;2;0;0;0m     [38;2;0;0;226m@  [38;2;249;249;249m@[38;2;252;252;252m@@@[38;2;251;251;251m@[38;2;240;240;240m@[38;2;232;232;232m@[38;2;237;237;237m@[38;2;252;252;252m@@@@@[38;2;251;251;251m@[38;2;249;249;249m@[38;2;232;232;232m@@[38;2;251;251;251m@[38;2;252;252;252m@@@[38;2;251;251;251m@  [38;2;0;0;226m@      [39m
 [38;2;0;0;0m     [38;2;0;0;226m@  [38;2;249;249;249m@[38;2;252;252;252m@@@@@@@@@@@@@@@@@@@@[38;2;251;251;251m@  [38;2;0;0;227m@      [39m
 [38;2;0;0;0m     [38;2;0;0;226m@  [38;2;249;249;249m@[38;2;252;252;252m@@@@@@@@@@@@@@@@@@@@[38;2;251;251;251m@  [38;2;0;0;227m@      [39m
 [38;2;0;0;0m     [38;2;0;0;226m@  [38;2;249;249;249m@[38;2;252;252;252m@@@@@@@@@@@@@@@@@@@@[38;2;251;251;251m@  [38;2;0;0;226m@      [39m
 [38;2;0;0;0m     [38;2;0;0;218m@  [38;2;242;242;242m@[38;2;252;252;252m@@@@@@@@@@@@@@@@@@@@[38;2;248;248;248m@  [38;2;0;0;224m$      [39m
 [38;2;0;0;0m     [38;2;2;1;208m`[38;2;0;0;224m@[38;2;1;0;215m_[38;2;134;134;134m~[38;2;165;165;165m@[38;2;242;242;242m@[38;2;251;251;251m@[38;2;248;248;248m@[38;2;200;200;200m@[38;2;186;186;186mF[38;2;251;251;251m~[38;2;171;171;171mP[38;2;225;225;225m@[38;2;251;251;251m@@[38;2;229;229;229m@[38;2;217;217;217mF[38;2;251;251;251m~[38;2;145;145;145mM[38;2;190;190;190m@[38;2;248;248;248m@[38;2;251;251;251m@[38;2;243;243;243m@[38;2;181;181;181m@[38;2;165;165;165m~[38;2;0;0;212m_[38;2;0;0;232ma[38;2;0;0;231m'      [39m
 [38;2;0;0;0m      [38;2;1;2;208m`[38;2;0;0;215m?[38;2;0;0;226ma[38;2;0;0;209my[38;2;0;0;225m_[38;2;0;0;223m_[38;2;0;0;225m__g[38;2;0;0;224m@[38;2;0;0;216mg[38;2;0;0;227m_[38;2;0;0;225m__[38;2;0;0;227m_[38;2;0;0;220ma[38;2;0;0;221m@[38;2;0;0;227ma[38;2;0;0;225m__[38;2;0;0;223m_[38;2;0;0;225m_[38;2;0;0;208my[38;2;0;0;226ma[38;2;0;0;215mP[38;2;0;0;224m'       [39m
 [38;2;0;0;0m         [38;2;0;0;226m`~[38;2;0;0;227m~[38;2;0;0;226m~[38;2;1;1;210m~  [38;2;2;0;208m`[38;2;1;0;221m~[38;2;0;0;227m~~[38;2;0;0;224m~[38;2;1;0;208m`  [38;2;2;1;206m~[38;2;0;0;225m~[38;2;0;0;227m~[38;2;0;0;226m~[38;2;2;2;197m~          [39m
 [38;2;0;0;0m                                       [39m
[?25h