[?25l[39m [38;2;0;0;0m             [38;2;3;2;186m_[38;2;0;0;229m_[38;2;0;0;225m_[38;2;1;1;211my[38;2;0;0;217ma[38;2;0;0;224mg[38;2;0;0;223mg[38;2;0;0;222my[38;2;1;1;211my[38;2;0;0;225m_[38;2;0;0;228m_               [39m
 [38;2;0;0;0m          [38;2;0;0;226m_[38;2;1;0;215ma[38;2;0;0;216m@[38;2;0;0;224m=[38;2;0;0;225m~[38;2;0;0;226m~[38;2;152;152;152m_[38;2;235;235;235m_[38;2;243;243;243m__[38;2;235;235;235m_[38;2;152;152;152m_[38;2;0;0;225m~[38;2;0;0;226m~[38;2;0;0;225m=[38;2;0;0;219m@[38;2;0;0;217my[38;2;0;0;226m_           [39m
 [38;2;0;0;0m        [38;2;0;0;226m_[38;2;0;0;227mg[38;2;0;0;216mF[38;2;0;0;205m~[38;2;134;134;134my[38;2;188;188;188mg[38;2;219;219;219m$[38;2;250;250;250m@[38;2;251;251;251m@[38;2;252;252;252m@@@@[38;2;251;251;251m@@[38;2;226;226;226m$[38;2;189;189;189mg[38;2;234;234;234m_[38;2;0;0;202m~[38;2;0;0;211m?[38;2;0;0;220m@[38;2;0;0;226m_         [39m
 [38;2;0;0;0m       [38;2;0;0;221mg[38;2;0;0;227mF [38;2;183;183;183my[38;2;219;219;219m@[38;2;251;251;251m@[38;2;252;252;252m@@@@@@@@@@@@[38;2;251;251;251m@[38;2;230;230;230m@[38;2;175;175;175my [38;2;0;0;200mN[38;2;0;0;222mg        [39m
 [38;2;0;0;0m      [38;2;0;0;228mg[38;2;0;0;212mF [38;2;220;220;220mg[38;2;251;251;251m@[38;2;252;252;252m@@@@@@@@@@@@@@@@[38;2;251;251;251m@[38;2;201;201;201m$ [38;2;0;0;219m~[38;2;0;0;226m$       [39m
 [38;2;0;0;0m     [38;2;0;0;211mj[38;2;0;0;228mF [38;2;205;205;205mg[38;2;251;251;251m@@[38;2;218;218;218mF[38;2;152;152;152mM[38;2;187;187;187m@[38;2;249;249;249m@[38;2;251;251;251m@[38;2;252;252;252m@@@@[38;2;229;229;229m@[38;2;173;173;173mF[38;2;174;174;174mP[38;2;225;225;225m@[38;2;251;251;251m@[38;2;252;252;252m@@@[38;2;251;251;251m@[38;2;183;183;183m@ [38;2;0;0;220m?l      [39m
 [38;2;0;0;0m     [38;2;0;0;219m@  [38;2;245;245;245m@[38;2;252;252;252m@[38;2;251;251;251m@[38;2;232;232;232mg[38;2;177;177;177my[38;2;135;135;135m_[38;2;80;80;80m`[38;2;215;215;215m~[38;2;168;168;168mP[38;2;242;242;242m@[38;2;252;252;252m@@[38;2;244;244;244m@[38;2;190;190;190mg[38;2;246;246;246m_ [38;2;105;105;105m~[38;2;245;245;245m~[38;2;172;172;172m@[38;2;251;251;251m@[38;2;252;252;252m@[38;2;250;250;250m@  [38;2;0;0;226m$      [39m
 [38;2;0;0;0m     [38;2;0;0;226m@  [38;2;249;249;249m@[38;2;252;252;252m@[38;2;251;251;251m@[38;2;212;212;212m@[38;2;201;201;201mF[38;2;191;191;191m~ [38;2;188;188;188m_[38;2;194;194;194my[38;2;223;223;223m@[38;2;252;252;252m@@[38;2;249;249;249m@[38;2;174;174;174m@[38;2;251;251;251m~[38;2;139;139;139m` [38;2;141;141;141my[38;2;196;196;196mg[38;2;251;251;251m@[38;2;252;252;252m@[38;2;251;251;251m@  [38;2;0;0;226m@      [39m
 [38;2;0;0;0m     [38;2;0;0;226m@  [38;2;249;249;249m@[38;2;252;252;252m@[38;2;251;251;251m@[38;2;192;192;192my[38;2;171;171;171my[38;2;218;218;218mg[38;2;230;230;230m@[38;2;251;251;251m@[38;2;252;252;252m@@@@[38;2;219;219;219m@[38;2;161;161;161my[38;2;197;197;197my[38;2;244;244;244mg[38;2;247;247;247m@[38;2;251;251;251m@[38;2;252;252;252m@@@[38;2;251;251;251m@  [38;2;0;0;226m@      [39m
 [38;2;0;0;0m     [38;2;0;0;226m@  [38;2;249;249;249m@[38;2;252;252;252m@@@@@@@@@@@@@@@@@@@@[38;2;251;251;251m@  [38;2;0;0;226m@      [39m
 [38;2;0;0;0m     [38;2;0;0;226m@  [38;2;249;249;249m@[38;2;252;252;252m@@@@@@@@@@@@@@@@@@@@[38;2;251;251;251m@  [38;2;0;0;226m@      [39m
 [38;2;0;0;0m     [38;2;0;0;226m@  [38;2;249;249;249m@[38;2;252;252;252m@@@@@@@@@@@@@@@@@@@@[38;2;251;251;251m@  [38;2;0;0;227m@      [39m
 [38;2;0;0;0m     [38;2;0;0;226m@  [38;2;249;249;249m@[38;2;252;252;252m@@@@@@@@@@@@@@@@@@@@[38;2;251;251;251m@  [38;2;0;0;227m@      [39m
 [38;2;0;0;0m     [38;2;0;0;222m@  [38;2;242;242;242m@[38;2;252;252;252m@@@@@@@@@@@@@@@@@@@@[38;2;247;247;247m@  [38;2;0;0;224m@      [39m
 [38;2;0;0;0m     [38;2;1;2;191m7[38;2;0;0;225m@[38;2;0;0;215m_[38;2;121;121;121m~[38;2;187;187;187mR[38;2;243;243;243m@[38;2;250;250;250m@[38;2;246;246;246m@[38;2;186;186;186m@[38;2;165;165;165mF[38;2;252;252;252m~[38;2;169;169;169m5[38;2;228;228;228m@[38;2;249;249;249m@@[38;2;221;221;221m@[38;2;209;209;209mF[38;2;252;252;252m~[38;2;176;176;176mT[38;2;188;188;188m@[38;2;247;247;247m@[38;2;250;250;250m@[38;2;242;242;242m@[38;2;167;167;167m@[38;2;155;155;155m~[38;2;0;0;214m_[38;2;0;0;230mg[38;2;0;1;205mF      [39m
 [38;2;0;0;0m      [38;2;1;0;210m~[38;2;0;0;228m4[38;2;0;0;227mg[38;2;0;0;213my[38;2;0;0;226m_[38;2;0;0;227m_[38;2;0;0;226m_[38;2;0;0;207my[38;2;0;0;226mg[38;2;0;0;224m@[38;2;0;0;214mg[38;2;0;0;226m____[38;2;0;0;222ma[38;2;0;0;223m@[38;2;0;0;225mg[38;2;0;0;227m_[38;2;0;0;226m___[38;2;0;0;215my[38;2;0;0;228mg[38;2;0;1;214m@[38;2;0;0;213m~       [39m
 [38;2;0;0;0m        [38;2;1;0;217m`[38;2;0;0;227m~[38;2;0;0;226m~[38;2;0;0;227m~[38;2;0;0;226m~[38;2;0;0;227m~[38;2;0;0;221m` [38;2;0;0;226m~[38;2;0;0;225m~[38;2;0;0;227m~~[38;2;0;0;225m~[38;2;0;0;221m~ [38;2;1;1;201m~[38;2;0;0;226m~~[38;2;0;0;227m~[38;2;0;0;226m~[38;2;0;0;229m~[38;2;1;1;214m`         [39m
 [38;2;0;0;0m                                       [39m
 [38;2;0;0;0m                                       [39m
[?25h