[?25l[39m [38;2;0;0;0m                 [38;2;1;0;201m_[38;2;0;0;223m_[38;2;0;0;222m_[38;2;1;1;201m_                  [39m
 [38;2;0;0;0m           [38;2;2;1;194m_[38;2;0;0;225m_[38;2;0;0;222ma[38;2;0;0;226mg@[38;2;0;0;227m@[38;2;0;0;228m@[38;2;0;0;223m@[38;2;0;0;224m@[38;2;0;0;228m@@[38;2;0;0;226m@g[38;2;0;0;220mg[38;2;0;0;225m_[38;2;2;1;191m_            [39m
 [38;2;0;0;0m         [38;2;0;0;231m_[38;2;0;0;227mg@[38;2;0;0;224mP[38;2;0;0;225m~[38;2;0;0;221m~[38;2;218;218;218m_[38;2;161;161;161my[38;2;184;184;184my[38;2;195;195;195myy[38;2;184;184;184my[38;2;157;157;157my[38;2;219;219;219m_[38;2;0;0;220m~[38;2;0;0;227m~[38;2;0;0;224m4[38;2;0;0;227m@g[38;2;0;0;231m_          [39m
 [38;2;0;0;0m       [38;2;1;0;210m_[38;2;0;0;226mg[38;2;0;0;216m@[38;2;0;0;228m~[38;2;119;119;119m_[38;2;202;202;202my[38;2;248;248;248mg[38;2;250;250;250m@[38;2;251;251;251m@[38;2;252;252;252m@@@@@@[38;2;251;251;251m@@[38;2;209;209;209m@[38;2;200;200;200my[38;2;119;119;119m_[38;2;0;0;224m~[38;2;0;0;222mR[38;2;0;0;224m$[38;2;1;0;208m_        [39m
 [38;2;0;0;0m      [38;2;0;0;219m_[38;2;0;0;229m@[38;2;0;0;228m~ [38;2;198;198;198mg[38;2;249;249;249m@[38;2;252;252;252m@@@@@@@@@@@@@@[38;2;250;250;250m@[38;2;198;198;198mg[38;2;67;67;67m,[38;2;0;0;225m~[38;2;0;0;228m@[38;2;0;0;219m_       [39m
 [38;2;0;0;0m      [38;2;0;0;231m@[38;2;1;0;196m~[38;2;90;90;91m_[38;2;214;214;214m@[38;2;252;252;252m@@@@@@@@@@@@@@@@@@[38;2;231;231;231m@[38;2;91;91;92m_[38;2;1;0;197m"[38;2;0;0;230m@[38;2;0;0;229m,      [39m
 [38;2;0;0;0m     [38;2;0;0;214mg[38;2;0;0;218mF [38;2;199;199;199m$[38;2;252;252;252m@[38;2;251;251;251m@[38;2;235;235;235m~[38;2;218;218;218m~[38;2;173;173;173mF[38;2;207;207;207m@[38;2;251;251;251m@[38;2;252;252;252m@@@@@@@@@@@@@[38;2;214;214;214m@ [38;2;0;0;204m?[38;2;0;0;217m$      [39m
 [38;2;0;0;0m     [38;2;0;0;225m@  [38;2;249;249;249m@[38;2;252;252;252m@@[38;2;234;234;234m@[38;2;210;210;210mg[38;2;145;145;145my [38;2;104;104;104m`[38;2;237;237;237m~[38;2;213;213;213m@[38;2;252;252;252m@[38;2;226;226;226m@[38;2;251;251;251m~~~~~~~[38;2;224;224;224m@[38;2;252;252;252m@[38;2;251;251;251m@  [38;2;0;0;225m@      [39m
 [38;2;0;0;0m     [38;2;0;0;226m@  [38;2;249;249;249m@[38;2;252;252;252m@@[38;2;227;227;227mF[38;2;230;230;230m~[38;2;78;78;78m`[38;2;137;137;137m_[38;2;177;177;177my[38;2;229;229;229mg[38;2;247;247;247m@[38;2;252;252;252m@[38;2;250;250;250m@[38;2;240;240;240mg[38;2;236;236;236mggggg[38;2;241;241;241mg[38;2;248;248;248m@[38;2;252;252;252m@[38;2;251;251;251m@  [38;2;0;0;226m@      [39m
 [38;2;0;0;0m     [38;2;0;0;226m@  [38;2;249;249;249m@[38;2;252;252;252m@[38;2;251;251;251m@[38;2;215;215;215mg[38;2;201;201;201ma[38;2;225;225;225m$[38;2;251;251;251m@[38;2;252;252;252m@@@@@@@@@@@@@@[38;2;251;251;251m@  [38;2;0;0;226m@      [39m
 [38;2;0;0;0m     [38;2;0;0;226m@  [38;2;249;249;249m@[38;2;252;252;252m@@@@@@@@@@@@@@@@@@@@[38;2;251;251;251m@  [38;2;0;0;226m@      [39m
 [38;2;0;0;0m     [38;2;0;0;226m@  [38;2;249;249;249m@[38;2;252;252;252m@@@@@@@@@@@@@@@@@@@@[38;2;251;251;251m@  [38;2;0;0;227m@      [39m
 [38;2;0;0;0m     [38;2;0;0;226m@  [38;2;249;249;249m@[38;2;252;252;252m@@@@@@@@@@@@@@@@@@@@[38;2;251;251;251m@  [38;2;0;0;227m@      [39m
 [38;2;0;0;0m     [38;2;0;0;221m@  [38;2;246;246;246m@[38;2;252;252;252m@@@@@@@@@@@@@@@@@@@@[38;2;249;249;249m@  [38;2;0;0;223m@      [39m
 [38;2;0;0;0m     [38;2;1;0;213m`[38;2;0;0;225m$[38;2;0;0;208m,[38;2;174;174;174m~[38;2;196;196;196m@[38;2;251;251;251m@@@[38;2;229;229;229m@[38;2;214;214;214mF[38;2;181;181;181mF[38;2;195;195;195mA[38;2;246;246;246m@[38;2;251;251;251m@@[38;2;247;247;247m@[38;2;228;228;228mP[38;2;186;186;186mF[38;2;194;194;194mF[38;2;225;225;225m@[38;2;251;251;251m@@@[38;2;210;210;210m@[38;2;197;197;197m~ [38;2;0;0;231ma[38;2;0;0;232m'      [39m
 [38;2;0;0;0m      [38;2;0;0;217m`[38;2;0;0;224m4[38;2;0;0;222mg[38;2;0;0;225m_[38;2;0;0;227m_[38;2;179;179;179m`[38;2;0;0;229m_[38;2;0;0;226m_[38;2;0;0;219ma[38;2;0;0;228ma[38;2;0;0;208my[38;2;0;0;227m_[38;2;161;161;161m``[38;2;0;0;227m_[38;2;0;0;208my[38;2;0;0;227ma[38;2;0;0;216mg[38;2;0;0;226m_[38;2;103;103;103m`[38;2;179;179;179m`[38;2;0;0;228m_[38;2;0;0;225m_[38;2;0;0;223mg[38;2;0;0;226mP[38;2;1;1;203m~       [39m
 [38;2;0;0;0m         [38;2;0;0;227m~[38;2;0;0;225m~~~[38;2;0;0;230m~[38;2;0;2;204m` [38;2;1;1;205m~[38;2;0;0;227m~[38;2;0;0;225m~~[38;2;0;0;227m~[38;2;1;1;208m~ [38;2;2;0;206m`[38;2;0;0;228m~[38;2;0;0;225m~~~[38;2;0;0;226m~[38;2;1;3;194m`         [39m
 [38;2;0;0;0m                                       [39m
 [38;2;0;0;0m                                       [39m
[?25h