[?25l[39m [38;2;0;0;0m               [38;2;0;0;227m_[38;2;0;0;226m_[38;2;0;0;225m_[38;2;0;0;226m__[38;2;0;0;225m_[38;2;0;0;227m_[38;2;0;0;228m_                [39m
 [38;2;0;0;0m           [38;2;0;0;228m_[38;2;0;0;221ma[38;2;0;0;218m@[38;2;0;0;227m@[38;2;0;0;218m@[38;2;0;0;220mP[38;2;0;0;226m=[38;2;0;0;218m==[38;2;0;0;226m=[38;2;0;0;229m=[38;2;0;0;218m@[38;2;0;0;227m@[38;2;0;0;221m@[38;2;0;0;218mg[38;2;0;0;228m_            [39m
 [38;2;0;0;0m         [38;2;0;0;215ma[38;2;0;0;227m@P[38;2;0;0;226m~[38;2;0;0;232m`[38;2;247;247;247m_[38;2;192;192;192my[38;2;201;201;201ma[38;2;240;240;240mg[38;2;252;252;252mgg[38;2;241;241;241mg[38;2;193;193;193mg[38;2;192;192;192my[38;2;247;247;247m_[38;2;0;0;232m`[38;2;0;0;226m~[38;2;0;0;228m4[38;2;0;0;227m@[38;2;0;0;218my[38;2;0;1;212m,         [39m
 [38;2;0;0;0m       [38;2;0;0;230m_[38;2;0;0;227m@[38;2;0;0;220mF[38;2;1;0;199m`[38;2;169;169;169my[38;2;240;240;240mg[38;2;250;250;250m@[38;2;251;251;251m@[38;2;252;252;252m@@@@@@@@@[38;2;251;251;251m@[38;2;240;240;240mg[38;2;161;161;161my[38;2;0;1;200m`[38;2;0;0;215m?[38;2;0;0;228m@[38;2;0;0;230m_        [39m
 [38;2;0;0;0m      [38;2;0;0;228mj[38;2;0;0;223m@[38;2;1;1;211m'[38;2;110;110;110my[38;2;204;204;204m@[38;2;251;251;251m@[38;2;252;252;252m@@@@@@@@@@@@@@[38;2;251;251;251m@[38;2;222;222;222m@[38;2;171;171;171m_[38;2;0;1;204m`[38;2;0;0;218m@[38;2;0;0;227mL       [39m
 [38;2;0;0;0m     [38;2;1;1;191mj[38;2;0;0;229m@ [38;2;129;129;129my[38;2;245;245;245m@[38;2;252;252;252m@[38;2;251;251;251m@@@[38;2;252;252;252m@@@@@@@@@@@@@@[38;2;250;250;250m@[38;2;112;112;113my [38;2;0;0;224m@[38;2;0;0;208mi      [39m
 [38;2;0;0;0m     [38;2;0;0;219mg[38;2;0;0;202mF [38;2;227;227;227m$[38;2;252;252;252m@[38;2;251;251;251m@[38;2;166;166;166m_ [38;2;203;203;203m~[38;2;179;179;179mF[38;2;212;212;212m@[38;2;251;251;251m@[38;2;252;252;252m@@@[38;2;251;251;251m@@@@@@@[38;2;252;252;252m@@[38;2;234;234;234m@ [38;2;0;0;182m?[38;2;0;0;221m$      [39m
 [38;2;0;0;0m     [38;2;0;0;225m@  [38;2;250;250;250m@[38;2;252;252;252m@@[38;2;251;251;251m@[38;2;227;227;227m@[38;2;153;153;153mm  [38;2;129;129;129m`[38;2;202;202;202m$[38;2;251;251;251m@[38;2;211;211;211m@[38;2;103;103;103m~[38;2;134;134;134m`````[38;2;182;182;182m`[38;2;216;216;216m$[38;2;252;252;252m@[38;2;251;251;251m@  [38;2;0;0;226m@      [39m
 [38;2;0;0;0m     [38;2;0;0;225m@  [38;2;249;249;249m@[38;2;252;252;252m@[38;2;251;251;251m@[38;2;236;236;236m~[38;2;99;99;99m`[38;2;118;118;118m_[38;2;172;172;172my[38;2;224;224;224mg[38;2;234;234;234m@[38;2;251;251;251m@[38;2;252;252;252m@[38;2;251;251;251m@[38;2;245;245;245m@[38;2;240;240;240m@@@@@[38;2;244;244;244m@[38;2;252;252;252m@@[38;2;251;251;251m@  [38;2;0;0;227m@      [39m
 [38;2;0;0;0m     [38;2;0;0;225m@  [38;2;249;249;249m@[38;2;252;252;252m@@[38;2;236;236;236m@[38;2;229;229;229m$[38;2;251;251;251m@[38;2;252;252;252m@@@@@@@@@@@@@@@[38;2;251;251;251m@  [38;2;0;0;227m@      [39m
 [38;2;0;0;0m     [38;2;0;0;225m@  [38;2;249;249;249m@[38;2;252;252;252m@@@@@@@@@@@@@@@@@@@@[38;2;251;251;251m@  [38;2;0;0;227m@      [39m
 [38;2;0;0;0m     [38;2;0;0;225m@  [38;2;249;249;249m@[38;2;252;252;252m@@@@@@@@@@@@@@@@@@@@[38;2;251;251;251m@  [38;2;0;0;226m@      [39m
 [38;2;0;0;0m     [38;2;0;0;225m@  [38;2;249;249;249m@[38;2;252;252;252m@@@@@@@@@@@@@@@@@@@@[38;2;251;251;251m@  [38;2;0;0;227m@      [39m
 [38;2;0;0;0m     [38;2;0;0;218m@  [38;2;241;241;241m@[38;2;252;252;252m@@@@@@@@@@@@@@@@@@@@[38;2;247;247;247m@  [38;2;0;0;221m@      [39m
 [38;2;0;0;0m     [38;2;1;1;208m`[38;2;0;0;225m@[38;2;0;0;215m_[38;2;118;118;118m~[38;2;193;193;193mA[38;2;242;242;242m@[38;2;250;250;250m@[38;2;247;247;247m@[38;2;192;192;192m@[38;2;174;174;174mF[38;2;252;252;252m~[38;2;183;183;183mF[38;2;223;223;223m@[38;2;249;249;249m@@[38;2;225;225;225m@[38;2;214;214;214mF[38;2;252;252;252m~[38;2;174;174;174mT[38;2;181;181;181m@[38;2;247;247;247m@[38;2;250;250;250m@[38;2;244;244;244m@[38;2;173;173;173m@[38;2;156;156;156m~[38;2;0;0;212m_[38;2;0;0;232ma'      [39m
 [38;2;0;0;0m      [38;2;1;1;205m`[38;2;0;0;215m?[38;2;0;0;227ma[38;2;0;0;213my[38;2;0;0;226m_[38;2;0;0;227m_[38;2;0;0;226m_[38;2;0;0;224m_[38;2;0;0;227ma[38;2;0;0;220m@[38;2;0;0;218mg[38;2;0;0;225m_[38;2;0;0;226m__[38;2;0;0;225m_[38;2;0;0;220ma[38;2;0;0;217m@[38;2;0;0;226ma[38;2;0;0;204my[38;2;0;0;226m_[38;2;0;0;227m_[38;2;0;0;226m_[38;2;0;0;212my[38;2;0;0;226ma[38;2;0;0;216mF[38;2;0;0;220m'       [39m
 [38;2;0;0;0m         [38;2;0;0;229m`~[38;2;0;0;231m~~[38;2;1;1;200m~  [38;2;0;3;196m`[38;2;0;0;221m~[38;2;0;0;231m~~[38;2;0;0;221m~[38;2;0;2;197m`  [38;2;0;0;234m`[38;2;0;0;230m~~~[38;2;0;0;231m`          [39m
 [38;2;0;0;0m                                       [39m
 [38;2;0;0;0m                                       [39m
[?25h