[?25l[39m [38;2;0;0;0m               [38;2;0;0;230m_[38;2;0;0;225m_[38;2;0;0;226m_[38;2;1;1;212my[38;2;0;0;217my[38;2;0;0;216my[38;2;1;1;209my[38;2;0;0;225m__[38;2;0;0;228m_              [39m
 [38;2;0;0;0m            [38;2;0;0;226m_gP~[38;2;0;0;228m~[38;2;0;0;213m~[38;2;206;206;206m_[38;2;236;236;236m_[38;2;238;238;238m_[38;2;234;234;234m_[38;2;172;172;172m_[38;2;0;0;227m~[38;2;0;0;225m~[38;2;0;0;220m=[38;2;0;0;219ma[38;2;0;0;217my[38;2;0;0;229m_          [39m
 [38;2;0;0;0m          [38;2;1;0;204my[38;2;0;0;222m@[38;2;0;0;229m~ [38;2;170;170;170my[38;2;229;229;229mg[38;2;230;230;230m@[38;2;251;251;251m@@[38;2;252;252;252m@@@[38;2;251;251;251m@@[38;2;232;232;232m@[38;2;235;235;235mg[38;2;186;186;186my[38;2;157;157;157m_[38;2;0;0;225m~[38;2;0;0;226m4[38;2;0;0;214my[38;2;2;1;203m,       [39m
 [38;2;0;0;0m         [38;2;0;0;226mg[38;2;0;0;225mF [38;2;191;191;191my[38;2;235;235;235m@[38;2;251;251;251m@[38;2;252;252;252m@@@@@@@@@@@@[38;2;251;251;251m@[38;2;205;205;205m@[38;2;143;143;144my[38;2;0;0;219m`[38;2;0;0;226m4[38;2;1;1;210my      [39m
 [38;2;0;0;0m        [38;2;0;0;218mg[38;2;0;0;221mF [38;2;208;208;208mg[38;2;251;251;251m@[38;2;252;252;252m@@@@@@@@@@@@@@@@[38;2;251;251;251m@[38;2;202;202;202m$[38;2;71;71;71m,[38;2;0;0;222m~[38;2;0;0;224m$     [39m
 [38;2;0;0;0m        [38;2;0;0;225m@ [38;2;148;148;148mg[38;2;251;251;251m@[38;2;252;252;252m@@@@@@@@[38;2;235;235;235m@[38;2;183;183;183mF[38;2;180;180;180mP[38;2;227;227;227m@[38;2;251;251;251m@[38;2;252;252;252m@@@@@@[38;2;214;214;214m@ [38;2;0;0;213m~[38;2;1;0;211m$    [39m
 [38;2;0;0;0m       [38;2;1;1;205m4[38;2;1;0;211m[ [38;2;221;221;221m$[38;2;252;252;252m@@@@@@@@@[38;2;247;247;247m@[38;2;192;192;192mg[38;2;247;247;247m_ [38;2;106;106;106m~[38;2;245;245;245m~[38;2;168;168;168m@[38;2;251;251;251m@@[38;2;219;219;219m@[38;2;211;211;211mF[38;2;209;209;209mF  [38;2;0;0;236m$    [39m
 [38;2;0;0;0m       [38;2;1;0;211m4[38;2;0;0;206m[ [38;2;232;232;232m$[38;2;252;252;252m@@@@@@@@@[38;2;251;251;251m@[38;2;187;187;187m@[38;2;175;175;175mF[38;2;127;127;127m~ [38;2;229;229;229m_[38;2;214;214;214my[38;2;248;248;248m@[38;2;251;251;251m@[38;2;200;200;200m$[38;2;193;193;193my[38;2;191;191;191my[38;2;118;118;118m, [38;2;0;0;236m$    [39m
 [38;2;0;0;0m       [38;2;0;0;214m4[38;2;0;0;201m[ [38;2;223;223;223m@[38;2;252;252;252m@@@@@@@@@[38;2;225;225;225m@[38;2;157;157;157my[38;2;191;191;191my[38;2;238;238;238mg[38;2;243;243;243m@[38;2;251;251;251m@[38;2;252;252;252m@@@@@@[38;2;134;134;134mF [38;2;0;0;237m$    [39m
 [38;2;0;0;0m       [38;2;0;0;219mg  [38;2;243;243;243m@[38;2;252;252;252m@@@@@@@@@@@@@@@@@@@@[38;2;251;251;251m@[38;2;97;97;97mL [38;2;0;0;230m@    [39m
 [38;2;0;0;0m       [38;2;0;0;232m@ [38;2;75;75;76mu[38;2;250;250;250m@[38;2;252;252;252m@@@@@@@@@@@@@@@@@@@@[38;2;249;249;249m@  [38;2;0;0;221m$    [39m
 [38;2;0;0;0m       [38;2;0;0;231m@ [38;2;150;150;151md[38;2;251;251;251m@[38;2;252;252;252m@@@@@@@@@@@@@@@@@@@@[38;2;222;222;222m@ [38;2;0;0;215mj[38;2;0;0;214mF    [39m
 [38;2;0;0;0m      [38;2;0;0;216mj[38;2;0;0;212m[ [38;2;216;216;216m$[38;2;252;252;252m@@@@@@@@@@@@@@@@@@@@[38;2;251;251;251m@[38;2;187;187;187mF [38;2;0;0;229m$[38;2;0;0;201m'    [39m
 [38;2;0;0;0m      [38;2;0;0;228m@ [38;2;68;68;68mu[38;2;249;249;249m@[38;2;252;252;252m@@@@@@@@@@@@@@@@@@@@[38;2;249;249;249m@[38;2;73;73;74m~ [38;2;0;0;221m@     [39m
 [38;2;0;0;0m      [38;2;0;0;235m@ [38;2;80;80;80m"[38;2;245;245;245m@[38;2;252;252;252m@@@@@[38;2;251;251;251m@@[38;2;252;252;252m@@@@@[38;2;251;251;251m@@@[38;2;252;252;252m@@@@[38;2;249;249;249m@[38;2;196;196;196mF [38;2;0;0;227mg[38;2;1;1;204mF     [39m
 [38;2;0;0;0m      [38;2;0;0;210m@[38;2;0;0;222m$[38;2;0;0;227m_[38;2;132;132;132m`[38;2;240;240;240m~[38;2;194;194;194mF[38;2;195;195;195mP[38;2;191;191;191mF[38;2;222;222;222m~[38;2;0;0;226m_[38;2;0;0;217m_[38;2;180;180;180m~[38;2;176;176;176mF[38;2;195;195;195mP[38;2;204;204;204mF[38;2;249;249;249m~[38;2;104;104;104m~[38;2;0;0;229m_[38;2;182;182;182m`[38;2;246;246;246m~[38;2;185;185;185mP[38;2;205;205;205mF[38;2;160;160;160mF[38;2;157;157;157m`[38;2;0;0;226m_[38;2;0;0;220m@[38;2;0;0;219mF      [39m
 [38;2;0;0;0m       [38;2;0;0;230m~[38;2;0;0;218mR[38;2;0;0;227m@[38;2;0;0;221m@[38;2;0;0;227mgg[38;2;0;0;226mg[38;2;0;0;227m@[38;2;0;0;212m@[38;2;0;0;226m@[38;2;0;0;225m@[38;2;0;0;226mg[38;2;0;0;227mg[38;2;0;0;226mg[38;2;0;0;223m@@[38;2;0;0;215m@[38;2;0;0;226m@g[38;2;0;0;227mg[38;2;0;0;226mg[38;2;0;0;222m@[38;2;0;0;226m@[38;2;1;0;209mP[38;2;0;0;229m'       [39m
 [38;2;0;0;0m          [38;2;0;0;227m`[38;2;0;0;223m~[38;2;0;0;224m~[38;2;2;1;198m~   [38;2;0;0;220m`[38;2;0;1;217m~[38;2;0;0;224m~[38;2;0;1;218m~[38;2;1;0;212m`   [38;2;1;1;204m~[38;2;0;0;223m~[38;2;0;1;218m~[38;2;0;0;219m`          [39m
 [38;2;0;0;0m                                       [39m
[?25h