[?25l[39m [38;2;0;0;0m                                       [39m
 [38;2;0;0;0m              [38;2;0;0;228m_[38;2;0;0;226m_[38;2;0;0;225m_[38;2;1;0;210my[38;2;0;0;217my[38;2;0;0;218my[38;2;1;1;210my[38;2;0;0;225m_[38;2;0;0;226m_[38;2;0;0;227m_               [39m
 [38;2;0;0;0m          [38;2;1;0;206m_[38;2;1;1;206my[38;2;0;0;226ma[38;2;0;0;220mP[38;2;0;0;225m~[38;2;0;0;230m~[38;2;122;122;122m_[38;2;202;202;202m_[38;2;248;248;248m__[38;2;202;202;202m_[38;2;122;122;122m_[38;2;0;0;229m~[38;2;0;0;226m~[38;2;0;0;220m4[38;2;0;0;227ma[38;2;1;1;206my[38;2;1;1;208m_           [39m
 [38;2;0;0;0m        [38;2;0;0;216m_[38;2;0;0;228ma[38;2;0;0;220mF[38;2;0;0;214m~[38;2;223;223;223m_[38;2;187;187;187mg[38;2;250;250;250mg[38;2;245;245;245m@[38;2;252;252;252m@[38;2;251;251;251m@[38;2;252;252;252m@@[38;2;251;251;251m@[38;2;252;252;252m@[38;2;247;247;247m@[38;2;210;210;210m@[38;2;187;187;187mg[38;2;223;223;223m_[38;2;0;0;210m~[38;2;0;0;215m?[38;2;0;0;224mg[38;2;0;0;219m_         [39m
 [38;2;0;0;0m       [38;2;0;0;214mg[38;2;0;0;224mP[38;2;0;0;191m'[38;2;168;168;168my[38;2;222;222;222m$[38;2;251;251;251m@[38;2;252;252;252m@@@@@@@@@@@@[38;2;251;251;251m@[38;2;224;224;224m@[38;2;158;158;159my [38;2;0;0;219m4[38;2;1;0;215mg        [39m
 [38;2;0;0;0m      [38;2;0;0;224mg[38;2;0;0;216mF [38;2;218;218;218mg[38;2;251;251;251m@[38;2;252;252;252m@@@@@@@@@@@@@@@@[38;2;251;251;251m@[38;2;194;194;194m$ [38;2;0;0;222m~[38;2;0;0;221m$       [39m
 [38;2;0;0;0m     [38;2;1;0;206mj[38;2;0;0;229mF [38;2;201;201;201mg[38;2;251;251;251m@@[38;2;222;222;222mF[38;2;160;160;160mM[38;2;193;193;193m@[38;2;251;251;251m@[38;2;252;252;252m@@@@@@@@@@@@@[38;2;251;251;251m@[38;2;178;178;178m@ [38;2;0;0;222m?[38;2;0;0;219mi      [39m
 [38;2;0;0;0m     [38;2;0;0;218m@[38;2;0;0;177m[ [38;2;244;244;244m@[38;2;252;252;252m@[38;2;251;251;251m@[38;2;224;224;224mg[38;2;172;172;172my[38;2;134;134;134m_ [38;2;224;224;224m~[38;2;169;169;169m5[38;2;244;244;244m@[38;2;252;252;252m@[38;2;245;245;245m@[38;2;206;206;206mPFFFFF[38;2;199;199;199mP[38;2;246;246;246m@[38;2;252;252;252m@[38;2;250;250;250m@  [38;2;0;0;226m$      [39m
 [38;2;0;0;0m     [38;2;0;0;226m@  [38;2;249;249;249m@[38;2;252;252;252m@@[38;2;220;220;220m@[38;2;207;207;207mF[38;2;208;208;208m~ [38;2;175;175;175m_[38;2;187;187;187my[38;2;222;222;222m@[38;2;252;252;252m@[38;2;235;235;235m@[38;2;198;198;198my[38;2;188;188;188myyyyy[38;2;202;202;202my[38;2;231;231;231m@[38;2;252;252;252m@[38;2;251;251;251m@  [38;2;0;0;226m@      [39m
 [38;2;0;0;0m     [38;2;0;0;226m@  [38;2;249;249;249m@[38;2;252;252;252m@[38;2;251;251;251m@[38;2;188;188;188my[38;2;167;167;167my[38;2;210;210;210ma[38;2;223;223;223m@[38;2;251;251;251m@[38;2;252;252;252m@@@@@@@@@@@@@[38;2;251;251;251m@  [38;2;0;0;226m@      [39m
 [38;2;0;0;0m     [38;2;0;0;226m@  [38;2;249;249;249m@[38;2;252;252;252m@@@@@@@@@@@@@@@@@@@@[38;2;251;251;251m@  [38;2;0;0;226m@      [39m
 [38;2;0;0;0m     [38;2;0;0;226m@  [38;2;249;249;249m@[38;2;252;252;252m@@@@@@@@@@@@@@@@@@@@[38;2;251;251;251m@  [38;2;0;0;227m@      [39m
 [38;2;0;0;0m     [38;2;0;0;226m@  [38;2;249;249;249m@[38;2;252;252;252m@@@@@@@@@@@@@@@@@@@@[38;2;251;251;251m@  [38;2;0;0;227m@      [39m
 [38;2;0;0;0m     [38;2;0;0;226m@  [38;2;249;249;249m@[38;2;252;252;252m@@@@@@@@@@@@@@@@@@@@[38;2;251;251;251m@  [38;2;0;0;226m@      [39m
 [38;2;0;0;0m     [38;2;0;0;221m@  [38;2;245;245;245m@[38;2;252;252;252m@@@@@@@@@@@@@@@@@@@@[38;2;249;249;249m@  [38;2;0;0;223m@      [39m
 [38;2;0;0;0m     [38;2;1;1;212m`[38;2;0;0;225m$[38;2;0;0;211m,[38;2;166;166;166m~[38;2;192;192;192m@[38;2;251;251;251m@[38;2;252;252;252m@@[38;2;224;224;224m@[38;2;208;208;208mF[38;2;179;179;179mF[38;2;160;160;160m@[38;2;244;244;244m@[38;2;252;252;252m@@[38;2;244;244;244m@[38;2;171;171;171m@[38;2;183;183;183mF[38;2;167;167;167mP[38;2;219;219;219m@[38;2;252;252;252m@@[38;2;251;251;251m@[38;2;206;206;206m@[38;2;192;192;192m~ [38;2;0;0;230ma[38;2;0;0;231m'      [39m
 [38;2;0;0;0m      [38;2;1;0;217m`[38;2;0;0;222m4[38;2;0;0;225mg[38;2;0;0;226m_[38;2;0;0;225m_[38;2;138;138;138m`[38;2;0;0;225m__[38;2;0;0;223ma[38;2;0;0;227ma[38;2;0;0;209my[38;2;0;0;225m_[38;2;128;128;128m``[38;2;0;0;225m_[38;2;0;0;209my[38;2;0;0;227ma[38;2;0;0;218mg[38;2;0;0;225m_[38;2;0;0;226m_[38;2;138;138;138m`[38;2;0;0;226m__[38;2;0;0;227mg[38;2;0;0;226mP[38;2;2;1;199m~       [39m
 [38;2;0;0;0m         [38;2;0;0;222m~[38;2;0;0;227m~[38;2;0;0;225m~[38;2;0;0;226m~[38;2;0;0;227m~[38;2;3;2;195m` [38;2;2;2;198m~[38;2;0;0;226m~[38;2;0;0;227m~[38;2;0;0;226m~~[38;2;3;2;199m~ [38;2;3;1;196m`[38;2;0;0;223m~[38;2;0;0;227m~[38;2;0;0;226m~~[38;2;0;0;223m~          [39m
 [38;2;0;0;0m                                       [39m
[?25h