[?25l[39m [38;2;0;0;0m                                       [39m
 [38;2;0;0;0m              [38;2;0;0;227m_[38;2;0;0;226m__[38;2;1;1;200my[38;2;1;1;205my[38;2;1;1;203my[38;2;0;0;227m_[38;2;0;0;226m__[38;2;2;2;192m_               [39m
 [38;2;0;0;0m          [38;2;0;0;223m_[38;2;0;0;212my[38;2;0;0;226ma[38;2;0;0;221mP[38;2;0;0;226m~~[38;2;0;0;232m~[38;2;135;135;135m_[38;2;153;153;153m_[38;2;144;144;144m_[38;2;98;98;98m_[38;2;0;0;230m~[38;2;0;0;226m~[38;2;0;0;225m=[38;2;0;0;219m@[38;2;0;0;222mg[38;2;0;0;230m_            [39m
 [38;2;0;0;0m        [38;2;0;0;229m_[38;2;0;0;215m@[38;2;0;0;210mF[38;2;0;0;207m~[38;2;140;140;140my[38;2;190;190;190mg[38;2;249;249;249mg[38;2;239;239;239m@[38;2;252;252;252m@@[38;2;251;251;251m@@[38;2;252;252;252m@[38;2;248;248;248m@[38;2;220;220;220m@[38;2;214;214;214mg[38;2;158;158;158my[38;2;0;0;209m`[38;2;0;0;225m~[38;2;0;0;218m@[38;2;1;0;211my          [39m
 [38;2;0;0;0m       [38;2;0;0;228mg[38;2;0;0;214mF [38;2;203;203;203my[38;2;232;232;232m@[38;2;251;251;251m@[38;2;252;252;252m@@@@@@@@@@@@[38;2;249;249;249m@[38;2;191;191;191mg[38;2;84;84;84m_[38;2;0;0;224m~[38;2;0;0;225m@[38;2;0;0;206m_        [39m
 [38;2;0;0;0m      [38;2;0;0;228m@[38;2;1;1;208m'[38;2;98;98;98my[38;2;218;218;218m@[38;2;251;251;251m@[38;2;252;252;252m@@@@@@@@@@@@@@@@[38;2;242;242;242m@[38;2;116;116;116my [38;2;0;0;220m@[38;2;0;0;234m,       [39m
 [38;2;0;0;0m     [38;2;0;0;222m@[38;2;1;1;203m' [38;2;230;230;230m@[38;2;252;252;252m@[38;2;251;251;251m@[38;2;219;219;219mP[38;2;173;173;173m#[38;2;226;226;226m@[38;2;251;251;251m@[38;2;252;252;252m@@@@@@@@@@@@@[38;2;248;248;248m@[38;2;90;90;90m, [38;2;0;0;233m$       [39m
 [38;2;0;0;0m     [38;2;0;0;230m@ [38;2;150;150;150ma[38;2;251;251;251m@[38;2;252;252;252m@[38;2;251;251;251m@[38;2;193;193;193mg[38;2;242;242;242m_ [38;2;194;194;194m`[38;2;248;248;248m~[38;2;194;194;194mR[38;2;250;250;250m@[38;2;252;252;252m@[38;2;249;249;249m@[38;2;204;204;204mR[38;2;220;220;220mPPPPP[38;2;180;180;180m@[38;2;250;250;250m@[38;2;251;251;251m@[38;2;177;177;177m$ [38;2;0;0;218mB[38;2;1;0;202mi      [39m
 [38;2;0;0;0m    [38;2;3;2;164mJ[38;2;0;0;222m@ [38;2;149;149;149m$[38;2;251;251;251m@[38;2;252;252;252m@[38;2;251;251;251m@[38;2;237;237;237m@[38;2;208;208;208mP[38;2;145;145;145mT [38;2;83;83;83m_[38;2;164;164;164my[38;2;215;215;215m@[38;2;252;252;252m@[38;2;224;224;224m@[38;2;170;170;170my[38;2;159;159;159myyyyy[38;2;178;178;178my[38;2;225;225;225m@[38;2;252;252;252m@[38;2;209;209;209m$ [38;2;0;0;214m4[38;2;1;1;213m[      [39m
 [38;2;0;0;0m    [38;2;3;2;160mJ[38;2;0;0;225m@ [38;2;188;188;188m4[38;2;252;252;252m@@[38;2;251;251;251m@[38;2;152;152;152my[38;2;252;252;252m_[38;2;207;207;207my[38;2;250;250;250mg[38;2;251;251;251m@[38;2;252;252;252m@@@@@@@@@@@@@[38;2;204;204;204m@ [38;2;0;0;212m4[38;2;1;1;215m[      [39m
 [38;2;0;0;0m     [38;2;0;0;228m@ [38;2;177;177;177m4[38;2;251;251;251m@[38;2;252;252;252m@@@@@@@@@@@@@@@@@@@@[38;2;214;214;214m@ [38;2;0;0;206m4[38;2;1;1;218m[      [39m
 [38;2;0;0;0m     [38;2;0;0;233m@ [38;2;162;162;162m4[38;2;251;251;251m@[38;2;252;252;252m@@@@@@@@@@@@@@@@@@@@[38;2;228;228;228m@ [38;2;1;0;200m4[38;2;0;0;223m[      [39m
 [38;2;0;0;0m     [38;2;0;0;236m@ [38;2;142;142;143m4[38;2;251;251;251m@[38;2;252;252;252m@@@@@@@@@@@@@@@@@@@@[38;2;237;237;237m@ [38;2;0;0;191mJ[38;2;1;1;206m$      [39m
 [38;2;0;0;0m     [38;2;0;0;237m@ [38;2;122;122;122m4[38;2;252;252;252m@@@@@@@@@@@@@@@@@@@@@[38;2;240;240;240m@ [38;2;0;0;181mJ[38;2;0;0;213m$      [39m
 [38;2;0;0;0m     [38;2;0;0;228m@[38;2;0;0;207m,[38;2;71;71;71m"[38;2;246;246;246m@[38;2;252;252;252m@@@@@@@@@@@@@@@@@@@@[38;2;232;232;232m@ [38;2;1;0;201mj[38;2;0;0;211m$      [39m
 [38;2;0;0;0m     [38;2;1;0;211m`[38;2;0;0;224m@[38;2;0;0;221m_[38;2;129;129;129m~[38;2;155;155;155mM[38;2;206;206;206m@[38;2;241;241;241m@[38;2;239;239;239m@[38;2;200;200;200m@[38;2;187;187;187mF[38;2;239;239;239m~[38;2;250;250;250m~[38;2;200;200;200mR[38;2;233;233;233m@[38;2;243;243;243m@[38;2;224;224;224m@[38;2;221;221;221mF[38;2;245;245;245m~[38;2;243;243;243m~[38;2;171;171;171mP[38;2;218;218;218m@[38;2;241;241;241m@[38;2;225;225;225m@[38;2;221;221;221mF[38;2;136;136;136m`[38;2;0;0;227m_[38;2;0;0;226m$[38;2;0;0;221m'      [39m
 [38;2;0;0;0m      [38;2;2;2;200m`[38;2;0;0;226m~[38;2;1;0;212m@[38;2;0;0;226mg_[38;2;0;0;227m__[38;2;0;0;202my[38;2;0;0;227mg[38;2;0;0;221mR[38;2;0;0;228ma[38;2;0;0;214my[38;2;0;0;227m___[38;2;0;0;221ma[38;2;0;0;212m@[38;2;0;0;215m@[38;2;0;0;222mg[38;2;0;0;226m_[38;2;0;0;227m_[38;2;0;0;226m_[38;2;0;0;220ma[38;2;0;0;213m@[38;2;0;0;229m~[38;2;2;1;191m'       [39m
 [38;2;0;0;0m          [38;2;3;1;200m~[38;2;1;0;223m~[38;2;0;0;223m~[38;2;2;2;197m~   [38;2;0;0;222m`[38;2;1;0;220m~[38;2;1;0;224m~[38;2;0;0;216m~[38;2;2;1;205m`   [38;2;2;1;206m~[38;2;0;0;223m~[38;2;1;0;215m~[38;2;2;1;209m`          [39m
 [38;2;0;0;0m                                       [39m
[?25h