[?25l[39m [38;2;0;0;0m               [38;2;0;0;231m_[38;2;0;0;224m_[38;2;0;0;225m__[38;2;0;0;226m_[38;2;0;0;225m__[38;2;0;0;232m_                [39m
 [38;2;0;0;0m           [38;2;0;0;226m_[38;2;0;0;223mg[38;2;0;0;219m#[38;2;0;0;218m=[38;2;0;0;226m~[38;2;0;0;229m~[38;2;0;0;224m~[38;2;89;89;89m_[38;2;88;88;88m_[38;2;0;0;224m~[38;2;0;0;228m~[38;2;0;0;226m~[38;2;0;0;219m=[38;2;0;0;211m@[38;2;0;0;222mg[38;2;0;0;226m_            [39m
 [38;2;0;0;0m        [38;2;2;2;188m_[38;2;0;0;218ma[38;2;0;0;229mP~[38;2;134;134;134m_[38;2;181;181;181my[38;2;223;223;223mg[38;2;227;227;227m$[38;2;249;249;249m@[38;2;252;252;252m@[38;2;251;251;251m@@[38;2;252;252;252m@[38;2;250;250;250m@[38;2;231;231;231m$[38;2;224;224;224mg[38;2;179;179;179my[38;2;134;134;134m_[38;2;0;0;226m~[38;2;0;0;230m4[38;2;0;0;215mg[38;2;1;0;219m,         [39m
 [38;2;0;0;0m       [38;2;1;1;205my[38;2;0;0;230mP[38;2;0;0;201m~[38;2;124;124;124my[38;2;236;236;236mg[38;2;250;250;250m@[38;2;252;252;252m@@@@@@@@@@@@[38;2;251;251;251m@[38;2;207;207;207m$[38;2;201;201;201m_[38;2;0;0;219m`[38;2;0;0;230m4[38;2;0;0;232m_        [39m
 [38;2;0;0;0m      [38;2;1;0;212mg[38;2;0;0;228mF [38;2;189;189;189mg[38;2;251;251;251m@[38;2;252;252;252m@@@@@@@@@@@@@@@@[38;2;251;251;251m@[38;2;185;185;185mg [38;2;0;0;219m?[38;2;0;0;212mg       [39m
 [38;2;0;0;0m     [38;2;2;1;193mj[38;2;0;0;214m@ [38;2;178;178;178mg[38;2;251;251;251m@[38;2;252;252;252m@[38;2;196;196;196m@[38;2;197;197;197mR[38;2;242;242;242m@[38;2;251;251;251m@[38;2;252;252;252m@@@@@@@@@@@@@[38;2;251;251;251m@[38;2;171;171;171mg [38;2;0;0;216mR[38;2;1;0;209mi      [39m
 [38;2;0;0;0m     [38;2;0;0;221mg[38;2;1;1;194m' [38;2;240;240;240m@[38;2;252;252;252m@[38;2;251;251;251m@[38;2;205;205;205my[38;2;214;214;214m_ [38;2;162;162;162m~[38;2;181;181;181mT[38;2;188;188;188m@[38;2;252;252;252m@@@[38;2;207;207;207m@[38;2;221;221;221mRRRRR[38;2;208;208;208m@[38;2;251;251;251m@[38;2;252;252;252m@[38;2;247;247;247m@  [38;2;0;0;223m$      [39m
 [38;2;0;0;0m     [38;2;0;0;225m@  [38;2;249;249;249m@[38;2;252;252;252m@@[38;2;247;247;247m@[38;2;178;178;178m@[38;2;142;142;142mF  [38;2;235;235;235m_[38;2;200;200;200m@[38;2;251;251;251m@[38;2;221;221;221m@[38;2;253;253;253m______[38;2;148;148;148my[38;2;213;213;213m@[38;2;252;252;252m@[38;2;251;251;251m@  [38;2;0;0;227m@      [39m
 [38;2;0;0;0m     [38;2;0;0;225m@  [38;2;249;249;249m@[38;2;252;252;252m@[38;2;251;251;251m@[38;2;235;235;235m_[38;2;222;222;222m_[38;2;193;193;193my[38;2;240;240;240mg[38;2;245;245;245m@[38;2;251;251;251m@[38;2;252;252;252m@@@@@@@@@@@@[38;2;251;251;251m@  [38;2;0;0;227m@      [39m
 [38;2;0;0;0m     [38;2;0;0;225m@  [38;2;249;249;249m@[38;2;252;252;252m@@@[38;2;251;251;251m@[38;2;252;252;252m@@@@@@@@@@@@@@@@[38;2;251;251;251m@  [38;2;0;0;227m@      [39m
 [38;2;0;0;0m     [38;2;0;0;225m@  [38;2;249;249;249m@[38;2;252;252;252m@@@@@@@@@@@@@@@@@@@@[38;2;251;251;251m@  [38;2;0;0;227m@      [39m
 [38;2;0;0;0m     [38;2;0;0;225m@  [38;2;249;249;249m@[38;2;252;252;252m@@@@@@@@@@@@@@@@@@@@[38;2;251;251;251m@  [38;2;0;0;227m@      [39m
 [38;2;0;0;0m     [38;2;0;0;225m@  [38;2;249;249;249m@[38;2;252;252;252m@@@@@@@@@@@@@@@@@@@@[38;2;251;251;251m@  [38;2;0;0;227m@      [39m
 [38;2;0;0;0m     [38;2;0;0;225m@  [38;2;249;249;249m@[38;2;252;252;252m@@@@@@@@@@@@@@@@@@@@[38;2;251;251;251m@  [38;2;0;0;226m@      [39m
 [38;2;0;0;0m     [38;2;0;0;219m@[38;2;1;0;219m, [38;2;228;228;228m@[38;2;252;252;252m@@@@@@@@@@@@@@@@@@@@[38;2;240;240;240m@ [38;2;0;0;187mj[38;2;0;0;222m@      [39m
 [38;2;0;0;0m     [38;2;1;1;212m`[38;2;0;0;229m@[38;2;0;0;230m_[38;2;123;123;123m`[38;2;171;171;171mF[38;2;196;196;196m@[38;2;222;222;222m@[38;2;173;173;173m@[38;2;248;248;248m~[38;2;219;219;219m~[38;2;238;238;238m~[38;2;176;176;176mA[38;2;213;213;213m@[38;2;228;228;228m@[38;2;197;197;197m@[38;2;200;200;200mF[38;2;228;228;228m~[38;2;222;222;222m~[38;2;142;142;142m5[38;2;190;190;190m@[38;2;228;228;228m@[38;2;218;218;218m@[38;2;210;210;210mP[38;2;241;241;241m~[38;2;129;129;129m`[38;2;0;0;226m_@[38;2;0;0;233m'      [39m
 [38;2;0;0;0m      [38;2;1;1;213m`[38;2;0;0;216m4[38;2;0;0;227m@g[38;2;0;0;211my[38;2;0;0;200my[38;2;0;0;219ma[38;2;0;0;227mg@[38;2;0;0;220m@[38;2;0;0;222mg[38;2;0;0;204my[38;2;0;0;196my[38;2;0;0;213my[38;2;0;0;227mg[38;2;0;0;226m@[38;2;0;0;227m@g[38;2;0;0;212my[38;2;0;0;196my[38;2;0;0;203my[38;2;0;0;224ma[38;2;0;0;226mg[38;2;0;0;228m@[38;2;0;0;222mP[38;2;0;0;230m'       [39m
 [38;2;0;0;0m         [38;2;1;0;213m~[38;2;0;0;226m~[38;2;0;0;227m~[38;2;0;0;226m~[38;2;0;0;218m` [38;2;3;2;195m`[38;2;0;0;220m~[38;2;0;0;227m~[38;2;0;0;228m~[38;2;0;0;227m~[38;2;2;0;209m~  [38;2;2;1;203m~[38;2;0;0;226m~[38;2;0;0;227m~[38;2;0;0;226m~[38;2;0;0;224m~[38;2;2;2;201m`          [39m
 [38;2;0;0;0m                                       [39m
[?25h