[?25l[39m [38;2;0;0;0m                                       [39m
 [38;2;0;0;0m             [38;2;0;0;227m_[38;2;0;0;226m_[38;2;1;0;217ma[38;2;0;0;226mg[38;2;0;0;227mgggg[38;2;0;0;225mg[38;2;0;0;220my[38;2;0;0;226m_[38;2;0;0;227m_              [39m
 [38;2;0;0;0m          [38;2;0;0;227m_[38;2;0;0;228mg[38;2;0;0;226m@[38;2;0;0;218mP[38;2;0;0;226m~[38;2;0;0;231m~[38;2;129;129;129m_[38;2;210;210;210m_[38;2;250;250;250m_[38;2;247;247;247m_[38;2;196;196;196m_[38;2;114;114;114m_[38;2;0;0;228m~[38;2;0;0;226m~[38;2;0;0;222m4[38;2;0;0;227m@g[38;2;0;0;230m_           [39m
 [38;2;0;0;0m        [38;2;1;0;212my[38;2;0;0;227m@[38;2;0;0;216mF[38;2;0;0;205m~[38;2;137;137;137my[38;2;195;195;195mg[38;2;207;207;207m@[38;2;247;247;247m@[38;2;252;252;252m@[38;2;251;251;251m@[38;2;252;252;252m@@[38;2;251;251;251m@[38;2;252;252;252m@[38;2;246;246;246m@[38;2;204;204;204m@[38;2;212;212;212my[38;2;208;208;208m_[38;2;0;0;215m~[38;2;0;0;217m4[38;2;0;0;226m@[38;2;0;0;231m_         [39m
 [38;2;0;0;0m       [38;2;0;0;220m@[38;2;0;0;225mF [38;2;188;188;188my[38;2;222;222;222m@[38;2;251;251;251m@[38;2;252;252;252m@@@@@@@@@@@@[38;2;251;251;251m@[38;2;213;213;213m@[38;2;138;138;138my[38;2;2;0;198m`[38;2;0;0;226m4[38;2;0;0;221m$[38;2;1;2;188m,       [39m
 [38;2;0;0;0m      [38;2;0;0;228m@[38;2;0;0;216m~ [38;2;231;231;231mg[38;2;251;251;251m@[38;2;252;252;252m@@@@@@@@@@@@@@@@[38;2;251;251;251m@[38;2;165;165;165m@ [38;2;0;0;215m?[38;2;0;0;226m$       [39m
 [38;2;0;0;0m     [38;2;1;0;212mg[38;2;0;0;221mF [38;2;221;221;221mg[38;2;251;251;251m@[38;2;250;250;250m@[38;2;212;212;212mF[38;2;176;176;176mF[38;2;201;201;201m@[38;2;251;251;251m@[38;2;252;252;252m@@@@@@@@@@@@@[38;2;251;251;251m@[38;2;145;145;145m@ [38;2;0;0;219mR[38;2;0;0;220mi      [39m
 [38;2;0;0;0m     [38;2;0;0;231m@  [38;2;250;250;250m@[38;2;252;252;252m@@[38;2;217;217;217mg[38;2;164;164;164my[38;2;117;117;117m_[38;2;79;79;79m`[38;2;233;233;233m~[38;2;182;182;182mP[38;2;247;247;247m@[38;2;252;252;252m@[38;2;242;242;242m@[38;2;201;201;201mP[38;2;206;206;206mFFFFF[38;2;189;189;189mA[38;2;249;249;249m@[38;2;252;252;252m@[38;2;242;242;242m@  [38;2;0;0;218m$      [39m
 [38;2;0;0;0m     [38;2;0;0;233m@ [38;2;86;86;86m4[38;2;250;250;250m@[38;2;252;252;252m@@[38;2;214;214;214m@[38;2;202;202;202mF[38;2;195;195;195m~ [38;2;190;190;190m_[38;2;193;193;193my[38;2;232;232;232m@[38;2;252;252;252m@[38;2;227;227;227m@[38;2;195;195;195my[38;2;188;188;188myyyyy[38;2;206;206;206my[38;2;237;237;237m@[38;2;252;252;252m@[38;2;248;248;248m@  [38;2;0;0;220m$      [39m
 [38;2;0;0;0m     [38;2;0;0;233m@ [38;2;84;84;84m4[38;2;250;250;250m@[38;2;252;252;252m@[38;2;249;249;249m@[38;2;180;180;180my[38;2;170;170;170my[38;2;220;220;220ma[38;2;228;228;228m@[38;2;251;251;251m@[38;2;252;252;252m@@@@@@@@@@@@@[38;2;248;248;248m@  [38;2;0;0;221m$      [39m
 [38;2;0;0;0m     [38;2;0;0;233m@ [38;2;80;80;81m4[38;2;250;250;250m@[38;2;252;252;252m@@@@@@@@@@@@@@@@@@@@[38;2;249;249;249m@  [38;2;0;0;222m$      [39m
 [38;2;0;0;0m     [38;2;0;0;233m@ [38;2;74;74;74m4[38;2;250;250;250m@[38;2;252;252;252m@@@@@@@@@@@@@@@@@@@@[38;2;250;250;250m@  [38;2;0;0;223m$      [39m
 [38;2;0;0;0m     [38;2;0;0;232m@ [38;2;66;66;67m4[38;2;250;250;250m@[38;2;252;252;252m@@@@@@@@@@@@@@@@@@@@[38;2;251;251;251m@  [38;2;0;0;224m$      [39m
 [38;2;0;0;0m     [38;2;0;0;230m@  [38;2;249;249;249m@[38;2;252;252;252m@@@@@@@@@@@@@@@@@@@@[38;2;251;251;251m@  [38;2;0;0;225m$      [39m
 [38;2;0;0;0m     [38;2;1;0;208m4[38;2;0;0;230mL [38;2;194;194;194m4[38;2;251;251;251m@[38;2;252;252;252m@@@[38;2;251;251;251m@[38;2;237;237;237m@[38;2;213;213;213m@[38;2;248;248;248m@[38;2;251;251;251m@[38;2;252;252;252m@@[38;2;251;251;251m@[38;2;248;248;248m@[38;2;212;212;212m@[38;2;234;234;234m@[38;2;251;251;251m@[38;2;252;252;252m@@@[38;2;251;251;251m@[38;2;225;225;225mF [38;2;0;0;220my[38;2;0;0;218mF      [39m
 [38;2;0;0;0m      [38;2;0;0;230m~[38;2;0;0;228ma[38;2;0;0;225m_[38;2;174;174;174m`[38;2;238;238;238m~[38;2;251;251;251m~[38;2;248;248;248m~[38;2;148;148;148m~[38;2;0;0;228m_[38;2;0;0;226m_[38;2;0;0;224m_[38;2;201;201;201m~[38;2;250;250;250m~[38;2;251;251;251m~[38;2;221;221;221m~[38;2;0;0;224m_[38;2;0;0;226m_[38;2;0;0;227m_[38;2;124;124;124m~[38;2;245;245;245m~[38;2;251;251;251m~[38;2;242;242;242m~[38;2;166;166;166m`[38;2;0;0;225m_[38;2;0;0;228ma[38;2;1;0;213mF       [39m
 [38;2;0;0;0m       [38;2;4;3;184m`[38;2;0;0;226m~[38;2;0;0;227m~[38;2;0;0;229m=[38;2;0;0;217mP[38;2;0;0;218mP[38;2;0;0;227m=~~[38;2;0;0;226m~[38;2;0;0;231m=[38;2;0;0;215mP[38;2;0;0;217mP[38;2;0;0;231m=[38;2;0;0;226m~~~[38;2;1;0;221m=[38;2;0;0;216m4[38;2;0;0;217mP[38;2;0;0;229m=[38;2;0;0;226m~[38;2;0;0;227m~         [39m
 [38;2;0;0;0m                                       [39m
 [38;2;0;0;0m                                       [39m
[?25h