[?25l[39m [38;2;0;0;0m               [38;2;1;1;198m_[38;2;0;0;234m_[38;2;0;0;226m_[38;2;0;0;225m_[38;2;0;0;224m_[38;2;0;0;227m_[38;2;0;0;233m_[38;2;2;1;199m_                [39m
 [38;2;0;0;0m           [38;2;0;0;230m_[38;2;1;0;216my[38;2;0;0;227mg@[38;2;0;0;228m@[38;2;0;0;221mR[38;2;0;0;220mP[38;2;0;0;230m==[38;2;0;0;221m4R[38;2;0;0;228m@[38;2;0;0;226m@[38;2;0;0;227mg[38;2;0;0;216my[38;2;0;0;230m_            [39m
 [38;2;0;0;0m         [38;2;1;0;211my[38;2;0;0;223m@[38;2;0;0;217m@[38;2;0;0;226m~~[38;2;201;201;201m_[38;2;172;172;172my[38;2;202;202;202my[38;2;198;198;198ma[38;2;213;213;213mgg[38;2;225;225;225my[38;2;203;203;203my[38;2;169;169;169my[38;2;202;202;202m_[38;2;0;0;223m~[38;2;0;0;226m~[38;2;0;0;216m@[38;2;0;0;225m@[38;2;1;1;212my          [39m
 [38;2;0;0;0m       [38;2;0;0;227m_[38;2;0;0;225m@[38;2;0;0;222mP[38;2;0;0;204m~[38;2;134;134;134my[38;2;221;221;221mg[38;2;239;239;239m@[38;2;251;251;251m@[38;2;252;252;252m@@@@@@@@[38;2;251;251;251m@[38;2;244;244;244m@[38;2;221;221;221mg[38;2;222;222;222m_[38;2;0;0;207m"[38;2;0;0;219m4[38;2;0;0;226m@_        [39m
 [38;2;0;0;0m      [38;2;0;0;224mj[38;2;0;0;227m@[38;2;0;0;207m~[38;2;129;129;129m_[38;2;238;238;238mg[38;2;251;251;251m@[38;2;252;252;252m@@@@@@@@@@@@@@[38;2;251;251;251m@[38;2;213;213;213m$[38;2;129;129;129m_[38;2;0;0;202m~[38;2;0;0;224m@[38;2;0;0;221mL       [39m
 [38;2;0;0;0m     [38;2;2;2;184mj[38;2;0;0;231m@[38;2;0;0;197m'[38;2;102;102;102my[38;2;238;238;238m@[38;2;252;252;252m@[38;2;251;251;251m@@@[38;2;252;252;252m@@@@@@@@@@@@@@[38;2;246;246;246m@[38;2;131;131;131m_ [38;2;0;0;226m@[38;2;1;0;201mi      [39m
 [38;2;0;0;0m     [38;2;0;0;217mg[38;2;0;0;208mF [38;2;218;218;218m$[38;2;252;252;252m@[38;2;251;251;251m@[38;2;146;146;146m_[38;2;84;84;84m`[38;2;214;214;214m~[38;2;167;167;167mP[38;2;218;218;218m@[38;2;251;251;251m@[38;2;252;252;252m@@@[38;2;251;251;251m@@@@@@@[38;2;252;252;252m@@[38;2;229;229;229m@ [38;2;0;1;205m`[38;2;0;0;220m$      [39m
 [38;2;0;0;0m     [38;2;0;0;225m@  [38;2;249;249;249m@[38;2;252;252;252m@@[38;2;251;251;251m@[38;2;222;222;222m@[38;2;148;148;148mm  [38;2;159;159;159m`[38;2;202;202;202m$[38;2;251;251;251m@[38;2;211;211;211m@[38;2;116;116;116m~[38;2;167;167;167m`````[38;2;213;213;213m`[38;2;217;217;217m$[38;2;252;252;252m@[38;2;251;251;251m@  [38;2;0;0;226m@      [39m
 [38;2;0;0;0m     [38;2;0;0;225m@  [38;2;249;249;249m@[38;2;252;252;252m@[38;2;251;251;251m@[38;2;240;240;240m~[38;2;125;125;125m`[38;2;97;97;97m_[38;2;167;167;167my[38;2;219;219;219mg[38;2;230;230;230m@[38;2;251;251;251m@[38;2;252;252;252m@[38;2;251;251;251m@[38;2;242;242;242m@[38;2;238;238;238m@@@@@[38;2;241;241;241m@[38;2;252;252;252m@@[38;2;251;251;251m@  [38;2;0;0;226m@      [39m
 [38;2;0;0;0m     [38;2;0;0;225m@  [38;2;249;249;249m@[38;2;252;252;252m@@[38;2;231;231;231m@[38;2;225;225;225m$[38;2;251;251;251m@[38;2;252;252;252m@@@@@@@@@@@@@@@[38;2;251;251;251m@  [38;2;0;0;226m@      [39m
 [38;2;0;0;0m     [38;2;0;0;225m@  [38;2;249;249;249m@[38;2;252;252;252m@@@@@@@@@@@@@@@@@@@@[38;2;251;251;251m@  [38;2;0;0;226m@      [39m
 [38;2;0;0;0m     [38;2;0;0;225m@  [38;2;249;249;249m@[38;2;252;252;252m@@@@@@@@@@@@@@@@@@@@[38;2;251;251;251m@  [38;2;0;0;226m@      [39m
 [38;2;0;0;0m     [38;2;0;0;225m@  [38;2;249;249;249m@[38;2;252;252;252m@@@@@@@@@@@@@@@@@@@@[38;2;251;251;251m@  [38;2;0;0;226m@      [39m
 [38;2;0;0;0m     [38;2;0;0;219m@  [38;2;243;243;243m@[38;2;252;252;252m@@@@@@@@@@@@@@@@@@@@[38;2;248;248;248m@  [38;2;0;0;222m@      [39m
 [38;2;0;0;0m     [38;2;1;1;210m`[38;2;0;0;224m@[38;2;1;0;205m_[38;2;145;145;145m~[38;2;206;206;206mR[38;2;247;247;247m@[38;2;251;251;251m@[38;2;249;249;249m@[38;2;207;207;207m@[38;2;192;192;192mF[38;2;251;251;251m~[38;2;174;174;174m5[38;2;234;234;234m@[38;2;251;251;251m@@[38;2;236;236;236m@[38;2;222;222;222mF[38;2;251;251;251m~[38;2;151;151;151mM[38;2;196;196;196m@[38;2;249;249;249m@[38;2;251;251;251m@[38;2;247;247;247m@[38;2;186;186;186m@[38;2;169;169;169m~[38;2;0;1;203m_[38;2;0;0;231ma'      [39m
 [38;2;0;0;0m      [38;2;1;1;211m`[38;2;0;0;212m4[38;2;0;0;227ma[38;2;0;0;206my[38;2;0;0;227m_[38;2;0;0;228m_[38;2;0;0;226m_[38;2;0;0;225m_[38;2;0;0;226ma[38;2;0;0;219m@y[38;2;0;0;226m_[38;2;0;0;228m__[38;2;0;0;226m_[38;2;0;0;220my[38;2;0;0;216m@[38;2;0;0;222mg[38;2;0;0;225m_[38;2;0;0;226m_[38;2;0;0;227m_[38;2;0;0;226m_[38;2;0;0;205my[38;2;0;0;227ma[38;2;0;0;219mP[38;2;0;0;227m'       [39m
 [38;2;0;0;0m         [38;2;2;1;205m~[38;2;0;0;229m~[38;2;0;0;227m~[38;2;0;0;230m~[38;2;0;0;218m~  [38;2;0;0;215m`[38;2;0;0;229m~[38;2;0;0;227m~[38;2;0;0;228m~[38;2;0;0;229m~[38;2;0;0;217m`  [38;2;1;0;214m~[38;2;0;0;230m~[38;2;0;0;227m~[38;2;0;0;230m~[38;2;1;1;206m~          [39m
 [38;2;0;0;0m                                       [39m
 [38;2;0;0;0m                                       [39m
[?25h