[?25l[39m [38;2;0;0;0m                                       [39m
 [38;2;0;0;0m              [38;2;1;0;214m_[38;2;0;0;226m__[38;2;0;0;225m_[38;2;1;1;201myy[38;2;0;0;225m_[38;2;0;0;227m__[38;2;0;0;212m_               [39m
 [38;2;0;0;0m           [38;2;0;0;224m_[38;2;0;0;226mg[38;2;0;0;227mP[38;2;0;0;226m~[38;2;0;0;225m~[38;2;0;0;232m~[38;2;126;126;126m_[38;2;155;155;155m__[38;2;125;125;125m_[38;2;0;0;231m~[38;2;0;0;225m~~4[38;2;0;0;226mg[38;2;0;0;224m_[38;2;1;2;192m,           [39m
 [38;2;0;0;0m        [38;2;0;1;206m_[38;2;0;0;225maP~[38;2;175;175;175m_[38;2;196;196;196my[38;2;238;238;238mg[38;2;229;229;229m@[38;2;251;251;251m@[38;2;252;252;252m@[38;2;251;251;251m@@[38;2;252;252;252m@@[38;2;233;233;233m@[38;2;238;238;238mg[38;2;195;195;195my[38;2;175;175;175m_[38;2;0;0;221m~[38;2;0;0;224m4[38;2;0;0;222mg[38;2;0;0;205m_         [39m
 [38;2;0;0;0m       [38;2;0;0;213my[38;2;0;0;229mP[38;2;1;1;210m'[38;2;142;142;142my[38;2;245;245;245mg[38;2;251;251;251m@[38;2;252;252;252m@@@@@@@@@@@@[38;2;251;251;251m@[38;2;217;217;217m$[38;2;127;127;127my[38;2;1;1;207m`[38;2;0;0;229m4[38;2;0;0;215my        [39m
 [38;2;0;0;0m      [38;2;0;0;219mg[38;2;0;0;223mF [38;2;200;200;200mg[38;2;251;251;251m@[38;2;252;252;252m@@@@@@@@@@@@@@@@[38;2;251;251;251m@[38;2;166;166;166m@ [38;2;0;0;227m~[38;2;0;0;215m$       [39m
 [38;2;0;0;0m     [38;2;1;1;201mj[38;2;0;0;231mF [38;2;188;188;188mg[38;2;251;251;251m@@[38;2;222;222;222mP[38;2;184;184;184mM[38;2;221;221;221m@[38;2;251;251;251m@[38;2;252;252;252m@@@@@@@@@@@@@[38;2;251;251;251m@[38;2;166;166;166m$ [38;2;0;0;220m4[38;2;0;0;216mi      [39m
 [38;2;0;0;0m     [38;2;0;0;216m@[38;2;0;0;182m[ [38;2;242;242;242m@[38;2;252;252;252m@@[38;2;198;198;198mg[38;2;137;137;137my [38;2;174;174;174m`[38;2;247;247;247m~[38;2;194;194;194mA[38;2;249;249;249m@[38;2;252;252;252m@[38;2;249;249;249m@[38;2;230;230;230mP[38;2;220;220;220mPPPPP[38;2;176;176;176m@[38;2;250;250;250m@[38;2;252;252;252m@[38;2;248;248;248m@  [38;2;0;0;225m$      [39m
 [38;2;0;0;0m     [38;2;0;0;225m@  [38;2;249;249;249m@[38;2;252;252;252m@[38;2;251;251;251m@[38;2;237;237;237m@[38;2;207;207;207mP[38;2;209;209;209m~ [38;2;85;85;85m_[38;2;163;163;163my[38;2;212;212;212m@[38;2;252;252;252m@[38;2;228;228;228m@[38;2;173;173;173my[38;2;161;161;161myyyyy[38;2;179;179;179my[38;2;222;222;222m@[38;2;252;252;252m@[38;2;251;251;251m@  [38;2;0;0;227m@      [39m
 [38;2;0;0;0m     [38;2;0;0;225m@  [38;2;249;249;249m@[38;2;252;252;252m@[38;2;251;251;251m@[38;2;154;154;154my[38;2;252;252;252m_[38;2;208;208;208my[38;2;251;251;251mg@[38;2;252;252;252m@@@@@@@@@@@@@[38;2;251;251;251m@  [38;2;0;0;227m@      [39m
 [38;2;0;0;0m     [38;2;0;0;225m@  [38;2;249;249;249m@[38;2;252;252;252m@@@@@@@@@@@@@@@@@@@@[38;2;251;251;251m@  [38;2;0;0;227m@      [39m
 [38;2;0;0;0m     [38;2;0;0;225m@  [38;2;249;249;249m@[38;2;252;252;252m@@@@@@@@@@@@@@@@@@@@[38;2;251;251;251m@  [38;2;0;0;226m@      [39m
 [38;2;0;0;0m     [38;2;0;0;225m@  [38;2;249;249;249m@[38;2;252;252;252m@@@@@@@@@@@@@@@@@@@@[38;2;251;251;251m@  [38;2;0;0;227m@      [39m
 [38;2;0;0;0m     [38;2;0;0;225m@  [38;2;249;249;249m@[38;2;252;252;252m@@@@@@@@@@@@@@@@@@@@[38;2;251;251;251m@  [38;2;0;0;226m@      [39m
 [38;2;0;0;0m     [38;2;0;0;216m@[38;2;0;0;214m, [38;2;240;240;240m@[38;2;252;252;252m@@@@@@@@@@@@@@@@@@@@[38;2;246;246;246m@  [38;2;0;0;223m$      [39m
 [38;2;0;0;0m     [38;2;2;1;207m`[38;2;0;0;225m@[38;2;0;0;222m_[38;2;113;113;113m~[38;2;180;180;180mR[38;2;234;234;234m@[38;2;251;251;251m@[38;2;241;241;241m@[38;2;188;188;188m@[38;2;171;171;171mF[38;2;251;251;251m~[38;2;156;156;156m5[38;2;216;216;216m@[38;2;249;249;249m@@[38;2;220;220;220m@[38;2;207;207;207mF[38;2;250;250;250m~[38;2;251;251;251m~[38;2;177;177;177m@[38;2;241;241;241m@[38;2;252;252;252m@[38;2;236;236;236m@[38;2;170;170;170m@[38;2;151;151;151m~[38;2;0;0;219m_[38;2;0;0;223m$[38;2;0;0;229m'      [39m
 [38;2;0;0;0m      [38;2;2;2;202m`[38;2;0;0;226m~[38;2;0;0;216m@y[38;2;0;0;227m_[38;2;0;0;224m_[38;2;0;0;227m_[38;2;0;0;207my[38;2;0;0;226ma[38;2;0;0;221m@[38;2;0;0;223mg[38;2;0;0;225m____[38;2;0;0;224mg[38;2;0;0;220m@[38;2;0;0;227ma[38;2;0;0;206my[38;2;0;0;227m_[38;2;0;0;224m_[38;2;0;0;227m_[38;2;0;0;215my[38;2;0;0;225ma[38;2;0;0;212mF[38;2;1;0;215m'       [39m
 [38;2;0;0;0m         [38;2;1;0;223m`[38;2;0;0;223m~[38;2;0;0;226m~~[38;2;0;0;228m`  [38;2;3;3;186m`[38;2;1;1;214m~[38;2;0;0;226m~~[38;2;1;0;216m~[38;2;3;3;185m`  [38;2;0;0;227m`[38;2;0;0;223m~[38;2;0;0;226m~[38;2;0;0;224m~[38;2;0;0;223m`          [39m
 [38;2;0;0;0m                                       [39m
[?25h