[?25l[39m [38;2;0;0;0m                                       [39m
 [38;2;0;0;0m             [38;2;1;0;211m_[38;2;0;0;226m_[38;2;0;0;225m_[38;2;1;0;214my[38;2;1;0;219mg[38;2;0;0;222mgg[38;2;0;1;215mg[38;2;1;1;208my[38;2;0;0;226m__               [39m
 [38;2;0;0;0m          [38;2;0;0;231m_[38;2;0;0;224ma[38;2;0;0;223mP[38;2;0;0;227m~~[38;2;100;100;100m_[38;2;215;215;215m_[38;2;253;253;253m_[38;2;143;143;143my[38;2;253;253;253m_[38;2;250;250;250m_[38;2;163;163;163m_[38;2;0;0;227m~[38;2;0;0;225m~[38;2;0;0;226m=[38;2;0;0;215m@[38;2;1;0;207my[38;2;1;1;204m_           [39m
 [38;2;0;0;0m        [38;2;0;0;231m_[38;2;0;0;216m@[38;2;0;0;228m~[38;2;79;79;79m_[38;2;179;179;179my[38;2;233;233;233mg@[38;2;252;252;252m@[38;2;251;251;251m@[38;2;252;252;252m@@@@[38;2;251;251;251m@@[38;2;216;216;216m@[38;2;189;189;189mg[38;2;216;216;216m_[38;2;0;0;210m~[38;2;0;0;216m4[38;2;0;0;224mg[38;2;2;0;204m_         [39m
 [38;2;0;0;0m       [38;2;0;0;231ma[38;2;0;0;229m~ [38;2;193;193;193mg[38;2;246;246;246m@[38;2;252;252;252m@@@@@@@@@@@@@[38;2;251;251;251m@[38;2;213;213;213m@[38;2;124;124;124my[38;2;0;2;198m`[38;2;0;0;231m4[38;2;0;0;230m_        [39m
 [38;2;0;0;0m      [38;2;0;0;227m@[38;2;2;1;203m'[38;2;99;99;99my[38;2;226;226;226m@[38;2;252;252;252m@@@@@@@@@@@@@@@@@[38;2;251;251;251m@[38;2;178;178;178mg [38;2;0;0;203m5[38;2;0;0;219mL       [39m
 [38;2;0;0;0m     [38;2;0;0;225mg[38;2;1;1;206m' [38;2;223;223;223m@[38;2;252;252;252m@@[38;2;251;251;251m@[38;2;220;220;220mF[38;2;251;251;251m~[38;2;186;186;186mR[38;2;243;243;243m@[38;2;251;251;251m@[38;2;252;252;252m@@@@@@@@@@@[38;2;251;251;251m@[38;2;168;168;168mL [38;2;0;0;227m$[38;2;0;0;213m,      [39m
 [38;2;0;0;0m     [38;2;0;0;237m@ [38;2;127;127;127m4[38;2;251;251;251m@[38;2;252;252;252m@@[38;2;251;251;251m@[38;2;247;247;247mg[38;2;201;201;201my[38;2;208;208;208m_ [38;2;159;159;159m~[38;2;179;179;179mT[38;2;226;226;226m@[38;2;252;252;252m@[38;2;246;246;246m@[38;2;210;210;210mF[38;2;191;191;191mFFFFF[38;2;162;162;162m5[38;2;233;233;233m@[38;2;223;223;223m@ [38;2;1;0;201m4[38;2;1;0;221m[      [39m
 [38;2;0;0;0m     [38;2;0;0;236m@ [38;2;147;147;147m4[38;2;251;251;251m@[38;2;252;252;252m@@@[38;2;210;210;210m@[38;2;193;193;193mF[38;2;189;189;189m~ [38;2;211;211;211m_[38;2;199;199;199my[38;2;221;221;221m@[38;2;252;252;252m@[38;2;247;247;247m@[38;2;223;223;223my[38;2;209;209;209myyyyy[38;2;219;219;219my[38;2;228;228;228m@[38;2;237;237;237m@ [38;2;0;0;197mJ[38;2;2;1;203m$      [39m
 [38;2;0;0;0m     [38;2;0;0;236m@ [38;2;143;143;143m4[38;2;251;251;251m@[38;2;252;252;252m@@[38;2;251;251;251m@[38;2;213;213;213my[38;2;180;180;180my[38;2;230;230;230ma[38;2;236;236;236m@[38;2;251;251;251m@[38;2;252;252;252m@@@@@@@@@@@@[38;2;237;237;237m@ [38;2;0;0;194mJ[38;2;1;1;205m$      [39m
 [38;2;0;0;0m     [38;2;0;0;237m@ [38;2;137;137;137m4[38;2;251;251;251m@[38;2;252;252;252m@@@@@@@@@@@@@@@@@@@@[38;2;238;238;238m@ [38;2;0;0;191mJ[38;2;1;0;208m$      [39m
 [38;2;0;0;0m     [38;2;0;0;237m@ [38;2;130;130;130m4[38;2;251;251;251m@[38;2;252;252;252m@@@@@@@@@@@@@@@@@@@@[38;2;239;239;239m@ [38;2;0;0;186mJ[38;2;1;0;211m$      [39m
 [38;2;0;0;0m     [38;2;0;0;237m@ [38;2;113;113;113m4[38;2;252;252;252m@@@@@@@@@@@@@@@@@@@@@[38;2;242;242;242m@  [38;2;0;0;216m$      [39m
 [38;2;0;0;0m     [38;2;0;0;235m@ [38;2;93;93;94m4[38;2;251;251;251m@[38;2;252;252;252m@@@@@@@@@@@@@@@@@@@@[38;2;246;246;246m@  [38;2;0;0;220m$      [39m
 [38;2;0;0;0m     [38;2;0;0;230m@[38;2;0;0;195m, [38;2;249;249;249m@[38;2;252;252;252m@@@@@@@@@@@@@@@@@@@@[38;2;246;246;246m@ [38;2;0;0;176mj[38;2;0;0;220m$      [39m
 [38;2;0;0;0m     [38;2;1;0;218m`[38;2;0;0;222m$[38;2;0;0;204m,[38;2;187;187;187m~[38;2;183;183;183mF[38;2;178;178;178m@[38;2;249;249;249m@[38;2;251;251;251m@[38;2;252;252;252m@[38;2;242;242;242m@[38;2;213;213;213mP[38;2;185;185;185mF[38;2;187;187;187mP[38;2;234;234;234m@[38;2;252;252;252m@[38;2;251;251;251m@@[38;2;201;201;201m@[38;2;195;195;195mF[38;2;185;185;185mF[38;2;198;198;198m@[38;2;251;251;251m@@[38;2;208;208;208m@[38;2;182;182;182m~ [38;2;0;0;232ma'      [39m
 [38;2;0;0;0m      [38;2;2;1;198m~[38;2;0;0;228m4[38;2;0;0;226mg[38;2;0;0;228ma[38;2;0;0;226m_[38;2;0;0;225m_[38;2;146;146;146m`[38;2;136;136;136m`[38;2;0;0;226m_[38;2;0;0;210my[38;2;0;0;226ma[38;2;0;0;218my[38;2;0;0;225m_[38;2;126;126;126m`[38;2;148;148;148m`[38;2;0;0;227m_[38;2;0;0;225m_g[38;2;0;0;224mg[38;2;0;0;225m__[38;2;0;0;228m_[38;2;0;0;225m_[38;2;0;0;226mg[38;2;0;0;228mP[38;2;2;1;198m~       [39m
 [38;2;0;0;0m          [38;2;1;0;214m~[38;2;0;0;227m~[38;2;0;0;226m~[38;2;0;0;225m~[38;2;0;0;227m~[38;2;2;1;199m~ [38;2;0;0;220m`[38;2;0;0;225m~[38;2;0;0;226m~~~[38;2;0;0;223m~  [38;2;1;0;219m~[38;2;0;0;226m~~[38;2;0;0;225m~[38;2;4;3;191m`         [39m
 [38;2;0;0;0m                                       [39m
[?25h