[?25l[39m [38;2;0;0;0m              [38;2;0;0;230m_[38;2;0;0;224m_[38;2;0;0;227m_[38;2;1;0;212my[38;2;0;0;217myy[38;2;0;0;212my[38;2;0;0;227m_[38;2;0;0;224m_[38;2;0;0;229m_               [39m
 [38;2;0;0;0m          [38;2;0;0;213m_[38;2;1;1;210my[38;2;0;0;227mg[38;2;0;0;222m@[38;2;0;0;226m=~~[38;2;0;0;229m~[38;2;0;0;227m~~[38;2;0;0;229m~[38;2;0;0;227m~[38;2;0;0;226m~=[38;2;0;0;223m@[38;2;0;0;228mg[38;2;0;0;210my[38;2;0;0;214m_           [39m
 [38;2;0;0;0m        [38;2;0;0;219m_[38;2;0;0;226mg[38;2;0;0;228mP~[38;2;85;85;85m_[38;2;169;169;169my[38;2;197;197;197mg[38;2;252;252;252mg[38;2;238;238;238m@[38;2;250;250;250m@[38;2;251;251;251m@@@[38;2;242;242;242m@[38;2;252;252;252mg[38;2;197;197;197mg[38;2;162;162;162my[38;2;84;84;84m_[38;2;0;0;225m~[38;2;0;0;221mR[38;2;0;0;226mg[38;2;0;0;219m_         [39m
 [38;2;0;0;0m       [38;2;0;0;214mg[38;2;0;0;218m@[38;2;0;0;212m~[38;2;169;169;169m_[38;2;223;223;223mg[38;2;249;249;249m@[38;2;252;252;252m@@@@@@@@@@@@[38;2;251;251;251m@[38;2;223;223;223mg[38;2;169;169;169m_[38;2;0;0;208m~[38;2;0;0;223mR[38;2;0;1;215mg        [39m
 [38;2;0;0;0m      [38;2;0;0;222mg[38;2;0;0;229mF [38;2;177;177;177mg[38;2;250;250;250m@[38;2;252;252;252m@@@@@@@@@@@@@@@@[38;2;251;251;251m@[38;2;172;172;172mg [38;2;0;0;198m5[38;2;0;0;221m$       [39m
 [38;2;0;0;0m     [38;2;1;0;208mj[38;2;0;0;217m@ [38;2;168;168;168mg[38;2;251;251;251m@@[38;2;201;201;201m@[38;2;203;203;203mR[38;2;245;245;245m@[38;2;251;251;251m@[38;2;252;252;252m@@@@@[38;2;247;247;247m@[38;2;222;222;222mP[38;2;206;206;206m@[38;2;251;251;251m@[38;2;252;252;252m@@@@[38;2;251;251;251m@[38;2;140;140;140m@ [38;2;0;0;220mR[38;2;0;0;221mi      [39m
 [38;2;0;0;0m     [38;2;0;0;216m@[38;2;1;1;197m' [38;2;237;237;237m@[38;2;252;252;252m@[38;2;251;251;251m@[38;2;202;202;202my[38;2;199;199;199m_ [38;2;177;177;177m~[38;2;151;151;151mM[38;2;198;198;198m@[38;2;252;252;252m@@@[38;2;225;225;225m@[38;2;160;160;160my[38;2;82;82;82m_[38;2;135;135;135m`[38;2;234;234;234m~[38;2;185;185;185mP[38;2;234;234;234m@[38;2;252;252;252m@@[38;2;246;246;246m@  [38;2;0;0;224m$      [39m
 [38;2;0;0;0m     [38;2;0;0;226m@  [38;2;249;249;249m@[38;2;252;252;252m@@[38;2;249;249;249m@[38;2;190;190;190m@[38;2;146;146;146mF  [38;2;224;224;224m_[38;2;199;199;199m@[38;2;251;251;251m@[38;2;252;252;252m@[38;2;251;251;251m@[38;2;237;237;237m@[38;2;208;208;208mP[38;2;72;72;72m^ [38;2;101;101;101m_[38;2;179;179;179my[38;2;248;248;248m@[38;2;252;252;252m@[38;2;251;251;251m@  [38;2;0;0;226m@      [39m
 [38;2;0;0;0m     [38;2;0;0;226m@  [38;2;249;249;249m@[38;2;252;252;252m@[38;2;251;251;251m@[38;2;219;219;219m_[38;2;191;191;191m_[38;2;183;183;183my[38;2;235;235;235mg[38;2;241;241;241m@[38;2;251;251;251m@[38;2;252;252;252m@@@[38;2;208;208;208m@[38;2;165;165;165m_[38;2;236;236;236m_[38;2;213;213;213my[38;2;249;249;249mg[38;2;250;250;250m@[38;2;252;252;252m@@@[38;2;251;251;251m@  [38;2;0;0;226m@      [39m
 [38;2;0;0;0m     [38;2;0;0;226m@  [38;2;249;249;249m@[38;2;252;252;252m@@[38;2;251;251;251m@@[38;2;252;252;252m@@@@@@@@[38;2;251;251;251m@[38;2;252;252;252m@@@@@@@[38;2;251;251;251m@  [38;2;0;0;226m@      [39m
 [38;2;0;0;0m     [38;2;0;0;226m@  [38;2;249;249;249m@[38;2;252;252;252m@@@@@@@@@@@@@@@@@@@@[38;2;251;251;251m@  [38;2;0;0;226m@      [39m
 [38;2;0;0;0m     [38;2;0;0;226m@  [38;2;249;249;249m@[38;2;252;252;252m@@@@@@@@@@@@@@@@@@@@[38;2;251;251;251m@  [38;2;0;0;227m@      [39m
 [38;2;0;0;0m     [38;2;0;0;226m@  [38;2;249;249;249m@[38;2;252;252;252m@@@@@@@@@@@@@@@@@@@@[38;2;251;251;251m@  [38;2;0;0;227m@      [39m
 [38;2;0;0;0m     [38;2;0;0;218m@[38;2;0;0;215m, [38;2;238;238;238m@[38;2;252;252;252m@@@@@@@@@@@@@@@@@@@@[38;2;246;246;246m@ [38;2;1;0;173mj[38;2;0;0;221m@      [39m
 [38;2;0;0;0m     [38;2;1;1;208m`[38;2;0;0;227m@[38;2;0;0;225m_[38;2;190;190;190m`[38;2;173;173;173mA[38;2;231;231;231m@[38;2;246;246;246m@[38;2;240;240;240m@[38;2;175;175;175m@[38;2;252;252;252m~[38;2;251;251;251m~[38;2;144;144;144m5[38;2;201;201;201m@[38;2;246;246;246m@@[38;2;207;207;207m@[38;2;200;200;200mF[38;2;251;251;251m~~[38;2;197;197;197mR[38;2;240;240;240m@[38;2;247;247;247m@[38;2;233;233;233m@[38;2;210;210;210mP[38;2;135;135;135m~[38;2;0;0;223m_[38;2;0;0;225m$[38;2;0;0;232m'      [39m
 [38;2;0;0;0m      [38;2;2;2;204m`[38;2;0;0;214m?[38;2;0;0;218m@[38;2;0;0;220my[38;2;0;0;226m___[38;2;0;0;213my[38;2;0;0;228ma[38;2;0;0;221m@[38;2;0;0;224mg[38;2;0;0;225m_[38;2;0;0;226m__[38;2;0;0;225m_g[38;2;0;0;220m@[38;2;0;0;227ma[38;2;0;0;213my[38;2;0;0;226m___[38;2;0;0;219my[38;2;0;0;225ma[38;2;0;0;215mF[38;2;1;0;218m'       [39m
 [38;2;0;0;0m         [38;2;0;0;227m`[38;2;0;0;228m~[38;2;0;0;232m~[38;2;0;0;231m~[38;2;0;0;234m`  [38;2;1;3;191m`[38;2;0;0;219m~[38;2;0;0;232m~~[38;2;0;0;218m~[38;2;3;2;191m`  [38;2;0;0;234m`[38;2;0;0;230m~[38;2;0;0;231m~[38;2;0;0;229m~[38;2;0;0;228m`          [39m
 [38;2;0;0;0m                                       [39m
 [38;2;0;0;0m                                       [39m
[?25h