[?25l[39m [38;2;0;0;0m                                       [39m
 [38;2;0;0;0m            [38;2;1;0;217m_[38;2;0;0;226m_[38;2;1;0;213ma[38;2;0;0;229ma[38;2;0;0;217m#[38;2;0;0;213m#[38;2;0;0;219mP[38;2;0;0;218mP[38;2;0;0;219m4[38;2;0;0;217m#[38;2;0;0;228ma[38;2;0;0;220my[38;2;0;0;226m_[38;2;1;0;220m_             [39m
 [38;2;0;0;0m         [38;2;2;1;194m_[38;2;1;0;213my[38;2;0;0;214m@[38;2;0;0;225m~[38;2;0;0;229m~[38;2;181;181;181m_[38;2;164;164;164my[38;2;197;197;197my[38;2;219;219;219my[38;2;206;206;206ma[38;2;198;198;198mg[38;2;219;219;219my[38;2;197;197;197my[38;2;160;160;160my[38;2;182;182;182m_[38;2;0;0;225m~~[38;2;0;0;217m@[38;2;1;0;213my[38;2;1;0;216m,          [39m
 [38;2;0;0;0m        [38;2;1;0;216mg[38;2;0;0;226mP[38;2;0;0;212m~[38;2;216;216;216m_[38;2;213;213;213mg[38;2;234;234;234m@[38;2;251;251;251m@[38;2;252;252;252m@@@@@@@@[38;2;251;251;251m@[38;2;240;240;240m@[38;2;213;213;213mg[38;2;217;217;217m_[38;2;0;0;205m~[38;2;0;0;224m4[38;2;0;0;216mg[38;2;4;1;191m,        [39m
 [38;2;0;0;0m      [38;2;2;2;189m_[38;2;0;0;224m@[38;2;0;0;212m~[38;2;117;117;117m_[38;2;232;232;232mg[38;2;251;251;251m@[38;2;252;252;252m@@@@@@@@@@@@@@[38;2;251;251;251m@[38;2;206;206;206m$[38;2;117;117;117m_[38;2;0;0;207m~[38;2;0;0;223m@[38;2;0;0;232m,       [39m
 [38;2;0;0;0m      [38;2;0;0;229m@[38;2;1;0;197m'[38;2;94;94;95my[38;2;235;235;235m@[38;2;252;252;252m@[38;2;251;251;251m@[38;2;252;252;252m@@@@@@@@@@@@@@@@[38;2;244;244;244m@[38;2;124;124;124m_ [38;2;0;0;228m@[38;2;1;0;203m,      [39m
 [38;2;0;0;0m     [38;2;0;0;221mJ[38;2;1;0;209mF [38;2;216;216;216m$[38;2;252;252;252m@[38;2;251;251;251m@[38;2;172;172;172m~[38;2;110;110;110m~[38;2;243;243;243m~[38;2;184;184;184mR[38;2;242;242;242m@[38;2;251;251;251m@[38;2;252;252;252m@@@@@@@@@@@@[38;2;227;227;227m@ [38;2;0;0;206m"[38;2;1;0;211m$      [39m
 [38;2;0;0;0m     [38;2;0;0;223m@  [38;2;250;250;250m@[38;2;252;252;252m@@[38;2;251;251;251m@[38;2;247;247;247mg[38;2;171;171;171mw  [38;2;152;152;152m~[38;2;208;208;208m$[38;2;251;251;251m@[38;2;215;215;215m@[38;2;206;206;206m~[38;2;176;176;176m~[38;2;175;175;175m~~~~[38;2;206;206;206m~[38;2;224;224;224m$[38;2;252;252;252m@[38;2;251;251;251m@  [38;2;0;0;228m$      [39m
 [38;2;0;0;0m     [38;2;0;0;225m@  [38;2;249;249;249m@[38;2;252;252;252m@[38;2;251;251;251m@[38;2;189;189;189mF[38;2;145;145;145m~ [38;2;237;237;237m_[38;2;215;215;215my[38;2;205;205;205m@[38;2;251;251;251m@[38;2;252;252;252m@[38;2;251;251;251m@[38;2;225;225;225m@[38;2;216;216;216m@[38;2;215;215;215m@@@@[38;2;223;223;223m@[38;2;251;251;251m@[38;2;252;252;252m@[38;2;251;251;251m@  [38;2;0;0;227m@      [39m
 [38;2;0;0;0m     [38;2;0;0;225m@  [38;2;249;249;249m@[38;2;252;252;252m@[38;2;251;251;251m@g[38;2;250;250;250mg[38;2;246;246;246m@[38;2;251;251;251m@[38;2;252;252;252m@@@@@@@@@@@@@@[38;2;251;251;251m@  [38;2;0;0;227m@      [39m
 [38;2;0;0;0m     [38;2;0;0;225m@  [38;2;249;249;249m@[38;2;252;252;252m@@@@@@@@@@@@@@@@@@@@[38;2;251;251;251m@  [38;2;0;0;227m@      [39m
 [38;2;0;0;0m     [38;2;0;0;225m@  [38;2;249;249;249m@[38;2;252;252;252m@@@@@@@@@@@@@@@@@@@@[38;2;251;251;251m@  [38;2;0;0;226m@      [39m
 [38;2;0;0;0m     [38;2;0;0;225m@  [38;2;249;249;249m@[38;2;252;252;252m@@@@@@@@@@@@@@@@@@@@[38;2;251;251;251m@  [38;2;0;0;227m@      [39m
 [38;2;0;0;0m     [38;2;0;0;226m@  [38;2;249;249;249m@[38;2;252;252;252m@@@@@@@@@@@@@@@@@@@@[38;2;251;251;251m@  [38;2;0;0;226m@      [39m
 [38;2;0;0;0m     [38;2;0;0;221m@  [38;2;245;245;245m@[38;2;252;252;252m@@@@@@@@@@@@@@@@@@@@[38;2;249;249;249m@  [38;2;0;0;223m@      [39m
 [38;2;0;0;0m     [38;2;1;0;213m`[38;2;0;0;225m$[38;2;0;0;209m,[38;2;165;165;165m~[38;2;192;192;192m@[38;2;251;251;251m@[38;2;252;252;252m@@[38;2;224;224;224m@[38;2;208;208;208mF[38;2;179;179;179mF[38;2;160;160;160m@[38;2;244;244;244m@[38;2;252;252;252m@@[38;2;244;244;244m@[38;2;171;171;171m@[38;2;183;183;183mF[38;2;167;167;167mP[38;2;219;219;219m@[38;2;252;252;252m@@[38;2;251;251;251m@[38;2;207;207;207m@[38;2;193;193;193m~ [38;2;0;0;230ma[38;2;0;0;231m'      [39m
 [38;2;0;0;0m      [38;2;0;0;218m`[38;2;0;0;225m4[38;2;0;0;226mg[38;2;0;0;225m__[38;2;138;138;138m`[38;2;0;0;226m_[38;2;0;0;225m_[38;2;0;0;223ma[38;2;0;0;226ma[38;2;0;0;208my[38;2;0;0;226m_[38;2;129;129;129m`[38;2;128;128;128m`[38;2;0;0;225m_[38;2;0;0;209my[38;2;0;0;224mg[38;2;0;0;219mg[38;2;0;0;225m_[38;2;0;0;226m_[38;2;138;138;138m`[38;2;0;0;226m_[38;2;0;0;227m_[38;2;0;0;226mg[38;2;0;0;228mP[38;2;1;1;201m~       [39m
 [38;2;0;0;0m        [38;2;3;3;190m`[38;2;0;0;224m~[38;2;0;0;226m~~[38;2;0;0;227m~~[38;2;2;0;208m` [38;2;2;1;206m~[38;2;0;0;227m~[38;2;0;0;226m~[38;2;0;0;227m~[38;2;0;0;226m~[38;2;1;1;206m~ [38;2;1;0;209m`[38;2;0;0;225m~[38;2;0;0;227m~[38;2;0;0;226m~~[38;2;0;0;225m~[38;2;3;2;192m`         [39m
 [38;2;0;0;0m                                       [39m
[?25h