[?25l[39m [38;2;0;0;0m                 [38;2;0;0;223m_[38;2;0;0;233m__[38;2;0;0;222m_                  [39m
 [38;2;0;0;0m           [38;2;1;0;209m_[38;2;0;0;224m_g[38;2;0;0;218m#[38;2;0;0;228m=[38;2;0;0;229m~[38;2;0;0;226m~[38;2;0;0;225m~~[38;2;0;0;226m~[38;2;0;0;228m~=[38;2;0;0;212m@[38;2;0;0;224mg[38;2;0;0;225m_[38;2;1;0;210m_            [39m
 [38;2;0;0;0m         [38;2;0;0;230m_[38;2;0;0;227ma[38;2;0;0;214mF[38;2;0;0;225m~[38;2;201;201;201m_[38;2;185;185;185my[38;2;214;214;214ma[38;2;252;252;252mg[38;2;230;230;230m$[38;2;226;226;226m@[38;2;227;227;227m@[38;2;231;231;231m$[38;2;252;252;252mg[38;2;205;205;205mg[38;2;185;185;185my[38;2;202;202;202m_[38;2;0;0;223m~[38;2;0;0;209m?[38;2;0;0;216m@[38;2;0;0;230m_          [39m
 [38;2;0;0;0m       [38;2;0;0;213m_[38;2;0;0;218m@[38;2;0;0;230m~ [38;2;207;207;207my[38;2;224;224;224m@[38;2;251;251;251m@[38;2;252;252;252m@@@@@@@@@@[38;2;251;251;251m@[38;2;233;233;233m@[38;2;206;206;206my[38;2;73;73;73m,[38;2;0;0;225m~[38;2;0;0;222m@[38;2;0;0;213m_        [39m
 [38;2;0;0;0m      [38;2;0;0;208mj[38;2;0;0;230mP [38;2;168;168;168my[38;2;238;238;238m@[38;2;252;252;252m@@@@@@@@@@@@@@@@[38;2;245;245;245m@[38;2;155;155;155my [38;2;0;0;230m4[38;2;0;0;221m_       [39m
 [38;2;0;0;0m      [38;2;0;0;226m@ [38;2;162;162;162my[38;2;250;250;250m@[38;2;252;252;252m@@[38;2;251;251;251m@@[38;2;249;249;249m@[38;2;251;251;251m@@[38;2;252;252;252m@@@@[38;2;251;251;251m@@[38;2;249;249;249m@[38;2;251;251;251m@@[38;2;252;252;252m@@[38;2;251;251;251m@[38;2;147;147;147my [38;2;0;0;226mB[38;2;0;0;229m,      [39m
 [38;2;0;0;0m     [38;2;0;0;216mg[38;2;0;0;196m[ [38;2;227;227;227m@[38;2;252;252;252m@[38;2;250;250;250m@[38;2;214;214;214mF[38;2;132;132;132my[38;2;157;157;157ma[38;2;207;207;207ma[38;2;171;171;171mw[38;2;164;164;164m~[38;2;150;150;150m@[38;2;251;251;251m@@[38;2;194;194;194m@[38;2;217;217;217m~[38;2;157;157;157my[38;2;193;193;193ma[38;2;176;176;176ma[38;2;125;125;125my[38;2;242;242;242m~@[38;2;252;252;252m@[38;2;242;242;242m@  [38;2;0;0;219m$      [39m
 [38;2;0;0;0m     [38;2;0;0;225m@  [38;2;249;249;249m@[38;2;251;251;251m@[38;2;162;162;162m@[38;2;86;86;86mu[38;2;174;174;174mF [38;2;159;159;159mg [38;2;199;199;199m$ [38;2;221;221;221m@[38;2;239;239;239m@ [38;2;190;190;190m$ [38;2;180;180;180ma [38;2;130;130;130m4[38;2;112;112;112mL[38;2;158;158;158m9[38;2;252;252;252m@[38;2;251;251;251m@  [38;2;0;0;226m@      [39m
 [38;2;0;0;0m     [38;2;0;0;226m@  [38;2;249;249;249m@[38;2;252;252;252m@[38;2;222;222;222m@[38;2;106;106;106m_[38;2;143;143;143m$[38;2;153;153;153my[38;2;191;191;191my[38;2;194;194;194my[38;2;183;183;183my[38;2;218;218;218mg[38;2;251;251;251m@@[38;2;147;147;147my[38;2;162;162;162m?[38;2;168;168;168mw[38;2;166;166;166my[38;2;178;178;178mg[38;2;180;180;180my[38;2;213;213;213my[38;2;239;239;239m@[38;2;252;252;252m@[38;2;251;251;251m@  [38;2;0;0;226m@      [39m
 [38;2;0;0;0m     [38;2;0;0;226m@  [38;2;249;249;249m@[38;2;252;252;252m@@[38;2;250;250;250m@[38;2;248;248;248mg[38;2;221;221;221my[38;2;207;207;207my[38;2;226;226;226my[38;2;250;250;250m@[38;2;252;252;252m@@@[38;2;251;251;251m@[38;2;219;219;219m@[38;2;209;209;209mgy[38;2;211;211;211my[38;2;222;222;222m@[38;2;252;252;252m@@@[38;2;251;251;251m@  [38;2;0;0;226m@      [39m
 [38;2;0;0;0m     [38;2;0;0;226m@  [38;2;249;249;249m@[38;2;252;252;252m@@@@@@@@@@@@@@@@@@@@[38;2;251;251;251m@  [38;2;0;0;226m@      [39m
 [38;2;0;0;0m     [38;2;0;0;226m@  [38;2;249;249;249m@[38;2;252;252;252m@@@@@@@@@@@@@@@@@@@@[38;2;251;251;251m@  [38;2;0;0;227m@      [39m
 [38;2;0;0;0m     [38;2;0;0;226m@  [38;2;249;249;249m@[38;2;252;252;252m@@@@@@@@@@@@@@@@@@@@[38;2;251;251;251m@  [38;2;0;0;227m@      [39m
 [38;2;0;0;0m     [38;2;0;0;226m@  [38;2;249;249;249m@[38;2;252;252;252m@@@@@@@@@@@@@@@@@@@@[38;2;251;251;251m@  [38;2;0;0;227m@      [39m
 [38;2;0;0;0m     [38;2;0;0;220m@  [38;2;242;242;242m@[38;2;252;252;252m@@@@@@@@@@@@@@@@@@@@[38;2;248;248;248m@  [38;2;0;0;223m@      [39m
 [38;2;0;0;0m     [38;2;1;0;212m`[38;2;0;0;225m@[38;2;0;0;214m_[38;2;134;134;134m~[38;2;165;165;165m@[38;2;242;242;242m@[38;2;251;251;251m@[38;2;248;248;248m@[38;2;200;200;200m@[38;2;186;186;186mF[38;2;251;251;251m~[38;2;172;172;172mP[38;2;225;225;225m@[38;2;251;251;251m@@[38;2;229;229;229m@[38;2;217;217;217mF[38;2;251;251;251m~[38;2;145;145;145mM[38;2;191;191;191m@[38;2;248;248;248m@[38;2;251;251;251m@[38;2;243;243;243m@[38;2;181;181;181m@[38;2;166;166;166m~[38;2;0;0;212m_[38;2;0;0;230mg[38;2;2;1;194mF      [39m
 [38;2;0;0;0m      [38;2;0;0;218m`[38;2;0;0;224m4[38;2;0;0;227mg[38;2;0;0;209my[38;2;0;0;225m_[38;2;0;0;223m_[38;2;0;0;226m_[38;2;0;0;227m_g[38;2;0;0;225m@[38;2;0;0;215mg[38;2;0;0;227m_[38;2;0;0;225m_[38;2;0;0;223m_[38;2;0;0;227m_[38;2;0;0;221ma[38;2;0;0;222m@[38;2;0;0;227mg_[38;2;0;0;226m_[38;2;0;0;223m_[38;2;0;0;225m_[38;2;0;0;208my[38;2;0;0;228mg[38;2;0;0;226mP[38;2;1;1;201m~       [39m
 [38;2;0;0;0m        [38;2;2;3;188m`[38;2;0;0;223m~[38;2;0;0;226m~[38;2;0;0;227m~~~[38;2;2;0;207m` [38;2;1;1;204m~[38;2;0;0;227m~[38;2;0;0;226m~[38;2;0;0;227m~[38;2;0;0;226m~[38;2;1;1;205m~ [38;2;2;0;206m`[38;2;0;0;224m~[38;2;0;0;227m~~[38;2;0;0;226m~[38;2;0;0;225m~[38;2;2;2;193m`         [39m
 [38;2;0;0;0m                                       [39m
[?25h