[?25l[39m [38;2;0;0;0m              [38;2;0;0;229m_[38;2;0;0;225m_[38;2;1;1;211my[38;2;0;0;217ma[38;2;0;0;223mgg[38;2;0;0;222my[38;2;0;1;211my[38;2;0;0;226m_[38;2;0;0;229m_               [39m
 [38;2;0;0;0m          [38;2;0;0;225m_[38;2;0;0;214ma[38;2;0;0;216m@[38;2;0;0;224m=[38;2;0;0;225m~[38;2;0;0;226m~[38;2;151;151;151m_[38;2;235;235;235m_[38;2;243;243;243m__[38;2;235;235;235m_[38;2;152;152;152m_[38;2;0;0;226m~~[38;2;0;0;224m=[38;2;0;0;219m@[38;2;0;0;217my[38;2;0;0;225m_           [39m
 [38;2;0;0;0m        [38;2;0;0;226m_[38;2;0;0;229ma[38;2;0;0;216mF[38;2;0;0;203m~[38;2;135;135;135my[38;2;189;189;189mg[38;2;219;219;219m$[38;2;250;250;250m@[38;2;251;251;251m@[38;2;252;252;252m@@@@[38;2;251;251;251m@@[38;2;226;226;226m$[38;2;189;189;189mg[38;2;234;234;234m_[38;2;0;0;231m`[38;2;0;0;211m?[38;2;0;0;220m@[38;2;0;0;226m_         [39m
 [38;2;0;0;0m       [38;2;0;0;221mg[38;2;0;0;227mF [38;2;183;183;183my[38;2;219;219;219m@[38;2;251;251;251m@[38;2;252;252;252m@@@@@@@@@@@@[38;2;251;251;251m@[38;2;230;230;230m@[38;2;175;175;175my [38;2;0;0;200mN[38;2;0;0;222mg        [39m
 [38;2;0;0;0m      [38;2;0;0;227mg[38;2;0;0;212mF [38;2;220;220;220mg[38;2;251;251;251m@[38;2;252;252;252m@@@@@@@@@@@@@@@@[38;2;251;251;251m@[38;2;201;201;201m$ [38;2;0;0;219m~[38;2;0;0;225m$       [39m
 [38;2;0;0;0m     [38;2;0;0;211mj[38;2;0;0;228mF [38;2;205;205;205mg[38;2;251;251;251m@@[38;2;216;216;216mF[38;2;149;149;149mM[38;2;183;183;183m@[38;2;249;249;249m@[38;2;251;251;251m@[38;2;252;252;252m@@@@@@@@@@@@[38;2;251;251;251m@[38;2;183;183;183m@ [38;2;0;0;220m?l      [39m
 [38;2;0;0;0m     [38;2;0;0;219m@  [38;2;245;245;245m@[38;2;252;252;252m@[38;2;251;251;251m@[38;2;234;234;234mg[38;2;179;179;179my[38;2;145;145;145m_[38;2;69;69;69m`[38;2;210;210;210m~[38;2;165;165;165mP[38;2;241;241;241m@[38;2;252;252;252m@[38;2;244;244;244m@[38;2;216;216;216mF[38;2;204;204;204mFFFFF[38;2;188;188;188mM[38;2;244;244;244m@[38;2;252;252;252m@[38;2;250;250;250m@  [38;2;0;0;226m$      [39m
 [38;2;0;0;0m     [38;2;0;0;225m@  [38;2;249;249;249m@[38;2;252;252;252m@[38;2;251;251;251m@[38;2;210;210;210m@[38;2;200;200;200mF[38;2;186;186;186m~ [38;2;194;194;194m_[38;2;196;196;196my[38;2;224;224;224m@[38;2;252;252;252m@[38;2;236;236;236m@[38;2;208;208;208my[38;2;198;198;198myyyyy[38;2;211;211;211my[38;2;233;233;233m@[38;2;252;252;252m@[38;2;251;251;251m@  [38;2;0;0;227m@      [39m
 [38;2;0;0;0m     [38;2;0;0;225m@  [38;2;249;249;249m@[38;2;252;252;252m@[38;2;251;251;251m@[38;2;194;194;194my[38;2;174;174;174my[38;2;220;220;220mg[38;2;232;232;232m@[38;2;251;251;251m@[38;2;252;252;252m@@@@@@@@@@@@@[38;2;251;251;251m@  [38;2;0;0;227m@      [39m
 [38;2;0;0;0m     [38;2;0;0;225m@  [38;2;249;249;249m@[38;2;252;252;252m@@@@@@@@@@@@@@@@@@@@[38;2;251;251;251m@  [38;2;0;0;227m@      [39m
 [38;2;0;0;0m     [38;2;0;0;225m@  [38;2;249;249;249m@[38;2;252;252;252m@@@@@@@@@@@@@@@@@@@@[38;2;251;251;251m@  [38;2;0;0;227m@      [39m
 [38;2;0;0;0m     [38;2;0;0;225m@  [38;2;249;249;249m@[38;2;252;252;252m@@@@@@@@@@@@@@@@@@@@[38;2;251;251;251m@  [38;2;0;0;226m@      [39m
 [38;2;0;0;0m     [38;2;0;0;225m@  [38;2;249;249;249m@[38;2;252;252;252m@@@@@@@@@@@@@@@@@@@@[38;2;251;251;251m@  [38;2;0;0;227m@      [39m
 [38;2;0;0;0m     [38;2;0;0;221m@[38;2;0;0;215m, [38;2;241;241;241m@[38;2;252;252;252m@@@@@@@@@@@@@@@@@@@@[38;2;247;247;247m@  [38;2;0;0;224m@      [39m
 [38;2;0;0;0m     [38;2;0;0;214m`[38;2;0;0;225m@[38;2;0;0;216m_[38;2;118;118;118m~[38;2;193;193;193mA[38;2;242;242;242m@[38;2;250;250;250m@[38;2;247;247;247m@[38;2;192;192;192m@[38;2;173;173;173mF[38;2;252;252;252m~[38;2;183;183;183mF[38;2;222;222;222m@[38;2;249;249;249m@@[38;2;225;225;225m@[38;2;214;214;214mF[38;2;252;252;252m~[38;2;174;174;174mT[38;2;181;181;181m@[38;2;247;247;247m@[38;2;250;250;250m@[38;2;244;244;244m@[38;2;173;173;173m@[38;2;156;156;156m~[38;2;1;0;212m_[38;2;0;0;230mg[38;2;0;1;206mF      [39m
 [38;2;0;0;0m      [38;2;1;1;208m~[38;2;0;0;228m4g[38;2;0;0;213my[38;2;0;0;226m_[38;2;0;0;227m_[38;2;0;0;226m_[38;2;0;0;227m_[38;2;0;0;226mg[38;2;0;0;225m@[38;2;0;0;217mg[38;2;0;0;226m____[38;2;0;0;220ma[38;2;0;0;222m@[38;2;0;0;226mg[38;2;0;0;227m_[38;2;0;0;226m_[38;2;0;0;227m_[38;2;0;0;226m_[38;2;0;0;213my[38;2;0;0;228mg[38;2;0;1;214m@[38;2;0;0;214m~       [39m
 [38;2;0;0;0m        [38;2;0;1;216m`[38;2;0;0;227m~[38;2;0;0;226m~[38;2;0;0;227m~~[38;2;0;0;226m~[38;2;2;2;198m~ [38;2;0;0;225m~~[38;2;0;0;227m~~[38;2;0;0;225m~[38;2;0;0;224m~ [38;2;0;0;226m`~~[38;2;0;0;227m~[38;2;0;0;226m~[38;2;0;0;229m~[38;2;1;0;218m`         [39m
 [38;2;0;0;0m                                       [39m
 [38;2;0;0;0m                                       [39m
[?25h