[?25l[39m [38;2;0;0;0m                                       [39m
 [38;2;0;0;0m             [38;2;0;0;214m_[38;2;0;0;226m_[38;2;0;0;227m_[38;2;0;0;219my[38;2;0;0;223ma[38;2;0;0;224mg[38;2;0;0;225mg[38;2;0;0;221mg[38;2;0;0;219my[38;2;0;0;227m_[38;2;0;0;226m_[38;2;1;0;211m_              [39m
 [38;2;0;0;0m          [38;2;0;0;229m_[38;2;0;0;222ma[38;2;0;0;224m@[38;2;0;0;223mP[38;2;0;0;227m~[38;2;0;0;226m~[38;2;0;0;230m~[38;2;149;149;149m_[38;2;193;193;193m__[38;2;149;149;149m_[38;2;0;0;230m~[38;2;0;0;227m~[38;2;0;0;226m~[38;2;0;0;224m4[38;2;0;0;226m@[38;2;0;0;217mg[38;2;0;0;228m_           [39m
 [38;2;0;0;0m        [38;2;0;0;229m_g[38;2;0;0;221mP[38;2;0;0;222m~[38;2;198;198;198m_[38;2;206;206;206my[38;2;244;244;244mg[38;2;236;236;236m@[38;2;252;252;252m@[38;2;251;251;251m@@@@[38;2;252;252;252m@[38;2;239;239;239m@[38;2;244;244;244mg[38;2;206;206;206my[38;2;198;198;198m_[38;2;0;0;219m~[38;2;0;0;217m4[38;2;0;0;222m@[38;2;0;0;229m_         [39m
 [38;2;0;0;0m       [38;2;0;0;223mg[38;2;0;0;226mP[38;2;1;0;204m'[38;2;155;155;155my[38;2;246;246;246mg[38;2;251;251;251m@[38;2;252;252;252m@@@@@@@@@@@@[38;2;251;251;251m@[38;2;212;212;212m@[38;2;141;141;141my[38;2;2;1;196m`[38;2;0;0;224m4[38;2;0;0;218m$        [39m
 [38;2;0;0;0m      [38;2;0;0;228mg[38;2;0;0;221mF [38;2;207;207;207mg[38;2;251;251;251m@[38;2;252;252;252m@@@@@@@@@@@@@@@@[38;2;251;251;251m@[38;2;174;174;174m@ [38;2;0;0;210m?[38;2;0;0;226m$       [39m
 [38;2;0;0;0m     [38;2;0;0;214mj[38;2;0;0;229mF [38;2;193;193;193mg[38;2;251;251;251m@[38;2;252;252;252m@@[38;2;251;251;251m@[38;2;221;221;221m@[38;2;209;209;209m@[38;2;225;225;225m@[38;2;252;252;252m@@@@@[38;2;251;251;251m@[38;2;234;234;234m@[38;2;211;211;211m@[38;2;215;215;215m@[38;2;248;248;248m@[38;2;251;251;251m@[38;2;252;252;252m@[38;2;251;251;251m@[38;2;169;169;169m@ [38;2;0;0;217m4[38;2;0;0;222ml      [39m
 [38;2;0;0;0m     [38;2;0;0;219m@[38;2;0;0;180m[ [38;2;243;243;243m@[38;2;252;252;252m@[38;2;245;245;245m@~[38;2;173;173;173my[38;2;231;231;231m*[38;2;215;215;215ma[38;2;214;214;214m*[38;2;117;117;117my[38;2;184;184;184m7[38;2;251;251;251m@@[38;2;238;238;238mF[38;2;160;160;160m_[38;2;175;175;175ma[38;2;250;250;250m=[38;2;214;214;214mm[38;2;126;126;126my[38;2;184;184;184m~[38;2;229;229;229m@[38;2;252;252;252m@[38;2;249;249;249m@  [38;2;0;0;226m$      [39m
 [38;2;0;0;0m     [38;2;0;0;226m@  [38;2;249;249;249m@[38;2;251;251;251m@[38;2;167;167;167m$[38;2;88;88;88m4[38;2;149;149;149mF [38;2;172;172;172m$ [38;2;197;197;197m$ [38;2;221;221;221m@[38;2;237;237;237m@ [38;2;196;196;196m$ [38;2;215;215;215ma [38;2;131;131;131m4[38;2;114;114;114mL[38;2;159;159;159mg[38;2;252;252;252m@[38;2;251;251;251m@  [38;2;0;0;226m@      [39m
 [38;2;0;0;0m     [38;2;0;0;226m@  [38;2;249;249;249m@[38;2;252;252;252m@[38;2;230;230;230m@[38;2;161;161;161m_[38;2;175;175;175m=[38;2;172;172;172mw[38;2;170;170;170ma[38;2;214;214;214mw[38;2;201;201;201my[38;2;239;239;239mg[38;2;251;251;251m@@[38;2;172;172;172my[38;2;138;138;138m7[38;2;143;143;143ma[38;2;176;176;176mw[38;2;220;220;220ma[38;2;196;196;196my[38;2;206;206;206ma[38;2;246;246;246m@[38;2;252;252;252m@[38;2;251;251;251m@  [38;2;0;0;226m@      [39m
 [38;2;0;0;0m     [38;2;0;0;226m@  [38;2;249;249;249m@[38;2;252;252;252m@@[38;2;251;251;251m@[38;2;214;214;214m@[38;2;223;223;223mg[38;2;206;206;206mg[38;2;224;224;224mg[38;2;251;251;251m@[38;2;252;252;252m@@@[38;2;251;251;251m@[38;2;236;236;236m@[38;2;235;235;235mg[38;2;209;209;209mg[38;2;212;212;212mg[38;2;229;229;229m@[38;2;252;252;252m@@@[38;2;251;251;251m@  [38;2;0;0;226m@      [39m
 [38;2;0;0;0m     [38;2;0;0;226m@  [38;2;249;249;249m@[38;2;252;252;252m@@@@@@@@@@@@@@@@@@@@[38;2;251;251;251m@  [38;2;0;0;227m@      [39m
 [38;2;0;0;0m     [38;2;0;0;226m@  [38;2;249;249;249m@[38;2;252;252;252m@@@@@@@@@@@@@@@@@@@@[38;2;251;251;251m@  [38;2;0;0;227m@      [39m
 [38;2;0;0;0m     [38;2;0;0;226m@  [38;2;249;249;249m@[38;2;252;252;252m@@@@@@@@@@@@@@@@@@@@[38;2;251;251;251m@  [38;2;0;0;226m@      [39m
 [38;2;0;0;0m     [38;2;1;0;214m4[38;2;0;0;220mL [38;2;197;197;197mR[38;2;251;251;251m@[38;2;252;252;252m@@@@[38;2;251;251;251m@[38;2;249;249;249m@[38;2;251;251;251m@[38;2;252;252;252m@@@@[38;2;251;251;251m@[38;2;248;248;248m@[38;2;251;251;251m@[38;2;252;252;252m@@@@[38;2;251;251;251m@[38;2;196;196;196m@ [38;2;0;0;221mj[38;2;0;0;226mF      [39m
 [38;2;0;0;0m      [38;2;1;0;214m4[38;2;0;0;218mg[38;2;0;0;225m_[38;2;177;177;177m~[38;2;168;168;168mF[38;2;197;197;197mF[38;2;190;190;190mF[38;2;233;233;233m~[38;2;0;0;211m_[38;2;0;0;226m_[38;2;101;101;101m~[38;2;247;247;247m~[38;2;190;190;190mF[38;2;197;197;197mF[38;2;162;162;162mF[38;2;126;126;126m~[38;2;0;0;228m_[38;2;0;0;211m_[38;2;221;221;221m~[38;2;178;178;178mF[38;2;199;199;199mF[38;2;185;185;185mF[38;2;208;208;208m~[38;2;0;0;224m_[38;2;0;0;220ma[38;2;0;0;223mP       [39m
 [38;2;0;0;0m       [38;2;0;0;219m`[38;2;0;0;225m~[38;2;0;0;222m4[38;2;0;0;225ma[38;2;0;0;228ma[38;2;0;0;226ma[38;2;0;0;222mP[38;2;0;0;227m~[38;2;0;0;226m~[38;2;0;0;229m=[38;2;0;0;214m@[38;2;0;0;228maa[38;2;0;0;211m@[38;2;0;0;230m=[38;2;0;0;225m~[38;2;0;0;226m~[38;2;0;0;215mR[38;2;0;0;227ma[38;2;0;0;228ma[38;2;0;0;225ma[38;2;0;0;222mP[38;2;0;0;226m~[38;2;1;2;199m~        [39m
 [38;2;0;0;0m                                       [39m
 [38;2;0;0;0m                                       [39m
[?25h