[?25l[39m [38;2;0;0;0m             [38;2;1;1;202m_[38;2;0;0;228m_[38;2;0;0;226m_[38;2;1;1;207my[38;2;0;0;216my[38;2;0;0;219my[38;2;0;0;218my[38;2;1;1;210my[38;2;0;0;227m_[38;2;0;0;225m_[38;2;1;0;216m_               [39m
 [38;2;0;0;0m          [38;2;0;0;228m_[38;2;0;0;223mg[38;2;0;0;224m@[38;2;0;0;222mP[38;2;0;0;226m~~[38;2;0;0;229m~[38;2;0;0;224m~[38;2;0;0;221m~[38;2;0;0;224m~[38;2;0;0;229m~[38;2;0;0;227m~~[38;2;0;0;225m4[38;2;0;0;228m@[38;2;0;0;223mg[38;2;0;0;229m_            [39m
 [38;2;0;0;0m       [38;2;2;2;185m_[38;2;0;0;217ma[38;2;0;0;223m@[38;2;0;0;224m~[38;2;0;0;203m~[38;2;147;147;147my[38;2;215;215;215my[38;2;250;250;250mg[38;2;232;232;232m@[38;2;250;250;250m@[38;2;252;252;252m@[38;2;251;251;251m@[38;2;252;252;252m@[38;2;250;250;250m@[38;2;227;227;227m@[38;2;240;240;240mg[38;2;196;196;196my[38;2;187;187;187m_[38;2;0;0;220m~[38;2;0;0;216m4[38;2;0;0;226m@[38;2;0;0;230m_          [39m
 [38;2;0;0;0m      [38;2;0;1;205my[38;2;0;0;224m@[38;2;0;0;226m~[38;2;128;128;128m_[38;2;203;203;203mg[38;2;242;242;242m@[38;2;251;251;251m@[38;2;252;252;252m@@@@@@@@@@@[38;2;251;251;251m@[38;2;212;212;212m@[38;2;142;142;142my [38;2;0;0;220m4[38;2;0;0;224m$[38;2;1;1;204m,        [39m
 [38;2;0;0;0m     [38;2;0;0;213mg[38;2;0;0;225mP [38;2;192;192;192my[38;2;246;246;246m@[38;2;252;252;252m@@@@@@@@@@@@@@@@[38;2;251;251;251m@[38;2;174;174;174m@ [38;2;0;0;223m~[38;2;0;0;228m$        [39m
 [38;2;0;0;0m    [38;2;2;1;193mj[38;2;0;0;222m@ [38;2;153;153;153mg[38;2;251;251;251m@[38;2;252;252;252m@@@@@@@@@@@@@@@@@@[38;2;251;251;251m@[38;2;170;170;170m@ [38;2;0;0;221m?[38;2;1;0;221m[       [39m
 [38;2;0;0;0m    [38;2;0;0;219mg[38;2;0;0;194m[ [38;2;213;213;213m#[38;2;218;218;218mRRR[38;2;234;234;234m@[38;2;252;252;252m@@@@@@@@@@@@@@@@[38;2;249;249;249m@  [38;2;0;0;226m@       [39m
 [38;2;0;0;0m    [38;2;0;0;218m@  [38;2;252;252;252m_[38;2;253;253;253m__[38;2;252;252;252m_[38;2;200;200;200my[38;2;250;250;250m@[38;2;252;252;252m@@@@@@@@@@@@@@@[38;2;251;251;251m@[38;2;76;76;77mL [38;2;0;0;230m@       [39m
 [38;2;0;0;0m    [38;2;0;0;216m@  [38;2;247;247;247m@[38;2;252;252;252m@@@@@@@@@@@@@@@@@@@@[38;2;251;251;251m@[38;2;87;87;88mL [38;2;0;0;231m@       [39m
 [38;2;0;0;0m    [38;2;0;0;222m4  [38;2;240;240;240m@[38;2;252;252;252m@@@@@@@@@@@@@@@@@@@@[38;2;251;251;251m@[38;2;111;111;112mL [38;2;0;0;232m@       [39m
 [38;2;0;0;0m    [38;2;0;0;215m4[38;2;0;0;197m[ [38;2;226;226;226m@[38;2;252;252;252m@@@@@@@@@@@@@@@@@@@@@[38;2;147;147;147mL [38;2;0;0;236m$       [39m
 [38;2;0;0;0m    [38;2;1;1;204m4[38;2;1;1;209m[ [38;2;225;225;225m$[38;2;252;252;252m@@@@@@@@@@@@@@@@@@@@[38;2;251;251;251m@[38;2;124;124;124m@ [38;2;0;0;232m$       [39m
 [38;2;0;0;0m    [38;2;2;2;186mJ[38;2;0;0;209m$ [38;2;180;180;180m$[38;2;252;252;252m@@@@@@@@@@@@@@@@@@@@@[38;2;182;182;182m$ [38;2;0;0;219mB[38;2;1;1;196mi      [39m
 [38;2;0;0;0m     [38;2;0;0;231m@ [38;2;155;155;155m4[38;2;251;251;251m@[38;2;252;252;252m@@@@@@@@@@@@@@@@@@@[38;2;251;251;251m@[38;2;176;176;176m@ [38;2;0;0;213mg[38;2;1;1;212m[      [39m
 [38;2;0;0;0m     [38;2;0;0;223m~[38;2;0;0;224mg[38;2;1;0;203m_[38;2;195;195;195m~[38;2;209;209;209mF[38;2;252;252;252m~~[38;2;168;168;168m5[38;2;220;220;220m@[38;2;246;246;246m@[38;2;245;245;245m@[38;2;192;192;192m@[38;2;168;168;168mF[38;2;251;251;251m~[38;2;176;176;176mT[38;2;184;184;184m@[38;2;244;244;244m@[38;2;246;246;246m@[38;2;221;221;221m@[38;2;214;214;214mF[38;2;252;252;252m~~[38;2;180;180;180mA[38;2;211;211;211mF[38;2;70;70;71m~[38;2;0;0;231m_[38;2;0;0;225m@       [39m
 [38;2;0;0;0m      [38;2;2;1;195m~[38;2;0;0;216m4[38;2;0;0;228ma[38;2;0;0;218ma[38;2;0;0;227ma[38;2;0;0;221m@g[38;2;0;0;226m___[38;2;0;0;205my[38;2;0;0;226mg[38;2;0;0;223m@[38;2;0;0;224mg[38;2;0;0;210my[38;2;0;0;226m___[38;2;0;0;218ma[38;2;0;0;217m@[38;2;0;0;218m@[38;2;0;0;220my[38;2;0;0;217ma[38;2;0;0;218m@[38;2;1;0;212mF        [39m
 [38;2;0;0;0m         [38;2;0;0;232m`  [38;2;1;1;211m`[38;2;0;0;224m~[38;2;0;0;231m~~[38;2;0;0;220m~[38;2;1;3;187m`  [38;2;2;1;205m~[38;2;0;0;230m~[38;2;0;0;231m~[38;2;0;0;230m~[38;2;0;0;225m`  [38;2;0;0;221m`[38;2;0;0;225m`          [39m
 [38;2;0;0;0m                                       [39m
 [38;2;0;0;0m                                       [39m
[?25h