[?25l[39m [38;2;0;0;0m               [38;2;0;0;218m_[38;2;0;0;226m_[38;2;0;0;225m__[38;2;1;1;204my[38;2;1;1;203my[38;2;0;0;225m_[38;2;0;0;224m_[38;2;0;0;230m_[38;2;2;1;197m_              [39m
 [38;2;0;0;0m            [38;2;0;0;226m_gP[38;2;0;0;228m~[38;2;0;0;227m~[38;2;0;0;225m~[38;2;113;113;113m_[38;2;203;203;203m_[38;2;214;214;214m_[38;2;163;163;163m_[38;2;0;0;223m~[38;2;0;0;227m~[38;2;0;0;226m~[38;2;0;0;221m4[38;2;0;0;226ma[38;2;0;0;225m_[38;2;0;0;212m_          [39m
 [38;2;0;0;0m          [38;2;1;0;208my[38;2;0;0;221m@[38;2;0;0;227m~ [38;2;167;167;167my[38;2;226;226;226ma[38;2;230;230;230m$[38;2;251;251;251m@@@@@@[38;2;248;248;248m@[38;2;252;252;252mg[38;2;190;190;190mg[38;2;149;149;149my[38;2;0;0;233m`[38;2;0;0;226m~a[38;2;0;0;230m_        [39m
 [38;2;0;0;0m         [38;2;0;0;229mg[38;2;0;0;218mF [38;2;200;200;200my[38;2;237;237;237m@[38;2;251;251;251m@[38;2;252;252;252m@@@@@@@@@@@@[38;2;249;249;249m@[38;2;211;211;211mg[38;2;151;151;151m_[38;2;0;0;221m~[38;2;0;0;218m@[38;2;0;0;220m_      [39m
 [38;2;0;0;0m        [38;2;0;0;231mg[38;2;0;0;211m~ [38;2;230;230;230mg[38;2;251;251;251m@[38;2;252;252;252m@@@@@@@@@@@@@@@@[38;2;251;251;251m@[38;2;171;171;171mg [38;2;0;0;203m5[38;2;0;0;217mL     [39m
 [38;2;0;0;0m       [38;2;0;1;209mj[38;2;0;0;227mF [38;2;205;205;205mg[38;2;251;251;251m@[38;2;252;252;252m@@@@@@[38;2;251;251;251m@[38;2;217;217;217mP[38;2;175;175;175mP[38;2;217;217;217m@[38;2;251;251;251m@[38;2;252;252;252m@@@@@@@[38;2;251;251;251m@[38;2;147;147;147m@ [38;2;0;0;219mR[38;2;1;0;205mi    [39m
 [38;2;0;0;0m       [38;2;0;0;216m@[38;2;0;0;178m[ [38;2;244;244;244m@[38;2;252;252;252m@@@@@@@[38;2;251;251;251m@[38;2;208;208;208mg[38;2;150;150;150my [38;2;158;158;158m`[38;2;240;240;240m~[38;2;182;182;182mA[38;2;246;246;246m@[38;2;252;252;252m@[38;2;249;249;249m@[38;2;203;203;203mR[38;2;213;213;213mP[38;2;212;212;212mP[38;2;208;208;208mP  [38;2;0;0;224m$    [39m
 [38;2;0;0;0m       [38;2;0;0;226m@  [38;2;249;249;249m@[38;2;252;252;252m@@@@@@@@[38;2;236;236;236m@[38;2;205;205;205mP[38;2;226;226;226m~ [38;2;109;109;109m_[38;2;167;167;167my[38;2;206;206;206m@[38;2;251;251;251m@[38;2;234;234;234m@[38;2;184;184;184my[38;2;172;172;172myyy  [38;2;0;0;228m$    [39m
 [38;2;0;0;0m       [38;2;0;0;229m@  [38;2;249;249;249m@[38;2;252;252;252m@@@@@@@[38;2;251;251;251m@[38;2;165;165;165my[38;2;144;144;144my[38;2;216;216;216my[38;2;207;207;207m@[38;2;251;251;251m@[38;2;252;252;252m@@@@@@@[38;2;251;251;251m@  [38;2;0;0;225m$    [39m
 [38;2;0;0;0m       [38;2;0;0;235m@ [38;2;94;94;94m4[38;2;251;251;251m@[38;2;252;252;252m@@@@@@@@@@@@@@@@@@@@[38;2;245;245;245m@  [38;2;0;0;218m$    [39m
 [38;2;0;0;0m       [38;2;0;0;235m@ [38;2;135;135;135md[38;2;251;251;251m@[38;2;252;252;252m@@@@@@@@@@@@@@@@@@@@[38;2;234;234;234m@ [38;2;0;0;203mJ[38;2;0;0;216mF    [39m
 [38;2;0;0;0m      [38;2;2;2;189mj[38;2;0;0;226mF [38;2;200;200;200mg[38;2;252;252;252m@@@@@@@@@@@@@@@@@@@@[38;2;251;251;251m@[38;2;174;174;174m@ [38;2;0;0;223mg[38;2;1;1;198m[    [39m
 [38;2;0;0;0m      [38;2;0;0;213mg[38;2;0;0;196m[ [38;2;229;229;229m@[38;2;252;252;252m@@@@@@@@@@@@@@@@@@@@[38;2;251;251;251m@[38;2;128;128;129mF [38;2;0;0;231m@     [39m
 [38;2;0;0;0m      [38;2;0;0;234m@ [38;2;102;102;102my[38;2;251;251;251m@[38;2;252;252;252m@@@@@@@@@@@@@@@@@@@@[38;2;244;244;244m@ [38;2;0;0;182mj[38;2;0;0;215m$     [39m
 [38;2;0;0;0m      [38;2;0;0;233m@ [38;2;130;130;130m4[38;2;251;251;251m@[38;2;252;252;252m@@@[38;2;251;251;251m@[38;2;252;252;252m@@@@@@@@[38;2;251;251;251m@[38;2;252;252;252m@@@@@@[38;2;251;251;251m@[38;2;208;208;208mF [38;2;0;0;228mg[38;2;0;0;207m|     [39m
 [38;2;0;0;0m      [38;2;0;0;221m@[38;2;0;0;217mg[38;2;1;0;193m_[38;2;185;185;185m~[38;2;189;189;189mP[38;2;203;203;203mR[38;2;200;200;200mF[38;2;210;210;210m~[38;2;120;120;120m~[38;2;212;212;212m~[38;2;181;181;181mP[38;2;214;214;214mR[38;2;215;215;215mR[38;2;202;202;202mP[38;2;241;241;241m~[38;2;142;142;142m~[38;2;166;166;166m~[38;2;178;178;178mT[38;2;199;199;199mR[38;2;217;217;217mR[38;2;172;172;172m@[38;2;186;186;186mF[38;2;188;188;188m~[38;2;200;200;200m`[38;2;0;0;227m_[38;2;0;0;229mg[38;2;0;0;223mF      [39m
 [38;2;0;0;0m       [38;2;0;0;229m~[38;2;0;0;226m@gg[38;2;0;0;223mg[38;2;0;0;226mg@@[38;2;0;0;220m@[38;2;0;0;227mg[38;2;0;0;220my[38;2;0;0;218ma[38;2;0;0;228mg[38;2;0;0;220m@[38;2;0;0;225m@[38;2;0;0;226m@[38;2;0;0;227mg[38;2;0;0;219mgy[38;2;0;0;226mgg[38;2;0;0;227m@@[38;2;0;0;222mP[38;2;0;0;207m~       [39m
 [38;2;0;0;0m         [38;2;0;0;226m`~~[38;2;0;0;228m`  [38;2;1;0;220m`[38;2;0;0;224m~[38;2;0;0;226m~[38;2;0;0;227m~[38;2;0;0;222m~[38;2;3;2;191m`  [38;2;1;1;214m~[38;2;0;0;226m~[38;2;0;0;227m~[38;2;0;0;225m~[38;2;0;0;226m`           [39m
 [38;2;0;0;0m                                       [39m
[?25h