[?25l[39m [38;2;0;0;0m                [38;2;2;1;193m_[38;2;0;0;232m_[38;2;0;0;230m_[38;2;0;0;229m_[38;2;0;0;230m_[38;2;0;0;233m_[38;2;0;0;201m_                [39m
 [38;2;0;0;0m            [38;2;0;0;229m_[38;2;0;0;214ma[38;2;0;0;226ma[38;2;0;0;222mP[38;2;0;0;228m~[38;2;0;0;225m~[38;2;0;0;226m~[38;2;0;0;227m~[38;2;0;0;226m~[38;2;0;0;225m~[38;2;0;0;227m~[38;2;0;0;224m=[38;2;0;0;216m#[38;2;0;0;224ma[38;2;0;0;223m_[38;2;1;0;209m_           [39m
 [38;2;0;0;0m          [38;2;1;0;208my[38;2;0;0;219m@[38;2;0;0;225m~[38;2;0;0;226m`[38;2;135;135;135my[38;2;207;207;207my[38;2;244;244;244mg[38;2;229;229;229m$[38;2;240;240;240m@[38;2;250;250;250m@[38;2;249;249;249m@[38;2;236;236;236m@[38;2;224;224;224m$[38;2;232;232;232mg[38;2;200;200;200my[38;2;237;237;237m_[38;2;0;0;216m~[38;2;0;0;226m~[38;2;0;0;215m@[38;2;0;0;229m_         [39m
 [38;2;0;0;0m        [38;2;0;0;207m_[38;2;0;0;221m@[38;2;0;0;227m~ [38;2;183;183;183mg[38;2;236;236;236m@[38;2;251;251;251m@[38;2;252;252;252m@@@@@@@@@@[38;2;251;251;251m@[38;2;245;245;245m@[38;2;207;207;207mg[38;2;161;161;161m_[38;2;0;0;220m~[38;2;0;0;215m@[38;2;0;0;229m_       [39m
 [38;2;0;0;0m       [38;2;0;1;200m_[38;2;0;0;223m@[38;2;0;0;194m'[38;2;129;129;129my[38;2;230;230;230m@[38;2;252;252;252m@@@@@@@@@@@@@@@@[38;2;251;251;251m@[38;2;187;187;187mg [38;2;0;0;216m?[38;2;0;0;219mg      [39m
 [38;2;0;0;0m       [38;2;0;0;231m@[38;2;1;0;192m'[38;2;82;82;83my[38;2;243;243;243m@[38;2;252;252;252m@@@@@[38;2;243;243;243m@[38;2;195;195;195m@[38;2;245;245;245m@[38;2;251;251;251m@[38;2;252;252;252m@@@@@@@@@[38;2;251;251;251m@[38;2;191;191;191m@ [38;2;0;0;214m?[38;2;1;1;201m$     [39m
 [38;2;0;0;0m      [38;2;2;1;195mj[38;2;0;0;224mF [38;2;204;204;204mg[38;2;251;251;251m@[38;2;252;252;252m@@@@[38;2;251;251;251m@[38;2;168;168;168m@[38;2;203;203;203m_ [38;2;176;176;176m~[38;2;150;150;150mM[38;2;197;197;197m@[38;2;252;252;252m@@@[38;2;248;248;248m@[38;2;232;232;232m@[38;2;233;233;233m@@@[38;2;232;232;232m@[38;2;114;114;115mL [38;2;0;0;235m$     [39m
 [38;2;0;0;0m      [38;2;1;1;201m4[38;2;0;1;211m[ [38;2;224;224;224m$[38;2;252;252;252m@@@@@@[38;2;251;251;251m@[38;2;241;241;241m@[38;2;199;199;199mP  [38;2;83;83;83m_[38;2;192;192;192my[38;2;251;251;251m@[38;2;248;248;248m@[38;2;228;228;228m_[38;2;172;172;172m_____[38;2;74;74;74m_ [38;2;0;0;232m$     [39m
 [38;2;0;0;0m      [38;2;1;1;205m4[38;2;1;0;209m[ [38;2;230;230;230m$[38;2;252;252;252m@@@@@[38;2;251;251;251m@[38;2;156;156;156mE [38;2;230;230;230m_[38;2;210;210;210my[38;2;248;248;248mg[38;2;250;250;250m@[38;2;252;252;252m@@@[38;2;251;251;251m@@@@@@[38;2;135;135;135mE [38;2;0;0;234m$     [39m
 [38;2;0;0;0m      [38;2;1;0;212m4[38;2;0;0;204m[ [38;2;233;233;233m$[38;2;252;252;252m@@@@@@[38;2;251;251;251m@@@[38;2;252;252;252m@@@@@@@@@@@[38;2;251;251;251m@[38;2;144;144;144mF [38;2;0;0;236m$     [39m
 [38;2;0;0;0m      [38;2;0;0;215mg  [38;2;238;238;238m@[38;2;252;252;252m@@@@@@@@@@@@@@@@@@@@[38;2;251;251;251m@[38;2;111;111;111mL [38;2;0;0;231m@     [39m
 [38;2;0;0;0m      [38;2;0;0;227m@  [38;2;249;249;249m@[38;2;252;252;252m@@@@@@@@@@@@@@@@@@@@[38;2;251;251;251m@  [38;2;0;0;223m@     [39m
 [38;2;0;0;0m      [38;2;0;0;236m@ [38;2;125;125;125m4[38;2;251;251;251m@[38;2;252;252;252m@@@@@@@@@@@@@@@@@@@@[38;2;239;239;239m@ [38;2;0;0;194mj[38;2;1;1;207m$     [39m
 [38;2;0;0;0m     [38;2;2;2;166mj[38;2;0;0;222m@ [38;2;169;169;169mg[38;2;251;251;251m@[38;2;252;252;252m@@@@@@@@@@@@@@@@@@@@[38;2;200;200;200m@ [38;2;0;0;209mg[38;2;1;1;213m[     [39m
 [38;2;0;0;0m     [38;2;1;2;196mJ[38;2;0;0;212mE [38;2;167;167;167m$[38;2;251;251;251m@[38;2;252;252;252m@@@@@@@@@@@@@@@@@@@[38;2;251;251;251m@[38;2;172;172;172mF [38;2;0;0;229m$[38;2;0;0;198m'     [39m
 [38;2;0;0;0m     [38;2;3;2;185m`[38;2;0;0;229m@[38;2;0;0;230m_ [38;2;164;164;164m5[38;2;215;215;215mP[38;2;251;251;251m~~[38;2;170;170;170mA[38;2;230;230;230m@[38;2;251;251;251m@[38;2;245;245;245m@[38;2;201;201;201m@[38;2;188;188;188mF[38;2;251;251;251m~[38;2;149;149;149mM[38;2;202;202;202m@[38;2;247;247;247m@[38;2;250;250;250m@[38;2;227;227;227m@[38;2;220;220;220mF[38;2;251;251;251m~~[38;2;175;175;175mR[38;2;218;218;218m~[38;2;1;0;201m_[38;2;0;0;225mg[38;2;0;0;221mF      [39m
 [38;2;0;0;0m      [38;2;1;1;206m`[38;2;0;0;216m4[38;2;0;0;221m@[38;2;0;0;219my[38;2;0;0;216ma[38;2;0;0;227ma[38;2;0;0;219m@[38;2;0;0;217my[38;2;0;0;227m_[38;2;0;0;225m_[38;2;0;0;227m__g[38;2;0;0;228m@[38;2;0;0;225mg[38;2;0;0;227m_[38;2;0;0;226m_[38;2;0;0;225m_[38;2;0;0;227m_[38;2;0;0;223ma[38;2;0;0;222m@[38;2;0;0;227mg[38;2;0;0;220my[38;2;0;0;228mgP[38;2;0;0;214m~       [39m
 [38;2;0;0;0m         [38;2;0;0;221m~[38;2;0;0;217m~  [38;2;0;0;220m~[38;2;0;0;226m~[38;2;0;0;227m~[38;2;0;0;226m~[38;2;0;0;227m~[38;2;0;1;209m` [38;2;3;2;196m~[38;2;0;0;226m~~[38;2;0;0;227m~[38;2;0;0;226m~[38;2;1;1;205m~ [38;2;3;1;196m`[38;2;1;0;221m~[38;2;4;2;196m`         [39m
 [38;2;0;0;0m                                       [39m
[?25h