[?25l[39m [38;2;0;0;0m             [38;2;0;0;230m_[38;2;0;0;225m_[38;2;0;0;217my[38;2;0;0;227mga[38;2;0;0;226maa[38;2;0;0;228mag[38;2;0;0;218my[38;2;0;0;225m_[38;2;0;0;229m_              [39m
 [38;2;0;0;0m          [38;2;0;0;228m_[38;2;0;0;226mg[38;2;0;0;227mP[38;2;0;0;225m~[38;2;0;0;224m~[38;2;182;182;182m_[38;2;139;139;139my[38;2;166;166;166my[38;2;181;181;181my[38;2;180;180;180my[38;2;166;166;166my[38;2;248;248;248m_[38;2;182;182;182m_[38;2;0;0;224m~[38;2;0;0;225m~[38;2;0;0;227m4[38;2;0;0;226mg[38;2;0;0;228m_           [39m
 [38;2;0;0;0m        [38;2;0;0;231m_[38;2;0;0;220m@[38;2;0;0;229m~[38;2;84;84;84m_[38;2;186;186;186my[38;2;244;244;244mg[38;2;246;246;246m@[38;2;251;251;251m@[38;2;252;252;252m@@@@@@[38;2;251;251;251m@[38;2;249;249;249m@[38;2;245;245;245mg[38;2;182;182;182my[38;2;84;84;84m_[38;2;0;0;225m~[38;2;0;0;220m@[38;2;0;0;231m_         [39m
 [38;2;0;0;0m       [38;2;0;0;229mg[38;2;0;0;215mF [38;2;187;187;187mg[38;2;245;245;245m@[38;2;252;252;252m@@@@@@@@@@@@@@[38;2;249;249;249m@[38;2;186;186;186mg [38;2;0;0;226m~$[38;2;0;0;209m,       [39m
 [38;2;0;0;0m      [38;2;0;0;223m@[38;2;0;0;203m~ [38;2;212;212;212m$[38;2;251;251;251m@[38;2;231;231;231m@[38;2;215;215;215m@[38;2;251;251;251m@[38;2;252;252;252m@@@@@@@@@@@@@@[38;2;223;223;223m@[38;2;81;81;81m,[38;2;0;0;204m"[38;2;0;0;231m$       [39m
 [38;2;0;0;0m     [38;2;0;0;218mj[38;2;0;0;220mF [38;2;221;221;221mg[38;2;251;251;251m@@[38;2;165;165;165my[38;2;76;76;76m_[38;2;154;154;154m`[38;2;243;243;243m~[38;2;190;190;190mR[38;2;245;245;245m@[38;2;251;251;251m@[38;2;252;252;252m@[38;2;251;251;251m@@[38;2;250;250;250m@@@@@[38;2;251;251;251m@@[38;2;252;252;252m@[38;2;206;206;206m@ [38;2;0;0;207m?[38;2;1;1;202m$      [39m
 [38;2;0;0;0m     [38;2;0;0;222m@  [38;2;248;248;248m@[38;2;252;252;252m@@[38;2;251;251;251m@[38;2;245;245;245m@[38;2;217;217;217m=   [38;2;202;202;202m$[38;2;251;251;251m@[38;2;214;214;214m@      [38;2;81;81;81m_[38;2;217;217;217m$[38;2;252;252;252m@[38;2;251;251;251m@  [38;2;0;0;228m$      [39m
 [38;2;0;0;0m     [38;2;0;0;226m@  [38;2;249;249;249m@[38;2;252;252;252m@[38;2;251;251;251m@[38;2;204;204;204m~ [38;2;194;194;194m_[38;2;199;199;199my[38;2;247;247;247mg[38;2;251;251;251m@[38;2;252;252;252m@@@[38;2;251;251;251m@[38;2;252;252;252m@@@@@@@@[38;2;251;251;251m@  [38;2;0;0;226m@      [39m
 [38;2;0;0;0m     [38;2;0;0;225m@  [38;2;249;249;249m@[38;2;252;252;252m@@[38;2;246;246;246m@[38;2;238;238;238m@[38;2;251;251;251m@[38;2;252;252;252m@@@@@@@@@@@@@@@[38;2;251;251;251m@  [38;2;0;0;226m@      [39m
 [38;2;0;0;0m     [38;2;0;0;225m@  [38;2;249;249;249m@[38;2;252;252;252m@@@@@@@@@@@@@@@@@@@@[38;2;251;251;251m@  [38;2;0;0;226m@      [39m
 [38;2;0;0;0m     [38;2;0;0;225m@  [38;2;249;249;249m@[38;2;252;252;252m@@@@@@@@@@@@@@@@@@@@[38;2;251;251;251m@  [38;2;0;0;226m@      [39m
 [38;2;0;0;0m     [38;2;0;0;225m@  [38;2;249;249;249m@[38;2;252;252;252m@@@@@@@@@@@@@@@@@@@@[38;2;251;251;251m@  [38;2;0;0;226m@      [39m
 [38;2;0;0;0m     [38;2;0;0;225m@  [38;2;249;249;249m@[38;2;252;252;252m@@@@@@@@@@@@@@@@@@@@[38;2;251;251;251m@  [38;2;0;0;226m@      [39m
 [38;2;0;0;0m     [38;2;0;0;222m@  [38;2;242;242;242m@[38;2;252;252;252m@@@@@@@@@@@@@@@@@@@@[38;2;247;247;247m@  [38;2;0;0;224m@      [39m
 [38;2;0;0;0m     [38;2;2;1;195m7[38;2;0;0;225m@[38;2;0;0;213m_[38;2;130;130;130m~[38;2;193;193;193mR[38;2;244;244;244m@[38;2;251;251;251m@[38;2;248;248;248m@[38;2;197;197;197m@[38;2;178;178;178mF[38;2;252;252;252m~[38;2;167;167;167m5[38;2;227;227;227m@[38;2;250;250;250m@@[38;2;229;229;229m@[38;2;217;217;217mF[38;2;252;252;252m~[38;2;176;176;176mT[38;2;185;185;185m@[38;2;247;247;247m@[38;2;251;251;251m@[38;2;245;245;245m@[38;2;176;176;176m@[38;2;159;159;159m~[38;2;0;0;211m_[38;2;0;0;230mg[38;2;0;1;207mF      [39m
 [38;2;0;0;0m      [38;2;1;0;214m~[38;2;0;0;214m@[38;2;0;0;228mg[38;2;0;0;211my[38;2;0;0;226m_[38;2;0;0;228m_[38;2;0;0;226m_[38;2;0;0;227m_[38;2;0;0;225mg[38;2;0;0;224m@[38;2;0;0;215mg[38;2;0;0;226m_[38;2;0;0;227m__[38;2;0;0;226m_[38;2;0;0;219ma[38;2;0;0;221m@[38;2;0;0;225mg[38;2;0;0;227m_[38;2;0;0;226m_[38;2;0;0;228m_[38;2;0;0;226m_[38;2;0;0;212my[38;2;0;0;227mg[38;2;0;0;217m@[38;2;0;0;216m~       [39m
 [38;2;0;0;0m        [38;2;0;0;223m`[38;2;0;0;227m~[38;2;0;0;226m~[38;2;0;0;227m~~[38;2;0;0;226m~[38;2;2;1;209m~[38;2;2;1;190m`[38;2;0;0;227m~[38;2;0;0;226m~[38;2;0;0;227m~~[38;2;0;0;225m~[38;2;0;0;229m~[38;2;2;1;191m`[38;2;2;1;206m~[38;2;0;0;226m~~[38;2;0;0;227m~[38;2;0;0;226m~[38;2;0;0;228m~[38;2;0;0;221m`         [39m
 [38;2;0;0;0m                                       [39m
 [38;2;0;0;0m                                       [39m
[?25h