[?25l[39m [38;2;0;0;0m              [38;2;0;0;221m_[38;2;0;0;225m_[38;2;0;0;226m_[38;2;0;0;217my[38;2;0;0;221ma[38;2;0;0;223mg[38;2;0;0;219ma[38;2;0;0;217my[38;2;0;0;226m_[38;2;0;0;224m_[38;2;0;0;227m_              [39m
 [38;2;0;0;0m           [38;2;0;0;230m_[38;2;0;0;224mg[38;2;0;0;214m@[38;2;0;0;227m~[38;2;0;0;228m~[38;2;0;0;214m~[38;2;221;221;221m_[38;2;244;244;244m_[38;2;141;141;141my[38;2;250;250;250m_[38;2;238;238;238m_[38;2;170;170;170m_[38;2;0;0;227m~[38;2;0;0;225m~[38;2;0;0;226m=a[38;2;1;1;203my[38;2;1;0;207m_          [39m
 [38;2;0;0;0m         [38;2;0;0;226m_[38;2;0;0;219m@[38;2;0;0;209mF[38;2;0;0;204m`[38;2;155;155;155my[38;2;223;223;223ma[38;2;222;222;222m@[38;2;251;251;251m@@[38;2;252;252;252m@@@@[38;2;251;251;251m@@[38;2;227;227;227m$[38;2;193;193;193mg[38;2;242;242;242m_[38;2;0;0;207m~[38;2;0;0;210m?[38;2;0;0;228ma[38;2;0;0;225m_        [39m
 [38;2;0;0;0m        [38;2;0;0;214mg[38;2;0;0;224mP [38;2;171;171;171my[38;2;221;221;221m@[38;2;251;251;251m@[38;2;252;252;252m@@@@@@@@@@@@[38;2;251;251;251m@[38;2;240;240;240m@[38;2;200;200;200my [38;2;0;0;228m~[38;2;0;0;218m$[38;2;0;1;203m,      [39m
 [38;2;0;0;0m       [38;2;1;0;209mg[38;2;0;0;228mF [38;2;193;193;193mg[38;2;251;251;251m@[38;2;252;252;252m@@@@@@@@@@@@@@@@@[38;2;227;227;227m@[38;2;118;118;118m_[38;2;0;0;201m"[38;2;0;0;230m$[38;2;0;0;214m,     [39m
 [38;2;0;0;0m       [38;2;0;0;231m@ [38;2;150;150;150my[38;2;251;251;251m@[38;2;252;252;252m@@@@@@@@@@@@@@@@@@@[38;2;235;235;235m@ [38;2;1;0;196m"[38;2;0;0;224m$     [39m
 [38;2;0;0;0m      [38;2;1;1;203mJ[38;2;0;0;217m[ [38;2;204;204;204m$[38;2;252;252;252m@@@@@@@@@@@@@@@@@@@@[38;2;251;251;251m@[38;2;168;168;168mL [38;2;0;0;234m$     [39m
 [38;2;0;0;0m      [38;2;1;1;201m4[38;2;0;1;213m[ [38;2;223;223;223m$[38;2;252;252;252m@@@@@@@@@@@@@@@@@@@@[38;2;251;251;251m@[38;2;130;130;130m@ [38;2;0;0;231m$     [39m
 [38;2;0;0;0m      [38;2;1;1;205m4[38;2;1;0;210m[ [38;2;229;229;229m$[38;2;252;252;252m@@@@@@@@@@@@@@@@@@@@[38;2;251;251;251m@[38;2;121;121;121m@ [38;2;0;0;233m$     [39m
 [38;2;0;0;0m      [38;2;1;0;210m4[38;2;1;0;204m[ [38;2;233;233;233m$[38;2;252;252;252m@@@@@@@@@@@@@@@@@@@@[38;2;251;251;251m@[38;2;147;147;147mF [38;2;0;0;236m$     [39m
 [38;2;0;0;0m      [38;2;0;0;216mg[38;2;0;0;190m[ [38;2;237;237;237m@[38;2;252;252;252m@@@@@@@@@@@@@@@@@@@@[38;2;251;251;251m@[38;2;105;105;105mF [38;2;0;0;235m$     [39m
 [38;2;0;0;0m      [38;2;0;0;228m@  [38;2;249;249;249m@[38;2;252;252;252m@@@@@@@@@@@@@@@@@@@@[38;2;251;251;251m@  [38;2;0;0;224m@     [39m
 [38;2;0;0;0m      [38;2;0;0;236m@ [38;2;117;117;118md[38;2;251;251;251m@[38;2;252;252;252m@@@@@@@@@@@@@@@@@@@@[38;2;239;239;239m@ [38;2;0;0;192mj[38;2;1;1;209m$     [39m
 [38;2;0;0;0m     [38;2;3;3;160mj[38;2;0;0;228m@ [38;2;173;173;173m4[38;2;251;251;251m@[38;2;252;252;252m@@@@@@@@@@@@@@@@@@@[38;2;251;251;251m@[38;2;177;177;177m@ [38;2;0;0;218mg[38;2;1;1;212m[     [39m
 [38;2;0;0;0m      [38;2;0;0;231m@[38;2;0;0;229m_ [38;2;179;179;179mF[38;2;173;173;173mT[38;2;157;157;157m5[38;2;219;219;219m@[38;2;251;251;251m@@[38;2;246;246;246m@[38;2;179;179;179m@[38;2;173;173;173mF[38;2;175;175;175mT[38;2;173;173;173m@[38;2;248;248;248m@[38;2;251;251;251m@[38;2;250;250;250m@[38;2;217;217;217m@[38;2;205;205;205mF[38;2;172;172;172mT5[38;2;234;234;234m@[38;2;221;221;221m@[38;2;193;193;193mF [38;2;0;0;216my[38;2;0;0;218m@      [39m
 [38;2;0;0;0m      [38;2;2;1;196m~[38;2;0;0;217m@[38;2;0;0;227mg[38;2;0;0;223ma[38;2;0;0;219m@[38;2;0;0;221my[38;2;0;0;226m_[38;2;0;0;228m__[38;2;0;0;226m_[38;2;0;0;211my[38;2;0;0;227mg[38;2;0;0;225mg[38;2;0;0;226m__[38;2;0;0;229m_[38;2;0;0;227m_[38;2;0;0;226m_a[38;2;0;0;221m$[38;2;0;0;215my[38;2;0;0;226m__[38;2;0;0;224ma[38;2;0;0;226m@[38;2;0;0;214mF       [39m
 [38;2;0;0;0m        [38;2;1;1;210m~[38;2;0;0;229m~[38;2;0;0;230m`[38;2;0;0;228m~[38;2;0;0;227m~[38;2;0;0;230m==[38;2;0;0;227m~[38;2;0;0;226m~[38;2;0;0;229m`[38;2;0;0;222m~[38;2;0;0;226m~[38;2;0;0;224m=[38;2;0;0;233m=[38;2;0;0;222m=[38;2;0;0;225m~[38;2;0;0;220m~[38;2;1;1;204m~[38;2;0;0;226m~~~[38;2;0;0;225m~         [39m
 [38;2;0;0;0m                                       [39m
 [38;2;0;0;0m                                       [39m
[?25h