[?25l[39m [38;2;0;0;0m              [38;2;0;0;227m_[38;2;0;0;225m_[38;2;1;1;204my[38;2;0;0;219my[38;2;0;0;220mg[38;2;0;0;224mg[38;2;0;0;218mg[38;2;0;0;215my[38;2;0;0;226m_[38;2;0;0;225m_[38;2;0;0;221m_              [39m
 [38;2;0;0;0m           [38;2;0;0;227m_[38;2;0;0;226mg[38;2;0;0;227mP[38;2;0;0;226m~[38;2;0;0;229m~[38;2;0;0;212m~[38;2;225;225;225m_[38;2;243;243;243m_[38;2;249;249;249m_[38;2;245;245;245m_[38;2;232;232;232m_[38;2;105;105;105m_[38;2;0;0;228m~[38;2;0;0;226m~[38;2;0;0;224m4[38;2;0;0;227ma[38;2;0;0;223m_[38;2;2;2;193m,          [39m
 [38;2;0;0;0m         [38;2;1;0;207my[38;2;0;0;221m@[38;2;0;0;228m~ [38;2;176;176;176my[38;2;234;234;234mg[38;2;233;233;233m@[38;2;251;251;251m@@[38;2;252;252;252m@@@@[38;2;251;251;251m@[38;2;248;248;248m@[38;2;249;249;249mg[38;2;204;204;204my[38;2;196;196;196m_[38;2;0;0;223m~[38;2;0;0;227m4[38;2;0;0;221mg[38;2;2;1;202m_        [39m
 [38;2;0;0;0m        [38;2;0;0;229mg[38;2;0;0;216mF [38;2;179;179;179mg[38;2;241;241;241m@[38;2;252;252;252m@@@@@@@@@@@@@[38;2;251;251;251m@[38;2;213;213;213m@[38;2;142;142;142my[38;2;0;0;206m`[38;2;0;0;228m4[38;2;0;0;214my       [39m
 [38;2;0;0;0m       [38;2;0;0;222m@[38;2;0;0;206m~ [38;2;239;239;239mg[38;2;251;251;251m@[38;2;252;252;252m@@@@@@@@@@@@@@@@[38;2;251;251;251m@[38;2;176;176;176m@ [38;2;0;0;211m?[38;2;0;0;216m$      [39m
 [38;2;0;0;0m      [38;2;0;0;217mj[38;2;0;0;222mF [38;2;217;217;217mg[38;2;251;251;251m@[38;2;252;252;252m@@@@@@@@@@@@@@@@@@[38;2;251;251;251m@[38;2;170;170;171m@ [38;2;0;0;210m5[38;2;0;0;218mi     [39m
 [38;2;0;0;0m      [38;2;0;0;223m@  [38;2;248;248;248m@[38;2;252;252;252m@@@@@@@@@@@@@@@@@@@@[38;2;248;248;248m@  [38;2;0;0;224m$     [39m
 [38;2;0;0;0m      [38;2;0;0;228m@  [38;2;249;249;249m@[38;2;252;252;252m@@@@@@@@@@@@@@@@@@@@@  [38;2;0;0;227m$     [39m
 [38;2;0;0;0m      [38;2;0;0;230m@  [38;2;249;249;249m@[38;2;252;252;252m@@@@@@@@@@@@@@@@@@@@[38;2;251;251;251m@  [38;2;0;0;225m$     [39m
 [38;2;0;0;0m      [38;2;0;0;233m@ [38;2;78;78;78m4[38;2;250;250;250m@[38;2;252;252;252m@@@@@@@@@@@@@@@@@@@@[38;2;249;249;249m@  [38;2;0;0;221m$     [39m
 [38;2;0;0;0m      [38;2;0;0;236m@ [38;2;108;108;108m4[38;2;251;251;251m@[38;2;252;252;252m@@@@@@@@@@@@@@@@@@@@[38;2;242;242;242m@  [38;2;0;0;215m$     [39m
 [38;2;0;0;0m      [38;2;0;0;235m@ [38;2;142;142;142m4[38;2;251;251;251m@[38;2;252;252;252m@@@@@@@@@@@@@@@@@@@@[38;2;236;236;236m@ [38;2;0;0;199mJ[38;2;0;0;217mF     [39m
 [38;2;0;0;0m     [38;2;2;2;162mj[38;2;0;0;224m@ [38;2;164;164;164mg[38;2;251;251;251m@[38;2;252;252;252m@@@@@@@@@@@@@@@@@@@@[38;2;202;202;202m@ [38;2;0;0;218mJ[38;2;0;1;216m[     [39m
 [38;2;0;0;0m     [38;2;1;1;192mJ[38;2;0;0;210m@ [38;2;158;158;158m$[38;2;251;251;251m@[38;2;252;252;252m@@@@@@@@@@@@@@@@@@@[38;2;251;251;251m@[38;2;195;195;195mF [38;2;0;0;225m$[38;2;0;0;207m'     [39m
 [38;2;0;0;0m     [38;2;2;3;188m`[38;2;0;0;231m@[38;2;0;0;229m_[38;2;64;64;64m"[38;2;172;172;172m5[38;2;195;195;195m@[38;2;185;185;185mF[38;2;252;252;252m~[38;2;171;171;171m5[38;2;234;234;234m@[38;2;251;251;251m@@[38;2;230;230;230m@[38;2;219;219;219mF[38;2;252;252;252m~[38;2;178;178;178mT[38;2;194;194;194m@[38;2;249;249;249m@[38;2;252;252;252m@[38;2;246;246;246m@[38;2;181;181;181m@[38;2;166;166;166mF[38;2;251;251;251m~[38;2;193;193;193mP[38;2;161;161;161mF [38;2;0;0;220ma[38;2;0;0;229mF      [39m
 [38;2;0;0;0m      [38;2;0;0;217m`[38;2;0;0;228m4g[38;2;0;0;213my[38;2;0;0;227m_[38;2;0;0;226mg[38;2;0;0;221m@[38;2;0;0;218my[38;2;0;0;226m_[38;2;0;0;227m_[38;2;0;0;226m__[38;2;0;0;220ma[38;2;0;0;221m@[38;2;0;0;223mg[38;2;0;0;226m_[38;2;0;0;227m__[38;2;0;0;226m_[38;2;0;0;212my[38;2;0;0;227mgg[38;2;0;0;217my[38;2;0;0;225mg[38;2;0;0;223m@[38;2;0;0;227m~       [39m
 [38;2;0;0;0m        [38;2;0;0;222m`[38;2;0;0;226m~~[38;2;2;1;202m~[38;2;0;0;216m`[38;2;0;0;226m~~[38;2;0;0;227m~~[38;2;0;0;225m~[38;2;0;0;227m~[38;2;1;0;202m`[38;2;1;0;224m~[38;2;0;0;226m~[38;2;0;0;227m~~~[38;2;0;0;228m~[38;2;0;0;220m``[38;2;0;0;226m~[38;2;1;0;210m~         [39m
 [38;2;0;0;0m                                       [39m
 [38;2;0;0;0m                                       [39m
[?25h