[?25l[39m [38;2;0;0;0m               [38;2;0;0;231m_[38;2;0;0;225m_[38;2;1;1;205my[38;2;0;0;217my[38;2;0;0;221my[38;2;0;0;220my[38;2;0;0;215my[38;2;0;0;226m_[38;2;0;0;225m_[38;2;0;0;231m_              [39m
 [38;2;0;0;0m            [38;2;0;0;226m_gP~[38;2;0;0;227m~[38;2;0;0;204m~[38;2;228;228;228m_[38;2;243;243;243m_[38;2;247;247;247m_[38;2;241;241;241m_[38;2;220;220;220m_[38;2;0;0;221m~[38;2;0;0;226m~[38;2;0;0;227m~[38;2;0;0;215m#[38;2;0;0;216mg[38;2;0;0;227m_          [39m
 [38;2;0;0;0m          [38;2;0;0;230m_[38;2;0;0;223m@[38;2;0;0;229m~ [38;2;173;173;173my[38;2;234;234;234mg[38;2;236;236;236m@[38;2;251;251;251m@[38;2;252;252;252m@@@@[38;2;251;251;251m@@[38;2;245;245;245m@[38;2;247;247;247mg[38;2;202;202;202my_[38;2;0;0;225m~[38;2;0;0;226m4[38;2;1;0;215mg[38;2;2;1;200m_       [39m
 [38;2;0;0;0m         [38;2;0;0;222mg[38;2;0;0;227mF [38;2;185;185;186my[38;2;234;234;234m@[38;2;251;251;251m@[38;2;252;252;252m@@@@@@@@@@@@[38;2;251;251;251m@[38;2;223;223;223m@[38;2;177;177;177my[38;2;1;1;195m`[38;2;0;0;216m4[38;2;0;1;215mg      [39m
 [38;2;0;0;0m        [38;2;0;0;209mg[38;2;0;0;226mF [38;2;195;195;195mg[38;2;251;251;251m@[38;2;252;252;252m@@@@@@@@@@@@@@@@[38;2;251;251;251m@[38;2;216;216;216m@[38;2;106;106;107m_[38;2;0;0;205m~[38;2;0;0;229m$[38;2;1;0;200m,    [39m
 [38;2;0;0;0m        [38;2;0;0;231m@ [38;2;140;140;140my[38;2;251;251;251m@[38;2;252;252;252m@@@@@@@@@[38;2;251;251;251m@[38;2;219;219;219mF[38;2;144;144;144mM[38;2;207;207;207mR[38;2;247;247;247m@[38;2;251;251;251m@[38;2;252;252;252m@@@@[38;2;235;235;235m@ [38;2;0;0;201m"[38;2;0;0;223m$    [39m
 [38;2;0;0;0m       [38;2;2;2;196mJ[38;2;0;0;219mF [38;2;189;189;189m$[38;2;252;252;252m@@@@@@@@@@[38;2;251;251;251m@[38;2;242;242;242mg[38;2;189;189;189my[38;2;190;190;190m_ [38;2;192;192;192m~[38;2;157;157;157mM[38;2;231;231;231m@[38;2;252;252;252m@[38;2;248;248;248m@[38;2;219;219;219mF[38;2;97;97;97mF [38;2;0;0;233m$    [39m
 [38;2;0;0;0m       [38;2;1;1;201mJ[38;2;1;0;215m[ [38;2;209;209;209m$[38;2;252;252;252m@@@@@@@@@@@[38;2;217;217;217m@[38;2;204;204;204mF[38;2;208;208;208m~ [38;2;182;182;182m_[38;2;191;191;191my[38;2;212;212;212m@[38;2;251;251;251m@[38;2;245;245;245m@[38;2;214;214;214my[38;2;107;107;107mw [38;2;0;0;228m$    [39m
 [38;2;0;0;0m       [38;2;2;1;201m4[38;2;1;0;212m[ [38;2;223;223;223m$[38;2;252;252;252m@@@@@@@@@@[38;2;251;251;251m@[38;2;202;202;202my[38;2;175;175;175my[38;2;218;218;218mg[38;2;229;229;229m@[38;2;251;251;251m@[38;2;252;252;252m@@@@[38;2;251;251;251m@[38;2;129;129;129m@ [38;2;0;0;232m$    [39m
 [38;2;0;0;0m       [38;2;1;0;213m4[38;2;0;0;203m[ [38;2;221;221;221m@[38;2;252;252;252m@@@@@@@@@@@@@@@@@@@@@[38;2;142;142;142mF [38;2;0;0;235m$    [39m
 [38;2;0;0;0m       [38;2;0;0;222m@  [38;2;248;248;248m@[38;2;252;252;252m@@@@@@@@@@@@@@@@@@@@[38;2;251;251;251m@[38;2;75;75;76m~ [38;2;0;0;227m@    [39m
 [38;2;0;0;0m       [38;2;0;0;234m@ [38;2;136;136;136my[38;2;251;251;251m@[38;2;252;252;252m@@@@@@@@@@@@@@@@@@@@[38;2;236;236;236m@ [38;2;0;0;203mj[38;2;0;0;222mF    [39m
 [38;2;0;0;0m      [38;2;1;1;207mj[38;2;0;0;221mF [38;2;199;199;199m$[38;2;252;252;252m@@@@@@@@@@@@@@@@@@@@[38;2;251;251;251m@[38;2;149;149;149m@ [38;2;0;0;232mg[38;2;0;0;219m'    [39m
 [38;2;0;0;0m      [38;2;0;0;222m@  [38;2;247;247;247m@[38;2;252;252;252m@@@@@@@@@@@@@@@@@@@@[38;2;250;250;250m@[38;2;88;88;88m~ [38;2;0;0;225m@     [39m
 [38;2;0;0;0m      [38;2;0;0;234m@[38;2;0;0;213m, [38;2;225;225;225m@[38;2;243;243;243m@[38;2;251;251;251m@[38;2;252;252;252m@@@@[38;2;251;251;251m@[38;2;242;242;242m@[38;2;248;248;248m@[38;2;252;252;252m@@@@[38;2;251;251;251m@[38;2;246;246;246m@[38;2;244;244;244m@[38;2;251;251;251m@[38;2;252;252;252m@@[38;2;246;246;246m@[38;2;174;174;175mF [38;2;0;0;228mg[38;2;1;1;206mF     [39m
 [38;2;0;0;0m      [38;2;0;0;216m4[38;2;0;0;225m@[38;2;0;0;227m__[38;2;0;0;228m_[38;2;130;130;130m`[38;2;241;241;241m~[38;2;174;174;174mF[38;2;175;175;175mF[38;2;236;236;236m~[38;2;0;0;221m_[38;2;0;0;226m_[38;2;0;0;216m_[38;2;196;196;196m~[38;2;177;177;177mT[38;2;180;180;180mF[38;2;250;250;250m~[38;2;145;145;145m~[38;2;0;0;227m_[38;2;0;0;226m_[38;2;101;101;101m~[38;2;247;247;247m~[38;2;233;233;233m~[38;2;0;0;223m_[38;2;0;0;213my[38;2;0;0;225m@[38;2;0;0;213mF      [39m
 [38;2;0;0;0m       [38;2;0;0;226m~[38;2;0;0;228m4[38;2;0;0;226mP[38;2;1;1;211m@[38;2;0;0;226m@@[38;2;0;0;220m@[38;2;0;0;223m@[38;2;0;0;226m@[38;2;0;0;221m@[38;2;0;0;220m4[38;2;0;0;228m@[38;2;0;0;226m@[38;2;0;0;222m@[38;2;0;0;220m@[38;2;0;0;226m@[38;2;0;0;228m@[38;2;0;0;222mP[38;2;0;0;220m@[38;2;0;0;226m@@@[38;2;0;0;219m@[38;2;0;0;226m~[38;2;0;0;219m'       [39m
 [38;2;0;0;0m            [38;2;1;0;226m`[38;2;0;0;229m`[38;2;1;0;226m`    [38;2;1;1;216m`[38;2;2;2;196m~[38;2;0;0;227m`[38;2;1;1;216m`    [38;2;1;0;227m`           [39m
 [38;2;0;0;0m                                       [39m
[?25h