[?25l[39m [38;2;0;0;0m                                       [39m
 [38;2;0;0;0m            [38;2;0;0;222m_[38;2;0;0;225m_g[38;2;0;0;224ms[38;2;0;0;221mP[38;2;0;0;224m=[38;2;0;0;229m~~[38;2;0;0;228m~[38;2;0;0;225m=[38;2;0;0;228m=[38;2;0;0;224ma[38;2;0;0;221mg[38;2;0;0;225m_[38;2;1;0;221m_            [39m
 [38;2;0;0;0m          [38;2;0;0;227m_[38;2;0;0;216m@[38;2;0;0;209mF[38;2;0;0;225m~[38;2;189;189;189m_[38;2;178;178;178my[38;2;217;217;217my[38;2;238;238;238mg[38;2;252;252;252mggg[38;2;243;243;243mg[38;2;223;223;223my[38;2;185;185;185my[38;2;229;229;229m_[38;2;0;0;219m~[38;2;0;0;225m~[38;2;0;0;214m@[38;2;1;0;212my[38;2;1;0;211m,         [39m
 [38;2;0;0;0m        [38;2;0;0;223m_[38;2;0;0;221m@[38;2;0;0;227m~[38;2;91;91;91m_[38;2;209;209;209my[38;2;226;226;226m@[38;2;251;251;251m@[38;2;252;252;252m@@@@@@@@@[38;2;251;251;251m@[38;2;247;247;247m@[38;2;224;224;224mg[38;2;222;222;222m_[38;2;0;0;205m~[38;2;0;0;226m4[38;2;0;1;214mg        [39m
 [38;2;0;0;0m       [38;2;0;0;224mj[38;2;0;0;231mF [38;2;184;184;184my[38;2;242;242;242m@[38;2;252;252;252m@@@@@@@@@@@@@@@[38;2;251;251;251m@[38;2;208;208;208m$[38;2;109;109;109m_[38;2;0;0;210m~[38;2;0;0;228m$[38;2;1;0;228m,      [39m
 [38;2;0;0;0m      [38;2;2;1;194mj[38;2;0;0;216m@ [38;2;165;165;165mg[38;2;251;251;251m@[38;2;252;252;252m@@@@[38;2;249;249;249m@@[38;2;251;251;251m@[38;2;252;252;252m@@@@@@@@@@@[38;2;242;242;242m@[38;2;101;101;102m_ [38;2;0;0;232m$      [39m
 [38;2;0;0;0m      [38;2;0;0;222m@[38;2;1;0;189m' [38;2;243;243;243m@[38;2;252;252;252m@@@@[38;2;246;246;246m@[38;2;185;185;185m_ [38;2;190;190;190m~[38;2;171;171;171mF[38;2;204;204;204m@[38;2;251;251;251m@[38;2;252;252;252m@@@[38;2;251;251;251m@@@@@@[38;2;210;210;210m@ [38;2;0;0;204m4[38;2;0;0;220m[     [39m
 [38;2;0;0;0m      [38;2;0;0;236m@ [38;2;107;107;107m4[38;2;251;251;251m@[38;2;252;252;252m@@@@@[38;2;251;251;251m@[38;2;232;232;232m@[38;2;180;180;180m=  [38;2;95;95;95m`[38;2;215;215;215m$[38;2;252;252;252m@[38;2;199;199;199m@[38;2;81;81;81m`[38;2;66;66;66m`[38;2;67;67;67m````[38;2;138;138;138m`  [38;2;0;0;215m$     [39m
 [38;2;0;0;0m      [38;2;0;0;237m@ [38;2;117;117;117m4[38;2;252;252;252m@@@@@[38;2;246;246;246m@[38;2;217;217;217m~ [38;2;183;183;183m_[38;2;189;189;189my[38;2;238;238;238mg[38;2;244;244;244m@[38;2;251;251;251m@[38;2;252;252;252m@[38;2;251;251;251m@[38;2;249;249;249m@[38;2;247;247;247m@@@@[38;2;246;246;246m@[38;2;239;239;239m@  [38;2;0;0;214m$     [39m
 [38;2;0;0;0m      [38;2;0;0;237m@ [38;2;129;129;129m4[38;2;251;251;251m@[38;2;252;252;252m@@@@@[38;2;239;239;239m@[38;2;233;233;233m@[38;2;251;251;251m@[38;2;252;252;252m@@@@@@@@@@@@[38;2;239;239;239m@ [38;2;0;0;188mJ[38;2;0;1;211m$     [39m
 [38;2;0;0;0m      [38;2;0;0;235m@ [38;2;145;145;145m4[38;2;251;251;251m@[38;2;252;252;252m@@@@@@@@@@@@@@@@@@@@[38;2;236;236;236m@ [38;2;0;0;198mJ[38;2;0;0;227m[     [39m
 [38;2;0;0;0m      [38;2;0;0;229m@ [38;2;172;172;172m4[38;2;251;251;251m@[38;2;252;252;252m@@@@@@@@@@@@@@@@@@@@[38;2;214;214;214m@ [38;2;0;0;206m4[38;2;1;0;220m[     [39m
 [38;2;0;0;0m     [38;2;2;2;182mj[38;2;0;0;212m@ [38;2;168;168;168m$[38;2;252;252;252m@@@@@@@@@@@@@@@@@@@@@[38;2;192;192;192m$ [38;2;0;0;218mg[38;2;1;1;201m[     [39m
 [38;2;0;0;0m     [38;2;1;1;204mJ[38;2;1;1;215m[ [38;2;213;213;213m$[38;2;252;252;252m@@@@@@@@@@@@@@@@@@@@[38;2;251;251;251m@[38;2;139;139;139m@ [38;2;0;0;229m$      [39m
 [38;2;0;0;0m     [38;2;1;0;210m4[38;2;1;1;210m[ [38;2;220;220;220m$[38;2;252;252;252m@@@@@@@@@@@@@@@@@@@@[38;2;251;251;251m@[38;2;123;123;123mF [38;2;0;0;231m@      [39m
 [38;2;0;0;0m     [38;2;2;2;199m`[38;2;0;0;229m@[38;2;0;0;215m_[38;2;171;171;171m`[38;2;178;178;178mR[38;2;184;184;184mF[38;2;166;166;166mF[38;2;172;172;172m@[38;2;247;247;247m@[38;2;252;252;252m@[38;2;251;251;251m@[38;2;223;223;223m@[38;2;207;207;207mF[38;2;164;164;164mF[38;2;175;175;175mP[38;2;229;229;229m@[38;2;251;251;251m@[38;2;252;252;252m@[38;2;242;242;242m@[38;2;171;171;171m@[38;2;174;174;174mF[38;2;152;152;152mM[38;2;192;192;192m@[38;2;206;206;206m@[38;2;144;144;144mF [38;2;0;0;225mg[38;2;0;0;215mF      [39m
 [38;2;0;0;0m      [38;2;1;1;213m`[38;2;0;0;222m4[38;2;0;0;228mg[38;2;0;0;215my[38;2;0;0;226mgg[38;2;0;0;225m_[38;2;0;0;223m_[38;2;108;108;108m`[38;2;0;0;225m_[38;2;0;0;227m_[38;2;0;0;224ma[38;2;0;0;222m@[38;2;0;0;219my[38;2;0;0;226m_[38;2;0;0;223m_[38;2;98;98;98m`[38;2;0;0;225m_[38;2;0;0;213my[38;2;0;0;224mg[38;2;0;0;225mg[38;2;0;0;226m_[38;2;0;0;227m_g[38;2;0;0;229mP[38;2;1;0;212m~       [39m
 [38;2;0;0;0m        [38;2;3;3;187m`[38;2;0;0;220m~ [38;2;4;4;184m`[38;2;0;0;223m~[38;2;0;0;226m~[38;2;0;0;227m~[38;2;0;0;226m~~[38;2;1;0;216m` [38;2;3;1;203m~[38;2;0;0;227m~~~~[38;2;1;0;212m~ [38;2;3;0;199m`[38;2;0;0;224m~[38;2;0;0;226m~[38;2;4;1;201m`         [39m
 [38;2;0;0;0m                                       [39m
[?25h