[?25l[39m [38;2;0;0;0m                                       [39m
 [38;2;0;0;0m            [38;2;0;0;228m_[38;2;1;1;209my[38;2;0;0;226mg[38;2;0;0;217m@[38;2;0;0;226m@[38;2;0;0;227m@[38;2;0;0;229m@@[38;2;0;0;227m@[38;2;0;0;226m@[38;2;0;0;219m@[38;2;0;0;226mg[38;2;1;1;209my[38;2;0;0;229m_             [39m
 [38;2;0;0;0m         [38;2;0;0;221m_[38;2;0;0;224ma[38;2;0;0;227m@[38;2;0;0;226mP[38;2;0;0;227m~[38;2;0;0;229m~[38;2;134;134;134m_[38;2;248;248;248m_[38;2;159;159;159my[38;2;169;169;169myy[38;2;156;156;156my[38;2;248;248;248m_[38;2;134;134;134m_[38;2;0;0;228m~[38;2;0;0;226m~[38;2;0;0;219mR[38;2;0;0;227m@[38;2;0;0;220mg[38;2;0;0;221m_          [39m
 [38;2;0;0;0m       [38;2;2;2;185m_[38;2;0;0;225ma[38;2;0;0;224m@[38;2;0;0;228m~[38;2;1;0;193m`[38;2;177;177;177my[38;2;235;235;235mg[38;2;237;237;237m@[38;2;251;251;251m@@[38;2;252;252;252m@@@@@[38;2;251;251;251m@[38;2;242;242;242m@[38;2;235;235;235mg[38;2;172;172;172my[38;2;1;0;193m`[38;2;0;0;227m~[38;2;0;0;223m@g,        [39m
 [38;2;0;0;0m      [38;2;0;0;208m_[38;2;0;0;228m@[38;2;0;0;220mF [38;2;206;206;206my[38;2;243;243;243m@[38;2;252;252;252m@@@@@@@@@@@@@@[38;2;249;249;249m@[38;2;202;202;202my [38;2;0;0;226m~[38;2;0;0;228m@[38;2;0;1;208m_       [39m
 [38;2;0;0;0m      [38;2;0;0;231m@[38;2;0;0;210m~ [38;2;238;238;238mg[38;2;251;251;251m@[38;2;252;252;252m@@@@@@@@@@@@@@@@@[38;2;216;216;216m@[38;2;73;73;73m,[38;2;0;0;204m~[38;2;0;0;230m@[38;2;0;0;219m,      [39m
 [38;2;0;0;0m     [38;2;1;0;211ma[38;2;0;0;222mF [38;2;218;218;218mg[38;2;251;251;251m@@[38;2;225;225;225mP[38;2;172;172;172m#[38;2;224;224;224m@[38;2;251;251;251m@[38;2;252;252;252m@@@@@[38;2;240;240;240m@[38;2;186;186;186mM[38;2;198;198;198mR[38;2;247;247;247m@[38;2;251;251;251m@[38;2;252;252;252m@@@@[38;2;201;201;201m@ [38;2;0;0;210m?[38;2;0;0;214m$      [39m
 [38;2;0;0;0m     [38;2;0;0;224m@  [38;2;248;248;248m@[38;2;252;252;252m@@[38;2;195;195;195mg[38;2;243;243;243m_ [38;2;190;190;190m`[38;2;248;248;248m~[38;2;192;192;192mR[38;2;249;249;249m@[38;2;252;252;252m@@[38;2;233;233;233m@[38;2;194;194;194my[38;2;191;191;191m_ [38;2;183;183;183m~[38;2;146;146;146m5[38;2;206;206;206m@[38;2;251;251;251m@[38;2;252;252;252m@[38;2;251;251;251m@  [38;2;0;0;225m@      [39m
 [38;2;0;0;0m     [38;2;0;0;226m@  [38;2;249;249;249m@[38;2;252;252;252m@[38;2;251;251;251m@[38;2;239;239;239m@[38;2;211;211;211mP[38;2;149;149;149mT [38;2;75;75;75m_[38;2;161;161;161my[38;2;211;211;211m@[38;2;252;252;252m@@@[38;2;212;212;212m@[38;2;202;202;202mF[38;2;102;102;102m~ [38;2;188;188;188m_[38;2;202;202;202my[38;2;249;249;249m@[38;2;252;252;252m@[38;2;251;251;251m@  [38;2;0;0;226m@      [39m
 [38;2;0;0;0m     [38;2;0;0;226m@  [38;2;249;249;249m@[38;2;252;252;252m@[38;2;251;251;251m@[38;2;150;150;150my[38;2;251;251;251m_[38;2;205;205;205my[38;2;250;250;250mg@[38;2;252;252;252m@@@@[38;2;210;210;210m@[38;2;248;248;248m_[38;2;166;166;166my[38;2;219;219;219ma[38;2;228;228;228m@[38;2;251;251;251m@[38;2;252;252;252m@@@[38;2;251;251;251m@  [38;2;0;0;226m@      [39m
 [38;2;0;0;0m     [38;2;0;0;226m@  [38;2;249;249;249m@[38;2;252;252;252m@@@@@@@@@@@@@@@@@@@@[38;2;251;251;251m@  [38;2;0;0;226m@      [39m
 [38;2;0;0;0m     [38;2;0;0;226m@  [38;2;249;249;249m@[38;2;252;252;252m@@@@@@@@@@@@@@@@@@@@[38;2;251;251;251m@  [38;2;0;0;227m@      [39m
 [38;2;0;0;0m     [38;2;0;0;226m@  [38;2;249;249;249m@[38;2;252;252;252m@@@@@@@@@@@@@@@@@@@@[38;2;251;251;251m@  [38;2;0;0;227m@      [39m
 [38;2;0;0;0m     [38;2;0;0;222m@  [38;2;248;248;248m@[38;2;252;252;252m@@@@@@@@@@@@@@@@@@@@[38;2;250;250;250m@  [38;2;0;0;224m@      [39m
 [38;2;0;0;0m     [38;2;0;0;215m`[38;2;0;0;222m$[38;2;0;0;192m,[38;2;144;144;144m7[38;2;222;222;222m@[38;2;251;251;251m@@@[38;2;243;243;243m@[38;2;219;219;219mP[38;2;203;203;203mF[38;2;186;186;186m@[38;2;250;250;250m@[38;2;251;251;251m@@@[38;2;196;196;196m@[38;2;207;207;207mF[38;2;187;187;187mA[38;2;241;241;241m@[38;2;251;251;251m@@@[38;2;230;230;230m@[38;2;153;153;153mF [38;2;0;0;226mg[38;2;0;1;203mF      [39m
 [38;2;0;0;0m      [38;2;1;0;208m~[38;2;0;0;230m4[38;2;0;0;216mg[38;2;0;0;226m_[38;2;170;170;170m`[38;2;148;148;148m~[38;2;104;104;104m~[38;2;0;0;227m_[38;2;0;0;213my[38;2;0;0;227mg[38;2;0;0;225m_[38;2;0;0;227m_[38;2;131;131;131m~[38;2;140;140;140m~[38;2;0;0;228m_[38;2;0;0;225m_[38;2;0;0;227mg[38;2;0;0;213my[38;2;0;0;226m_[38;2;204;204;204m`[38;2;152;152;152m~[38;2;177;177;177m`[38;2;0;0;226m_[38;2;0;0;216ma[38;2;0;1;213m@[38;2;0;0;213m~       [39m
 [38;2;0;0;0m        [38;2;0;1;216m`[38;2;0;0;227m~[38;2;0;0;226m~~[38;2;0;0;227m~~[38;2;1;2;198m~ [38;2;0;0;223m~[38;2;0;0;225m~[38;2;0;0;226m~[38;2;0;0;227m~[38;2;0;0;225m~~ [38;2;0;0;226m`[38;2;0;0;225m~[38;2;0;0;226m~~~[38;2;0;0;229m~[38;2;1;0;219m`         [39m
 [38;2;0;0;0m                                       [39m
 [38;2;0;0;0m                                       [39m
[?25h