[?25l[39m [38;2;0;0;0m                                       [39m
 [38;2;0;0;0m            [38;2;0;0;229m_[38;2;0;0;224m_g[38;2;0;0;225ms[38;2;0;0;218mP[38;2;0;0;230m=[38;2;0;0;227m=[38;2;0;0;228m=[38;2;0;0;230m=[38;2;0;0;213mR[38;2;0;0;225ma[38;2;0;0;224mg_[38;2;0;0;228m_             [39m
 [38;2;0;0;0m         [38;2;0;0;214m_[38;2;0;0;221ma[38;2;0;0;227mP[38;2;0;0;225m~[38;2;0;0;213m~[38;2;234;234;234m_[38;2;183;183;183my[38;2;216;216;216my[38;2;219;219;219mg[38;2;243;243;243mgg[38;2;218;218;218mg[38;2;216;216;216my[38;2;183;183;183my[38;2;234;234;234m_[38;2;0;0;211m~[38;2;0;0;226m~[38;2;0;0;219mR[38;2;0;0;216mg[38;2;1;0;216m_          [39m
 [38;2;0;0;0m        [38;2;0;0;223mg[38;2;0;0;224mF[38;2;1;0;213m`[38;2;152;152;153my[38;2;234;234;234mg[38;2;246;246;246m@[38;2;251;251;251m@[38;2;252;252;252m@@@@@@@@[38;2;251;251;251m@[38;2;249;249;249m@[38;2;234;234;234mg[38;2;142;142;142my[38;2;0;0;213m`[38;2;0;0;218m?[38;2;0;0;224mg[38;2;1;1;214m,        [39m
 [38;2;0;0;0m      [38;2;1;0;201m_[38;2;0;0;224m@[38;2;1;0;196m~[38;2;154;154;154m_[38;2;244;244;244mg[38;2;251;251;251m@[38;2;252;252;252m@@@@@@@@@@@@@@[38;2;251;251;251m@[38;2;214;214;214m@[38;2;155;155;155m_[38;2;0;0;212m`[38;2;0;0;221m@[38;2;0;0;234m,       [39m
 [38;2;0;0;0m      [38;2;0;0;230m@ [38;2;117;117;118my[38;2;244;244;244m@[38;2;252;252;252m@[38;2;251;251;251m@@[38;2;252;252;252m@@@@@@@@@@@@@@@[38;2;249;249;249m@[38;2;101;101;101my [38;2;0;0;227m@[38;2;0;0;213m,      [39m
 [38;2;0;0;0m     [38;2;1;0;209mg[38;2;1;0;204mF [38;2;223;223;223m$[38;2;252;252;252m@[38;2;251;251;251m@[38;2;117;117;117m~[38;2;111;111;111m`[38;2;225;225;225m~[38;2;174;174;174mP[38;2;224;224;224m@[38;2;251;251;251m@[38;2;252;252;252m@@@[38;2;251;251;251m@@@@@@@[38;2;252;252;252m@@[38;2;232;232;232m@ [38;2;2;1;200m`[38;2;0;0;213m$      [39m
 [38;2;0;0;0m     [38;2;0;0;224m@  [38;2;250;250;250m@[38;2;252;252;252m@@[38;2;251;251;251m@[38;2;216;216;216m@[38;2;142;142;142mm  [38;2;185;185;185m`[38;2;202;202;202m$[38;2;251;251;251m@[38;2;212;212;212m@[38;2;130;130;130m~[38;2;206;206;206m`````[38;2;119;119;119m~[38;2;219;219;219m$[38;2;252;252;252m@[38;2;251;251;251m@  [38;2;0;0;225m@      [39m
 [38;2;0;0;0m     [38;2;0;0;226m@  [38;2;249;249;249m@[38;2;252;252;252m@[38;2;251;251;251m@[38;2;157;157;157mF[38;2;150;150;150m`[38;2;76;76;76m_[38;2;160;160;160my[38;2;211;211;211mg[38;2;226;226;226m@[38;2;251;251;251m@[38;2;252;252;252m@[38;2;251;251;251m@[38;2;240;240;240m@[38;2;237;237;237m@@@@@[38;2;239;239;239m@[38;2;252;252;252m@@[38;2;251;251;251m@  [38;2;0;0;226m@      [39m
 [38;2;0;0;0m     [38;2;0;0;226m@  [38;2;249;249;249m@[38;2;252;252;252m@[38;2;251;251;251m@[38;2;225;225;225m@[38;2;219;219;219m$[38;2;251;251;251m@[38;2;252;252;252m@@@@@@@@@@@@@@@[38;2;251;251;251m@  [38;2;0;0;226m@      [39m
 [38;2;0;0;0m     [38;2;0;0;226m@  [38;2;249;249;249m@[38;2;252;252;252m@@@@@@@@@@@@@@@@@@@@[38;2;251;251;251m@  [38;2;0;0;226m@      [39m
 [38;2;0;0;0m     [38;2;0;0;226m@  [38;2;249;249;249m@[38;2;252;252;252m@@@@@@@@@@@@@@@@@@@@[38;2;251;251;251m@  [38;2;0;0;227m@      [39m
 [38;2;0;0;0m     [38;2;0;0;226m@  [38;2;249;249;249m@[38;2;252;252;252m@@@@@@@@@@@@@@@@@@@@[38;2;251;251;251m@  [38;2;0;0;227m@      [39m
 [38;2;0;0;0m     [38;2;0;0;225m@  [38;2;249;249;249m@[38;2;252;252;252m@@@@@@@@@@@@@@@@@@@@[38;2;251;251;251m@  [38;2;0;0;226m@      [39m
 [38;2;0;0;0m     [38;2;0;0;221m@  [38;2;245;245;245m@[38;2;252;252;252m@@@@@@@@@@@@@@@@@@@@[38;2;249;249;249m@  [38;2;0;0;223m@      [39m
 [38;2;0;0;0m     [38;2;1;0;212m`[38;2;0;0;223m@[38;2;0;0;214m,[38;2;160;160;160m~[38;2;186;186;186m@[38;2;250;250;250m@[38;2;252;252;252m@[38;2;251;251;251m@[38;2;219;219;219m@[38;2;203;203;203mF[38;2;173;173;173mF[38;2;183;183;183mA[38;2;241;241;241m@[38;2;252;252;252m@@[38;2;242;242;242m@[38;2;215;215;215mP[38;2;177;177;177mF[38;2;182;182;182mF[38;2;213;213;213m@[38;2;251;251;251m@[38;2;252;252;252m@[38;2;250;250;250m@[38;2;201;201;201m@[38;2;188;188;188m~[38;2;1;0;191m_[38;2;0;0;231ma'      [39m
 [38;2;0;0;0m      [38;2;1;0;218m`[38;2;0;0;226m4g[38;2;0;0;227m_[38;2;0;0;225m_[38;2;127;127;127m`[38;2;0;0;225m_[38;2;0;0;227m_[38;2;0;0;223ma[38;2;0;0;217m@[38;2;0;0;212my[38;2;0;0;226m_[38;2;115;115;115m``[38;2;0;0;226m_[38;2;0;0;212my[38;2;0;0;226ma[38;2;0;0;221mg[38;2;0;0;227m_[38;2;0;0;225m_[38;2;127;127;127m`[38;2;0;0;225m_[38;2;0;0;227m_[38;2;0;0;228mgP[38;2;1;1;204m~       [39m
 [38;2;0;0;0m        [38;2;4;2;190m`[38;2;0;0;224m~[38;2;0;0;226m~[38;2;0;0;227m~~[38;2;0;0;226m~[38;2;2;0;211m` [38;2;2;1;206m~[38;2;0;0;226m~[38;2;0;0;227m~[38;2;0;0;226m~~[38;2;2;1;209m~ [38;2;2;0;210m`[38;2;0;0;225m~[38;2;0;0;227m~~[38;2;0;0;226m~~[38;2;2;2;195m`         [39m
 [38;2;0;0;0m                                       [39m
[?25h