[?25l[39m [38;2;0;0;0m              [38;2;0;0;229m_[38;2;0;0;225m_[38;2;1;1;210my[38;2;0;0;216ma[38;2;0;0;224ma[38;2;0;0;223ma[38;2;0;0;222my[38;2;1;1;211my[38;2;0;0;225m_[38;2;0;0;229m_               [39m
 [38;2;0;0;0m          [38;2;0;0;225m_[38;2;1;0;214ma[38;2;0;0;220m#[38;2;0;0;218m=[38;2;0;0;226m~[38;2;0;0;221m~[38;2;210;210;210m_[38;2;244;244;244m_[38;2;145;145;145my[38;2;144;144;144my[38;2;243;243;243m_[38;2;211;211;211m_[38;2;0;0;220m~[38;2;0;0;226m~[38;2;0;0;218m=[38;2;0;0;216m@[38;2;0;0;218my[38;2;0;0;225m_           [39m
 [38;2;0;0;0m        [38;2;0;0;226m_[38;2;0;0;228ma[38;2;0;0;210mF[38;2;1;0;221m`[38;2;154;154;154my[38;2;216;216;216ma[38;2;230;230;230m$[38;2;251;251;251m@@[38;2;252;252;252m@@@@[38;2;251;251;251m@@[38;2;224;224;224m@[38;2;208;208;208mg[38;2;144;144;144my[38;2;1;0;220m`[38;2;0;0;226m~[38;2;0;0;219m@[38;2;0;0;226m_         [39m
 [38;2;0;0;0m       [38;2;0;0;222mg[38;2;0;0;226mF [38;2;192;192;192my[38;2;230;230;230m@[38;2;251;251;251m@[38;2;252;252;252m@@@@@@@@@@@@@[38;2;239;239;239m@[38;2;185;185;185my [38;2;0;0;218m?[38;2;0;0;223mg        [39m
 [38;2;0;0;0m      [38;2;0;0;228mg[38;2;0;0;207mF [38;2;228;228;228mg[38;2;251;251;251m@[38;2;252;252;252m@@@@@@@@@@@@@@@@[38;2;251;251;251m@[38;2;202;202;202m@ [38;2;0;0;214m~[38;2;0;0;226m$       [39m
 [38;2;0;0;0m     [38;2;0;0;211mj[38;2;0;0;227mF [38;2;210;210;210mg[38;2;251;251;251m@@[38;2;213;213;213mF[38;2;146;146;146mM[38;2;181;181;181m@[38;2;248;248;248m@[38;2;251;251;251m@[38;2;252;252;252m@@@@[38;2;227;227;227m@[38;2;165;165;165mF[38;2;164;164;164m5[38;2;221;221;221m@[38;2;251;251;251m@[38;2;252;252;252m@@@[38;2;251;251;251m@[38;2;190;190;190m@ [38;2;0;0;217m?[38;2;0;0;220ml      [39m
 [38;2;0;0;0m     [38;2;0;0;219m@  [38;2;246;246;246m@[38;2;252;252;252m@[38;2;251;251;251m@[38;2;236;236;236mg[38;2;181;181;181my[38;2;154;154;154m_ [38;2;206;206;206m~[38;2;158;158;158m5[38;2;240;240;240m@[38;2;252;252;252m@@[38;2;246;246;246m@[38;2;196;196;196mg[38;2;140;140;140my [38;2;173;173;173m`[38;2;243;243;243m~[38;2;168;168;168m@[38;2;251;251;251m@[38;2;252;252;252m@[38;2;250;250;250m@  [38;2;0;0;226m$      [39m
 [38;2;0;0;0m     [38;2;0;0;226m@  [38;2;249;249;249m@[38;2;252;252;252m@[38;2;251;251;251m@[38;2;208;208;208m@[38;2;197;197;197mF[38;2;181;181;181m~ [38;2;199;199;199m_[38;2;198;198;198my[38;2;225;225;225m@[38;2;252;252;252m@@[38;2;249;249;249m@[38;2;224;224;224mP[38;2;251;251;251m~[38;2;88;88;88m~ [38;2;147;147;147my[38;2;200;200;200mg[38;2;251;251;251m@[38;2;252;252;252m@[38;2;251;251;251m@  [38;2;0;0;226m@      [39m
 [38;2;0;0;0m     [38;2;0;0;226m@  [38;2;249;249;249m@[38;2;252;252;252m@[38;2;251;251;251m@[38;2;197;197;197my[38;2;177;177;177my[38;2;223;223;223mg[38;2;233;233;233m@[38;2;251;251;251m@[38;2;252;252;252m@@@@[38;2;221;221;221m@[38;2;167;167;167my[38;2;202;202;202my[38;2;246;246;246mg[38;2;248;248;248m@[38;2;251;251;251m@[38;2;252;252;252m@@@[38;2;251;251;251m@  [38;2;0;0;226m@      [39m
 [38;2;0;0;0m     [38;2;0;0;226m@  [38;2;249;249;249m@[38;2;252;252;252m@@@@@@@@@@@@@@@@@@@@[38;2;251;251;251m@  [38;2;0;0;226m@      [39m
 [38;2;0;0;0m     [38;2;0;0;226m@  [38;2;249;249;249m@[38;2;252;252;252m@@@@@@@@@@@@@@@@@@@@[38;2;251;251;251m@  [38;2;0;0;226m@      [39m
 [38;2;0;0;0m     [38;2;0;0;226m@  [38;2;249;249;249m@[38;2;252;252;252m@@@@@@@@@@@@@@@@@@@@[38;2;251;251;251m@  [38;2;0;0;227m@      [39m
 [38;2;0;0;0m     [38;2;0;0;226m@  [38;2;249;249;249m@[38;2;252;252;252m@@@@@@@@@@@@@@@@@@@@[38;2;251;251;251m@  [38;2;0;0;227m@      [39m
 [38;2;0;0;0m     [38;2;0;0;224m@  [38;2;245;245;245m@[38;2;252;252;252m@@@@@@@@@@@@@@@@@@@@[38;2;249;249;249m@  [38;2;0;0;226m@      [39m
 [38;2;0;0;0m     [38;2;2;1;202m4[38;2;0;0;224m$[38;2;0;0;211m,[38;2;171;171;171m~[38;2;189;189;189m@[38;2;250;250;250m@[38;2;251;251;251m@[38;2;250;250;250m@[38;2;211;211;211m@[38;2;202;202;202mF[38;2;172;172;172mF[38;2;167;167;167m@[38;2;248;248;248m@[38;2;251;251;251m@@[38;2;240;240;240m@[38;2;204;204;204mP[38;2;169;169;169mF[38;2;194;194;194mF[38;2;230;230;230m@[38;2;251;251;251m@@[38;2;250;250;250m@[38;2;192;192;192m@[38;2;191;191;191m~ [38;2;0;0;227mg[38;2;0;0;219mF      [39m
 [38;2;0;0;0m      [38;2;0;0;229m~[38;2;0;0;227m@[38;2;0;0;224mg[38;2;0;0;226m_[38;2;0;0;229m_[38;2;147;147;147m`[38;2;0;0;227m_[38;2;0;0;226m_[38;2;0;0;225ma[38;2;0;0;226mg[38;2;0;0;206my[38;2;0;0;227m_[38;2;139;139;139m`[38;2;108;108;108m`[38;2;0;0;226m_[38;2;0;0;217my[38;2;0;0;226mg[38;2;0;0;219my[38;2;0;0;226m_[38;2;0;0;229m_[38;2;149;149;149m`[38;2;0;0;228m_[38;2;0;0;226m_g[38;2;0;0;227m@[38;2;0;1;210mF       [39m
 [38;2;0;0;0m        [38;2;0;0;227m~[38;2;0;0;226m~[38;2;0;0;230m=[38;2;1;0;213mP[38;2;0;0;231m=[38;2;0;0;227m~~[38;2;0;0;225m~[38;2;0;0;226m~[38;2;0;0;231m=[38;2;1;0;212mP[38;2;0;0;229m=[38;2;0;0;224m=[38;2;0;0;227m~[38;2;0;0;220m~[38;2;0;0;226m~[38;2;0;0;219m=[38;2;0;0;229m=[38;2;1;0;214mP[38;2;0;0;230m=[38;2;0;0;226m~~         [39m
 [38;2;0;0;0m                                       [39m
 [38;2;0;0;0m                                       [39m
[?25h