[?25l[39m [38;2;0;0;0m                                       [39m
 [38;2;0;0;0m              [38;2;0;0;227m__[38;2;0;1;211my[38;2;0;0;218ma[38;2;0;0;222maa[38;2;0;1;215mg[38;2;1;1;212my[38;2;0;0;226m__[38;2;3;2;186m_              [39m
 [38;2;0;0;0m          [38;2;0;0;224m_[38;2;1;0;214ma[38;2;0;0;218m@[38;2;0;0;224mP[38;2;0;0;227m~[38;2;0;0;226m~[38;2;0;0;231m~[38;2;137;137;137m_[38;2;172;172;172m__[38;2;137;137;137m_[38;2;0;0;232m~[38;2;0;0;226m~~[38;2;0;0;224m4[38;2;0;0;222m@[38;2;0;0;217my[38;2;0;0;224m_           [39m
 [38;2;0;0;0m        [38;2;0;0;225m_[38;2;0;0;229mg[38;2;0;0;223mP[38;2;0;0;224m~[38;2;187;187;187m_[38;2;201;201;201my[38;2;242;242;242mg[38;2;233;233;233m@[38;2;251;251;251m@[38;2;252;252;252m@[38;2;251;251;251m@@@[38;2;252;252;252m@[38;2;236;236;236m@[38;2;242;242;242mg[38;2;200;200;200my[38;2;187;187;187m_[38;2;0;0;221m~[38;2;0;0;220m4[38;2;0;0;223m$[38;2;0;0;226m_         [39m
 [38;2;0;0;0m       [38;2;0;0;220mg[38;2;0;0;227mP[38;2;1;0;208m'[38;2;150;150;150my[38;2;245;245;245mg[38;2;251;251;251m@[38;2;252;252;252m@@@@@@@@@@@@[38;2;251;251;251m@[38;2;208;208;208m@[38;2;135;135;135my[38;2;2;1;202m`[38;2;0;0;227m4[38;2;0;0;221mg        [39m
 [38;2;0;0;0m      [38;2;0;0;226mg[38;2;0;0;223mF [38;2;204;204;204mg[38;2;251;251;251m@[38;2;252;252;252m@@@@@@@@@@@@@@@@[38;2;251;251;251m@[38;2;170;170;170m@ [38;2;0;0;225m~$       [39m
 [38;2;0;0;0m     [38;2;0;0;211mj[38;2;0;0;230mF [38;2;190;190;190mg[38;2;251;251;251m@[38;2;252;252;252m@[38;2;251;251;251m@[38;2;243;243;243m@[38;2;200;200;200m@[38;2;208;208;208mR[38;2;201;201;201m@[38;2;248;248;248m@[38;2;252;252;252m@@@@[38;2;251;251;251m@[38;2;214;214;214m@[38;2;210;210;210mR[38;2;189;189;189m@[38;2;232;232;232m@[38;2;251;251;251m@[38;2;252;252;252m@[38;2;251;251;251m@[38;2;165;165;165m@ [38;2;0;0;218m4[38;2;0;0;220ml      [39m
 [38;2;0;0;0m     [38;2;0;0;218m@[38;2;0;0;181m[ [38;2;242;242;242m@[38;2;252;252;252m@[38;2;243;243;243m@[38;2;207;207;207m~[38;2;178;178;178my[38;2;243;243;243m=[38;2;195;195;195m#[38;2;235;235;235m=[38;2;139;139;139my[38;2;167;167;167m7[38;2;250;250;250m@[38;2;251;251;251m@[38;2;226;226;226mF[38;2;125;125;125my[38;2;223;223;223m*[38;2;244;244;244m=[38;2;248;248;248m=[38;2;130;130;130ma[38;2;140;140;140m~[38;2;219;219;219m@[38;2;252;252;252m@[38;2;248;248;248m@  [38;2;0;0;225m$      [39m
 [38;2;0;0;0m     [38;2;0;0;226m@  [38;2;249;249;249m@[38;2;251;251;251m@[38;2;166;166;166m$[38;2;93;93;93m4[38;2;139;139;139mF [38;2;179;179;179m$ [38;2;193;193;193m$ [38;2;223;223;223m@[38;2;236;236;236m@ [38;2;198;198;198m$ [38;2;214;214;214ma [38;2;131;131;131m4[38;2;100;100;100mF[38;2;167;167;167mg[38;2;252;252;252m@[38;2;251;251;251m@  [38;2;0;0;226m@      [39m
 [38;2;0;0;0m     [38;2;0;0;226m@  [38;2;249;249;249m@[38;2;252;252;252m@[38;2;237;237;237m@[38;2;189;189;189m_[38;2;163;163;163m?[38;2;141;141;141ma[38;2;203;203;203ma[38;2;197;197;197ma[38;2;216;216;216my[38;2;248;248;248mg[38;2;251;251;251m@@[38;2;188;188;188my[38;2;127;127;127m7[38;2;204;204;204m*[38;2;157;157;157ma[38;2;233;233;233ma[38;2;209;209;209my[38;2;234;234;234ma[38;2;250;250;250m@[38;2;252;252;252m@[38;2;251;251;251m@  [38;2;0;0;226m@      [39m
 [38;2;0;0;0m     [38;2;0;0;226m@  [38;2;249;249;249m@[38;2;252;252;252m@@[38;2;251;251;251m@[38;2;226;226;226m@[38;2;235;235;235mg[38;2;226;226;226mg[38;2;236;236;236mg[38;2;251;251;251m@[38;2;252;252;252m@@@@[38;2;245;245;245m@g[38;2;227;227;227mgg[38;2;234;234;234m@[38;2;252;252;252m@@@[38;2;251;251;251m@  [38;2;0;0;226m@      [39m
 [38;2;0;0;0m     [38;2;0;0;226m@  [38;2;249;249;249m@[38;2;252;252;252m@@@@@@@@@@@@@@@@@@@@[38;2;251;251;251m@  [38;2;0;0;227m@      [39m
 [38;2;0;0;0m     [38;2;0;0;226m@  [38;2;249;249;249m@[38;2;252;252;252m@@@@@@@@@@@@@@@@@@@@[38;2;251;251;251m@  [38;2;0;0;227m@      [39m
 [38;2;0;0;0m     [38;2;0;0;226m@  [38;2;249;249;249m@[38;2;252;252;252m@@@@@@@@@@@@@@@@@@@@[38;2;251;251;251m@  [38;2;0;0;226m@      [39m
 [38;2;0;0;0m     [38;2;0;0;217m4[38;2;0;0;213mL [38;2;191;191;191m$[38;2;251;251;251m@[38;2;252;252;252m@@@@[38;2;251;251;251m@@[38;2;252;252;252m@@@@@@[38;2;251;251;251m@@[38;2;252;252;252m@@@@[38;2;251;251;251m@[38;2;212;212;212m@ [38;2;0;0;213mj[38;2;1;0;211m$      [39m
 [38;2;0;0;0m      [38;2;0;0;225m4[38;2;0;0;219my[38;2;0;0;209m_[38;2;217;217;217m~[38;2;172;172;172mP[38;2;203;203;203mP[38;2;212;212;212mF[38;2;249;249;249m~[38;2;102;102;102m~[38;2;0;0;230m_[38;2;164;164;164m~[38;2;140;140;140m5[38;2;199;199;199mP[38;2;203;203;203mP[38;2;190;190;190mF[38;2;184;184;184m~[38;2;0;0;230m_[38;2;173;173;173m`[38;2;242;242;242m~[38;2;186;186;186mP[38;2;206;206;206mP[38;2;207;207;207mF[38;2;237;237;237m~[38;2;1;0;205m_[38;2;0;0;217my[38;2;0;0;229mP[38;2;2;0;189m'      [39m
 [38;2;0;0;0m       [38;2;1;0;212m~[38;2;0;0;225m~[38;2;1;0;211m@[38;2;0;0;227mag[38;2;0;0;228ma[38;2;0;0;212m@[38;2;0;0;225m=[38;2;0;0;226m~[38;2;0;0;224m4[38;2;0;0;227ma[38;2;0;0;226mgg[38;2;0;0;228ma[38;2;0;0;224mP[38;2;0;0;226m~=[38;2;0;0;216m@[38;2;0;0;227ma[38;2;0;0;228mg[38;2;0;0;227ma[38;2;0;0;211m@[38;2;0;0;215m=~        [39m
 [38;2;0;0;0m                                       [39m
 [38;2;0;0;0m                                       [39m
[?25h