[?25l[39m [38;2;0;0;0m               [38;2;0;0;228m_[38;2;0;0;226m_[38;2;0;0;225m_[38;2;0;0;226m_[38;2;0;0;225m_[38;2;0;0;224m_[38;2;0;0;226m_[38;2;0;0;227m_                [39m
 [38;2;0;0;0m           [38;2;0;0;228m_[38;2;0;0;219mg#[38;2;0;0;224m=[38;2;0;0;226m~[38;2;0;0;228m~~[38;2;0;0;221m~~[38;2;0;0;228m~~[38;2;0;0;225m~[38;2;0;0;223m=[38;2;0;0;213m@[38;2;1;0;219mg[38;2;0;0;228m_            [39m
 [38;2;0;0;0m         [38;2;1;0;216ma[38;2;0;0;229mP~[38;2;111;111;111m_[38;2;176;176;176my[38;2;220;220;220ma$[38;2;246;246;246m@[38;2;251;251;251m@[38;2;252;252;252m@[38;2;251;251;251m@@[38;2;248;248;248m@[38;2;225;225;225m$[38;2;211;211;211mg[38;2;173;173;173my[38;2;111;111;111m_[38;2;0;0;225m~[38;2;0;0;218mR[38;2;0;0;219my[38;2;1;1;211m,         [39m
 [38;2;0;0;0m       [38;2;0;0;230m_[38;2;0;0;229mP[38;2;0;0;206m~[38;2;187;187;187m_[38;2;230;230;230mg[38;2;250;250;250m@[38;2;252;252;252m@@@@@@@@@@@@[38;2;251;251;251m@[38;2;231;231;231mg[38;2;187;187;187m_[38;2;0;0;201m~[38;2;0;0;221mR[38;2;0;0;231m_        [39m
 [38;2;0;0;0m      [38;2;1;0;210mg[38;2;0;0;230mF [38;2;183;183;183mg[38;2;250;250;250m@[38;2;252;252;252m@@@@@@@@@@@@@@@@[38;2;251;251;251m@[38;2;179;179;179mg [38;2;0;0;209m4[38;2;1;0;210mg       [39m
 [38;2;0;0;0m     [38;2;2;1;191mj[38;2;0;0;216m@ [38;2;173;173;173mg[38;2;251;251;251m@[38;2;252;252;252m@@@@@@@@@@@@@@@@@@[38;2;251;251;251m@[38;2;145;145;146m@ [38;2;0;0;218mR[38;2;1;0;207mi      [39m
 [38;2;0;0;0m     [38;2;0;0;221mg[38;2;1;0;193m' [38;2;238;238;238m@[38;2;251;251;251m@[38;2;200;200;200m@[38;2;251;251;251m~~[38;2;174;174;174mT[38;2;162;162;162mF[38;2;169;169;169mF[38;2;176;176;176mF[38;2;165;165;165m@[38;2;251;251;251m@[38;2;240;240;240m@[38;2;174;174;174mM[38;2;181;181;181mFFFFF[38;2;186;186;186mF[38;2;240;240;240m@[38;2;252;252;252m@[38;2;247;247;247m@  [38;2;0;0;223m$      [39m
 [38;2;0;0;0m     [38;2;0;0;226m@  [38;2;249;249;249m@[38;2;251;251;251m@[38;2;222;222;222m$[38;2;180;180;180my[38;2;181;181;181my[38;2;189;189;189my[38;2;196;196;196my[38;2;202;202;202my[38;2;208;208;208my[38;2;224;224;224mg[38;2;251;251;251m@[38;2;241;241;241m@[38;2;220;220;220my[38;2;210;210;210myyyyy[38;2;191;191;191mg[38;2;238;238;238m@[38;2;252;252;252m@[38;2;251;251;251m@  [38;2;0;0;226m@      [39m
 [38;2;0;0;0m     [38;2;0;0;225m@  [38;2;249;249;249m@[38;2;252;252;252m@@@@@@@@@@@@@@@@@@@@[38;2;251;251;251m@  [38;2;0;0;226m@      [39m
 [38;2;0;0;0m     [38;2;0;0;225m@  [38;2;249;249;249m@[38;2;252;252;252m@@@@@@@@@@@@@@@@@@@@[38;2;251;251;251m@  [38;2;0;0;226m@      [39m
 [38;2;0;0;0m     [38;2;0;0;225m@  [38;2;250;250;250m@[38;2;252;252;252m@@@@@@@@@@@@@@@@@@@@[38;2;251;251;251m@  [38;2;0;0;226m@      [39m
 [38;2;0;0;0m     [38;2;0;0;225m@  [38;2;249;249;249m@[38;2;252;252;252m@@@@@@@@@@@@@@@@@@@@[38;2;251;251;251m@  [38;2;0;0;226m@      [39m
 [38;2;0;0;0m     [38;2;0;0;225m@  [38;2;249;249;249m@[38;2;252;252;252m@@@@@@@@@@@@@@@@@@@@[38;2;251;251;251m@  [38;2;0;0;226m@      [39m
 [38;2;0;0;0m     [38;2;0;0;225m@  [38;2;249;249;249m@[38;2;252;252;252m@@@@@@@@@@@@@@@@@@@@[38;2;251;251;251m@  [38;2;0;0;226m@      [39m
 [38;2;0;0;0m     [38;2;0;0;214m9[38;2;0;0;232mL [38;2;171;171;171m4[38;2;250;250;250m@[38;2;252;252;252m@@@[38;2;251;251;251m@[38;2;225;225;225m@[38;2;196;196;196m@[38;2;244;244;244m@[38;2;251;251;251m@[38;2;252;252;252m@@[38;2;251;251;251m@[38;2;244;244;244m@[38;2;196;196;196m@[38;2;222;222;222m@[38;2;251;251;251m@[38;2;252;252;252m@@@[38;2;250;250;250m@[38;2;220;220;220mF [38;2;0;0;219my[38;2;0;0;215m$      [39m
 [38;2;0;0;0m     [38;2;2;2;190m`[38;2;0;0;216m@[38;2;0;0;220m$[38;2;0;0;226m_[38;2;125;125;125m`[38;2;224;224;224m~[38;2;251;251;251m~[38;2;240;240;240m~[38;2;117;117;117m~[38;2;0;0;226m_[38;2;0;0;210my[38;2;0;0;225m_[38;2;181;181;181m~[38;2;247;247;247m~[38;2;249;249;249m~[38;2;201;201;201m~[38;2;0;0;226m_[38;2;0;0;210my[38;2;0;0;227m_[38;2;188;188;188m`[38;2;235;235;235m~[38;2;252;252;252m~[38;2;232;232;232m~[38;2;128;128;128m`[38;2;0;0;226m_[38;2;0;0;227mg[38;2;0;0;219m@[38;2;0;0;212m'      [39m
 [38;2;0;0;0m       [38;2;0;0;228m~[38;2;0;0;222m4[38;2;0;0;227m@[38;2;0;0;226m@@@[38;2;0;0;227m@[38;2;0;0;225mP=[38;2;0;0;221m@[38;2;0;0;226m@[38;2;0;0;227m@[38;2;0;0;226m@@[38;2;0;0;220m@[38;2;0;0;224m=[38;2;0;0;225m4[38;2;0;0;227m@@[38;2;0;0;226m@@[38;2;0;0;227m@[38;2;0;0;221mP[38;2;0;0;227m~        [39m
 [38;2;0;0;0m           [38;2;2;2;204m`      [38;2;2;1;198m`[38;2;1;2;198m`      [38;2;1;2;208m`            [39m
 [38;2;0;0;0m                                       [39m
[?25h