[?25l[39m [38;2;0;0;0m                                       [39m
 [38;2;0;0;0m              [38;2;0;0;224m_[38;2;0;0;226m__[38;2;1;1;200my[38;2;1;0;208my[38;2;1;1;208my[38;2;1;1;200my[38;2;0;0;226m__[38;2;0;0;223m_               [39m
 [38;2;0;0;0m          [38;2;1;1;194m_[38;2;0;0;224m_[38;2;0;0;227ma[38;2;0;0;225mP[38;2;0;0;226m~~[38;2;85;85;85m_[38;2;158;158;158m_[38;2;206;206;206m__[38;2;158;158;158m_[38;2;85;85;85m_[38;2;0;0;226m~[38;2;0;0;225m~[38;2;0;0;224m4[38;2;0;0;228ma[38;2;0;0;224m_[38;2;2;1;194m_           [39m
 [38;2;0;0;0m        [38;2;0;0;210m_[38;2;0;0;228ma[38;2;0;0;221mP[38;2;0;0;222m~[38;2;204;204;204m_[38;2;208;208;208my[38;2;245;245;245mg[38;2;238;238;238m@[38;2;252;252;252m@[38;2;251;251;251m@@@@[38;2;252;252;252m@[38;2;241;241;241m@[38;2;245;245;245mg[38;2;209;209;209my[38;2;205;205;205m_[38;2;0;0;217m~[38;2;0;0;218m4[38;2;0;0;224mg[38;2;0;0;210m_         [39m
 [38;2;0;0;0m       [38;2;0;0;216my[38;2;0;0;227mP[38;2;1;0;201m'[38;2;158;158;158my[38;2;246;246;246mg[38;2;251;251;251m@[38;2;252;252;252m@@@@@@@@@@@@[38;2;251;251;251m@[38;2;214;214;214m@[38;2;145;145;146my[38;2;2;2;194m`[38;2;0;0;225m4[38;2;0;0;217my        [39m
 [38;2;0;0;0m      [38;2;0;0;221mg[38;2;0;0;220mF [38;2;210;210;210mg[38;2;251;251;251m@[38;2;252;252;252m@@@@@@@@@@@@@@@@[38;2;251;251;251m@[38;2;177;177;177m@ [38;2;0;0;208m?[38;2;0;0;217m$       [39m
 [38;2;0;0;0m     [38;2;1;0;203mj[38;2;0;0;230mF [38;2;195;195;195mg[38;2;251;251;251m@@[38;2;230;230;230mF[38;2;186;186;186mF[38;2;208;208;208m@[38;2;251;251;251m@[38;2;252;252;252m@@@@@@@@@@@@@[38;2;251;251;251m@[38;2;170;170;171m@ [38;2;0;0;210m5[38;2;0;0;217mi      [39m
 [38;2;0;0;0m     [38;2;0;0;216m@[38;2;0;0;180m[ [38;2;243;243;243m@[38;2;252;252;252m@[38;2;251;251;251m@[38;2;211;211;211mg[38;2;157;157;157my[38;2;96;96;96m_[38;2;108;108;108m`[38;2;238;238;238m~[38;2;178;178;178m#[38;2;246;246;246m@[38;2;252;252;252m@[38;2;247;247;247m@[38;2;222;222;222mP[38;2;209;209;209mPPPPP[38;2;200;200;200mA[38;2;248;248;248m@[38;2;252;252;252m@[38;2;249;249;249m@  [38;2;0;0;225m$      [39m
 [38;2;0;0;0m     [38;2;0;0;225m@  [38;2;249;249;249m@[38;2;252;252;252m@[38;2;251;251;251m@[38;2;229;229;229m@[38;2;217;217;217mF[38;2;209;209;209m~ [38;2;130;130;130m_[38;2;176;176;176my[38;2;216;216;216m@[38;2;252;252;252m@[38;2;231;231;231m@[38;2;188;188;188my[38;2;177;177;177myyyyy[38;2;192;192;192my[38;2;227;227;227m@[38;2;252;252;252m@[38;2;251;251;251m@  [38;2;0;0;227m@      [39m
 [38;2;0;0;0m     [38;2;0;0;225m@  [38;2;249;249;249m@[38;2;252;252;252m@[38;2;251;251;251m@[38;2;174;174;174my[38;2;149;149;149my[38;2;220;220;220my[38;2;224;224;224m$[38;2;251;251;251m@[38;2;252;252;252m@@@@@@@@@@@@@[38;2;251;251;251m@  [38;2;0;0;227m@      [39m
 [38;2;0;0;0m     [38;2;0;0;225m@  [38;2;249;249;249m@[38;2;252;252;252m@@@@@@@@@@@@@@@@@@@@[38;2;251;251;251m@  [38;2;0;0;227m@      [39m
 [38;2;0;0;0m     [38;2;0;0;225m@  [38;2;249;249;249m@[38;2;252;252;252m@@@@@@@@@@@@@@@@@@@@[38;2;251;251;251m@  [38;2;0;0;226m@      [39m
 [38;2;0;0;0m     [38;2;0;0;225m@  [38;2;249;249;249m@[38;2;252;252;252m@@@@@@@@@@@@@@@@@@@@[38;2;251;251;251m@  [38;2;0;0;227m@      [39m
 [38;2;0;0;0m     [38;2;0;0;225m@  [38;2;249;249;249m@[38;2;252;252;252m@@@@@@@@@@@@@@@@@@@@[38;2;251;251;251m@  [38;2;0;0;226m@      [39m
 [38;2;0;0;0m     [38;2;0;0;220m@  [38;2;244;244;244m@[38;2;252;252;252m@@@@@@@@@@@@@@@@@@@@[38;2;249;249;249m@  [38;2;0;0;222m@      [39m
 [38;2;0;0;0m     [38;2;1;0;211m`[38;2;0;0;223m@[38;2;0;0;213m,[38;2;156;156;156m~[38;2;183;183;183m@[38;2;249;249;249m@[38;2;252;252;252m@[38;2;251;251;251m@[38;2;217;217;217m@[38;2;201;201;201mF[38;2;169;169;169mF[38;2;179;179;179mA[38;2;239;239;239m@[38;2;252;252;252m@@[38;2;240;240;240m@[38;2;210;210;210mP[38;2;173;173;173mF[38;2;163;163;163mM[38;2;210;210;210m@[38;2;251;251;251m@[38;2;252;252;252m@[38;2;250;250;250m@[38;2;198;198;198m@[38;2;184;184;184m~[38;2;1;0;193m_[38;2;0;0;232ma[38;2;0;0;231m'      [39m
 [38;2;0;0;0m      [38;2;1;1;213m`[38;2;0;0;218m4[38;2;0;0;225mg_[38;2;0;0;223m_[38;2;115;115;115m`[38;2;0;0;225m_[38;2;0;0;227m_[38;2;0;0;225ma[38;2;0;0;219m@[38;2;0;0;214my[38;2;0;0;225m_[38;2;104;104;104m`[38;2;105;105;105m`[38;2;0;0;225m_[38;2;0;0;215my[38;2;0;0;226ma[38;2;0;0;223mg[38;2;0;0;227m_[38;2;0;0;225m_[38;2;118;118;118m`[38;2;0;0;225m__[38;2;0;0;226mg[38;2;0;0;223mP[38;2;0;0;230m'       [39m
 [38;2;0;0;0m         [38;2;1;0;216m~[38;2;0;0;226m~[38;2;0;0;227m~~[38;2;0;0;224m~  [38;2;0;0;227m`[38;2;0;0;225m~[38;2;0;0;227m~~[38;2;0;0;226m~`  [38;2;0;0;220m~[38;2;0;0;226m~[38;2;0;0;227m~[38;2;0;0;226m~[38;2;0;0;218m~          [39m
 [38;2;0;0;0m                                       [39m
[?25h