[?25l[39m [38;2;0;0;0m                                       [39m
 [38;2;0;0;0m             [38;2;1;0;217m_[38;2;0;0;225m_[38;2;1;1;203my[38;2;0;0;218ma[38;2;0;0;223mg[38;2;0;0;226mg[38;2;0;0;227mg[38;2;0;0;224mg[38;2;0;0;217mg[38;2;1;1;206my[38;2;0;0;226m_[38;2;0;0;225m_              [39m
 [38;2;0;0;0m          [38;2;0;0;228m_[38;2;0;0;223ma[38;2;0;0;225m@[38;2;0;0;224mP[38;2;0;0;227m~[38;2;0;0;226m~[38;2;0;0;229m~[38;2;154;154;154m_[38;2;204;204;204m_[38;2;208;208;208m_[38;2;162;162;162m_[38;2;94;94;94m_[38;2;0;0;227m~[38;2;0;0;226m~[38;2;0;0;222m4[38;2;0;0;227m@[38;2;0;0;223mg[38;2;0;0;231m_           [39m
 [38;2;0;0;0m        [38;2;0;0;228m_[38;2;0;0;229mg[38;2;0;0;223mP[38;2;0;0;224m~[38;2;183;183;183m_[38;2;202;202;202my[38;2;243;243;243mg[38;2;235;235;235m@[38;2;252;252;252m@[38;2;251;251;251m@@@@[38;2;252;252;252m@[38;2;244;244;244m@[38;2;247;247;247mg[38;2;214;214;214my[38;2;220;220;220m_[38;2;0;0;213m~[38;2;0;0;214m?[38;2;0;0;225m@[38;2;0;0;230m_         [39m
 [38;2;0;0;0m       [38;2;0;0;220mg[38;2;0;0;229mP[38;2;1;0;211m'[38;2;137;137;138my[38;2;245;245;245mg[38;2;251;251;251m@[38;2;252;252;252m@@@@@@@@@@@@[38;2;251;251;251m@[38;2;224;224;224m@[38;2;163;163;164my [38;2;0;0;199m#[38;2;0;0;225m$[38;2;0;0;214m,       [39m
 [38;2;0;0;0m      [38;2;0;0;223mg[38;2;0;0;226mF [38;2;193;193;193mg[38;2;251;251;251m@[38;2;252;252;252m@@@@@@@@@@@@@@@@[38;2;251;251;251m@[38;2;195;195;195m@ [38;2;0;0;218m~[38;2;0;0;230m$       [39m
 [38;2;0;0;0m     [38;2;1;1;200mj[38;2;0;0;218m@ [38;2;88;88;88m4[38;2;165;165;165mM[38;2;187;187;187m@[38;2;251;251;251m@[38;2;252;252;252m@@@@@@@@@@@@@@@@[38;2;251;251;251m@[38;2;195;195;195m@ [38;2;0;0;212m?[38;2;1;0;210m$      [39m
 [38;2;0;0;0m     [38;2;0;0;213mg[38;2;0;0;197m[ [38;2;222;222;222mg[38;2;177;177;177my[38;2;146;146;146m_ [38;2;216;216;216m~[38;2;188;188;188mF[38;2;235;235;235m@[38;2;252;252;252m@[38;2;251;251;251m@[38;2;181;181;181m@[38;2;209;209;209mPPPPP[38;2;211;211;211mP[38;2;240;240;240m@[38;2;252;252;252m@@@@[38;2;251;251;251m@  [38;2;0;0;229m@      [39m
 [38;2;0;0;0m     [38;2;0;0;211m$  [38;2;231;231;231m@[38;2;212;212;212mP[38;2;234;234;234m~ [38;2;73;73;73m_[38;2;160;160;160my[38;2;230;230;230mg[38;2;251;251;251m@[38;2;247;247;247m@[38;2;200;200;200my[38;2;177;177;177myyyyy[38;2;184;184;184my[38;2;235;235;235mg[38;2;252;252;252m@@@@[38;2;251;251;251m@[38;2;102;102;102mL [38;2;0;0;230m@      [39m
 [38;2;0;0;0m     [38;2;0;0;212m$  [38;2;195;195;195my[38;2;253;253;253m_[38;2;205;205;205my[38;2;250;250;250mg@[38;2;252;252;252m@@@@@@@@@@@@@@@@[38;2;251;251;251m@[38;2;99;99;100mL [38;2;0;0;230m@      [39m
 [38;2;0;0;0m     [38;2;0;0;214m$  [38;2;245;245;245m@[38;2;252;252;252m@@@@@@@@@@@@@@@@@@@@[38;2;251;251;251m@[38;2;94;94;94mL [38;2;0;0;230m@      [39m
 [38;2;0;0;0m     [38;2;0;0;215m@  [38;2;246;246;246m@[38;2;252;252;252m@@@@@@@@@@@@@@@@@@@@[38;2;251;251;251m@[38;2;87;87;87mL [38;2;0;0;231m@      [39m
 [38;2;0;0;0m     [38;2;0;0;217m@  [38;2;249;249;249m@[38;2;252;252;252m@@@@@@@@@@@@@@@@@@@@[38;2;251;251;251m@[38;2;78;78;78mL [38;2;0;0;230m@      [39m
 [38;2;0;0;0m     [38;2;0;0;219m@  [38;2;250;250;250m@[38;2;252;252;252m@@@@@@@@@@@@@@@@@@@@[38;2;251;251;251m@[38;2;67;67;67mL [38;2;0;0;229m@      [39m
 [38;2;0;0;0m     [38;2;1;0;209m4[38;2;0;0;226mL [38;2;216;216;216m4[38;2;251;251;251m@[38;2;246;246;246m@[38;2;249;249;249m@[38;2;252;252;252m@@@@@[38;2;249;249;249m@[38;2;246;246;246m@[38;2;251;251;251m@[38;2;252;252;252m@@@@[38;2;251;251;251m@[38;2;246;246;246m@[38;2;250;250;250m@[38;2;252;252;252m@[38;2;251;251;251m@[38;2;191;191;191m@ [38;2;0;0;222mj[38;2;0;0;227mF      [39m
 [38;2;0;0;0m      [38;2;0;0;221m?g[38;2;0;0;226m_[38;2;169;169;169m`[38;2;0;0;228m_[38;2;0;0;223m_[38;2;189;189;189m~[38;2;163;163;163mF[38;2;187;187;187mF[38;2;176;176;176mF[38;2;204;204;204m~[38;2;0;0;225m_[38;2;0;0;227m_[38;2;183;183;183m`[38;2;247;247;247m~[38;2;184;184;184mF[38;2;186;186;186mF[38;2;244;244;244m~[38;2;111;111;111m`[38;2;0;0;225m_[38;2;0;0;213m_[38;2;221;221;221m~[38;2;190;190;190m~[38;2;0;0;226m_[38;2;0;0;223ma[38;2;0;0;227mF       [39m
 [38;2;0;0;0m       [38;2;1;1;214m`[38;2;0;0;226m~[38;2;0;0;229m=[38;2;0;0;227m~~[38;2;0;0;220m4[38;2;0;0;214m@[38;2;0;0;226ma[38;2;0;0;219m#P[38;2;0;0;226m~~[38;2;0;0;228m=[38;2;0;0;217mR[38;2;0;0;226ma[38;2;0;0;223ma[38;2;0;0;221mP[38;2;0;0;217m=[38;2;0;0;227m~[38;2;0;0;226m~[38;2;0;0;220m4[38;2;0;0;229m=[38;2;0;0;226m~[38;2;1;0;222m'        [39m
 [38;2;0;0;0m                                       [39m
 [38;2;0;0;0m                                       [39m
[?25h