[?25l[39m [38;2;0;0;0m                                       [39m
 [38;2;0;0;0m              [38;2;0;0;227m_[38;2;0;0;226m__[38;2;1;1;198my[38;2;1;1;203my[38;2;1;1;201my[38;2;0;0;225m_[38;2;0;0;226m_[38;2;0;0;227m_[38;2;3;3;185m_               [39m
 [38;2;0;0;0m          [38;2;0;0;224m_[38;2;0;0;212my[38;2;0;0;224ma[38;2;0;0;219mP[38;2;0;0;225m~[38;2;0;0;228m~[38;2;95;95;95m_[38;2;152;152;152m_[38;2;178;178;178m_[38;2;161;161;161m_[38;2;117;117;117m_[38;2;0;0;231m~[38;2;0;0;225m~[38;2;0;0;222m=[38;2;0;0;216m@[38;2;0;0;220mg[38;2;0;0;231m_            [39m
 [38;2;0;0;0m        [38;2;0;0;229m_[38;2;0;0;217m$[38;2;0;0;228m~[38;2;0;0;224m`[38;2;151;151;151my[38;2;201;201;201mg[38;2;250;250;250mg[38;2;243;243;243m@[38;2;252;252;252m@[38;2;251;251;251m@@@[38;2;252;252;252m@[38;2;250;250;250m@[38;2;224;224;224m@[38;2;219;219;219mg[38;2;165;165;165my[38;2;0;0;202m`[38;2;0;0;225m~[38;2;0;0;216m@[38;2;1;1;209my          [39m
 [38;2;0;0;0m       [38;2;0;0;231ma~ [38;2;210;210;210my[38;2;239;239;239m@[38;2;252;252;252m@@@@@@@@@@@@@[38;2;249;249;249m@[38;2;195;195;195mg[38;2;87;87;87m_[38;2;0;0;223m~[38;2;0;0;224m@[38;2;0;0;233m,        [39m
 [38;2;0;0;0m      [38;2;0;0;227m@[38;2;2;1;203m'[38;2;112;112;112my[38;2;225;225;225m@[38;2;252;252;252m@@@@@@@@@@@@@@@@@[38;2;242;242;242m@[38;2;115;115;116my [38;2;0;0;221m@[38;2;0;0;233m,       [39m
 [38;2;0;0;0m     [38;2;0;0;224m@[38;2;2;1;199m' [38;2;236;236;236m@[38;2;252;252;252m@@[38;2;190;190;190m@[38;2;192;192;192mF[38;2;199;199;199m@[38;2;251;251;251m@[38;2;252;252;252m@@@@@@@@@@@@@[38;2;247;247;247m@[38;2;87;87;87m, [38;2;0;0;232m$       [39m
 [38;2;0;0;0m     [38;2;0;0;227m@ [38;2;171;171;171m4[38;2;251;251;251m@[38;2;252;252;252m@[38;2;251;251;251m@[38;2;187;187;187m@[38;2;166;166;166my[38;2;121;121;121m_[38;2;73;73;73m`[38;2;231;231;231m~[38;2;179;179;179mP[38;2;240;240;240m@[38;2;252;252;252m@[38;2;251;251;251m@[38;2;187;187;187m@[38;2;217;217;217mPPPPP[38;2;201;201;201mA[38;2;242;242;242m@[38;2;251;251;251m@[38;2;171;171;171m$ [38;2;0;0;221mB[38;2;1;1;196mi      [39m
 [38;2;0;0;0m    [38;2;3;2;168mJ[38;2;0;0;219m@ [38;2;156;156;156m$[38;2;252;252;252m@@@[38;2;243;243;243m@[38;2;171;171;171m@[38;2;153;153;153mF  [38;2;150;150;150my[38;2;224;224;224mg[38;2;251;251;251m@[38;2;246;246;246m@[38;2;191;191;191my[38;2;166;166;166myyyyy[38;2;174;174;174my[38;2;231;231;231mg[38;2;252;252;252m@[38;2;203;203;203m$ [38;2;0;0;216m4[38;2;1;1;208m[      [39m
 [38;2;0;0;0m    [38;2;2;2;166mJ[38;2;0;0;222m@ [38;2;149;149;149m$[38;2;251;251;251m@[38;2;252;252;252m@[38;2;251;251;251m@[38;2;195;195;195my[38;2;253;253;253m_[38;2;196;196;196my[38;2;248;248;248mg[38;2;250;250;250m@[38;2;252;252;252m@@@@@@@@@@@@@[38;2;208;208;208m$ [38;2;0;0;215m4[38;2;1;1;212m[      [39m
 [38;2;0;0;0m     [38;2;0;0;226m@ [38;2;183;183;183m4[38;2;251;251;251m@[38;2;252;252;252m@@@@@@@@@@@@@@@@@@@@[38;2;208;208;208m@ [38;2;0;0;210m4[38;2;1;1;216m[      [39m
 [38;2;0;0;0m     [38;2;0;0;232m@ [38;2;167;167;168m4[38;2;251;251;251m@[38;2;252;252;252m@@@@@@@@@@@@@@@@@@@@[38;2;225;225;225m@ [38;2;1;1;202m4[38;2;0;0;222m[      [39m
 [38;2;0;0;0m     [38;2;0;0;236m@ [38;2;146;146;147m4[38;2;251;251;251m@[38;2;252;252;252m@@@@@@@@@@@@@@@@@@@@[38;2;237;237;237m@ [38;2;0;0;192mJ[38;2;1;1;204m$      [39m
 [38;2;0;0;0m     [38;2;0;0;237m@ [38;2;125;125;125m4[38;2;252;252;252m@@@@@@@@@@@@@@@@@@@@@[38;2;240;240;240m@ [38;2;0;0;182mJ[38;2;0;0;212m$      [39m
 [38;2;0;0;0m     [38;2;0;0;231m@[38;2;0;0;195m,[38;2;67;67;67mJ[38;2;249;249;249m@[38;2;252;252;252m@@@@@@@@@@@@@@@@@@@@[38;2;238;238;238m@ [38;2;1;0;193mj[38;2;0;0;214m$      [39m
 [38;2;0;0;0m     [38;2;1;0;217m`[38;2;0;0;224m$[38;2;0;0;213m,[38;2;171;171;171m~[38;2;159;159;159m5[38;2;221;221;221m@[38;2;251;251;251m@@[38;2;239;239;239m@[38;2;212;212;212mP[38;2;162;162;162mF[38;2;164;164;164mF[38;2;181;181;181m@[38;2;247;247;247m@[38;2;251;251;251m@[38;2;249;249;249m@[38;2;201;201;201m@[38;2;187;187;187mF[38;2;251;251;251m~[38;2;168;168;168mA[38;2;232;232;232m@[38;2;251;251;251m@[38;2;244;244;244m@[38;2;179;179;179m@[38;2;142;142;142m~[38;2;0;0;215m_[38;2;0;0;225m$[38;2;0;0;228m'      [39m
 [38;2;0;0;0m      [38;2;1;0;214m`[38;2;1;0;212m4[38;2;0;0;227m@[38;2;0;0;221mg[38;2;0;0;227m_[38;2;0;0;223m__[38;2;0;0;225m_[38;2;0;0;212my[38;2;0;0;226ma[38;2;0;0;227ma[38;2;0;0;226m_[38;2;0;0;225m_[38;2;0;0;223m_[38;2;0;0;225m__[38;2;0;0;226mg[38;2;0;0;223m@[38;2;0;0;220my[38;2;0;0;227m_[38;2;0;0;223m_[38;2;0;0;225m_[38;2;0;0;206my[38;2;0;0;227ma[38;2;1;0;214mP[38;2;1;0;222m'       [39m
 [38;2;0;0;0m         [38;2;3;2;199m`[38;2;0;0;221m~[38;2;0;0;227m~[38;2;0;0;226m~~`  [38;2;3;1;200m~[38;2;0;0;226m~[38;2;0;0;227m~~[38;2;1;0;214m~  [38;2;2;0;212m`[38;2;0;0;222m~[38;2;0;0;227m~[38;2;0;0;226m~[38;2;2;1;202m~          [39m
 [38;2;0;0;0m                                       [39m
[?25h