[?25l[39m [38;2;0;0;0m                                       [39m
 [38;2;0;0;0m            [38;2;1;1;196m_[38;2;0;0;225m_[38;2;0;0;218my[38;2;0;0;228ma[38;2;0;0;217m#[38;2;0;0;218mP[38;2;0;0;230m==[38;2;0;0;229m=[38;2;0;0;219m4[38;2;0;0;224ma[38;2;0;0;223mg[38;2;1;1;204my[38;2;0;0;228m_             [39m
 [38;2;0;0;0m          [38;2;0;0;228m_[38;2;0;0;227ma[38;2;0;0;214mP[38;2;0;0;229m~[38;2;132;132;132m_[38;2;152;152;152my[38;2;195;195;195my[38;2;222;222;222my[38;2;214;214;214mg[38;2;224;224;224mg[38;2;208;208;208mg[38;2;216;216;216my[38;2;187;187;187my[38;2;249;249;249m_[38;2;94;94;94m_[38;2;0;0;225m~4[38;2;0;0;227ma[38;2;0;0;229m_          [39m
 [38;2;0;0;0m        [38;2;0;0;227m_[38;2;0;0;220m@[38;2;0;0;227m~[38;2;95;95;95m_[38;2;206;206;206my[38;2;214;214;214m@[38;2;251;251;251m@[38;2;252;252;252m@@@@@@@@@[38;2;251;251;251m@[38;2;213;213;213m@[38;2;195;195;195my[38;2;80;80;80m_[38;2;0;0;225m~[38;2;0;0;220m@[38;2;0;0;225m_        [39m
 [38;2;0;0;0m       [38;2;0;0;217mg[38;2;0;0;228mF [38;2;201;201;201my[38;2;244;244;244m@[38;2;252;252;252m@@@@@@@@@@@@@@@[38;2;249;249;249m@[38;2;196;196;196my [38;2;0;0;195mN[38;2;0;0;216mg       [39m
 [38;2;0;0;0m      [38;2;0;0;224mj[38;2;0;0;227mF [38;2;204;204;204mg[38;2;251;251;251m@[38;2;252;252;252m@@@[38;2;251;251;251m@@[38;2;252;252;252m@@@@@@@@@@@@[38;2;251;251;251m@[38;2;192;192;192m$ [38;2;0;0;212m?[38;2;0;0;208m$      [39m
 [38;2;0;0;0m      [38;2;0;0;235m@ [38;2;122;122;122my[38;2;251;251;251m@[38;2;252;252;252m@@@[38;2;251;251;251m@[38;2;135;135;135mF[38;2;127;127;127m`[38;2;218;218;218m~[38;2;170;170;170mP[38;2;220;220;220m@[38;2;251;251;251m@[38;2;252;252;252m@@@@@@@@@[38;2;251;251;251m@[38;2;174;174;174mL [38;2;0;0;230m$[38;2;0;0;200m,     [39m
 [38;2;0;0;0m     [38;2;2;2;162mj[38;2;0;0;222m@ [38;2;192;192;192m4[38;2;252;252;252m@@@@@[38;2;251;251;251m@[38;2;221;221;221m@[38;2;169;169;169ma  [38;2;166;166;166m`[38;2;177;177;177m5[38;2;251;251;251m@[38;2;241;241;241m@[38;2;195;195;195m~[38;2;254;254;254m`````[38;2;144;144;144m~[38;2;120;120;120m$ [38;2;0;0;211m9l     [39m
 [38;2;0;0;0m     [38;2;2;2;170mJ[38;2;0;0;219m@ [38;2;156;156;156m$[38;2;252;252;252m@@@@[38;2;251;251;251m@[38;2;217;217;217mF[38;2;158;158;158m~ [38;2;233;233;233m_[38;2;212;212;212my[38;2;249;249;249mg[38;2;250;250;250m@[38;2;252;252;252m@@[38;2;239;239;239m@[38;2;228;228;228m@@@@@[38;2;231;231;231m@[38;2;203;203;203m$ [38;2;0;0;216m4[38;2;1;1;209m[     [39m
 [38;2;0;0;0m     [38;2;2;2;176mJ[38;2;0;0;216m@ [38;2;161;161;161m$[38;2;252;252;252m@@@@@[38;2;230;230;230m@[38;2;251;251;251mg[38;2;246;246;246m@[38;2;251;251;251m@[38;2;252;252;252m@@@@@@@@@@@@[38;2;198;198;198m$ [38;2;0;0;215ma[38;2;1;1;206m[     [39m
 [38;2;0;0;0m     [38;2;2;2;186mJ[38;2;0;0;209m@ [38;2;174;174;174m$[38;2;252;252;252m@@@@@@@@@@@@@@@@@@@@@[38;2;188;188;188m$ [38;2;0;0;218m0[38;2;0;0;199ml     [39m
 [38;2;0;0;0m     [38;2;1;1;196mJ[38;2;1;0;219m[ [38;2;197;197;197m$[38;2;252;252;252m@@@@@@@@@@@@@@@@@@@@[38;2;251;251;251m@[38;2;164;164;164m$ [38;2;0;0;223m$[38;2;0;1;194m'     [39m
 [38;2;0;0;0m     [38;2;2;1;202m4[38;2;1;0;212m[ [38;2;223;223;223m$[38;2;252;252;252m@@@@@@@@@@@@@@@@@@@@[38;2;251;251;251m@[38;2;128;128;128m@ [38;2;0;0;232m$      [39m
 [38;2;0;0;0m     [38;2;1;0;211m4[38;2;0;1;205m[ [38;2;233;233;233m$[38;2;252;252;252m@@@@@@@@@@@@@@@@@@@@[38;2;251;251;251m@[38;2;146;146;146mF [38;2;0;0;235m$      [39m
 [38;2;0;0;0m     [38;2;0;0;218m4[38;2;0;0;201m[ [38;2;223;223;223m@[38;2;252;252;252m@@@@@@@@@@@@@@@@@@@@[38;2;251;251;251m@[38;2;90;90;90mF [38;2;0;0;230m@      [39m
 [38;2;0;0;0m     [38;2;2;1;206m`[38;2;0;0;227m@[38;2;0;0;214m,[38;2;127;127;127m~[38;2;206;206;206mF[38;2;176;176;176mF[38;2;178;178;178mP[38;2;232;232;232m@[38;2;252;252;252m@@[38;2;248;248;248m@[38;2;189;189;189m@[38;2;188;188;188mF[38;2;161;161;161mM[38;2;194;194;194m@[38;2;251;251;251m@[38;2;252;252;252m@@[38;2;224;224;224m@[38;2;208;208;208mF[38;2;175;175;175mF[38;2;182;182;182mA[38;2;241;241;241m@[38;2;211;211;211m@[38;2;143;143;143mF [38;2;0;0;227ma[38;2;1;0;208mF      [39m
 [38;2;0;0;0m      [38;2;1;0;215m`[38;2;0;0;224m4[38;2;0;0;226mg[38;2;0;0;220ma[38;2;0;0;226ma[38;2;0;0;219my[38;2;0;0;225m_[38;2;110;110;110m`[38;2;133;133;133m`[38;2;0;0;225m_[38;2;0;0;226m_g[38;2;0;0;225mg[38;2;0;0;227m_[38;2;0;0;225m_[38;2;134;134;134m`[38;2;0;0;226m_[38;2;0;0;227m_[38;2;0;0;224ma[38;2;0;0;216m@[38;2;0;0;209my[38;2;0;0;226m_[38;2;0;0;227m_[38;2;0;0;226mg[38;2;0;0;229mP[38;2;1;0;208m~       [39m
 [38;2;0;0;0m        [38;2;3;3;188m`[38;2;0;0;227m` `[38;2;0;0;226m~[38;2;0;0;227m~~~[38;2;0;0;218m~ [38;2;3;2;186m`[38;2;0;0;223m~[38;2;0;0;226m~[38;2;0;0;227m~~[38;2;0;0;226m~[38;2;1;0;210m` [38;2;2;1;205m~[38;2;0;0;226m~[38;2;0;0;225m~[38;2;3;2;197m`         [39m
 [38;2;0;0;0m                                       [39m
[?25h