[?25l[39m [38;2;0;0;0m              [38;2;2;1;197m_[38;2;0;0;229m_[38;2;0;0;224m_[38;2;0;0;225m_[38;2;0;0;226m__[38;2;0;0;225m_[38;2;0;0;224m_[38;2;0;0;230m_[38;2;2;1;197m_               [39m
 [38;2;0;0;0m           [38;2;0;0;224m_[38;2;0;0;227ma[38;2;0;0;222mP[38;2;0;0;228m~[38;2;0;0;226m~[38;2;0;0;227m~[38;2;100;100;100m_[38;2;180;180;180m_[38;2;179;179;179m_[38;2;102;102;102m_[38;2;0;0;227m~[38;2;0;0;226m~~[38;2;0;0;217mR[38;2;0;0;226ma[38;2;0;0;224m_[38;2;3;1;188m,           [39m
 [38;2;0;0;0m        [38;2;1;1;200m_[38;2;0;0;226ma[38;2;0;0;227mP[38;2;0;0;228m~[38;2;172;172;172m_[38;2;193;193;193my[38;2;240;240;240mg[38;2;226;226;226m@[38;2;251;251;251m@@@@@@[38;2;233;233;233m@[38;2;240;240;240mg[38;2;193;193;193my[38;2;171;171;171m_[38;2;0;0;223m~[38;2;0;0;227m4[38;2;0;0;221mg[38;2;1;1;201m_         [39m
 [38;2;0;0;0m       [38;2;1;0;211my[38;2;0;0;229mP[38;2;1;0;209m'[38;2;142;142;142my[38;2;241;241;241mg[38;2;251;251;251m@[38;2;252;252;252m@@@@@@@@@@@@[38;2;251;251;251m@[38;2;205;205;205m@[38;2;129;129;129my[38;2;1;0;209m`[38;2;0;0;229m4[38;2;0;0;212my        [39m
 [38;2;0;0;0m      [38;2;0;0;218mg[38;2;0;0;224mF [38;2;199;199;199mg[38;2;251;251;251m@[38;2;252;252;252m@@@@@@@@@@@@@@@@[38;2;251;251;251m@[38;2;165;165;165m@ [38;2;0;0;214m?[38;2;1;0;213m$       [39m
 [38;2;0;0;0m     [38;2;1;1;198mj[38;2;0;0;232mF [38;2;187;187;187mg[38;2;251;251;251m@[38;2;252;252;252m@@@@[38;2;251;251;251m@[38;2;252;252;252m@@@@@@@@[38;2;251;251;251m@[38;2;252;252;252m@@@@[38;2;251;251;251m@[38;2;166;166;166m$ [38;2;0;0;221m4[38;2;0;0;213mi      [39m
 [38;2;0;0;0m     [38;2;0;0;214m@[38;2;0;0;182m[ [38;2;242;242;242m@[38;2;252;252;252m@[38;2;251;251;251m@[38;2;183;183;183m@[38;2;251;251;251m~[38;2;138;138;138mE[38;2;181;181;181my[38;2;152;152;152mZ[38;2;250;250;250m~[38;2;200;200;200m@[38;2;251;251;251m@[38;2;252;252;252m@[38;2;231;231;231m@[38;2;188;188;188mF[38;2;133;133;133mE[38;2;170;170;170my[38;2;168;168;168my[38;2;240;240;240m~[38;2;186;186;186mM[38;2;251;251;251m@[38;2;252;252;252m@[38;2;248;248;248m@  [38;2;0;0;224m$      [39m
 [38;2;0;0;0m     [38;2;0;0;226m@  [38;2;249;249;249m@[38;2;251;251;251m@[38;2;177;177;177m$[38;2;81;81;81mu[38;2;201;201;201mF [38;2;166;166;166my [38;2;198;198;198m$ [38;2;224;224;224m@[38;2;241;241;241m@[38;2;67;67;67m~[38;2;180;180;180m$[38;2;143;143;143m`[38;2;181;181;181my[38;2;120;120;120m`[38;2;132;132;132m4[38;2;98;98;98mL[38;2;164;164;164m9[38;2;251;251;251m@@  [38;2;0;0;226m@      [39m
 [38;2;0;0;0m     [38;2;0;0;226m@  [38;2;249;249;249m@[38;2;252;252;252m@[38;2;223;223;223m@[38;2;159;159;159m_[38;2;131;131;131m$[38;2;155;155;155mw[38;2;180;180;180my[38;2;183;183;183my[38;2;193;193;193my[38;2;225;225;225mg[38;2;251;251;251m@@[38;2;166;166;166my[38;2;158;158;158m?[38;2;136;136;136ma[38;2;157;157;157my[38;2;199;199;199ma[38;2;190;190;190my[38;2;219;219;219my[38;2;239;239;239m@[38;2;252;252;252m@[38;2;251;251;251m@  [38;2;0;0;226m@      [39m
 [38;2;0;0;0m     [38;2;0;0;226m@  [38;2;249;249;249m@[38;2;252;252;252m@@[38;2;251;251;251m@[38;2;221;221;221m@[38;2;248;248;248mg[38;2;231;231;231mg[38;2;246;246;246mg[38;2;251;251;251m@[38;2;252;252;252m@@@[38;2;251;251;251m@[38;2;244;244;244m@[38;2;251;251;251mg[38;2;236;236;236mgg[38;2;234;234;234m@[38;2;252;252;252m@@@[38;2;251;251;251m@  [38;2;0;0;226m@      [39m
 [38;2;0;0;0m     [38;2;0;0;226m@  [38;2;249;249;249m@[38;2;252;252;252m@@@@@@@@@@@@@@@@@@@@[38;2;251;251;251m@  [38;2;0;0;226m@      [39m
 [38;2;0;0;0m     [38;2;0;0;226m@  [38;2;249;249;249m@[38;2;252;252;252m@@@@@@@@@@@@@@@@@@@@[38;2;251;251;251m@  [38;2;0;0;227m@      [39m
 [38;2;0;0;0m     [38;2;0;0;226m@  [38;2;249;249;249m@[38;2;252;252;252m@@@@@@@@@@@@@@@@@@@@[38;2;251;251;251m@  [38;2;0;0;227m@      [39m
 [38;2;0;0;0m     [38;2;0;0;225m@  [38;2;249;249;249m@[38;2;252;252;252m@@@@@@@@@@@@@@@@@@@@[38;2;251;251;251m@  [38;2;0;0;227m@      [39m
 [38;2;0;0;0m     [38;2;0;0;217m@[38;2;0;0;198mL [38;2;216;216;216m@[38;2;252;252;252m@@@@@@[38;2;251;251;251m@[38;2;252;252;252m@@@@@@[38;2;251;251;251m@[38;2;252;252;252m@@@@@@[38;2;233;233;233m@ [38;2;0;0;196mj[38;2;0;0;222m@      [39m
 [38;2;0;0;0m     [38;2;2;1;211m`[38;2;0;0;228m@_ [38;2;172;172;172mT[38;2;202;202;202mR[38;2;204;204;204m@[38;2;187;187;187m@[38;2;205;205;205mF[38;2;217;217;217m~[38;2;162;162;162m~[38;2;239;239;239m~[38;2;175;175;175mR[38;2;199;199;199m@[38;2;201;201;201m@[38;2;210;210;210mP[38;2;242;242;242m~[38;2;165;165;165m~[38;2;203;203;203m~[38;2;175;175;175mF[38;2;184;184;184m@[38;2;206;206;206m@[38;2;207;207;207mR[38;2;188;188;188mF[38;2;70;70;70m`[38;2;0;0;228m_[38;2;0;0;227m@[38;2;0;0;234m'      [39m
 [38;2;0;0;0m      [38;2;1;1;210m`[38;2;0;0;217m?[38;2;0;0;227m@g[38;2;0;0;218mg[38;2;0;0;213my[38;2;0;0;215ma[38;2;0;0;228mg[38;2;0;0;225m@[38;2;0;0;227m@g[38;2;0;0;226mg[38;2;0;0;215myy[38;2;0;0;226mg[38;2;0;0;227mg@[38;2;0;0;226m@[38;2;0;0;228mg[38;2;0;0;219my[38;2;0;0;212my[38;2;0;0;220ma[38;2;0;0;227mg[38;2;0;0;228m@[38;2;0;0;217mP[38;2;0;0;226m'       [39m
 [38;2;0;0;0m         [38;2;1;2;199m~[38;2;0;0;226m~[38;2;0;0;227m~~[38;2;0;0;216m~  [38;2;1;0;215m`[38;2;0;0;224m~[38;2;0;0;226m~[38;2;0;0;227m~[38;2;0;0;225m~[38;2;1;0;214m`  [38;2;1;1;213m~[38;2;0;0;227m~~[38;2;0;0;226m~[38;2;2;1;204m~          [39m
 [38;2;0;0;0m                                       [39m
[?25h