[?25l[39m [38;2;0;0;0m                                       [39m
 [38;2;0;0;0m              [38;2;0;0;227m_[38;2;0;0;226m_[38;2;1;1;210my[38;2;0;0;218ma[38;2;0;0;221ma[38;2;0;0;222ma[38;2;0;0;218ma[38;2;1;0;213my[38;2;0;0;226m__[38;2;2;1;198m_              [39m
 [38;2;0;0;0m          [38;2;0;0;215m_[38;2;0;0;214my[38;2;0;0;226mgP~[38;2;0;0;225m~[38;2;0;0;232m~[38;2;132;132;132m_[38;2;169;169;169m_[38;2;176;176;176m_[38;2;141;141;141m_[38;2;0;0;230m~[38;2;0;0;227m~[38;2;0;0;226m~[38;2;0;0;223m4[38;2;0;0;225m@[38;2;1;0;215mg[38;2;0;0;229m_           [39m
 [38;2;0;0;0m        [38;2;0;0;217m_[38;2;0;0;227mg[38;2;0;0;226mP[38;2;0;0;227m~[38;2;153;153;153m_[38;2;192;192;192my[38;2;236;236;236mg[38;2;229;229;229m@[38;2;251;251;251m@[38;2;252;252;252m@[38;2;251;251;251m@@@[38;2;252;252;252m@[38;2;240;240;240m@[38;2;246;246;246mg[38;2;210;210;210my[38;2;216;216;216m_[38;2;0;0;215m~[38;2;0;0;211m4[38;2;0;0;223m@[38;2;0;0;230m_         [39m
 [38;2;0;0;0m       [38;2;1;1;209mg[38;2;0;0;215m@[38;2;1;0;201m~[38;2;186;186;186m_[38;2;236;236;236mg[38;2;250;250;250m@[38;2;252;252;252m@@@@@@@@@@@@[38;2;251;251;251m@[38;2;222;222;222m@[38;2;162;162;163my [38;2;0;0;199m#[38;2;0;0;222m$[38;2;1;0;208m,       [39m
 [38;2;0;0;0m      [38;2;0;0;215mg[38;2;0;0;229mF [38;2;180;180;180mg[38;2;250;250;250m@[38;2;252;252;252m@@@@@@@@@@@@@@@@[38;2;251;251;251m@[38;2;198;198;198m@ [38;2;0;0;216m~[38;2;0;0;230m$       [39m
 [38;2;0;0;0m     [38;2;2;1;184mj[38;2;0;0;225m@ [38;2;131;131;131mg[38;2;209;209;209mF[38;2;178;178;178mR[38;2;240;240;240m@[38;2;251;251;251m@[38;2;252;252;252m@@@@@@@@@@@@@@@@[38;2;201;201;201m@ [38;2;0;0;209m?[38;2;0;0;211m$      [39m
 [38;2;0;0;0m     [38;2;0;0;215m4[38;2;0;0;204m[ [38;2;228;228;228m$[38;2;206;206;206my[38;2;221;221;221m_ [38;2;139;139;139m~[38;2;177;177;177mT[38;2;187;187;187m@[38;2;251;251;251m@[38;2;252;252;252m@[38;2;232;232;232m@[38;2;219;219;219mP[38;2;217;217;217mPPPPP[38;2;197;197;197m@[38;2;251;251;251m@[38;2;252;252;252m@@@[38;2;251;251;251m@[38;2;79;79;79mL [38;2;0;0;230m@      [39m
 [38;2;0;0;0m     [38;2;0;0;219m4[38;2;0;0;192m[ [38;2;234;234;234m@[38;2;211;211;211m@[38;2;201;201;201mF[38;2;133;133;133m~ [38;2;194;194;194m_[38;2;200;200;200my[38;2;247;247;247m@[38;2;251;251;251m@[38;2;181;181;181m@[38;2;168;168;168my[38;2;167;167;167myyyyy[38;2;208;208;208my[38;2;250;250;250m@[38;2;252;252;252m@@@[38;2;251;251;251m@[38;2;124;124;124mL [38;2;0;0;232m@      [39m
 [38;2;0;0;0m     [38;2;0;0;220m4[38;2;0;0;191m[ [38;2;225;225;225m$[38;2;253;253;253m_[38;2;167;167;167my[38;2;222;222;222ma[38;2;230;230;230m@[38;2;251;251;251m@[38;2;252;252;252m@@@@@@@@@@@@@@@[38;2;251;251;251m@[38;2;121;121;121mL [38;2;0;0;232m@      [39m
 [38;2;0;0;0m     [38;2;0;0;221m4  [38;2;238;238;238m@[38;2;252;252;252m@@@@@@@@@@@@@@@@@@@@[38;2;251;251;251m@[38;2;115;115;116mL [38;2;0;0;231m@      [39m
 [38;2;0;0;0m     [38;2;0;0;211m$  [38;2;241;241;241m@[38;2;252;252;252m@@@@@@@@@@@@@@@@@@@@[38;2;251;251;251m@[38;2;106;106;107mL [38;2;0;0;231m@      [39m
 [38;2;0;0;0m     [38;2;0;0;214m$  [38;2;245;245;245m@[38;2;252;252;252m@@@@@@@@@@@@@@@@@@@@[38;2;251;251;251m@[38;2;94;94;95mL [38;2;0;0;230m@      [39m
 [38;2;0;0;0m     [38;2;0;0;217m@  [38;2;248;248;248m@[38;2;252;252;252m@@@@@@@@@@@@@@@@@@@@[38;2;251;251;251m@[38;2;81;81;81mL [38;2;0;0;230m@      [39m
 [38;2;0;0;0m     [38;2;0;0;214m4[38;2;0;0;218mL [38;2;206;206;206mR[38;2;251;251;251m@@@[38;2;252;252;252m@@@@@[38;2;251;251;251m@@@[38;2;252;252;252m@@@@@[38;2;251;251;251m@@[38;2;252;252;252m@[38;2;251;251;251m@[38;2;218;218;218m@ [38;2;0;0;206mj[38;2;0;0;213m@      [39m
 [38;2;0;0;0m      [38;2;0;0;223m4[38;2;0;0;218my[38;2;0;0;209m_[38;2;206;206;206m~[38;2;152;152;152m`[38;2;0;0;225m_[38;2;184;184;184m~[38;2;176;176;176mF[38;2;201;201;201mPP[38;2;183;183;183mF[38;2;157;157;157m~[38;2;0;0;231m_[38;2;194;194;194m`[38;2;246;246;246m~[38;2;191;191;191mP[38;2;159;159;159m@[38;2;203;203;203mF[38;2;228;228;228m~[38;2;115;115;115m`[38;2;118;118;118m`[38;2;216;216;216m~[38;2;238;238;238m~[38;2;0;0;200m_[38;2;0;0;216my[38;2;0;0;230mP[38;2;2;1;200m'      [39m
 [38;2;0;0;0m       [38;2;2;0;210m~[38;2;0;0;226m~[38;2;0;0;218mR[38;2;1;1;209mF[38;2;0;0;226m~[38;2;0;0;216mR[38;2;0;0;227mag[38;2;0;0;228ma[38;2;0;0;226ma[38;2;0;0;223mP[38;2;0;0;226m~[38;2;0;0;230m=[38;2;0;0;216m@[38;2;0;0;228ma[38;2;0;0;227mg[38;2;0;0;228ma[38;2;0;0;215mR[38;2;0;0;227m~[38;2;0;0;226m~[38;2;1;0;210m@[38;2;0;0;210m@[38;2;1;0;216m=[38;2;0;0;215m~        [39m
 [38;2;0;0;0m                                       [39m
 [38;2;0;0;0m                                       [39m
[?25h