[?25l[39m [38;2;0;0;0m             [38;2;1;0;218m_[38;2;0;0;225m_[38;2;1;1;205my[38;2;0;0;219ma[38;2;0;0;228mg[38;2;0;0;229mg[38;2;0;0;230mg[38;2;0;0;229mg[38;2;0;0;221my[38;2;1;1;205my[38;2;0;0;225m_[38;2;0;0;217m_              [39m
 [38;2;0;0;0m          [38;2;0;0;231m_[38;2;0;0;224ma[38;2;0;0;225m@[38;2;0;0;223mP[38;2;0;0;226m~[38;2;0;0;228m~[38;2;0;0;219m~[38;2;186;186;186m_[38;2;232;232;232m__[38;2;185;185;185m_[38;2;0;0;219m~[38;2;0;0;227m~[38;2;0;0;226m~[38;2;0;0;223m4[38;2;0;0;227m@[38;2;0;0;220mg[38;2;0;0;230m_           [39m
 [38;2;0;0;0m        [38;2;0;0;230m_[38;2;0;0;221m@[38;2;0;0;220mP[38;2;0;0;221m~[38;2;202;202;202m_[38;2;205;205;205my[38;2;249;249;249mg[38;2;241;241;241m@[38;2;251;251;251m@@[38;2;252;252;252m@@[38;2;251;251;251m@@[38;2;246;246;246m@[38;2;249;249;249mg[38;2;205;205;205my[38;2;203;203;203m_[38;2;0;0;219m~[38;2;0;0;218m4[38;2;0;0;225m@[38;2;0;0;230m_         [39m
 [38;2;0;0;0m       [38;2;0;0;225mgP[38;2;0;0;201m'[38;2;159;159;159my[38;2;248;248;248mg[38;2;251;251;251m@[38;2;252;252;252m@@@@@@@@@@@@[38;2;251;251;251m@[38;2;217;217;217m@[38;2;148;148;148my[38;2;2;0;195m`[38;2;0;0;222m4[38;2;0;0;220m$[38;2;1;1;191m,       [39m
 [38;2;0;0;0m      [38;2;0;0;229mg[38;2;0;0;221mF [38;2;209;209;209mg[38;2;251;251;251m@@@[38;2;252;252;252m@@@@@@@@@@@@@@[38;2;251;251;251m@[38;2;178;178;178m@ [38;2;0;0;223m~[38;2;0;0;227m$       [39m
 [38;2;0;0;0m     [38;2;0;0;216mj[38;2;0;0;229mF [38;2;195;195;195mg[38;2;251;251;251m@@[38;2;199;199;199m~[38;2;145;145;145m~[38;2;171;171;171mT[38;2;175;175;175m@[38;2;247;247;247m@[38;2;251;251;251m@[38;2;252;252;252m@@@@@@@@@@@[38;2;251;251;251m@[38;2;171;171;171m@ [38;2;0;0;209m5[38;2;0;0;219m[      [39m
 [38;2;0;0;0m     [38;2;0;0;220m@[38;2;0;0;179m[ [38;2;243;243;243m@[38;2;252;252;252m@@[38;2;247;247;247m@[38;2;238;238;238mg[38;2;163;163;163mw  [38;2;196;196;196m~[38;2;203;203;203m@[38;2;251;251;251m@[38;2;219;219;219m@[38;2;230;230;230m~[38;2;217;217;217m~~~~~[38;2;229;229;229m~[38;2;215;215;215m@[38;2;252;252;252m@[38;2;249;249;249m@  [38;2;0;0;226m$      [39m
 [38;2;0;0;0m     [38;2;0;0;226m@  [38;2;249;249;249m@[38;2;252;252;252m@[38;2;251;251;251m@[38;2;207;207;207mF[38;2;174;174;174m~ [38;2;210;210;210m_[38;2;201;201;201my[38;2;247;247;247mg[38;2;251;251;251m@[38;2;252;252;252m@[38;2;251;251;251m@[38;2;252;252;252mggggggg@@[38;2;251;251;251m@  [38;2;0;0;226m@      [39m
 [38;2;0;0;0m     [38;2;0;0;225m@  [38;2;249;249;249m@[38;2;252;252;252m@[38;2;251;251;251m@[38;2;243;243;243mg[38;2;237;237;237mg[38;2;236;236;236m@[38;2;251;251;251m@[38;2;252;252;252m@@@@@@@@@@@@@@[38;2;251;251;251m@  [38;2;0;0;226m@      [39m
 [38;2;0;0;0m     [38;2;0;0;225m@  [38;2;249;249;249m@[38;2;252;252;252m@@@@@@@@@@@@@@@@@@@@[38;2;251;251;251m@  [38;2;0;0;226m@      [39m
 [38;2;0;0;0m     [38;2;0;0;225m@  [38;2;249;249;249m@[38;2;252;252;252m@@@@@@@@@@@@@@@@@@@@[38;2;251;251;251m@  [38;2;0;0;226m@      [39m
 [38;2;0;0;0m     [38;2;0;0;225m@  [38;2;249;249;249m@[38;2;252;252;252m@@@@@@@@@@@@@@@@@@@@[38;2;251;251;251m@  [38;2;0;0;226m@      [39m
 [38;2;0;0;0m     [38;2;0;0;225m@  [38;2;249;249;249m@[38;2;252;252;252m@@@@@@@@@@@@@@@@@@@@[38;2;251;251;251m@  [38;2;0;0;226m@      [39m
 [38;2;0;0;0m     [38;2;0;0;218m@[38;2;0;0;215m, [38;2;239;239;239m@[38;2;252;252;252m@@@@@@@@@@@@@@@@@@@@[38;2;246;246;246m@ [38;2;0;0;175mj[38;2;0;0;220m@      [39m
 [38;2;0;0;0m     [38;2;1;1;209m`[38;2;0;0;227m@[38;2;0;0;225m_[38;2;193;193;193m`[38;2;174;174;174mA[38;2;231;231;231m@[38;2;247;247;247m@[38;2;241;241;241m@[38;2;176;176;176m@[38;2;252;252;252m~[38;2;251;251;251m~[38;2;143;143;143m5[38;2;201;201;201m@[38;2;246;246;246m@@[38;2;207;207;207m@[38;2;200;200;200mF[38;2;251;251;251m~~[38;2;196;196;196mR[38;2;240;240;240m@[38;2;246;246;246m@[38;2;232;232;232m@[38;2;208;208;208mP[38;2;132;132;132m~[38;2;0;0;224m_[38;2;0;0;225m$[38;2;0;0;231m'      [39m
 [38;2;0;0;0m      [38;2;1;1;207m`[38;2;0;0;215m?[38;2;0;0;219m@y[38;2;0;0;226m___[38;2;0;0;213my[38;2;0;0;227ma[38;2;0;0;223m@[38;2;0;0;224mg[38;2;0;0;226m____[38;2;0;0;224mg[38;2;0;0;221m@[38;2;0;0;227ma[38;2;0;0;213my[38;2;0;0;226m___[38;2;0;0;219my[38;2;0;0;225ma[38;2;0;0;216mF[38;2;0;0;220m'       [39m
 [38;2;0;0;0m         [38;2;0;0;230m`~~[38;2;0;0;231m~[38;2;2;1;202m~  [38;2;0;2;196m`[38;2;0;0;220m~[38;2;0;0;230m~[38;2;0;0;231m~[38;2;0;0;222m~[38;2;1;2;197m`  [38;2;0;0;234m`[38;2;0;0;229m~[38;2;0;0;231m~[38;2;0;0;229m~[38;2;0;0;230m`          [39m
 [38;2;0;0;0m                                       [39m
 [38;2;0;0;0m                                       [39m
[?25h