[?25l[39m [38;2;0;0;0m              [38;2;0;0;222m_[38;2;0;0;225m_[38;2;0;0;227m_[38;2;1;1;204my[38;2;1;1;211my[38;2;0;1;211my[38;2;1;1;203my[38;2;0;0;227m_[38;2;0;0;225m_[38;2;0;0;222m_               [39m
 [38;2;0;0;0m          [38;2;1;1;197m_[38;2;1;1;203my[38;2;0;0;226mg[38;2;0;0;228m@[38;2;0;0;224mP[38;2;0;0;218m=[38;2;0;0;226m~~[38;2;0;0;228m~[38;2;0;0;227m~[38;2;0;0;226m~~[38;2;0;0;218m=[38;2;0;0;223m4[38;2;0;0;228m@[38;2;0;0;227mg[38;2;1;1;202my[38;2;2;1;200m_           [39m
 [38;2;0;0;0m        [38;2;0;0;211m_[38;2;0;0;226ma[38;2;0;0;223m@[38;2;0;0;225m~[38;2;0;0;206m~[38;2;239;239;239m_[38;2;203;203;203my[38;2;239;239;239mg[38;2;225;225;225m$[38;2;236;236;236m@[38;2;249;249;249m@[38;2;250;250;250m@[38;2;239;239;239m@[38;2;228;228;228m$[38;2;239;239;239mg[38;2;204;204;204my[38;2;238;238;238m_[38;2;0;0;206m~[38;2;0;0;226m~[38;2;0;0;222m@[38;2;0;0;224mg[38;2;1;0;213m_         [39m
 [38;2;0;0;0m       [38;2;1;0;211ma[38;2;0;0;224m@[38;2;0;0;226m~[38;2;114;114;114m_[38;2;195;195;195mg[38;2;238;238;238m@[38;2;251;251;251m@[38;2;252;252;252m@@@@@@@@@@[38;2;251;251;251m@[38;2;244;244;244m@[38;2;195;195;195mg[38;2;114;114;114m_[38;2;0;0;223m~[38;2;0;0;222m@[38;2;0;0;210mg        [39m
 [38;2;0;0;0m      [38;2;0;0;219mg[38;2;0;0;225mP [38;2;187;187;187my[38;2;244;244;244m@[38;2;252;252;252m@@@@@@@@@@@@@@@@[38;2;249;249;249m@[38;2;178;178;178my [38;2;0;0;221m4[38;2;0;0;217m$       [39m
 [38;2;0;0;0m     [38;2;1;1;204mj[38;2;0;0;221m@ [38;2;151;151;152mg[38;2;251;251;251m@[38;2;252;252;252m@[38;2;226;226;226m@[38;2;208;208;208m@[38;2;250;250;250m@[38;2;252;252;252m@@@@@@@@@@@@@@[38;2;251;251;251m@[38;2;160;160;160my [38;2;0;0;224mR[38;2;0;0;218mi      [39m
 [38;2;0;0;0m     [38;2;0;0;215m@[38;2;0;0;192m[ [38;2;232;232;232m@[38;2;252;252;252m@[38;2;251;251;251m@[38;2;179;179;179my[38;2;101;101;101m_[38;2;113;113;113m`[38;2;229;229;229m~[38;2;165;165;165m#[38;2;227;227;227m@[38;2;252;252;252m@@@[38;2;239;239;239m@[38;2;232;232;232m@@@@@[38;2;242;242;242m@[38;2;251;251;251m@[38;2;252;252;252m@[38;2;244;244;244m@  [38;2;0;0;223m$      [39m
 [38;2;0;0;0m     [38;2;0;0;226m@  [38;2;249;249;249m@[38;2;252;252;252m@@[38;2;251;251;251m@[38;2;218;218;218m@[38;2;129;129;129mM  [38;2;167;167;167m_[38;2;206;206;206m$[38;2;251;251;251m@[38;2;217;217;217m@[38;2;195;195;195m_[38;2;172;172;172m_____[38;2;200;200;200m_[38;2;220;220;220m$[38;2;252;252;252m@[38;2;251;251;251m@  [38;2;0;0;226m@      [39m
 [38;2;0;0;0m     [38;2;0;0;226m@  [38;2;249;249;249m@[38;2;252;252;252m@[38;2;251;251;251m@[38;2;133;133;133m_[38;2;69;69;69m_[38;2;157;157;157my[38;2;206;206;206mg[38;2;224;224;224m@[38;2;251;251;251m@[38;2;252;252;252m@@@[38;2;251;251;251m@@@@@@@[38;2;252;252;252m@@[38;2;251;251;251m@  [38;2;0;0;226m@      [39m
 [38;2;0;0;0m     [38;2;0;0;226m@  [38;2;249;249;249m@[38;2;252;252;252m@@[38;2;251;251;251m@@[38;2;252;252;252m@@@@@@@@@@@@@@@@[38;2;251;251;251m@  [38;2;0;0;226m@      [39m
 [38;2;0;0;0m     [38;2;0;0;226m@  [38;2;249;249;249m@[38;2;252;252;252m@@@@@@@@@@@@@@@@@@@@[38;2;251;251;251m@  [38;2;0;0;226m@      [39m
 [38;2;0;0;0m     [38;2;0;0;226m@  [38;2;249;249;249m@[38;2;252;252;252m@@@@@@@@@@@@@@@@@@@@[38;2;251;251;251m@  [38;2;0;0;227m@      [39m
 [38;2;0;0;0m     [38;2;0;0;226m@  [38;2;249;249;249m@[38;2;252;252;252m@@@@@@@@@@@@@@@@@@@@[38;2;251;251;251m@  [38;2;0;0;227m@      [39m
 [38;2;0;0;0m     [38;2;0;0;217m@[38;2;0;0;216m, [38;2;239;239;239m@[38;2;252;252;252m@@@@@@@@@@@@@@@@@@@@[38;2;247;247;247m@ [38;2;1;0;172mj[38;2;0;0;221m@      [39m
 [38;2;0;0;0m     [38;2;1;1;207m`[38;2;0;0;226m@[38;2;0;0;224m_[38;2;193;193;193m`[38;2;175;175;175mA[38;2;233;233;233m@[38;2;247;247;247m@[38;2;242;242;242m@[38;2;178;178;178m@[38;2;251;251;251m~[38;2;252;252;252m~[38;2;146;146;146m5[38;2;204;204;204m@[38;2;246;246;246m@@[38;2;210;210;210m@[38;2;202;202;202mF[38;2;251;251;251m~~[38;2;199;199;199mR[38;2;241;241;241m@[38;2;247;247;247m@[38;2;235;235;235m@[38;2;212;212;212mP[38;2;138;138;138m~[38;2;0;0;221m_[38;2;0;0;224m$[38;2;0;0;231m'      [39m
 [38;2;0;0;0m      [38;2;2;1;200m`[38;2;0;0;212m?[38;2;0;0;217m@[38;2;0;0;220my[38;2;0;0;225m_[38;2;0;0;226m__[38;2;0;0;213my[38;2;0;0;227ma[38;2;0;0;219m@[38;2;0;0;223mg[38;2;0;0;225m_[38;2;0;0;226m__[38;2;0;0;225m_[38;2;0;0;223mg[38;2;0;0;216m@[38;2;0;0;228ma[38;2;0;0;212my[38;2;0;0;226m__[38;2;0;0;225m_[38;2;0;0;219my[38;2;0;0;226ms[38;2;0;0;213mF[38;2;0;0;214m'       [39m
 [38;2;0;0;0m         [38;2;0;0;220m`[38;2;0;0;224m~[38;2;0;0;231m~[38;2;0;0;228m~[38;2;0;0;229m`   [38;2;1;1;208m~[38;2;0;0;231m~[38;2;0;0;232m~[38;2;0;0;210m~   [38;2;0;0;231m`[38;2;0;0;225m~[38;2;0;0;232m~[38;2;0;0;225m~[38;2;0;0;222m`          [39m
 [38;2;0;0;0m                                       [39m
 [38;2;0;0;0m                                       [39m
[?25h