[?25l[39m [38;2;0;0;0m                                       [39m
 [38;2;0;0;0m              [38;2;0;0;226m_[38;2;0;0;227m__[38;2;1;1;209my[38;2;0;0;217myy[38;2;0;1;212my[38;2;0;0;227m___               [39m
 [38;2;0;0;0m          [38;2;2;3;188m_[38;2;0;0;225m_[38;2;0;0;228mgP[38;2;0;0;218m=[38;2;0;0;225m~[38;2;0;0;231m~[38;2;115;115;115m_[38;2;150;150;150m_[38;2;154;154;154m_[38;2;130;130;130m_[38;2;0;0;232m~[38;2;0;0;226m~~[38;2;0;0;224m4[38;2;0;0;217m@[38;2;0;0;212my[38;2;0;0;220m_           [39m
 [38;2;0;0;0m        [38;2;1;1;197m_[38;2;0;0;222mg[38;2;0;0;229mP[38;2;0;0;227m~[38;2;118;118;118m_[38;2;183;183;183my[38;2;230;230;230mg[38;2;224;224;224m@[38;2;249;249;249m@[38;2;252;252;252m@[38;2;251;251;251m@@[38;2;252;252;252m@[38;2;251;251;251m@[38;2;237;237;237m@[38;2;244;244;244mg[38;2;207;207;207my[38;2;212;212;212m_[38;2;0;0;217m~[38;2;0;0;212m4[38;2;0;0;219m@[38;2;0;0;228m_         [39m
 [38;2;0;0;0m       [38;2;0;0;215mj[38;2;0;0;220m@[38;2;0;0;210m~[38;2;169;169;169m_[38;2;226;226;226mg[38;2;251;251;251m@[38;2;252;252;252m@@@@@@@@@@@@@[38;2;221;221;221m@[38;2;163;163;163my [38;2;0;0;197m#[38;2;0;0;219m$[38;2;1;1;196m,       [39m
 [38;2;0;0;0m      [38;2;0;0;225mjP [38;2;168;168;168mg[38;2;249;249;249m@[38;2;252;252;252m@@@@@@@@@@@@@@@@[38;2;251;251;251m@[38;2;200;200;200m@[38;2;67;67;67m,[38;2;0;0;215m~[38;2;0;0;230m$       [39m
 [38;2;0;0;0m      [38;2;0;0;228m@ [38;2;156;156;157my[38;2;197;197;197m@[38;2;200;200;200mF[38;2;203;203;203m@[38;2;251;251;251m@[38;2;252;252;252m@@@@@@@@@@@@@@@@[38;2;207;207;207m@ [38;2;0;0;216m~[38;2;0;0;212m$      [39m
 [38;2;0;0;0m     [38;2;1;0;210m4[38;2;1;0;209m[ [38;2;223;223;223m$[38;2;187;187;187m@[38;2;162;162;162my[38;2;110;110;110m_[38;2;89;89;89m`[38;2;235;235;235m~[38;2;184;184;184mP[38;2;241;241;241m@[38;2;252;252;252m@[38;2;251;251;251m@[38;2;195;195;195m@[38;2;220;220;220mPPPPP[38;2;197;197;197mR[38;2;243;243;243m@[38;2;252;252;252m@@@[38;2;251;251;251m@[38;2;100;100;100mL [38;2;0;0;231m@      [39m
 [38;2;0;0;0m     [38;2;0;0;215m4[38;2;0;0;198m[ [38;2;226;226;226m@[38;2;246;246;246m@[38;2;179;179;179m@[38;2;164;164;164mF  [38;2;140;140;140my[38;2;217;217;217mg[38;2;251;251;251m@[38;2;246;246;246m@[38;2;187;187;187my[38;2;160;160;160myyyyy[38;2;167;167;167my[38;2;225;225;225mg[38;2;251;251;251m@[38;2;252;252;252m@@@[38;2;127;127;127mF [38;2;0;0;237m$      [39m
 [38;2;0;0;0m     [38;2;0;0;216m4[38;2;0;0;197m[ [38;2;227;227;227m@[38;2;189;189;189my[38;2;251;251;251m_[38;2;192;192;192my[38;2;246;246;246mg[38;2;248;248;248m@[38;2;252;252;252m@@@@@@@@@@@@@@@@[38;2;123;123;123mF [38;2;0;0;236m$      [39m
 [38;2;0;0;0m     [38;2;0;0;217m4[38;2;0;0;195m[ [38;2;230;230;230m@[38;2;252;252;252m@@@@@@@@@@@@@@@@@@@@@[38;2;133;133;133mL [38;2;0;0;236m$      [39m
 [38;2;0;0;0m     [38;2;0;0;220m4[38;2;0;0;191m[ [38;2;235;235;235m@[38;2;252;252;252m@@@@@@@@@@@@@@@@@@@@[38;2;251;251;251m@[38;2;122;122;122mL [38;2;0;0;232m@      [39m
 [38;2;0;0;0m     [38;2;0;0;216mg  [38;2;241;241;241m@[38;2;252;252;252m@@@@@@@@@@@@@@@@@@@@[38;2;251;251;251m@[38;2;108;108;108mL [38;2;0;0;231m@      [39m
 [38;2;0;0;0m     [38;2;0;0;214m@  [38;2;246;246;246m@[38;2;252;252;252m@@@@@@@@@@@@@@@@@@@@[38;2;251;251;251m@[38;2;91;91;92mL [38;2;0;0;230m@      [39m
 [38;2;0;0;0m     [38;2;1;0;210m9[38;2;0;0;204mL [38;2;205;205;205m@[38;2;252;252;252m@@[38;2;251;251;251m@[38;2;252;252;252m@@@@@@[38;2;251;251;251m@@[38;2;252;252;252m@@@@@@[38;2;251;251;251m@[38;2;252;252;252m@@[38;2;239;239;239m@ [38;2;1;1;188m_[38;2;0;0;219m@      [39m
 [38;2;0;0;0m     [38;2;2;2;189m`[38;2;0;0;219m@[38;2;0;0;229m_ [38;2;170;170;170mT[38;2;240;240;240m~[38;2;165;165;165m~[38;2;210;210;210m~[38;2;180;180;180mF[38;2;186;186;186m@[38;2;205;205;205m@R[38;2;185;185;185mF[38;2;195;195;195m~[38;2;171;171;171m~[38;2;246;246;246m~[38;2;194;194;194mR[38;2;205;205;205m@[38;2;195;195;195m@[38;2;216;216;216mF[38;2;231;231;231m~[38;2;159;159;159m~[38;2;226;226;226m~[38;2;180;180;180mF[38;2;95;95;95m`[38;2;0;0;228m_[38;2;0;0;221m@[38;2;0;0;222m'      [39m
 [38;2;0;0;0m       [38;2;0;0;228m~[38;2;0;0;225m4[38;2;0;0;227ma[38;2;0;0;225ms[38;2;0;0;229m=[38;2;1;0;211m@[38;2;0;0;227mg[38;2;0;0;219my[38;2;0;0;213my[38;2;0;0;221ma[38;2;0;0;227ma[38;2;0;0;224mP[38;2;0;0;222m4[38;2;0;0;227ma[38;2;0;0;220mg[38;2;0;0;211my[38;2;0;0;217my[38;2;0;0;227mg[38;2;0;0;212m@[38;2;0;0;227m=[38;2;0;0;217m@[38;2;0;0;227ma[38;2;0;0;225mP[38;2;0;0;229m~        [39m
 [38;2;0;0;0m              [38;2;2;1;212m`[38;2;1;1;223m`[38;2;2;2;190m`    [38;2;3;2;185m`[38;2;1;1;223m`[38;2;1;1;215m`               [39m
 [38;2;0;0;0m                                       [39m
[?25h