[?25l[39m [38;2;0;0;0m                                       [39m
 [38;2;0;0;0m              [38;2;0;0;226m__[38;2;0;0;225m_[38;2;1;1;204my[38;2;1;0;212myy[38;2;1;1;203my[38;2;0;0;225m_[38;2;0;0;226m__               [39m
 [38;2;0;0;0m          [38;2;1;1;198m_[38;2;0;0;223m_[38;2;0;0;227ma[38;2;0;0;224mP[38;2;0;0;226m~[38;2;0;0;228m~[38;2;97;97;97m_[38;2;170;170;170m_[38;2;221;221;221m__[38;2;169;169;169m_[38;2;97;97;97m_[38;2;0;0;227m~[38;2;0;0;226m~[38;2;0;0;223m4[38;2;0;0;228ma[38;2;1;1;201my[38;2;3;1;199m_           [39m
 [38;2;0;0;0m        [38;2;0;0;213m_[38;2;0;0;228ma[38;2;0;0;219mP~[38;2;212;212;212m_y[38;2;247;247;247mg[38;2;240;240;240m@[38;2;252;252;252m@[38;2;251;251;251m@@@@[38;2;252;252;252m@[38;2;244;244;244m@[38;2;247;247;247mg[38;2;212;212;212my_[38;2;0;0;215m~4[38;2;0;0;224mg[38;2;0;0;213m_         [39m
 [38;2;0;0;0m       [38;2;0;0;211mg[38;2;0;0;226mP[38;2;0;0;197m'[38;2;161;161;161my[38;2;247;247;247mg[38;2;251;251;251m@[38;2;252;252;252m@@@@@@@@@@@@@[38;2;217;217;217m@[38;2;148;148;148my[38;2;2;2;189m`[38;2;0;0;223m4[38;2;1;0;212mg        [39m
 [38;2;0;0;0m      [38;2;0;0;222mg[38;2;0;0;219mF [38;2;212;212;212mg[38;2;251;251;251m@[38;2;252;252;252m@@@@@@@@@@@@@@@@[38;2;251;251;251m@[38;2;187;187;187m$ [38;2;0;0;224m~[38;2;0;0;219m$       [39m
 [38;2;0;0;0m     [38;2;1;0;204mj[38;2;0;0;230mF [38;2;197;197;197mg[38;2;251;251;251m@@[38;2;228;228;228mF[38;2;182;182;182mF[38;2;204;204;204m@[38;2;251;251;251m@[38;2;252;252;252m@@@@@@@@@@@@@[38;2;251;251;251m@[38;2;173;173;173m@ [38;2;0;0;209m5[38;2;0;0;218mi      [39m
 [38;2;0;0;0m     [38;2;0;0;217m@[38;2;0;0;179m[ [38;2;244;244;244m@[38;2;252;252;252m@[38;2;251;251;251m@[38;2;215;215;215mg[38;2;161;161;161my[38;2;108;108;108m_[38;2;91;91;91m`[38;2;235;235;235m~[38;2;186;186;186mP[38;2;245;245;245m@[38;2;252;252;252m@[38;2;246;246;246m@[38;2;219;219;219mP[38;2;203;203;203mPPPPP[38;2;195;195;195mA[38;2;248;248;248m@[38;2;252;252;252m@[38;2;249;249;249m@  [38;2;0;0;225m$      [39m
 [38;2;0;0;0m     [38;2;0;0;225m@  [38;2;249;249;249m@[38;2;252;252;252m@[38;2;251;251;251m@[38;2;226;226;226m@[38;2;215;215;215mF[38;2;209;209;209m~ [38;2;146;146;146m_[38;2;179;179;179my[38;2;218;218;218m@[38;2;252;252;252m@[38;2;232;232;232m@[38;2;191;191;191my[38;2;181;181;181myyyyy[38;2;195;195;195my[38;2;228;228;228m@[38;2;252;252;252m@[38;2;251;251;251m@  [38;2;0;0;227m@      [39m
 [38;2;0;0;0m     [38;2;0;0;225m@  [38;2;249;249;249m@[38;2;252;252;252m@[38;2;251;251;251m@[38;2;179;179;179my[38;2;156;156;156my[38;2;190;190;190mg[38;2;227;227;227m$[38;2;251;251;251m@[38;2;252;252;252m@@@@@@@@@@@@@[38;2;251;251;251m@  [38;2;0;0;227m@      [39m
 [38;2;0;0;0m     [38;2;0;0;225m@  [38;2;249;249;249m@[38;2;252;252;252m@@@@@@@@@@@@@@@@@@@@[38;2;251;251;251m@  [38;2;0;0;227m@      [39m
 [38;2;0;0;0m     [38;2;0;0;225m@  [38;2;249;249;249m@[38;2;252;252;252m@@@@@@@@@@@@@@@@@@@@[38;2;251;251;251m@  [38;2;0;0;226m@      [39m
 [38;2;0;0;0m     [38;2;0;0;225m@  [38;2;249;249;249m@[38;2;252;252;252m@@@@@@@@@@@@@@@@@@@@[38;2;251;251;251m@  [38;2;0;0;227m@      [39m
 [38;2;0;0;0m     [38;2;0;0;225m@  [38;2;249;249;249m@[38;2;252;252;252m@@@@@@@@@@@@@@@@@@@@[38;2;251;251;251m@  [38;2;0;0;226m@      [39m
 [38;2;0;0;0m     [38;2;0;0;220m@  [38;2;245;245;245m@[38;2;252;252;252m@@@@@@@@@@@@@@@@@@@@[38;2;249;249;249m@  [38;2;0;0;223m@      [39m
 [38;2;0;0;0m     [38;2;1;0;211m`[38;2;0;0;223m@[38;2;0;0;212m,[38;2;160;160;160m~[38;2;186;186;186m@[38;2;250;250;250m@[38;2;252;252;252m@[38;2;251;251;251m@[38;2;219;219;219m@[38;2;203;203;203mF[38;2;173;173;173mF[38;2;183;183;183mA[38;2;241;241;241m@[38;2;252;252;252m@@[38;2;242;242;242m@[38;2;214;214;214mP[38;2;177;177;177mF[38;2;182;182;182mF[38;2;214;214;214m@[38;2;251;251;251m@[38;2;252;252;252m@[38;2;250;250;250m@[38;2;201;201;201m@[38;2;187;187;187m~[38;2;1;0;191m_[38;2;0;0;231ma'      [39m
 [38;2;0;0;0m      [38;2;1;0;214m`[38;2;0;0;219m4[38;2;0;0;225mg__[38;2;125;125;125m`[38;2;0;0;225m_[38;2;0;0;227m_[38;2;0;0;224ma[38;2;0;0;217m@[38;2;0;0;212my[38;2;0;0;225m_[38;2;114;114;114m`[38;2;115;115;115m`[38;2;0;0;225m_[38;2;0;0;213my[38;2;0;0;227ma[38;2;0;0;221mg[38;2;0;0;227m_[38;2;0;0;225m_[38;2;126;126;126m`[38;2;0;0;225m_[38;2;0;0;226m_g[38;2;0;0;224mP[38;2;0;0;230m'       [39m
 [38;2;0;0;0m         [38;2;1;0;217m~[38;2;0;0;226m~[38;2;0;0;227m~~[38;2;0;0;225m~[38;2;3;2;190m` [38;2;0;0;228m`[38;2;0;0;225m~[38;2;0;0;227m~~[38;2;0;0;226m~[38;2;0;0;227m` [38;2;3;1;186m`[38;2;0;0;222m~[38;2;0;0;226m~[38;2;0;0;227m~[38;2;0;0;226m~[38;2;0;0;220m~          [39m
 [38;2;0;0;0m                                       [39m
[?25h