[?25l[39m [38;2;0;0;0m              [38;2;0;0;221m_[38;2;0;0;225m__[38;2;1;1;204my[38;2;1;1;211myy[38;2;1;1;204my[38;2;0;0;225m__[38;2;0;0;222m_               [39m
 [38;2;0;0;0m          [38;2;1;1;198m_[38;2;1;1;202my[38;2;0;0;228ma[38;2;0;0;222mP[38;2;0;0;226m~[38;2;0;0;228m~[38;2;0;0;217m~[38;2;202;202;202m_[38;2;233;233;233m__[38;2;201;201;201m_[38;2;0;0;216m~[38;2;0;0;227m~[38;2;0;0;225m~[38;2;0;0;222m4[38;2;0;0;227ma[38;2;1;1;202my[38;2;1;1;200m_           [39m
 [38;2;0;0;0m        [38;2;0;0;212m_[38;2;0;0;228ma[38;2;0;0;220mP[38;2;0;0;218m~[38;2;207;207;207m_y[38;2;250;250;250mg[38;2;244;244;244m@[38;2;251;251;251m@@[38;2;252;252;252m@@[38;2;251;251;251m@@[38;2;247;247;247m@[38;2;250;250;250mg[38;2;207;207;207my_[38;2;0;0;217m~[38;2;0;0;216m4[38;2;0;0;224mg[38;2;0;0;211m_         [39m
 [38;2;0;0;0m       [38;2;0;0;218my[38;2;0;0;226mP[38;2;0;0;199m'[38;2;163;163;163my[38;2;206;206;206m@[38;2;251;251;251m@[38;2;252;252;252m@@@@@@@@@@@@[38;2;251;251;251m@[38;2;220;220;220m@[38;2;153;153;153my[38;2;2;1;189m`[38;2;0;0;223m4[38;2;1;1;212mg        [39m
 [38;2;0;0;0m      [38;2;0;0;222mg[38;2;0;0;219mF [38;2;210;210;210mg[38;2;251;251;251m@[38;2;252;252;252m@@@@@@@@@@@@@@@@[38;2;251;251;251m@[38;2;180;180;180m@ [38;2;0;0;224m~[38;2;0;0;220m$       [39m
 [38;2;0;0;0m     [38;2;1;0;203mj[38;2;0;0;230mF [38;2;196;196;196mg[38;2;251;251;251m@@[38;2;229;229;229mF[38;2;168;168;168mM[38;2;204;204;204m@[38;2;251;251;251m@[38;2;252;252;252m@@@@@@@@@@@@@[38;2;251;251;251m@[38;2;173;173;173m@ [38;2;0;0;223m?[38;2;0;0;217mi      [39m
 [38;2;0;0;0m     [38;2;0;0;216m@[38;2;0;0;178m[ [38;2;243;243;243m@[38;2;252;252;252m@[38;2;251;251;251m@[38;2;219;219;219mg[38;2;160;160;160my[38;2;82;82;82m_[38;2;133;133;133m`[38;2;234;234;234m~[38;2;184;184;184mP[38;2;246;246;246m@[38;2;252;252;252m@[38;2;247;247;247m@[38;2;212;212;212mP[38;2;196;196;196mPPPPP[38;2;191;191;191mA[38;2;247;247;247m@[38;2;252;252;252m@[38;2;249;249;249m@  [38;2;0;0;225m$      [39m
 [38;2;0;0;0m     [38;2;0;0;226m@  [38;2;249;249;249m@[38;2;252;252;252m@[38;2;251;251;251m@[38;2;226;226;226m@[38;2;214;214;214mF[38;2;219;219;219m~ [38;2;151;151;151m_[38;2;182;182;182my[38;2;218;218;218m@[38;2;252;252;252m@[38;2;232;232;232m@[38;2;191;191;191my[38;2;181;181;181myyyyy[38;2;196;196;196my[38;2;226;226;226m@[38;2;252;252;252m@[38;2;251;251;251m@  [38;2;0;0;226m@      [39m
 [38;2;0;0;0m     [38;2;0;0;226m@  [38;2;249;249;249m@[38;2;252;252;252m@[38;2;251;251;251m@[38;2;180;180;180my[38;2;156;156;156my[38;2;199;199;199mg[38;2;220;220;220m@[38;2;252;252;252m@@@@@@@@@@@@@@[38;2;251;251;251m@  [38;2;0;0;226m@      [39m
 [38;2;0;0;0m     [38;2;0;0;226m@  [38;2;249;249;249m@[38;2;252;252;252m@@@@@@@@@@@@@@@@@@@@[38;2;251;251;251m@  [38;2;0;0;226m@      [39m
 [38;2;0;0;0m     [38;2;0;0;226m@  [38;2;249;249;249m@[38;2;252;252;252m@@@@@@@@@@@@@@@@@@@@[38;2;251;251;251m@  [38;2;0;0;226m@      [39m
 [38;2;0;0;0m     [38;2;0;0;226m@  [38;2;249;249;249m@[38;2;252;252;252m@@@@@@@@@@@@@@@@@@@@[38;2;251;251;251m@  [38;2;0;0;227m@      [39m
 [38;2;0;0;0m     [38;2;0;0;226m@  [38;2;249;249;249m@[38;2;252;252;252m@@@@@@@@@@@@@@@@@@@@[38;2;251;251;251m@  [38;2;0;0;227m@      [39m
 [38;2;0;0;0m     [38;2;0;0;225m@  [38;2;249;249;249m@[38;2;252;252;252m@@@@@@@@@@@@@@@@@@@@[38;2;251;251;251m@  [38;2;0;0;226m@      [39m
 [38;2;0;0;0m     [38;2;0;0;215m@[38;2;0;0;210mL [38;2;202;202;202m$[38;2;251;251;251m@[38;2;252;252;252m@@@@[38;2;251;251;251m@@[38;2;252;252;252m@@@@@@[38;2;251;251;251m@@[38;2;252;252;252m@@@@[38;2;251;251;251m@[38;2;218;218;218m@ [38;2;0;0;210mj[38;2;0;0;220m@      [39m
 [38;2;0;0;0m     [38;2;1;1;210m`[38;2;0;0;228m@[38;2;0;0;214my[38;2;0;0;193m,[38;2;228;228;228m~[38;2;186;186;186mP[38;2;193;193;193mR[38;2;205;205;205mP[38;2;172;172;172mF[38;2;135;135;135m~[38;2;140;140;140m`[38;2;188;188;188m~[38;2;177;177;177mF[38;2;187;187;187mR[38;2;214;214;214mP[38;2;200;200;200mF[38;2;208;208;208m~[38;2;135;135;135m`[38;2;113;113;113m~[38;2;245;245;245m~[38;2;197;197;197mP[38;2;194;194;194mR[38;2;197;197;197mP[38;2;242;242;242m~ [38;2;0;0;212my[38;2;0;0;228m@[38;2;0;0;234m'      [39m
 [38;2;0;0;0m      [38;2;1;2;202m`[38;2;0;0;226m~[38;2;0;0;225m@[38;2;0;0;221m@[38;2;0;0;228mg[38;2;0;0;229mg[38;2;0;0;228mg[38;2;0;0;226mg[38;2;0;0;227m@[38;2;0;0;222m@[38;2;0;0;226m@g[38;2;0;0;229mgg[38;2;0;0;226mg@[38;2;0;0;221m@[38;2;0;0;227m@[38;2;0;0;226mg[38;2;0;0;228mg[38;2;0;0;229mg[38;2;0;0;228mg[38;2;0;0;226mg@[38;2;0;0;212mF[38;2;0;0;216m'       [39m
 [38;2;0;0;0m         [38;2;1;0;223m`[38;2;0;0;223m~[38;2;0;0;226m~[38;2;0;0;225m~[38;2;0;0;227m`  [38;2;3;3;185m`[38;2;1;1;214m~[38;2;0;0;225m~[38;2;0;0;226m~[38;2;1;0;216m~[38;2;2;3;186m`  [38;2;0;0;227m`[38;2;0;0;223m~[38;2;0;0;226m~[38;2;0;0;224m~[38;2;0;0;223m`          [39m
 [38;2;0;0;0m                                       [39m
[?25h