[?25l[39m [38;2;0;0;0m                                       [39m
 [38;2;0;0;0m             [38;2;0;0;228m_[38;2;0;0;226m_[38;2;0;0;216my[38;2;0;0;223mg[38;2;0;0;230ma[38;2;0;0;229maaa[38;2;0;0;223mg[38;2;0;0;216my[38;2;0;0;227m_[38;2;0;0;228m_              [39m
 [38;2;0;0;0m          [38;2;0;0;230m_[38;2;0;0;228ma[38;2;0;0;226mP[38;2;0;0;225m~[38;2;0;0;228m~[38;2;190;190;190m_[38;2;146;146;146my[38;2;174;174;174my[38;2;187;187;187myy[38;2;174;174;174my[38;2;140;140;140my[38;2;191;191;191m_[38;2;0;0;226m~[38;2;0;0;225m~[38;2;0;0;227m4a[38;2;0;0;230m_           [39m
 [38;2;0;0;0m        [38;2;0;0;231m_[38;2;0;0;216m@[38;2;0;0;228m~[38;2;95;95;95m_[38;2;193;193;193my[38;2;245;245;245mg[38;2;246;246;246m@[38;2;251;251;251m@[38;2;252;252;252m@@@@@@[38;2;251;251;251m@[38;2;249;249;249m@[38;2;245;245;245mg[38;2;192;192;192my[38;2;96;96;96m_[38;2;0;0;224m~[38;2;0;0;217m@[38;2;0;0;231m_         [39m
 [38;2;0;0;0m       [38;2;0;0;228mg[38;2;0;0;212mF [38;2;189;189;189mg[38;2;246;246;246m@[38;2;252;252;252m@@@@@@@@@@@@@@[38;2;249;249;249m@[38;2;188;188;188mg [38;2;0;0;226m~$[38;2;0;1;207m,       [39m
 [38;2;0;0;0m      [38;2;0;0;222m@[38;2;1;0;200m~ [38;2;207;207;207m@[38;2;251;251;251m@[38;2;252;252;252m@@@@@@@@@@@@@@@@@[38;2;226;226;226m@[38;2;84;84;84m,[38;2;1;0;202m"[38;2;0;0;231m$       [39m
 [38;2;0;0;0m     [38;2;0;0;217mj[38;2;0;0;219mF [38;2;223;223;223mg[38;2;251;251;251m@@[38;2;243;243;243m~[38;2;229;229;229m~[38;2;166;166;166mP[38;2;216;216;216m@[38;2;251;251;251m@[38;2;252;252;252m@@@@@@@@@@@@@[38;2;209;209;209m@ [38;2;0;0;206m?[38;2;0;0;221m[      [39m
 [38;2;0;0;0m     [38;2;0;0;222m@  [38;2;248;248;248m@[38;2;252;252;252m@[38;2;251;251;251m@[38;2;227;227;227m@[38;2;199;199;199mg[38;2;134;134;134my [38;2;150;150;150m`[38;2;245;245;245m~[38;2;217;217;217m@[38;2;252;252;252m@[38;2;228;228;228m@[38;2;252;252;252m~~~~~~[38;2;251;251;251m~[38;2;228;228;228m@[38;2;252;252;252m@[38;2;251;251;251m@  [38;2;0;0;227m$      [39m
 [38;2;0;0;0m     [38;2;0;0;226m@  [38;2;249;249;249m@[38;2;252;252;252m@[38;2;251;251;251m@[38;2;212;212;212mP[38;2;239;239;239m~[38;2;117;117;117m`[38;2;101;101;101m_[38;2;168;168;168my[38;2;220;220;220mg[38;2;245;245;245m@[38;2;252;252;252m@[38;2;249;249;249m@[38;2;235;235;235mg[38;2;232;232;232mggggg[38;2;237;237;237mg[38;2;247;247;247m@[38;2;252;252;252m@[38;2;251;251;251m@  [38;2;0;0;226m@      [39m
 [38;2;0;0;0m     [38;2;0;0;226m@  [38;2;249;249;249m@[38;2;252;252;252m@[38;2;251;251;251m@[38;2;202;202;202mg[38;2;219;219;219my[38;2;251;251;251mg@[38;2;252;252;252m@@@@@@@@@@@@@@[38;2;251;251;251m@  [38;2;0;0;226m@      [39m
 [38;2;0;0;0m     [38;2;0;0;226m@  [38;2;249;249;249m@[38;2;252;252;252m@@@@@@@@@@@@@@@@@@@@[38;2;251;251;251m@  [38;2;0;0;226m@      [39m
 [38;2;0;0;0m     [38;2;0;0;226m@  [38;2;249;249;249m@[38;2;252;252;252m@@@@@@@@@@@@@@@@@@@@[38;2;251;251;251m@  [38;2;0;0;227m@      [39m
 [38;2;0;0;0m     [38;2;0;0;226m@  [38;2;249;249;249m@[38;2;252;252;252m@@@@@@@@@@@@@@@@@@@@[38;2;251;251;251m@  [38;2;0;0;227m@      [39m
 [38;2;0;0;0m     [38;2;0;0;225m@  [38;2;249;249;249m@[38;2;252;252;252m@@@@@@@@@@@@@@@@@@@@[38;2;251;251;251m@  [38;2;0;0;226m@      [39m
 [38;2;0;0;0m     [38;2;0;0;221m@  [38;2;246;246;246m@[38;2;252;252;252m@@@@@@@@@@@@@@@@@@@@[38;2;249;249;249m@  [38;2;0;0;223m@      [39m
 [38;2;0;0;0m     [38;2;1;0;213m`[38;2;0;0;224m$[38;2;0;0;208m,[38;2;172;172;172m~[38;2;200;200;200m@[38;2;251;251;251m@@[38;2;252;252;252m@[38;2;229;229;229m@[38;2;214;214;214mF[38;2;183;183;183mF[38;2;167;167;167m@[38;2;246;246;246m@[38;2;251;251;251m@@[38;2;246;246;246m@[38;2;177;177;177m@[38;2;187;187;187mF[38;2;176;176;176mP[38;2;225;225;225m@[38;2;252;252;252m@[38;2;251;251;251m@[38;2;252;252;252m@[38;2;213;213;213m@[38;2;200;200;200m~ [38;2;0;0;230ma[38;2;0;0;231m'      [39m
 [38;2;0;0;0m      [38;2;1;0;218m`[38;2;0;0;226m4[38;2;0;0;224mg[38;2;0;0;227m_[38;2;0;0;226m_[38;2;150;150;150m`[38;2;115;115;115m`[38;2;0;0;225m_[38;2;0;0;220ma[38;2;0;0;227ma[38;2;0;0;205my[38;2;0;0;225m_[38;2;142;142;142m`[38;2;143;143;143m`[38;2;0;0;225m_[38;2;0;0;205my[38;2;0;0;224mg[38;2;0;0;215mg[38;2;0;0;225m_[38;2;116;116;116m`[38;2;153;153;153m`[38;2;0;0;228m_[38;2;0;0;227m_[38;2;0;0;225mg[38;2;0;0;228mP[38;2;1;1;204m~       [39m
 [38;2;0;0;0m        [38;2;4;2;190m`[38;2;0;0;224m~[38;2;0;0;226m~~~~[38;2;1;0;210m` [38;2;1;1;206m~[38;2;0;0;226m~~~[38;2;0;0;227m~[38;2;1;1;209m~ [38;2;1;0;209m`[38;2;0;0;224m~[38;2;0;0;227m~[38;2;0;0;226m~[38;2;0;0;227m~[38;2;0;0;226m~[38;2;2;3;194m`         [39m
 [38;2;0;0;0m                                       [39m
[?25h