[?25l[39m [38;2;0;0;0m             [38;2;2;1;201m_[38;2;0;0;226m__[38;2;0;0;216my[38;2;0;0;224ma[38;2;0;0;228maa[38;2;0;0;222ma[38;2;0;0;216my[38;2;0;0;226m__[38;2;2;1;201m_              [39m
 [38;2;0;0;0m          [38;2;0;0;229m_[38;2;0;0;218ma[38;2;0;0;211m@[38;2;0;0;227m~[38;2;0;0;228m~[38;2;0;0;213m~[38;2;231;231;231m_[38;2;142;142;142my[38;2;154;154;154myy[38;2;140;140;140my[38;2;231;231;231m_[38;2;0;0;211m~[38;2;0;0;227m~~[38;2;0;0;213m@[38;2;0;0;216mg[38;2;0;0;229m_           [39m
 [38;2;0;0;0m        [38;2;0;0;227m_[38;2;0;0;218m$[38;2;0;0;228m~[38;2;1;1;209m`[38;2;165;165;165my[38;2;230;230;230ma[38;2;227;227;227m@[38;2;251;251;251m@[38;2;252;252;252m@@@@@@[38;2;251;251;251m@[38;2;236;236;236m@[38;2;221;221;221mg[38;2;157;157;157my[38;2;1;1;208m`[38;2;0;0;225m~[38;2;0;0;220m@[38;2;0;0;227m_         [39m
 [38;2;0;0;0m       [38;2;0;0;224mg[38;2;0;0;223mF [38;2;199;199;199my[38;2;236;236;236m@[38;2;251;251;251m@[38;2;252;252;252m@@@@@@@@@@@@@[38;2;244;244;244m@[38;2;194;194;194my [38;2;0;0;216m?[38;2;0;0;218m$        [39m
 [38;2;0;0;0m      [38;2;0;0;230mg[38;2;0;0;215m~ [38;2;234;234;234mg[38;2;251;251;251m@@@[38;2;252;252;252m@@@@@@@@@@@@@@[38;2;251;251;251m@[38;2;209;209;209m@[38;2;64;64;64m,[38;2;0;0;209m~[38;2;0;0;228m$       [39m
 [38;2;0;0;0m     [38;2;0;0;212mj[38;2;0;0;226mF [38;2;214;214;214mg[38;2;251;251;251m@[38;2;245;245;245m@[38;2;162;162;162m~[38;2;137;137;137m~[38;2;247;247;247m~[38;2;181;181;181m#[38;2;229;229;229m@[38;2;251;251;251m@[38;2;252;252;252m@@@[38;2;251;251;251m@[38;2;252;252;252m@@@@@[38;2;251;251;251m@[38;2;252;252;252m@@[38;2;195;195;195m@ [38;2;0;0;214m?[38;2;0;0;221ml      [39m
 [38;2;0;0;0m     [38;2;0;0;220m@  [38;2;247;247;247m@[38;2;252;252;252m@@[38;2;247;247;247m@[38;2;201;201;201m$[38;2;147;147;147m+  [38;2;157;157;157m`[38;2;177;177;177m$[38;2;252;252;252m@[38;2;211;211;211m@[38;2;131;131;131m~[38;2;181;181;181m`````[38;2;125;125;125m~[38;2;218;218;218m$[38;2;252;252;252m@[38;2;251;251;251m@  [38;2;0;0;227m$      [39m
 [38;2;0;0;0m     [38;2;0;0;226m@  [38;2;249;249;249m@[38;2;252;252;252m@[38;2;245;245;245m@[38;2;145;145;145m~ [38;2;214;214;214m_[38;2;190;190;190my[38;2;229;229;229mg[38;2;227;227;227m@[38;2;251;251;251m@[38;2;252;252;252m@@[38;2;247;247;247m@[38;2;242;242;242m@@@@@[38;2;247;247;247m@[38;2;251;251;251m@[38;2;252;252;252m@[38;2;251;251;251m@  [38;2;0;0;226m@      [39m
 [38;2;0;0;0m     [38;2;0;0;225m@  [38;2;249;249;249m@[38;2;252;252;252m@@[38;2;248;248;248m@[38;2;246;246;246m@[38;2;251;251;251m@[38;2;252;252;252m@@@@@@@@@@@@@@@[38;2;251;251;251m@  [38;2;0;0;226m@      [39m
 [38;2;0;0;0m     [38;2;0;0;225m@  [38;2;249;249;249m@[38;2;252;252;252m@@@@@@@@@@@@@@@@@@@@[38;2;251;251;251m@  [38;2;0;0;226m@      [39m
 [38;2;0;0;0m     [38;2;0;0;225m@  [38;2;250;250;250m@[38;2;252;252;252m@@@@@@@@@@@@@@@@@@@@[38;2;251;251;251m@  [38;2;0;0;226m@      [39m
 [38;2;0;0;0m     [38;2;0;0;225m@  [38;2;249;249;249m@[38;2;252;252;252m@@@@@@@@@@@@@@@@@@@@[38;2;251;251;251m@  [38;2;0;0;226m@      [39m
 [38;2;0;0;0m     [38;2;0;0;225m@  [38;2;249;249;249m@[38;2;252;252;252m@@@@@@@@@@@@@@@@@@@@[38;2;251;251;251m@  [38;2;0;0;226m@      [39m
 [38;2;0;0;0m     [38;2;0;0;225m@  [38;2;248;248;248m@[38;2;252;252;252m@@@@@@@@@@@@@@@@@@@@[38;2;250;250;250m@  [38;2;0;0;225m@      [39m
 [38;2;0;0;0m     [38;2;0;0;212m4[38;2;0;0;219m$ [38;2;146;146;146m7[38;2;223;223;223m@[38;2;251;251;251m@@@[38;2;243;243;243m@[38;2;219;219;219mP[38;2;203;203;203mF[38;2;186;186;186m@[38;2;250;250;250m@[38;2;251;251;251m@@@[38;2;196;196;196m@[38;2;207;207;207mF[38;2;187;187;187mA[38;2;241;241;241m@[38;2;251;251;251m@@@[38;2;230;230;230m@[38;2;149;149;149mF [38;2;0;0;224mg[38;2;0;0;225mF      [39m
 [38;2;0;0;0m      [38;2;0;0;222m?[38;2;0;0;227m@[38;2;0;0;221my[38;2;0;0;226m_[38;2;173;173;173m`[38;2;149;149;149m~[38;2;106;106;106m~[38;2;0;0;227m_[38;2;0;0;212my[38;2;0;0;227mg[38;2;0;0;226m_[38;2;0;0;227m_[38;2;133;133;133m~[38;2;140;140;140m~[38;2;0;0;227m_[38;2;0;0;226m_[38;2;0;0;227mg[38;2;0;0;213my[38;2;0;0;228m_[38;2;203;203;203m`[38;2;150;150;150m~[38;2;174;174;174m`[38;2;0;0;226m_[38;2;0;0;217ma[38;2;0;0;226m@[38;2;0;0;225mF       [39m
 [38;2;0;0;0m       [38;2;0;0;215m`[38;2;0;0;225m~[38;2;0;0;229m=[38;2;0;0;217m@[38;2;0;0;227m@[38;2;0;0;222m@[38;2;0;0;220mP[38;2;0;0;226m~~[38;2;0;0;224m=[38;2;0;0;216mR[38;2;0;0;225m@@[38;2;0;0;217mR[38;2;0;0;224m=[38;2;0;0;227m~[38;2;0;0;226m~[38;2;0;0;220m4[38;2;0;0;221m@[38;2;0;0;226m@[38;2;0;0;216m@[38;2;0;0;229m=[38;2;0;0;226m~[38;2;0;0;221m'        [39m
 [38;2;0;0;0m                                       [39m
 [38;2;0;0;0m                                       [39m
[?25h