[?25l[39m [38;2;0;0;0m                                       [39m
 [38;2;0;0;0m              [38;2;0;0;226m__[38;2;1;1;211my[38;2;0;0;217ma[38;2;0;0;222maa[38;2;0;0;217ma[38;2;1;1;212my[38;2;0;0;226m__[38;2;3;3;184m_              [39m
 [38;2;0;0;0m          [38;2;0;0;224m_[38;2;0;0;215ma[38;2;0;0;218m@[38;2;0;0;224mP[38;2;0;0;227m~[38;2;0;0;226m~[38;2;0;0;232m~[38;2;137;137;137m_[38;2;173;173;173m_[38;2;172;172;172m_[38;2;137;137;137m_[38;2;0;0;232m~[38;2;0;0;226m~~[38;2;0;0;225m4[38;2;0;0;222m@[38;2;0;0;218my[38;2;0;0;224m_           [39m
 [38;2;0;0;0m        [38;2;0;0;227m_[38;2;0;0;229mg[38;2;0;0;222mP[38;2;0;0;224m~[38;2;186;186;186m_[38;2;201;201;201my[38;2;242;242;242mg[38;2;233;233;233m@[38;2;251;251;251m@[38;2;252;252;252m@[38;2;251;251;251m@@@[38;2;252;252;252m@[38;2;236;236;236m@[38;2;242;242;242mg[38;2;201;201;201my[38;2;187;187;187m_[38;2;0;0;221m~4[38;2;0;0;223m$[38;2;0;0;226m_         [39m
 [38;2;0;0;0m       [38;2;0;0;220mg[38;2;0;0;227mP[38;2;0;0;208m'[38;2;149;149;149my[38;2;245;245;245mg[38;2;251;251;251m@[38;2;252;252;252m@@@@@@@@@@@@[38;2;251;251;251m@[38;2;208;208;208m@[38;2;135;135;135my[38;2;2;0;202m`[38;2;0;0;226m4[38;2;0;0;221mg        [39m
 [38;2;0;0;0m      [38;2;0;0;226mg[38;2;0;0;223mF [38;2;204;204;204mg[38;2;251;251;251m@[38;2;252;252;252m@@@@@@@@@@@@@@@@[38;2;251;251;251m@[38;2;171;171;171m@ [38;2;0;0;225m~$       [39m
 [38;2;0;0;0m     [38;2;1;0;211mj[38;2;0;0;230mF [38;2;190;190;190mg[38;2;251;251;251m@@[38;2;216;216;216mP[38;2;180;180;180mM[38;2;216;216;216m@[38;2;251;251;251m@[38;2;252;252;252m@@@@@@@@@@@@@[38;2;251;251;251m@[38;2;165;165;165m@ [38;2;0;0;218m4[38;2;0;0;220ml      [39m
 [38;2;0;0;0m     [38;2;0;0;219m@[38;2;0;0;181m[ [38;2;242;242;242m@[38;2;252;252;252m@[38;2;251;251;251m@[38;2;203;203;203mg[38;2;145;145;145my[38;2;71;71;71m_[38;2;152;152;152m`[38;2;244;244;244m~[38;2;188;188;188mA[38;2;248;248;248m@[38;2;252;252;252m@[38;2;248;248;248m@[38;2;174;174;174m@[38;2;217;217;217mPPPPP[38;2;201;201;201mR[38;2;250;250;250m@[38;2;252;252;252m@[38;2;248;248;248m@  [38;2;0;0;225m$      [39m
 [38;2;0;0;0m     [38;2;0;0;226m@  [38;2;249;249;249m@[38;2;252;252;252m@[38;2;251;251;251m@[38;2;235;235;235m@[38;2;222;222;222mF[38;2;209;209;209m~ [38;2;102;102;102m_[38;2;168;168;168my[38;2;213;213;213m@[38;2;252;252;252m@[38;2;229;229;229m@[38;2;178;178;178my[38;2;166;166;166myyyyy[38;2;184;184;184my[38;2;224;224;224m@[38;2;252;252;252m@[38;2;251;251;251m@  [38;2;0;0;226m@      [39m
 [38;2;0;0;0m     [38;2;0;0;226m@  [38;2;249;249;249m@[38;2;252;252;252m@[38;2;251;251;251m@[38;2;161;161;161my[38;2;252;252;252m_[38;2;213;213;213my[38;2;251;251;251mg@[38;2;252;252;252m@@@@@@@@@@@@@[38;2;251;251;251m@  [38;2;0;0;226m@      [39m
 [38;2;0;0;0m     [38;2;0;0;226m@  [38;2;249;249;249m@[38;2;252;252;252m@@@@@@@@@@@@@@@@@@@@[38;2;251;251;251m@  [38;2;0;0;226m@      [39m
 [38;2;0;0;0m     [38;2;0;0;226m@  [38;2;249;249;249m@[38;2;252;252;252m@@@@@@@@@@@@@@@@@@@@[38;2;251;251;251m@  [38;2;0;0;227m@      [39m
 [38;2;0;0;0m     [38;2;0;0;226m@  [38;2;249;249;249m@[38;2;252;252;252m@@@@@@@@@@@@@@@@@@@@[38;2;251;251;251m@  [38;2;0;0;227m@      [39m
 [38;2;0;0;0m     [38;2;0;0;226m@  [38;2;249;249;249m@[38;2;252;252;252m@@@@@@@@@@@@@@@@@@@@[38;2;251;251;251m@  [38;2;0;0;226m@      [39m
 [38;2;0;0;0m     [38;2;1;0;210m9[38;2;0;0;213mL [38;2;191;191;191m$[38;2;251;251;251m@[38;2;252;252;252m@@@@[38;2;251;251;251m@@[38;2;252;252;252m@@@@@@[38;2;251;251;251m@@[38;2;252;252;252m@@@@[38;2;251;251;251m@[38;2;212;212;212m@ [38;2;0;0;214mj[38;2;0;0;228mF      [39m
 [38;2;0;0;0m      [38;2;0;0;224m4[38;2;0;0;218my[38;2;0;0;210m_[38;2;217;217;217m~[38;2;172;172;172mP[38;2;203;203;203mP[38;2;212;212;212mF[38;2;249;249;249m~[38;2;102;102;102m~[38;2;0;0;230m_[38;2;163;163;163m~[38;2;140;140;140m5[38;2;199;199;199mP[38;2;203;203;203mP[38;2;190;190;190mF[38;2;184;184;184m~[38;2;0;0;228m_[38;2;173;173;173m`[38;2;242;242;242m~[38;2;186;186;186mP[38;2;205;205;205mP[38;2;207;207;207mF[38;2;236;236;236m~[38;2;0;0;203m_[38;2;0;0;216my[38;2;0;0;229mP[38;2;1;1;189m'      [39m
 [38;2;0;0;0m       [38;2;1;0;213m~[38;2;0;0;225m~[38;2;1;0;212m@[38;2;0;0;227mag[38;2;0;0;228ma[38;2;0;0;212m@[38;2;0;0;224m=[38;2;0;0;226m~[38;2;0;0;224m4[38;2;0;0;227mag[38;2;0;0;226mg[38;2;0;0;227ma[38;2;0;0;224mP[38;2;0;0;226m~[38;2;0;0;227m=[38;2;0;0;217m@[38;2;0;0;227ma[38;2;0;0;228mg[38;2;0;0;227ma[38;2;0;0;211m@[38;2;0;0;215m=~        [39m
 [38;2;0;0;0m                                       [39m
 [38;2;0;0;0m                                       [39m
[?25h