[?25l[39m [38;2;0;0;0m                                       [39m
 [38;2;0;0;0m                                       [39m
 [38;2;0;0;0m             [38;2;0;0;228m_[38;2;0;0;226m_[38;2;0;0;225mg[38;2;0;0;226ma[38;2;0;0;223ma[38;2;0;0;211m@[38;2;0;0;210m@[38;2;0;0;224ma[38;2;0;0;227ma[38;2;0;0;225mg[38;2;0;0;226m_[38;2;0;0;227m_              [39m
 [38;2;0;0;0m          [38;2;0;0;226m_a[38;2;0;0;217mP[38;2;0;0;226m~[38;2;86;86;86m_[38;2;239;239;239m_[38;2;175;175;175my[38;2;198;198;198my[38;2;210;210;210myy[38;2;198;198;198my[38;2;173;173;173my[38;2;239;239;239m_[38;2;86;86;86m_[38;2;0;0;226m~[38;2;0;0;222m=[38;2;0;0;226ma[38;2;0;0;225m_           [39m
 [38;2;0;0;0m        [38;2;0;0;213my[38;2;0;0;229mP[38;2;0;0;225m~[38;2;153;153;153m_[38;2;210;210;210my[38;2;223;223;223m$[38;2;251;251;251m@[38;2;252;252;252m@@@@@@@@[38;2;251;251;251m@[38;2;220;220;220m@[38;2;210;210;210my[38;2;155;155;155m_[38;2;0;0;222m~[38;2;0;0;231m4[38;2;0;0;214my         [39m
 [38;2;0;0;0m       [38;2;0;0;220m@[38;2;0;0;225m~[38;2;83;83;83m_[38;2;213;213;213mg[38;2;250;250;250m@[38;2;252;252;252m@@@@@@@@@@@@@@[38;2;251;251;251m@[38;2;213;213;213mg[38;2;83;83;84m_[38;2;0;0;220m~[38;2;0;0;228m$[38;2;1;0;223m,       [39m
 [38;2;0;0;0m      [38;2;0;0;226m@[38;2;1;1;206m'[38;2;100;100;101m_[38;2;222;222;222m@[38;2;252;252;252m@@@@@@@@@@@@@@@@@@[38;2;237;237;237m@[38;2;99;99;99m_[38;2;2;1;193m`[38;2;0;0;231m$[38;2;3;1;187m,      [39m
 [38;2;0;0;0m     [38;2;1;0;217mJ[38;2;0;0;215mF [38;2;205;205;205m$[38;2;252;252;252m@@@@@@@@@@@@@@@@@@@@[38;2;219;219;219m@ [38;2;0;0;200m?[38;2;1;1;206m$      [39m
 [38;2;0;0;0m     [38;2;0;0;222m@  [38;2;249;249;249m@[38;2;252;252;252m@[38;2;250;250;250m@[38;2;220;220;220m@[38;2;217;217;217m@@@[38;2;218;218;218m@@[38;2;242;242;242m@[38;2;252;252;252m@[38;2;251;251;251m@[38;2;226;226;226m@[38;2;218;218;218m@@@@@[38;2;228;228;228m@[38;2;252;252;252m@@[38;2;251;251;251m@  [38;2;0;0;227m$      [39m
 [38;2;0;0;0m     [38;2;0;0;224m@  [38;2;250;250;250m@[38;2;251;251;251m@[38;2;182;182;182m@[38;2;248;248;248m_[38;2;246;246;246m_[38;2;249;249;249m__[38;2;248;248;248m_[38;2;251;251;251m_[38;2;179;179;179my[38;2;249;249;249m@[38;2;225;225;225m@[38;2;252;252;252m_[38;2;249;249;249m_____[38;2;252;252;252m_[38;2;216;216;216m@[38;2;252;252;252m@[38;2;251;251;251m@  [38;2;0;0;226m@      [39m
 [38;2;0;0;0m     [38;2;0;0;224m@  [38;2;250;250;250m@[38;2;252;252;252m@@@@@@@@@@@@@@@@@@@@[38;2;251;251;251m@  [38;2;0;0;226m@      [39m
 [38;2;0;0;0m     [38;2;0;0;224m@  [38;2;250;250;250m@[38;2;252;252;252m@@@@@@@@@@@@@@@@@@@@[38;2;251;251;251m@  [38;2;0;0;226m@      [39m
 [38;2;0;0;0m     [38;2;0;0;224m@  [38;2;250;250;250m@[38;2;252;252;252m@@@@@@@@@@@@@@@@@@@@[38;2;251;251;251m@  [38;2;0;0;226m@      [39m
 [38;2;0;0;0m     [38;2;0;0;224m@  [38;2;249;249;249m@[38;2;252;252;252m@@@@@@@@@@@@@@@@@@@@[38;2;251;251;251m@  [38;2;0;0;226m@      [39m
 [38;2;0;0;0m     [38;2;0;0;217m@[38;2;1;0;199mL [38;2;211;211;211m@[38;2;252;252;252m@@@@@@[38;2;251;251;251m@[38;2;252;252;252m@@@@@@[38;2;251;251;251m@[38;2;252;252;252m@@@@@@[38;2;227;227;227m@ [38;2;0;0;201mj[38;2;0;0;220m@      [39m
 [38;2;0;0;0m     [38;2;1;0;210m`[38;2;0;0;228m@[38;2;0;0;205my [38;2;244;244;244m~[38;2;189;189;189mR[38;2;217;217;217mR[38;2;205;205;205mR[38;2;196;196;196mF~[38;2;127;127;127m~[38;2;226;226;226m~[38;2;185;185;185mP[38;2;214;214;214mR[38;2;215;215;215mR[38;2;218;218;218mF[38;2;235;235;235m~[38;2;130;130;130m~[38;2;178;178;178m~[38;2;141;141;141m5[38;2;200;200;200mR[38;2;217;217;217mR[38;2;170;170;170m@[38;2;176;176;176mF[38;2;71;71;71m~[38;2;0;0;226m_[38;2;0;0;228m@[38;2;0;0;233m'      [39m
 [38;2;0;0;0m      [38;2;2;1;208m`[38;2;0;0;215m?[38;2;0;0;227m@[38;2;0;0;226mg[38;2;0;0;225mg[38;2;0;0;219my[38;2;0;0;222ma[38;2;0;0;227mg@[38;2;0;0;225m@[38;2;0;0;222m@[38;2;0;0;228mg[38;2;0;0;221my[38;2;0;0;217ma[38;2;0;0;228mg[38;2;0;0;219m@[38;2;0;0;225m@[38;2;0;0;227m@g[38;2;0;0;222mg[38;2;0;0;220my[38;2;0;0;225mg[38;2;0;0;226mg[38;2;0;0;227m@[38;2;1;0;213mP[38;2;0;0;223m'       [39m
 [38;2;0;0;0m         [38;2;0;0;226m`~[38;2;0;0;227m~[38;2;0;0;226m~[38;2;1;0;211m~  [38;2;2;0;206m`[38;2;0;0;221m~[38;2;0;0;227m~~[38;2;0;0;224m~[38;2;2;1;206m`  [38;2;0;1;205m~[38;2;0;0;226m~[38;2;0;0;227m~[38;2;0;0;226m~[38;2;0;0;227m`          [39m
 [38;2;0;0;0m                                       [39m
[?25h