[?25l[39m [38;2;0;0;0m                                       [39m
 [38;2;0;0;0m              [38;2;0;0;220m_[38;2;0;0;227m_[38;2;0;0;226m_[38;2;1;1;202my[38;2;1;0;211my[38;2;0;0;212my[38;2;1;1;205my[38;2;0;0;225m_[38;2;0;0;226m_[38;2;0;0;227m_               [39m
 [38;2;0;0;0m           [38;2;0;0;226m_gP~~[38;2;0;0;229m~[38;2;158;158;158m_[38;2;215;215;215m_[38;2;225;225;225m_[38;2;182;182;182m_[38;2;115;115;115m_[38;2;0;0;229m~[38;2;0;0;225m~[38;2;0;0;228m=[38;2;0;0;227ma[38;2;0;0;210my[38;2;0;0;219m_           [39m
 [38;2;0;0;0m         [38;2;0;0;220ma[38;2;0;0;228mP[38;2;0;0;225m~[38;2;158;158;158m_[38;2;196;196;196my[38;2;241;241;241mg[38;2;234;234;234m@[38;2;252;252;252m@[38;2;251;251;251m@@@@[38;2;252;252;252m@[38;2;248;248;248m@[38;2;213;213;213m@[38;2;196;196;196mg[38;2;237;237;237m_[38;2;0;0;227m`~[38;2;0;0;217m@[38;2;0;0;227m_         [39m
 [38;2;0;0;0m       [38;2;0;0;227m_[38;2;0;0;217m@[38;2;1;0;201m~[38;2;180;180;180m_[38;2;235;235;235mg[38;2;250;250;250m@[38;2;252;252;252m@@@@@@@@@@@@[38;2;251;251;251m@[38;2;237;237;237m@[38;2;191;191;191my [38;2;0;0;228m~[38;2;0;0;220m$[38;2;1;1;199m,       [39m
 [38;2;0;0;0m      [38;2;0;0;218mj[38;2;0;0;232mF [38;2;171;171;171mg[38;2;249;249;249m@[38;2;252;252;252m@@@@@@@@@@@@@@@@@[38;2;217;217;217m@[38;2;92;92;92m_[38;2;0;0;207m"[38;2;0;0;230m$[38;2;1;1;193m,      [39m
 [38;2;0;0;0m      [38;2;0;0;230m@ [38;2;152;152;152my[38;2;251;251;251m@[38;2;218;218;218m@[38;2;162;162;162mM[38;2;187;187;187mR[38;2;243;243;243m@[38;2;251;251;251m@[38;2;252;252;252m@@@@@@@@@@@@@@[38;2;224;224;224m@ [38;2;0;0;211m"[38;2;0;0;216m$      [39m
 [38;2;0;0;0m     [38;2;0;0;211mJ[38;2;1;0;212m[ [38;2;217;217;217m$[38;2;252;252;252m@[38;2;227;227;227m@[38;2;201;201;201my[38;2;210;210;210m_ [38;2;160;160;160m~[38;2;179;179;179mT[38;2;202;202;202m@[38;2;251;251;251m@@[38;2;203;203;203m@[38;2;204;204;204mPPPPPP[38;2;210;210;210m@[38;2;251;251;251m@[38;2;252;252;252m@[38;2;251;251;251m@[38;2;135;135;135mL [38;2;0;0;236m$      [39m
 [38;2;0;0;0m     [38;2;1;0;211m4[38;2;0;0;204m[ [38;2;233;233;233m$[38;2;252;252;252m@[38;2;248;248;248m@[38;2;181;181;181m@[38;2;167;167;167mF[38;2;77;77;77m~ [38;2;137;137;137my[38;2;199;199;199mg[38;2;251;251;251m@@[38;2;188;188;188mg[38;2;181;181;181myyyyy[38;2;182;182;182my[38;2;207;207;207mg[38;2;252;252;252m@@[38;2;251;251;251m@[38;2;143;143;143mF [38;2;0;0;235m$      [39m
 [38;2;0;0;0m     [38;2;0;0;211m4[38;2;0;0;203m[ [38;2;234;234;234m$[38;2;251;251;251m@[38;2;189;189;189m@[38;2;253;253;253m_[38;2;190;190;190my[38;2;245;245;245mg[38;2;248;248;248m@[38;2;252;252;252m@@@@@@@@@@@@@@@[38;2;141;141;141mF [38;2;0;0;237m$      [39m
 [38;2;0;0;0m     [38;2;0;0;213m4[38;2;0;0;201m[ [38;2;222;222;222m@[38;2;252;252;252m@@@@@@@@@@@@@@@@@@@@@[38;2;136;136;136mF [38;2;0;0;236m$      [39m
 [38;2;0;0;0m     [38;2;0;0;216m4[38;2;0;0;197m[ [38;2;228;228;228m@[38;2;252;252;252m@@@@@@@@@@@@@@@@@@@@@[38;2;124;124;124mF [38;2;0;0;237m$      [39m
 [38;2;0;0;0m     [38;2;0;0;220m4[38;2;0;0;190m[ [38;2;235;235;235m@[38;2;252;252;252m@@@@@@@@@@@@@@@@@@@@[38;2;251;251;251m@[38;2;122;122;122mL [38;2;0;0;232m@      [39m
 [38;2;0;0;0m     [38;2;0;0;212m$  [38;2;242;242;242m@[38;2;252;252;252m@@@@@@@@@@@@@@@@@@@@[38;2;251;251;251m@[38;2;103;103;103mL [38;2;0;0;231m@      [39m
 [38;2;0;0;0m     [38;2;0;0;211m@[38;2;0;0;214m, [38;2;238;238;238m@[38;2;252;252;252m@@@@@@@@@@@@@@@@@@@@[38;2;250;250;250m@[38;2;65;65;66m~ [38;2;0;0;227m@      [39m
 [38;2;0;0;0m     [38;2;1;1;209m`[38;2;0;0;225m@[38;2;0;0;214m,[38;2;147;147;147m~[38;2;183;183;183m@[38;2;248;248;248m@[38;2;193;193;193m@[38;2;188;188;188mF[38;2;176;176;176mF[38;2;183;183;183m@[38;2;249;249;249m@[38;2;252;252;252m@@[38;2;227;227;227m@[38;2;210;210;210mF[38;2;172;172;172mF[38;2;171;171;171mA[38;2;236;236;236m@[38;2;252;252;252m@@[38;2;245;245;245m@[38;2;175;175;175m@[38;2;181;181;181mF[38;2;162;162;162mM[38;2;200;200;200m~ [38;2;0;0;230ma[38;2;2;1;195mF      [39m
 [38;2;0;0;0m      [38;2;1;1;213m`[38;2;0;0;219m4[38;2;0;0;226mg[38;2;0;0;225m___[38;2;0;0;226ma[38;2;0;0;227ma[38;2;0;0;225m__[38;2;126;126;126m`[38;2;0;0;225m__[38;2;0;0;222ma[38;2;0;0;219m@[38;2;0;0;216my[38;2;0;0;225m_[38;2;110;110;110m`[38;2;120;120;120m`[38;2;0;0;225m_[38;2;0;0;209my[38;2;0;0;226ma[38;2;0;0;223mg[38;2;0;0;225mgP[38;2;0;0;230m'       [39m
 [38;2;0;0;0m         [38;2;1;0;218m~[38;2;0;0;226m~[38;2;1;0;214m~  [38;2;1;0;215m~[38;2;0;0;226m~[38;2;0;0;227m~[38;2;0;0;226m~~[38;2;2;1;202m` [38;2;0;0;223m`[38;2;0;0;225m~[38;2;0;0;227m~~[38;2;0;0;226m~[38;2;2;2;201m~            [39m
 [38;2;0;0;0m                                       [39m
[?25h