[?25l[39m [38;2;0;0;0m             [38;2;0;0;231m_[38;2;0;0;225m_[38;2;0;0;217my[38;2;0;0;228mga[38;2;0;0;226ma[38;2;0;0;227ma[38;2;0;0;228mag[38;2;0;0;218my[38;2;0;0;225m_[38;2;0;0;229m_              [39m
 [38;2;0;0;0m          [38;2;0;0;228m_[38;2;0;0;226mg[38;2;0;0;227mP[38;2;0;0;225m~[38;2;0;0;226m~[38;2;168;168;168m_[38;2;247;247;247m_[38;2;163;163;163my[38;2;177;177;177myy[38;2;162;162;162my[38;2;246;246;246m_[38;2;170;170;170m_[38;2;0;0;224m~[38;2;0;0;225m~[38;2;0;0;227m4[38;2;0;0;226mg[38;2;0;0;228m_           [39m
 [38;2;0;0;0m        [38;2;0;0;230m_[38;2;0;0;220m@[38;2;0;0;228m~[38;2;77;77;77m_[38;2;184;184;184my[38;2;242;242;242mg[38;2;245;245;245m@[38;2;251;251;251m@[38;2;252;252;252m@@@@@@[38;2;251;251;251m@[38;2;248;248;248m@[38;2;242;242;242mg[38;2;180;180;180my[38;2;77;77;77m_[38;2;0;0;225m~[38;2;0;0;220m@[38;2;0;0;230m_         [39m
 [38;2;0;0;0m       [38;2;0;0;229mg[38;2;0;0;216mF [38;2;185;185;185mg[38;2;244;244;244m@[38;2;252;252;252m@@@@@@@@@@@@@@[38;2;248;248;248m@[38;2;183;183;183mg [38;2;0;0;226m~$[38;2;0;0;209m,       [39m
 [38;2;0;0;0m      [38;2;0;0;223m@[38;2;0;0;206m~ [38;2;242;242;242mg[38;2;251;251;251m@[38;2;233;233;233m@[38;2;219;219;219m@[38;2;251;251;251m@[38;2;252;252;252m@@@@@@@@@@@@@@[38;2;221;221;221m@[38;2;79;79;80m,[38;2;0;0;208m"[38;2;0;0;230m$       [39m
 [38;2;0;0;0m     [38;2;0;0;218mj[38;2;0;0;222mF [38;2;220;220;220mg[38;2;251;251;251m@@[38;2;162;162;162my[38;2;70;70;70m_[38;2;169;169;169m`[38;2;245;245;245m~[38;2;165;165;165m@[38;2;246;246;246m@[38;2;251;251;251m@[38;2;252;252;252m@[38;2;251;251;251m@@@@@@@@@[38;2;252;252;252m@[38;2;204;204;204m@ [38;2;0;0;209m?[38;2;1;1;202m$      [39m
 [38;2;0;0;0m     [38;2;0;0;222m@  [38;2;248;248;248m@[38;2;252;252;252m@@[38;2;251;251;251m@[38;2;246;246;246m@[38;2;219;219;219m=   [38;2;202;202;202m$[38;2;251;251;251m@[38;2;213;213;213m@       [38;2;217;217;217m$[38;2;252;252;252m@[38;2;251;251;251m@  [38;2;0;0;228m$      [39m
 [38;2;0;0;0m     [38;2;0;0;226m@  [38;2;249;249;249m@[38;2;252;252;252m@[38;2;251;251;251m@[38;2;212;212;212m~ [38;2;187;187;187m_[38;2;197;197;197my[38;2;246;246;246mg[38;2;250;250;250m@[38;2;252;252;252m@@@[38;2;251;251;251m@[38;2;252;252;252m@@@@@@@@[38;2;251;251;251m@  [38;2;0;0;226m@      [39m
 [38;2;0;0;0m     [38;2;0;0;225m@  [38;2;249;249;249m@[38;2;252;252;252m@@[38;2;245;245;245m@[38;2;236;236;236m@[38;2;251;251;251m@[38;2;252;252;252m@@@@@@@@@@@@@@@[38;2;251;251;251m@  [38;2;0;0;226m@      [39m
 [38;2;0;0;0m     [38;2;0;0;225m@  [38;2;249;249;249m@[38;2;252;252;252m@@@@@@@@@@@@@@@@@@@@[38;2;251;251;251m@  [38;2;0;0;226m@      [39m
 [38;2;0;0;0m     [38;2;0;0;225m@  [38;2;249;249;249m@[38;2;252;252;252m@@@@@@@@@@@@@@@@@@@@[38;2;251;251;251m@  [38;2;0;0;226m@      [39m
 [38;2;0;0;0m     [38;2;0;0;225m@  [38;2;249;249;249m@[38;2;252;252;252m@@@@@@@@@@@@@@@@@@@@[38;2;251;251;251m@  [38;2;0;0;226m@      [39m
 [38;2;0;0;0m     [38;2;0;0;225m@  [38;2;249;249;249m@[38;2;252;252;252m@@@@@@@@@@@@@@@@@@@@[38;2;251;251;251m@  [38;2;0;0;226m@      [39m
 [38;2;0;0;0m     [38;2;0;0;222m@  [38;2;242;242;242m@[38;2;252;252;252m@@@@@@@@@@@@@@@@@@@@[38;2;247;247;247m@  [38;2;0;0;223m@      [39m
 [38;2;0;0;0m     [38;2;2;2;192m7[38;2;0;0;225m@[38;2;0;0;216m_[38;2;123;123;123m~[38;2;188;188;188mR[38;2;243;243;243m@[38;2;250;250;250m@[38;2;247;247;247m@[38;2;193;193;193m@[38;2;173;173;173mF[38;2;252;252;252m~[38;2;183;183;183mF[38;2;223;223;223m@[38;2;249;249;249m@@[38;2;225;225;225m@[38;2;214;214;214mF[38;2;252;252;252m~[38;2;174;174;174mT[38;2;181;181;181m@[38;2;246;246;246m@[38;2;250;250;250m@[38;2;243;243;243m@[38;2;171;171;171m@[38;2;154;154;154m~[38;2;0;0;213m_[38;2;0;0;230mg[38;2;0;1;204mF      [39m
 [38;2;0;0;0m      [38;2;1;0;209m~[38;2;1;0;210m@[38;2;0;0;227mg[38;2;0;0;213my[38;2;0;0;226m_[38;2;0;0;227m_[38;2;0;0;226m_[38;2;0;0;227m_[38;2;0;0;225mg@[38;2;0;0;217mg[38;2;0;0;226m____[38;2;0;0;221ma[38;2;0;0;222m@[38;2;0;0;226mg[38;2;0;0;205my[38;2;0;0;226m___[38;2;0;0;214my[38;2;0;0;228mg[38;2;0;0;213m@[38;2;0;0;212m~       [39m
 [38;2;0;0;0m        [38;2;0;1;216m`[38;2;0;0;227m~[38;2;0;0;226m~[38;2;0;0;227m~[38;2;0;0;226m~~[38;2;2;2;199m~ [38;2;0;0;225m~~[38;2;0;0;227m~~[38;2;0;0;225m~[38;2;0;0;226m~ `~~[38;2;0;0;227m~[38;2;0;0;226m~[38;2;0;0;229m~[38;2;1;0;218m`         [39m
 [38;2;0;0;0m                                       [39m
 [38;2;0;0;0m                                       [39m
[?25h