[?25l[39m [38;2;0;0;0m               [38;2;3;0;201m_[38;2;0;0;232m_[38;2;0;0;226m_[38;2;0;0;224m_[38;2;0;0;225m__[38;2;0;0;233m_[38;2;1;1;204m_                [39m
 [38;2;0;0;0m           [38;2;0;0;229m_[38;2;1;1;212ma[38;2;0;0;226mg[38;2;0;0;227m@@[38;2;0;0;220mR[38;2;0;0;219mP[38;2;0;0;230m==[38;2;0;0;229m=[38;2;0;0;219mR[38;2;0;0;228m@[38;2;0;0;227m@[38;2;0;0;226mg[38;2;0;0;217my[38;2;0;0;229m_            [39m
 [38;2;0;0;0m         [38;2;1;0;212my[38;2;0;0;224m@[38;2;0;0;216m@[38;2;0;0;225m~[38;2;0;0;224m~[38;2;212;212;212m_[38;2;174;174;174my[38;2;206;206;206my[38;2;205;205;205ma[38;2;221;221;221mgg[38;2;197;197;197mg[38;2;206;206;206my[38;2;173;173;173my[38;2;212;212;212m_[38;2;0;0;221m~[38;2;0;0;226m~[38;2;0;0;222mR[38;2;0;0;225m@[38;2;0;0;213my          [39m
 [38;2;0;0;0m       [38;2;0;0;227m_[38;2;0;0;226m@[38;2;0;0;221mP[38;2;0;0;201m~[38;2;138;138;138my[38;2;224;224;224mg[38;2;241;241;241m@[38;2;251;251;251m@[38;2;252;252;252m@@@@@@@@[38;2;251;251;251m@[38;2;246;246;246m@[38;2;224;224;224mg_[38;2;0;0;223m`[38;2;0;0;218m4[38;2;0;0;227m@[38;2;0;0;228m_        [39m
 [38;2;0;0;0m      [38;2;0;0;224mj[38;2;0;0;226m@[38;2;1;0;207m~[38;2;134;134;134m_[38;2;240;240;240mg[38;2;251;251;251m@[38;2;252;252;252m@@@@@@@@@@@@@@[38;2;251;251;251m@[38;2;205;205;205m@[38;2;135;135;135m_[38;2;0;0;208m"[38;2;0;0;223m@[38;2;0;0;222mL       [39m
 [38;2;0;0;0m     [38;2;2;1;185mj[38;2;0;0;230m@[38;2;0;0;195m'[38;2;106;106;107my[38;2;240;240;240m@[38;2;252;252;252m@[38;2;251;251;251m@@[38;2;252;252;252m@@@@@@@@@@@@@@@[38;2;247;247;247m@[38;2;134;134;135m_ [38;2;0;0;226m@[38;2;1;0;202mi      [39m
 [38;2;0;0;0m     [38;2;0;0;217mg[38;2;1;0;208mF [38;2;220;220;220m$[38;2;252;252;252m@[38;2;251;251;251m@[38;2;142;142;142m~[38;2;156;156;156m`[38;2;236;236;236m~[38;2;174;174;174mA[38;2;234;234;234m@[38;2;251;251;251m@[38;2;252;252;252m@@@@@@@@@@@@[38;2;229;229;229m@ [38;2;0;1;204m`[38;2;0;0;220m$      [39m
 [38;2;0;0;0m     [38;2;0;0;226m@  [38;2;250;250;250m@[38;2;252;252;252m@@[38;2;251;251;251m@[38;2;221;221;221m$[38;2;166;166;166mw  [38;2;112;112;112m~[38;2;204;204;204m$[38;2;251;251;251m@[38;2;213;213;213m@[38;2;170;170;170m~[38;2;254;254;254m`````[38;2;167;167;167m~[38;2;222;222;222m$[38;2;252;252;252m@[38;2;251;251;251m@  [38;2;0;0;226m@      [39m
 [38;2;0;0;0m     [38;2;0;0;226m@  [38;2;249;249;249m@[38;2;252;252;252m@[38;2;251;251;251m@[38;2;174;174;174mF[38;2;116;116;116m~ [38;2;146;146;146my[38;2;195;195;195mg[38;2;217;217;217m@[38;2;251;251;251m@[38;2;252;252;252m@@[38;2;234;234;234m@[38;2;228;228;228m@@@@@[38;2;233;233;233m@[38;2;251;251;251m@[38;2;252;252;252m@[38;2;251;251;251m@  [38;2;0;0;226m@      [39m
 [38;2;0;0;0m     [38;2;0;0;226m@  [38;2;249;249;249m@[38;2;252;252;252m@[38;2;251;251;251m@[38;2;216;216;216m@[38;2;251;251;251mg[38;2;249;249;249m@[38;2;252;252;252m@@@@@@@@@@@@@@@[38;2;251;251;251m@  [38;2;0;0;226m@      [39m
 [38;2;0;0;0m     [38;2;0;0;226m@  [38;2;249;249;249m@[38;2;252;252;252m@@@@@@@@@@@@@@@@@@@@[38;2;251;251;251m@  [38;2;0;0;226m@      [39m
 [38;2;0;0;0m     [38;2;0;0;226m@  [38;2;249;249;249m@[38;2;252;252;252m@@@@@@@@@@@@@@@@@@@@[38;2;251;251;251m@  [38;2;0;0;227m@      [39m
 [38;2;0;0;0m     [38;2;0;0;226m@  [38;2;249;249;249m@[38;2;252;252;252m@@@@@@@@@@@@@@@@@@@@[38;2;251;251;251m@  [38;2;0;0;227m@      [39m
 [38;2;0;0;0m     [38;2;0;0;218m@  [38;2;242;242;242m@[38;2;252;252;252m@@@@@@@@@@@@@@@@@@@@[38;2;248;248;248m@  [38;2;0;0;222m@      [39m
 [38;2;0;0;0m     [38;2;1;1;210m`[38;2;0;0;225m@[38;2;0;0;209m_[38;2;133;133;133m~[38;2;198;198;198mR[38;2;245;245;245m@[38;2;252;252;252m@[38;2;248;248;248m@[38;2;201;201;201m@[38;2;185;185;185mF[38;2;252;252;252m~[38;2;171;171;171m5[38;2;231;231;231m@[38;2;251;251;251m@@[38;2;233;233;233m@[38;2;219;219;219mF[38;2;252;252;252m~[38;2;178;178;178mT[38;2;191;191;191m@[38;2;248;248;248m@[38;2;252;252;252m@[38;2;246;246;246m@[38;2;182;182;182m@[38;2;166;166;166m~[38;2;1;0;206m_[38;2;0;0;232ma'      [39m
 [38;2;0;0;0m      [38;2;1;1;208m`[38;2;0;0;217m?[38;2;0;0;227ma[38;2;0;0;208my[38;2;0;0;226m_[38;2;0;0;227m__[38;2;0;0;225m_[38;2;0;0;226ma[38;2;0;0;220m@[38;2;0;0;222my[38;2;0;0;225m_[38;2;0;0;227m__[38;2;0;0;225m_[38;2;0;0;222my[38;2;0;0;217m@[38;2;0;0;223mg[38;2;0;0;225m_[38;2;0;0;227m__[38;2;0;0;226m_[38;2;0;0;207my[38;2;0;0;227ma[38;2;0;0;216mP[38;2;0;0;224m'       [39m
 [38;2;0;0;0m         [38;2;0;0;231m`~[38;2;0;0;228m~[38;2;0;0;230m~[38;2;0;0;211m~  [38;2;0;1;210m`[38;2;0;0;226m~[38;2;0;0;228m~~~[38;2;0;1;210m`  [38;2;0;1;211m~[38;2;0;0;229m~[38;2;0;0;228m~[38;2;0;0;231m~[38;2;2;1;201m~          [39m
 [38;2;0;0;0m                                       [39m
 [38;2;0;0;0m                                       [39m
[?25h