[?25l[39m [38;2;0;0;0m               [38;2;0;0;231m_[38;2;0;0;224m_[38;2;0;0;226m_[38;2;0;0;225m__[38;2;0;0;226m_[38;2;0;0;224m_[38;2;0;0;231m_                [39m
 [38;2;0;0;0m           [38;2;0;0;225m_[38;2;0;0;227ma[38;2;0;0;221mP[38;2;0;0;227m~[38;2;0;0;225m~[38;2;0;0;229m~[38;2;0;0;218m~[38;2;138;138;138m__[38;2;0;0;219m~[38;2;0;0;229m~[38;2;0;0;226m~[38;2;0;0;228m~[38;2;0;0;218mR[38;2;0;0;223mg[38;2;0;0;226m_            [39m
 [38;2;0;0;0m        [38;2;1;1;195m_[38;2;0;0;222ma[38;2;0;0;228mP[38;2;0;0;229m~[38;2;153;153;153m_[38;2;187;187;187my[38;2;234;234;234mg[38;2;232;232;232m$[38;2;250;250;250m@[38;2;251;251;251m@@@@@[38;2;224;224;224m@[38;2;234;234;234mg[38;2;186;186;186my[38;2;154;154;154m_[38;2;0;0;225m~[38;2;0;0;229m4[38;2;0;0;219mg[38;2;0;0;224m,         [39m
 [38;2;0;0;0m       [38;2;1;1;208my[38;2;0;0;229mP[38;2;0;0;215m`[38;2;135;135;135my[38;2;238;238;238mg[38;2;251;251;251m@[38;2;252;252;252m@@@@@@@@@@@@[38;2;251;251;251m@[38;2;211;211;211m$[38;2;214;214;214m_[38;2;0;0;214m`[38;2;0;0;229m4[38;2;1;1;209my        [39m
 [38;2;0;0;0m      [38;2;0;0;214mg[38;2;0;0;226mF [38;2;194;194;194mg[38;2;251;251;251m@[38;2;252;252;252m@@@@@@@@@@@@@@@@[38;2;251;251;251m@[38;2;191;191;191mg [38;2;0;0;216m?[38;2;0;1;210m$       [39m
 [38;2;0;0;0m     [38;2;1;1;197mj[38;2;0;0;233mF [38;2;183;183;183mg[38;2;251;251;251m@@[38;2;218;218;218m@[38;2;201;201;201m@[38;2;250;250;250m@[38;2;251;251;251m@[38;2;252;252;252m@@@@@@@@@@@@@[38;2;251;251;251m@[38;2;161;161;161m$ [38;2;0;0;215m5[38;2;1;0;212mi      [39m
 [38;2;0;0;0m     [38;2;0;0;222mg[38;2;0;0;183m[ [38;2;240;240;240m@[38;2;252;252;252m@[38;2;251;251;251m@[38;2;183;183;183my[38;2;135;135;135m_[38;2;80;80;80m`[38;2;210;210;210m~[38;2;178;178;178mF[38;2;207;207;207m@[38;2;251;251;251m@[38;2;252;252;252m@[38;2;251;251;251m@[38;2;222;222;222m@[38;2;215;215;215m@@@@@[38;2;225;225;225m@[38;2;252;252;252m@@[38;2;248;248;248m@  [38;2;0;0;224m$      [39m
 [38;2;0;0;0m     [38;2;0;0;225m@  [38;2;249;249;249m@[38;2;252;252;252m@@[38;2;248;248;248m@[38;2;185;185;185m@[38;2;121;121;121mF  [38;2;213;213;213m_[38;2;203;203;203m$[38;2;251;251;251m@[38;2;218;218;218m@[38;2;245;245;245m_[38;2;234;234;234m_____[38;2;245;245;245m_[38;2;209;209;209m@[38;2;252;252;252m@[38;2;251;251;251m@  [38;2;0;0;227m@      [39m
 [38;2;0;0;0m     [38;2;0;0;225m@  [38;2;249;249;249m@[38;2;252;252;252m@[38;2;249;249;249m@[38;2;227;227;227m_[38;2;210;210;210m_[38;2;187;187;187my[38;2;235;235;235mg[38;2;239;239;239m@[38;2;251;251;251m@[38;2;252;252;252m@@@@@@@@@[38;2;251;251;251m@[38;2;252;252;252m@@[38;2;251;251;251m@  [38;2;0;0;227m@      [39m
 [38;2;0;0;0m     [38;2;0;0;225m@  [38;2;249;249;249m@[38;2;252;252;252m@@@[38;2;251;251;251m@[38;2;252;252;252m@@@@@@@@@@@@@@@@[38;2;251;251;251m@  [38;2;0;0;227m@      [39m
 [38;2;0;0;0m     [38;2;0;0;225m@  [38;2;249;249;249m@[38;2;252;252;252m@@@@@@@@@@@@@@@@@@@@[38;2;251;251;251m@  [38;2;0;0;227m@      [39m
 [38;2;0;0;0m     [38;2;0;0;225m@  [38;2;249;249;249m@[38;2;252;252;252m@@@@@@@@@@@@@@@@@@@@[38;2;251;251;251m@  [38;2;0;0;227m@      [39m
 [38;2;0;0;0m     [38;2;0;0;225m@  [38;2;249;249;249m@[38;2;252;252;252m@@@@@@@@@@@@@@@@@@@@[38;2;251;251;251m@  [38;2;0;0;227m@      [39m
 [38;2;0;0;0m     [38;2;0;0;225m@  [38;2;249;249;249m@[38;2;252;252;252m@@@@@@@@@@@@@@@@@@@@[38;2;251;251;251m@  [38;2;0;0;226m@      [39m
 [38;2;0;0;0m     [38;2;0;0;218m@[38;2;1;0;219m, [38;2;223;223;223m@[38;2;252;252;252m@@@@@@@@@@@@@@@@@@@@[38;2;237;237;237m@ [38;2;0;0;190mj[38;2;0;0;222m@      [39m
 [38;2;0;0;0m     [38;2;1;1;212m`[38;2;0;0;229m@_[38;2;90;90;90m`[38;2;139;139;139m5[38;2;184;184;184m@[38;2;211;211;211m@[38;2;166;166;166m@[38;2;244;244;244m~[38;2;197;197;197m~[38;2;227;227;227m~[38;2;176;176;176mP[38;2;199;199;199m@[38;2;219;219;219m@[38;2;187;187;187m@[38;2;194;194;194mF[38;2;216;216;216m~[38;2;202;202;202m~[38;2;172;172;172mT[38;2;206;206;206mR[38;2;218;218;218m@[38;2;207;207;207m@[38;2;202;202;202mP[38;2;237;237;237m~[38;2;102;102;102m`[38;2;0;0;225m_[38;2;0;0;227m@[38;2;0;0;233m'      [39m
 [38;2;0;0;0m      [38;2;1;1;212m`[38;2;0;0;213m4[38;2;0;0;227m@g[38;2;0;0;217my[38;2;0;0;208my[38;2;0;0;224ma[38;2;0;0;227mg@[38;2;0;0;224m@[38;2;0;0;226mg[38;2;0;0;212my[38;2;0;0;204my[38;2;0;0;218my[38;2;0;0;227mg[38;2;0;0;226m@@[38;2;0;0;227mg[38;2;0;0;219my[38;2;0;0;204my[38;2;0;0;210my[38;2;0;0;225mg[38;2;0;0;226mg[38;2;0;0;227m@[38;2;0;0;218mP[38;2;0;0;229m'       [39m
 [38;2;0;0;0m         [38;2;1;1;209m~[38;2;0;0;226m~~[38;2;0;0;225m~[38;2;0;0;216m`  [38;2;1;0;219m~[38;2;0;0;226m~~~[38;2;1;1;204m~  [38;2;0;0;228m`[38;2;0;0;226m~~~[38;2;0;0;223m~[38;2;2;2;201m`          [39m
 [38;2;0;0;0m                                       [39m
[?25h