[?25l[39m [38;2;0;0;0m              [38;2;0;0;229m_[38;2;0;0;224m_[38;2;0;0;226m_[38;2;1;0;212my[38;2;0;0;218myy[38;2;1;0;213my[38;2;0;0;226m_[38;2;0;0;224m_[38;2;0;0;230m_               [39m
 [38;2;0;0;0m          [38;2;1;0;213m_[38;2;1;1;210my[38;2;0;0;224ma[38;2;0;0;219mP[38;2;0;0;226m~[38;2;0;0;227m~[38;2;132;132;132m_[38;2;232;232;232m_[38;2;240;240;240m__[38;2;232;232;232m_[38;2;132;132;132m_[38;2;0;0;226m~[38;2;0;0;225m~=[38;2;0;0;226ma[38;2;1;1;210my[38;2;1;0;214m_           [39m
 [38;2;0;0;0m        [38;2;0;0;219m_[38;2;0;0;229ma[38;2;0;0;218mF[38;2;1;0;208m~[38;2;229;229;229m_[38;2;219;219;219my[38;2;252;252;252mg[38;2;249;249;249m@[38;2;251;251;251m@[38;2;252;252;252m@@@@[38;2;251;251;251m@[38;2;250;250;250m@[38;2;223;223;223m$[38;2;218;218;218my[38;2;229;229;229m_[38;2;0;0;206m~[38;2;0;0;212m?[38;2;0;0;229ma[38;2;0;0;218m_         [39m
 [38;2;0;0;0m       [38;2;1;0;216mg[38;2;0;0;228mF [38;2;179;179;179my[38;2;216;216;216m@[38;2;251;251;251m@[38;2;252;252;252m@@@@@@@@@@@@[38;2;251;251;251m@[38;2;228;228;228m@[38;2;171;171;171my [38;2;0;0;201m#[38;2;0;0;217mg        [39m
 [38;2;0;0;0m      [38;2;0;0;224mg[38;2;0;0;214mF [38;2;218;218;218mg[38;2;251;251;251m@[38;2;252;252;252m@@@@@@@@@@@@@@@@[38;2;251;251;251m@[38;2;198;198;198m$ [38;2;0;0;220m~[38;2;0;0;222m$       [39m
 [38;2;0;0;0m     [38;2;1;0;207mj[38;2;0;0;229mF [38;2;204;204;204mg[38;2;251;251;251m@@[38;2;219;219;219mF[38;2;153;153;153mM[38;2;188;188;188m@[38;2;250;250;250m@[38;2;251;251;251m@[38;2;252;252;252m@@@@@@@@@@@@[38;2;251;251;251m@[38;2;181;181;181m@ [38;2;0;0;220m?i      [39m
 [38;2;0;0;0m     [38;2;0;0;218m@[38;2;0;0;177m[ [38;2;245;245;245m@[38;2;252;252;252m@[38;2;251;251;251m@[38;2;231;231;231mg[38;2;176;176;176my[38;2;130;130;130m_[38;2;82;82;82m`[38;2;217;217;217m~[38;2;169;169;169mP[38;2;242;242;242m@[38;2;252;252;252m@[38;2;245;245;245m@[38;2;219;219;219mF[38;2;207;207;207mFFFFF[38;2;177;177;177m#[38;2;245;245;245m@[38;2;252;252;252m@[38;2;250;250;250m@  [38;2;0;0;225m$      [39m
 [38;2;0;0;0m     [38;2;0;0;226m@  [38;2;249;249;249m@[38;2;252;252;252m@[38;2;251;251;251m@[38;2;214;214;214m@[38;2;203;203;203mF[38;2;195;195;195m~ [38;2;186;186;186m_[38;2;193;193;193my[38;2;223;223;223m@[38;2;252;252;252m@[38;2;235;235;235m@[38;2;205;205;205my[38;2;194;194;194myyyyy[38;2;208;208;208my[38;2;232;232;232m@[38;2;252;252;252m@[38;2;251;251;251m@  [38;2;0;0;226m@      [39m
 [38;2;0;0;0m     [38;2;0;0;226m@  [38;2;249;249;249m@[38;2;252;252;252m@[38;2;251;251;251m@[38;2;191;191;191my[38;2;170;170;170my[38;2;216;216;216mg[38;2;229;229;229m@[38;2;251;251;251m@[38;2;252;252;252m@@@@@@@@@@@@@[38;2;251;251;251m@  [38;2;0;0;226m@      [39m
 [38;2;0;0;0m     [38;2;0;0;226m@  [38;2;249;249;249m@[38;2;252;252;252m@@@@@@@@@@@@@@@@@@@@[38;2;251;251;251m@  [38;2;0;0;226m@      [39m
 [38;2;0;0;0m     [38;2;0;0;226m@  [38;2;249;249;249m@[38;2;252;252;252m@@@@@@@@@@@@@@@@@@@@[38;2;251;251;251m@  [38;2;0;0;226m@      [39m
 [38;2;0;0;0m     [38;2;0;0;226m@  [38;2;249;249;249m@[38;2;252;252;252m@@@@@@@@@@@@@@@@@@@@[38;2;251;251;251m@  [38;2;0;0;227m@      [39m
 [38;2;0;0;0m     [38;2;0;0;226m@  [38;2;249;249;249m@[38;2;252;252;252m@@@@@@@@@@@@@@@@@@@@[38;2;251;251;251m@  [38;2;0;0;227m@      [39m
 [38;2;0;0;0m     [38;2;0;0;225m@  [38;2;249;249;249m@[38;2;252;252;252m@@@@@@@@@@@@@@@@@@@@[38;2;251;251;251m@  [38;2;0;0;226m@      [39m
 [38;2;0;0;0m     [38;2;0;0;213m@[38;2;0;0;222mL [38;2;197;197;197mR[38;2;251;251;251m@[38;2;252;252;252m@@@@[38;2;251;251;251m@[38;2;248;248;248m@[38;2;251;251;251m@[38;2;252;252;252m@@@@[38;2;251;251;251m@[38;2;248;248;248m@[38;2;251;251;251m@[38;2;252;252;252m@@@@[38;2;251;251;251m@[38;2;196;196;196m@ [38;2;0;0;222mj[38;2;0;0;219m@      [39m
 [38;2;0;0;0m     [38;2;2;2;205m`[38;2;0;0;226m@[38;2;0;0;217mg[38;2;0;0;224m_[38;2;177;177;177m~[38;2;168;168;168mF[38;2;197;197;197mF[38;2;190;190;190mF[38;2;233;233;233m~[38;2;0;0;211m_[38;2;0;0;226m_[38;2;101;101;101m~[38;2;247;247;247m~[38;2;190;190;190mF[38;2;197;197;197mF[38;2;162;162;162mF[38;2;126;126;126m~[38;2;0;0;227m_[38;2;0;0;213m_[38;2;221;221;221m~[38;2;178;178;178mF[38;2;199;199;199mF[38;2;185;185;185mF[38;2;207;207;207m~[38;2;0;0;223m_[38;2;0;0;218ma[38;2;0;0;227m@[38;2;0;0;230m'      [39m
 [38;2;0;0;0m      [38;2;2;3;185m`[38;2;0;0;227m~[38;2;0;0;219m@[38;2;0;0;226m@ggg[38;2;0;0;225m@@[38;2;0;0;216mR[38;2;0;0;228m@[38;2;0;0;223m@[38;2;0;0;226mgg[38;2;0;0;221m@[38;2;0;0;227m@[38;2;0;0;224mP[38;2;0;0;225m@[38;2;0;0;226m@ggg@[38;2;0;0;220m@[38;2;0;0;229m~[38;2;1;1;194m'       [39m
 [38;2;0;0;0m         [38;2;3;3;192m`[38;2;2;1;204m~[38;2;1;0;220m~[38;2;1;1;213m~[38;2;2;1;210m`   [38;2;0;0;227m`[38;2;1;0;218m~[38;2;1;0;219m~[38;2;0;0;226m`   [38;2;2;1;211m`[38;2;1;1;210m~[38;2;1;0;220m~[38;2;2;1;206m~[38;2;3;2;194m`          [39m
 [38;2;0;0;0m                                       [39m
[?25h