[?25l[39m [38;2;0;0;0m                                       [39m
 [38;2;0;0;0m              [38;2;0;0;223m_[38;2;0;0;226m__[38;2;1;1;200my[38;2;1;1;209my[38;2;1;1;208my[38;2;1;1;200my[38;2;0;0;226m__[38;2;0;0;222m_               [39m
 [38;2;0;0;0m          [38;2;1;2;192m_[38;2;0;0;225m_[38;2;0;0;227ma[38;2;0;0;225mP[38;2;0;0;226m~[38;2;0;0;227m~[38;2;85;85;85m_[38;2;158;158;158m_[38;2;206;206;206m_[38;2;207;207;207m_[38;2;158;158;158m_[38;2;85;85;85m_[38;2;0;0;227m~[38;2;0;0;226m~[38;2;0;0;225m4[38;2;0;0;228ma[38;2;0;0;224m_[38;2;1;2;194m_           [39m
 [38;2;0;0;0m        [38;2;0;0;209m_[38;2;0;0;227ma[38;2;0;0;221mP[38;2;0;0;220m~[38;2;204;204;204m_[38;2;208;208;208my[38;2;245;245;245mg[38;2;238;238;238m@[38;2;252;252;252m@[38;2;251;251;251m@@@@[38;2;252;252;252m@[38;2;241;241;241m@[38;2;245;245;245mg[38;2;209;209;209my[38;2;205;205;205m_[38;2;0;0;218m~4[38;2;0;0;224mg[38;2;0;0;209m_         [39m
 [38;2;0;0;0m       [38;2;0;0;216my[38;2;0;0;227mP[38;2;0;0;202m'[38;2;158;158;158my[38;2;246;246;246mg[38;2;251;251;251m@[38;2;252;252;252m@@@@@@@@@@@@[38;2;251;251;251m@[38;2;214;214;214m@[38;2;145;145;145my[38;2;2;1;192m`[38;2;0;0;226m4[38;2;0;0;217my        [39m
 [38;2;0;0;0m      [38;2;0;0;221mgF [38;2;209;209;209mg[38;2;251;251;251m@[38;2;252;252;252m@@@@@@@@@@@@@@@@[38;2;251;251;251m@[38;2;177;177;177m@ [38;2;0;0;209m?[38;2;0;0;218m$       [39m
 [38;2;0;0;0m     [38;2;1;0;204mj[38;2;0;0;231mF [38;2;195;195;195mg[38;2;251;251;251m@[38;2;252;252;252m@@[38;2;201;201;201m@[38;2;216;216;216mF[38;2;201;201;201mF[38;2;178;178;178m#[38;2;210;210;210m@[38;2;251;251;251m@[38;2;252;252;252m@@[38;2;251;251;251m@[38;2;230;230;230m@[38;2;165;165;165m@[38;2;205;205;205mFF[38;2;178;178;178m@[38;2;248;248;248m@[38;2;252;252;252m@[38;2;251;251;251m@[38;2;170;170;170m@ [38;2;0;0;209m5[38;2;0;0;216mi      [39m
 [38;2;0;0;0m     [38;2;0;0;217m@[38;2;0;0;180m[ [38;2;243;243;243m@[38;2;252;252;252m@[38;2;225;225;225m@[38;2;160;160;160m`[38;2;182;182;182ma[38;2;175;175;175mF[38;2;188;188;188mF[38;2;142;142;142mM[38;2;153;153;153mg[38;2;156;156;156m~[38;2;245;245;245m@[38;2;251;251;251m@[38;2;151;151;151mF[38;2;177;177;177my[38;2;178;178;178mf[38;2;172;172;172mF[38;2;205;205;205mF[38;2;150;150;150mh[38;2;68;68;68m`[38;2;188;188;188m@[38;2;251;251;251m@[38;2;249;249;249m@  [38;2;0;0;225m$      [39m
 [38;2;0;0;0m     [38;2;0;0;226m@  [38;2;249;249;249m@[38;2;251;251;251m@[38;2;173;173;173m$[38;2;88;88;88m4[38;2;174;174;174mL [38;2;185;185;185mP [38;2;166;166;166m#[38;2;90;90;90m_[38;2;232;232;232m@[38;2;239;239;239m@ [38;2;197;197;197m$ 4 [38;2;111;111;111m4[38;2;84;84;84m~[38;2;195;195;195mg[38;2;251;251;251m@@  [38;2;0;0;226m@      [39m
 [38;2;0;0;0m     [38;2;0;0;226m@  [38;2;249;249;249m@[38;2;252;252;252m@[38;2;250;250;250m@[38;2;200;200;200my[38;2;177;177;177m~[38;2;135;135;135mH[38;2;228;228;228m=[38;2;177;177;177m#[38;2;225;225;225m$[38;2;248;248;248m@[38;2;252;252;252m@[38;2;251;251;251m@[38;2;199;199;199m$[38;2;225;225;225m_[38;2;151;151;151m?[38;2;213;213;213m=[38;2;196;196;196mP[38;2;209;209;209m$[38;2;234;234;234m@[38;2;251;251;251m@[38;2;252;252;252m@[38;2;251;251;251m@  [38;2;0;0;226m@      [39m
 [38;2;0;0;0m     [38;2;0;0;226m@  [38;2;249;249;249m@[38;2;252;252;252m@@@[38;2;251;251;251m@[38;2;249;249;249m@[38;2;239;239;239m@[38;2;247;247;247m@[38;2;251;251;251m@[38;2;252;252;252m@@@@[38;2;251;251;251m@[38;2;252;252;252m@[38;2;242;242;242m@[38;2;241;241;241m@[38;2;252;252;252m@@@@[38;2;251;251;251m@  [38;2;0;0;226m@      [39m
 [38;2;0;0;0m     [38;2;0;0;226m@  [38;2;249;249;249m@[38;2;252;252;252m@@@@@@@@@@@@@@@@@@@@[38;2;251;251;251m@  [38;2;0;0;227m@      [39m
 [38;2;0;0;0m     [38;2;0;0;226m@  [38;2;249;249;249m@[38;2;252;252;252m@@@@@@@@@@@@@@@@@@@@[38;2;251;251;251m@  [38;2;0;0;227m@      [39m
 [38;2;0;0;0m     [38;2;0;0;226m@  [38;2;249;249;249m@[38;2;252;252;252m@@@@@@@@@@@@@@@@@@@@[38;2;251;251;251m@  [38;2;0;0;227m@      [39m
 [38;2;0;0;0m     [38;2;0;0;219m@  [38;2;244;244;244m@[38;2;252;252;252m@@@@@@@@@@@@@@@@@@@@[38;2;249;249;249m@  [38;2;0;0;225m$      [39m
 [38;2;0;0;0m     [38;2;1;0;211m`[38;2;0;0;223m@[38;2;0;0;213m,[38;2;156;156;156m~[38;2;183;183;183m@[38;2;249;249;249m@[38;2;252;252;252m@[38;2;251;251;251m@[38;2;216;216;216m@[38;2;201;201;201mF[38;2;169;169;169mF[38;2;179;179;179mA[38;2;239;239;239m@[38;2;252;252;252m@@[38;2;240;240;240m@[38;2;211;211;211mP[38;2;173;173;173mF[38;2;163;163;163mM[38;2;210;210;210m@[38;2;251;251;251m@[38;2;252;252;252m@[38;2;250;250;250m@[38;2;198;198;198m@[38;2;184;184;184m~[38;2;1;0;195m_[38;2;0;0;231ma[38;2;0;0;232m'      [39m
 [38;2;0;0;0m      [38;2;1;0;213m`[38;2;0;0;218m4[38;2;0;0;225mg_[38;2;0;0;223m_[38;2;115;115;115m`[38;2;0;0;223m_[38;2;0;0;227m_[38;2;0;0;225ma[38;2;0;0;219m@[38;2;0;0;215my[38;2;0;0;225m_[38;2;104;104;104m``[38;2;0;0;225m_[38;2;0;0;214my[38;2;0;0;226ma[38;2;0;0;222mg[38;2;0;0;227m_[38;2;0;0;225m_[38;2;118;118;118m`[38;2;0;0;225m__[38;2;0;0;226mg[38;2;0;0;223mP[38;2;0;0;230m'       [39m
 [38;2;0;0;0m         [38;2;1;0;216m~[38;2;0;0;226m~[38;2;0;0;227m~~[38;2;0;0;223m~  [38;2;0;0;225m`~[38;2;0;0;227m~~~`  [38;2;0;0;221m~[38;2;0;0;227m~~[38;2;0;0;226m~[38;2;1;0;217m~          [39m
 [38;2;0;0;0m                                       [39m
[?25h