[?25l[39m [38;2;0;0;0m                [38;2;1;0;207m_[38;2;0;0;233m_[38;2;0;0;234m_[38;2;0;0;233m__[38;2;1;0;205m_                 [39m
 [38;2;0;0;0m           [38;2;1;0;220m_[38;2;0;0;225m_[38;2;0;0;227ma[38;2;0;0;217m#[38;2;0;0;224m=[38;2;0;0;228m~[38;2;0;0;225m~[38;2;0;0;226m~~[38;2;0;0;225m~[38;2;0;0;226m~[38;2;0;0;224m=[38;2;0;0;216mR[38;2;0;0;226ma[38;2;1;1;200my[38;2;0;0;220m_            [39m
 [38;2;0;0;0m         [38;2;0;0;229m_[38;2;0;0;217m$[38;2;0;0;227m~[38;2;0;0;216m~[38;2;223;223;223m_[38;2;194;194;194my[38;2;224;224;224mg[38;2;252;252;252mg[38;2;223;223;223m@[38;2;240;240;240m@[38;2;242;242;242m@[38;2;226;226;226m@[38;2;252;252;252mg[38;2;224;224;224mg[38;2;194;194;194my[38;2;223;223;223m_[38;2;0;0;215m~[38;2;0;0;226m~[38;2;0;0;219m@[38;2;0;0;229m_          [39m
 [38;2;0;0;0m       [38;2;0;0;215m_[38;2;0;0;219m@[38;2;0;0;228m~[38;2;94;94;94m_[38;2;184;184;184mg[38;2;233;233;233m@[38;2;251;251;251m@[38;2;252;252;252m@@@@@@@@@@[38;2;251;251;251m@[38;2;240;240;240m@[38;2;184;184;184mg[38;2;95;95;95m_[38;2;0;0;225m~[38;2;0;0;221m@[38;2;0;0;217m_        [39m
 [38;2;0;0;0m      [38;2;0;0;213mj[38;2;0;0;229mP [38;2;178;178;178my[38;2;242;242;242m@[38;2;252;252;252m@@@@@@@@@@@@@@@@[38;2;248;248;248m@[38;2;167;167;168my [38;2;0;0;227m4[38;2;0;0;209mL       [39m
 [38;2;0;0;0m      [38;2;0;0;225m@ [38;2;168;168;168my[38;2;251;251;251m@[38;2;252;252;252m@@[38;2;251;251;251m@[38;2;250;250;250m@[38;2;245;245;245m@[38;2;251;251;251m@@[38;2;252;252;252m@@@@[38;2;251;251;251m@@[38;2;246;246;246m@[38;2;249;249;249m@[38;2;251;251;251m@[38;2;252;252;252m@@[38;2;251;251;251m@[38;2;154;154;155my [38;2;0;0;224mB[38;2;0;0;231m,      [39m
 [38;2;0;0;0m     [38;2;0;0;218mg[38;2;0;0;193m[ [38;2;230;230;230m@[38;2;252;252;252m@[38;2;249;249;249m@[38;2;207;207;207mF[38;2;141;141;141my[38;2;162;162;162ma[38;2;216;216;216ma[38;2;168;168;168mw[38;2;151;151;151m~[38;2;199;199;199m4[38;2;251;251;251m@@[38;2;191;191;191m@[38;2;207;207;207m~[38;2;168;168;168mw[38;2;198;198;198ma[38;2;183;183;183ma[38;2;131;131;131my[38;2;240;240;240m~[38;2;241;241;241m@[38;2;252;252;252m@[38;2;243;243;243m@  [38;2;0;0;220m$      [39m
 [38;2;0;0;0m     [38;2;0;0;226m@  [38;2;249;249;249m@[38;2;251;251;251m@[38;2;161;161;161m@[38;2;86;86;86mu[38;2;168;168;168mF [38;2;164;164;164mg [38;2;199;199;199m$ [38;2;221;221;221m@[38;2;238;238;238m@ [38;2;192;192;192m$ [38;2;189;189;189ma [38;2;130;130;130m4[38;2;113;113;113mL[38;2;153;153;153mg[38;2;252;252;252m@[38;2;251;251;251m@  [38;2;0;0;226m@      [39m
 [38;2;0;0;0m     [38;2;0;0;226m@  [38;2;249;249;249m@[38;2;252;252;252m@[38;2;224;224;224m@[38;2;118;118;118m_[38;2;139;139;139m$[38;2;153;153;153my[38;2;191;191;191my[38;2;194;194;194my[38;2;189;189;189my[38;2;224;224;224mg[38;2;251;251;251m@@[38;2;154;154;154my[38;2;158;158;158m?[38;2;143;143;143ma[38;2;167;167;167my[38;2;196;196;196ma[38;2;186;186;186my[38;2;217;217;217my[38;2;241;241;241m@[38;2;252;252;252m@[38;2;251;251;251m@  [38;2;0;0;226m@      [39m
 [38;2;0;0;0m     [38;2;0;0;226m@  [38;2;249;249;249m@[38;2;252;252;252m@@[38;2;251;251;251m@[38;2;250;250;250mg[38;2;227;227;227my[38;2;212;212;212my[38;2;206;206;206ma[38;2;251;251;251m@[38;2;252;252;252m@@@[38;2;251;251;251m@[38;2;225;225;225m@[38;2;220;220;220mg[38;2;215;215;215my[38;2;217;217;217my[38;2;223;223;223m@[38;2;252;252;252m@@@[38;2;251;251;251m@  [38;2;0;0;226m@      [39m
 [38;2;0;0;0m     [38;2;0;0;226m@  [38;2;249;249;249m@[38;2;252;252;252m@@@@@@@@@@@@@@@@@@@@[38;2;251;251;251m@  [38;2;0;0;226m@      [39m
 [38;2;0;0;0m     [38;2;0;0;226m@  [38;2;249;249;249m@[38;2;252;252;252m@@@@@@@@@@@@@@@@@@@@[38;2;251;251;251m@  [38;2;0;0;227m@      [39m
 [38;2;0;0;0m     [38;2;0;0;226m@  [38;2;249;249;249m@[38;2;252;252;252m@@@@@@@@@@@@@@@@@@@@[38;2;251;251;251m@  [38;2;0;0;227m@      [39m
 [38;2;0;0;0m     [38;2;0;0;226m@  [38;2;249;249;249m@[38;2;252;252;252m@@@@@@@@@@@@@@@@@@@@[38;2;251;251;251m@  [38;2;0;0;227m@      [39m
 [38;2;0;0;0m     [38;2;0;0;220m@[38;2;0;0;216m, [38;2;241;241;241m@[38;2;252;252;252m@@@@@@@@@@@@@@@@@@@@[38;2;247;247;247m@  [38;2;0;0;223m@      [39m
 [38;2;0;0;0m     [38;2;1;0;212m`[38;2;0;0;226m@[38;2;0;0;219m_[38;2;124;124;124m~[38;2;188;188;188mR[38;2;238;238;238m@[38;2;252;252;252m@[38;2;245;245;245m@[38;2;195;195;195m@[38;2;179;179;179mF[38;2;251;251;251m~[38;2;161;161;161m5[38;2;220;220;220m@[38;2;251;251;251m@@[38;2;225;225;225m@[38;2;213;213;213mF[38;2;251;251;251m~[38;2;175;175;175mT[38;2;185;185;185m@[38;2;245;245;245m@[38;2;252;252;252m@[38;2;240;240;240m@[38;2;176;176;176m@[38;2;158;158;158m~[38;2;0;0;216m_[38;2;0;0;230mg[38;2;2;1;194mF      [39m
 [38;2;0;0;0m      [38;2;1;0;218m`[38;2;0;0;223m4[38;2;0;0;227mg[38;2;0;0;213my[38;2;0;0;227m_[38;2;0;0;225m_[38;2;0;0;226m_[38;2;0;0;227m_g[38;2;0;0;226m@[38;2;0;0;219mg[38;2;0;0;227m_[38;2;0;0;225m__[38;2;0;0;227m_[38;2;0;0;223ma[38;2;0;0;224m@[38;2;0;0;227mg[38;2;0;0;226m__[38;2;0;0;225m_[38;2;0;0;227m_[38;2;0;0;211my[38;2;0;0;227mg[38;2;0;0;225mP[38;2;1;1;202m~       [39m
 [38;2;0;0;0m        [38;2;4;3;184m`[38;2;0;0;223m~[38;2;0;0;226m~[38;2;0;0;227m~~[38;2;0;0;226m~[38;2;3;0;204m` [38;2;2;1;202m~[38;2;0;0;226m~[38;2;0;0;227m~~~[38;2;2;1;204m~ [38;2;3;0;205m`[38;2;0;0;224m~[38;2;0;0;226m~[38;2;0;0;227m~~[38;2;0;0;225m~[38;2;2;3;189m`         [39m
 [38;2;0;0;0m                                       [39m
[?25h