[?25l[39m [38;2;0;0;0m              [38;2;0;0;229m_[38;2;0;0;225m_[38;2;1;1;211my[38;2;0;0;216ma[38;2;0;0;223maa[38;2;0;0;221my[38;2;1;1;211my[38;2;0;0;225m_[38;2;0;0;229m_               [39m
 [38;2;0;0;0m          [38;2;0;0;225m_[38;2;0;0;213ma[38;2;0;0;220m#[38;2;0;0;210mF[38;2;0;0;226m~[38;2;0;0;219m~[38;2;215;215;215m_[38;2;245;245;245m_[38;2;146;146;146myy[38;2;245;245;245m_[38;2;214;214;214m_[38;2;0;0;218m~[38;2;0;0;226m~[38;2;0;0;217m=[38;2;0;0;215m@[38;2;0;0;218my[38;2;0;0;226m_           [39m
 [38;2;0;0;0m        [38;2;0;0;226m_[38;2;0;0;228ma[38;2;0;0;210mF[38;2;1;0;218m`[38;2;156;156;156my[38;2;219;219;219ma[38;2;231;231;231m$[38;2;251;251;251m@@[38;2;252;252;252m@@@@[38;2;251;251;251m@@[38;2;226;226;226m@[38;2;210;210;210mg[38;2;146;146;146my[38;2;1;0;218m`[38;2;0;0;226m~[38;2;0;0;218m@[38;2;0;0;226m_         [39m
 [38;2;0;0;0m       [38;2;0;0;222mg[38;2;0;0;225mF [38;2;193;193;193my[38;2;231;231;231m@[38;2;251;251;251m@[38;2;252;252;252m@@@@@@@@@@@@@[38;2;239;239;239m@[38;2;187;187;187my [38;2;0;0;218m?[38;2;0;0;223mg        [39m
 [38;2;0;0;0m      [38;2;0;0;228mg[38;2;0;0;205mF [38;2;229;229;229mg[38;2;251;251;251m@[38;2;252;252;252m@@@@@@@@@@@@@@@@[38;2;251;251;251m@[38;2;203;203;203m@ [38;2;0;0;213m~[38;2;0;0;226m$       [39m
 [38;2;0;0;0m     [38;2;0;0;211mj[38;2;0;0;226mF [38;2;211;211;211mg[38;2;251;251;251m@@[38;2;183;183;183mF[38;2;249;249;249m~[38;2;188;188;188mA[38;2;242;242;242m@[38;2;251;251;251m@[38;2;252;252;252m@@@@@@@@@@@@[38;2;251;251;251m@[38;2;191;191;191m@ [38;2;0;0;217m?[38;2;0;0;219ml      [39m
 [38;2;0;0;0m     [38;2;0;0;219m@  [38;2;246;246;246m@[38;2;252;252;252m@[38;2;251;251;251m@[38;2;210;210;210m@[38;2;203;203;203my[38;2;213;213;213m_ [38;2;170;170;170m~[38;2;153;153;153mM[38;2;237;237;237m@[38;2;252;252;252m@[38;2;242;242;242m@[38;2;179;179;179mM[38;2;187;187;187mFFFFF[38;2;176;176;176mM[38;2;241;241;241m@[38;2;252;252;252m@[38;2;250;250;250m@  [38;2;0;0;226m$      [39m
 [38;2;0;0;0m     [38;2;0;0;226m@  [38;2;249;249;249m@[38;2;252;252;252m@[38;2;251;251;251m@[38;2;214;214;214m@[38;2;200;200;200mF[38;2;183;183;183m~ [38;2;208;208;208m_[38;2;204;204;204my[38;2;230;230;230m@[38;2;252;252;252m@[38;2;240;240;240m@[38;2;217;217;217my[38;2;206;206;206myyyyy[38;2;219;219;219my[38;2;237;237;237m@[38;2;252;252;252m@[38;2;251;251;251m@  [38;2;0;0;226m@      [39m
 [38;2;0;0;0m     [38;2;0;0;226m@  [38;2;249;249;249m@[38;2;252;252;252m@[38;2;251;251;251m@[38;2;190;190;190my[38;2;169;169;169my[38;2;219;219;219mg[38;2;233;233;233m@[38;2;251;251;251m@[38;2;252;252;252m@@@@@@@@@@@@@[38;2;251;251;251m@  [38;2;0;0;226m@      [39m
 [38;2;0;0;0m     [38;2;0;0;226m@  [38;2;249;249;249m@[38;2;252;252;252m@@@@@@@@@@@@@@@@@@@@[38;2;251;251;251m@  [38;2;0;0;226m@      [39m
 [38;2;0;0;0m     [38;2;0;0;226m@  [38;2;249;249;249m@[38;2;252;252;252m@@@@@@@@@@@@@@@@@@@@[38;2;251;251;251m@  [38;2;0;0;226m@      [39m
 [38;2;0;0;0m     [38;2;0;0;226m@  [38;2;249;249;249m@[38;2;252;252;252m@@@@@@@@@@@@@@@@@@@@[38;2;251;251;251m@  [38;2;0;0;227m@      [39m
 [38;2;0;0;0m     [38;2;0;0;226m@  [38;2;249;249;249m@[38;2;252;252;252m@@@@@@@@@@@@@@@@@@@@[38;2;251;251;251m@  [38;2;0;0;227m@      [39m
 [38;2;0;0;0m     [38;2;0;0;224m@  [38;2;249;249;249m@[38;2;252;252;252m@@@@@@@@@@@@@@@@@@@@[38;2;251;251;251m@  [38;2;0;0;226m@      [39m
 [38;2;0;0;0m     [38;2;1;1;208m9[38;2;0;0;217m$ [38;2;159;159;159m7[38;2;237;237;237m@[38;2;251;251;251m@[38;2;252;252;252m@[38;2;251;251;251m@[38;2;248;248;248m@[38;2;181;181;181m@[38;2;209;209;209mP[38;2;206;206;206m@[38;2;251;251;251m@[38;2;252;252;252m@@[38;2;251;251;251m@[38;2;212;212;212m@P[38;2;202;202;202mR[38;2;247;247;247m@[38;2;251;251;251m@[38;2;252;252;252m@[38;2;251;251;251m@[38;2;241;241;241m@[38;2;182;182;182mF [38;2;0;0;220mg[38;2;0;0;226mF      [39m
 [38;2;0;0;0m      [38;2;0;0;219m4[38;2;0;0;225m@[38;2;0;0;216my[38;2;0;0;228m_[38;2;123;123;123m~[38;2;210;210;210m~[38;2;168;168;168m~[38;2;0;0;227m_[38;2;0;0;226m_[38;2;0;0;222mg[38;2;0;0;226m_[38;2;159;159;159m`[38;2;194;194;194m~[38;2;202;202;202m~[38;2;159;159;159m`[38;2;0;0;226m_[38;2;0;0;225ma[38;2;0;0;226m_[38;2;0;0;227m_[38;2;155;155;155m~[38;2;213;213;213m~[38;2;140;140;140m~[38;2;0;0;228m_[38;2;0;0;215my[38;2;0;0;222m@[38;2;0;0;225mP       [39m
 [38;2;0;0;0m       [38;2;0;1;202m~[38;2;0;0;225m~[38;2;0;0;215mR[38;2;0;0;228m@[38;2;0;0;227m@[38;2;0;0;228m@[38;2;0;0;214m@[38;2;0;0;217m=[38;2;0;0;226m~[38;2;0;0;221m4[38;2;0;0;225m@[38;2;0;0;227m@@[38;2;0;0;224m@[38;2;0;0;220mP[38;2;0;0;226m~[38;2;1;0;218m=[38;2;0;0;214m@[38;2;0;0;228m@@@[38;2;0;0;223mP[38;2;0;0;225m~[38;2;1;0;208m~        [39m
 [38;2;0;0;0m                                       [39m
 [38;2;0;0;0m                                       [39m
[?25h