[?25l[39m [38;2;0;0;0m              [38;2;0;0;229m_[38;2;0;0;225m_[38;2;1;1;206my[38;2;0;0;219my[38;2;0;0;222mg[38;2;0;0;224mg[38;2;0;0;218mg[38;2;0;0;216my[38;2;0;0;226m__[38;2;0;0;217m_              [39m
 [38;2;0;0;0m           [38;2;0;0;225m_[38;2;0;0;226mg[38;2;0;0;227mP[38;2;0;0;226m~[38;2;0;0;228m~[38;2;0;0;212m~[38;2;226;226;226m_[38;2;242;242;242m_[38;2;247;247;247m_[38;2;241;241;241m_[38;2;223;223;223m_[38;2;0;0;216m~[38;2;0;0;228m~[38;2;0;0;226m~[38;2;0;0;218mR[38;2;0;0;225mg_           [39m
 [38;2;0;0;0m         [38;2;0;0;216my[38;2;0;0;218m@[38;2;0;0;229m~[38;2;95;95;95m_[38;2;184;184;184my[38;2;239;239;239mg[38;2;237;237;237m@[38;2;251;251;251m@@[38;2;252;252;252m@@@[38;2;251;251;251m@@[38;2;244;244;244m@g[38;2;193;193;193my[38;2;155;155;155m_[38;2;0;0;225m~[38;2;0;0;231m4[38;2;1;0;215mg[38;2;1;1;213m,        [39m
 [38;2;0;0;0m       [38;2;2;1;190m_[38;2;0;0;222m@[38;2;0;0;226m~ [38;2;198;198;198mg[38;2;248;248;248m@[38;2;252;252;252m@@@@@@@@@@@@@[38;2;251;251;251m@[38;2;208;208;208m$[38;2;189;189;189m_[38;2;0;0;201m~[38;2;0;0;223mR[38;2;0;0;228m_       [39m
 [38;2;0;0;0m       [38;2;0;0;229m@[38;2;1;0;207m'[38;2;113;113;113m_[38;2;218;218;218m@[38;2;252;252;252m@@@@@@@@@@@@@@@@@[38;2;251;251;251m@[38;2;172;172;172mg [38;2;0;0;224m?[38;2;0;0;219mL      [39m
 [38;2;0;0;0m      [38;2;0;0;219mg[38;2;0;0;202mF [38;2;220;220;220m$[38;2;252;252;252m@@@@@@@@@@@@@@@@@@@[38;2;251;251;251m@[38;2;184;184;184mL [38;2;0;0;228mB[38;2;0;0;226m,     [39m
 [38;2;0;0;0m      [38;2;0;0;236m@ [38;2;96;96;96m4[38;2;251;251;251m@[38;2;252;252;252m@@@@@@@@@@@@@@@@@@@@[38;2;234;234;234m@ [38;2;1;0;189m4[38;2;1;1;208m$     [39m
 [38;2;0;0;0m      [38;2;0;0;237m@ [38;2;125;125;126m4[38;2;252;252;252m@@@@@@@@@@@@@@@@@@@@@[38;2;239;239;239m@ [38;2;0;0;184mJ[38;2;1;0;211m$     [39m
 [38;2;0;0;0m      [38;2;0;0;237m@ [38;2;129;129;129m4[38;2;251;251;251m@[38;2;252;252;252m@@@@@@@@@@@@@@@@@@@@[38;2;239;239;239m@ [38;2;0;0;188mJ[38;2;1;0;210m$     [39m
 [38;2;0;0;0m      [38;2;0;0;236m@ [38;2;137;137;137m4[38;2;251;251;251m@[38;2;252;252;252m@@@@@@@@@@@@@@@@@@@@[38;2;238;238;238m@ [38;2;0;0;194mJ[38;2;1;1;206m$     [39m
 [38;2;0;0;0m      [38;2;0;0;234m@ [38;2;154;154;154m4[38;2;251;251;251m@[38;2;252;252;252m@@@@@@@@@@@@@@@@@@@@[38;2;231;231;231m@ [38;2;0;0;204mJ[38;2;0;0;225m[     [39m
 [38;2;0;0;0m      [38;2;0;0;225m@ [38;2;181;181;182m4[38;2;251;251;251m@[38;2;252;252;252m@@@@@@@@@@@@@@@@@@@@[38;2;206;206;206m@ [38;2;0;0;209m4[38;2;1;1;217m[     [39m
 [38;2;0;0;0m     [38;2;1;2;186mJ[38;2;0;0;210m$ [38;2;175;175;175m$[38;2;252;252;252m@@@@@@@@@@@@@@@@@@@@@[38;2;185;185;186m$ [38;2;0;0;218m0[38;2;1;0;198ml     [39m
 [38;2;0;0;0m     [38;2;1;1;198m4[38;2;1;0;218m[ [38;2;184;184;184m$[38;2;252;252;252m@@@@@@@@@@@@@@@@@@@@[38;2;251;251;251m@[38;2;164;164;164mF [38;2;0;0;231m$      [39m
 [38;2;0;0;0m     [38;2;2;2;197m`[38;2;0;0;230m@[38;2;0;0;228m_[38;2;73;73;73m"[38;2;174;174;174m5[38;2;234;234;234m@[38;2;227;227;227mP[38;2;174;174;174mT[38;2;252;252;252m~[38;2;187;187;187mA[38;2;242;242;242m@[38;2;251;251;251m@[38;2;248;248;248m@[38;2;207;207;207m@[38;2;195;195;195mF[38;2;252;252;252m~[38;2;151;151;151m5[38;2;216;216;216m@[38;2;250;250;250m@[38;2;251;251;251m@[38;2;236;236;236m@[38;2;225;225;225mF[38;2;252;252;252m~[38;2;173;173;173mT[38;2;225;225;225m~ [38;2;0;0;223ma[38;2;0;0;227mF      [39m
 [38;2;0;0;0m      [38;2;0;0;218m`[38;2;0;0;227m4g[38;2;0;0;215my[38;2;0;0;226m_[38;2;0;0;214my[38;2;0;0;228mg[38;2;0;0;227mg[38;2;0;0;212my[38;2;0;0;226m_[38;2;0;0;228m_[38;2;0;0;226m_[38;2;0;0;227m_[38;2;0;0;224mg[38;2;0;0;225m@[38;2;0;0;218mg[38;2;0;0;226m_[38;2;0;0;227m__[38;2;0;0;226m_[38;2;0;0;220my[38;2;0;0;218m@[38;2;0;0;225mgg[38;2;0;0;222m@[38;2;0;0;225m~       [39m
 [38;2;0;0;0m        [38;2;0;0;218m`[38;2;0;0;226m~~[38;2;0;0;229m~[38;2;2;1;203m`[38;2;0;0;218m`[38;2;0;0;226m~~[38;2;0;0;227m~~[38;2;0;0;226m~[38;2;1;1;210m~[38;2;2;2;186m`[38;2;0;0;226m~~[38;2;0;0;227m~~[38;2;0;0;226m~[38;2;0;0;228m~[38;2;3;1;191m`[38;2;3;1;204m~[38;2;2;1;201m~         [39m
 [38;2;0;0;0m                                       [39m
 [38;2;0;0;0m                                       [39m
[?25h