[?25l[39m [38;2;0;0;0m              [38;2;0;0;227m_[38;2;0;0;224m_[38;2;0;0;226m_[38;2;1;1;210my[38;2;0;0;216myy[38;2;1;1;211my[38;2;0;0;226m_[38;2;0;0;224m_[38;2;0;0;229m_               [39m
 [38;2;0;0;0m          [38;2;1;0;210m_[38;2;1;1;207my[38;2;0;0;225ma[38;2;0;0;219mP[38;2;0;0;225m~[38;2;0;0;228m~[38;2;109;109;109m_[38;2;228;228;228m_[38;2;237;237;237m__[38;2;228;228;228m_[38;2;109;109;109m_[38;2;0;0;227m~[38;2;0;0;225m~[38;2;0;0;220m4[38;2;0;0;227ma[38;2;1;1;208my[38;2;1;0;210m_           [39m
 [38;2;0;0;0m        [38;2;0;0;217m_[38;2;0;0;230ma[38;2;0;0;219mF[38;2;1;0;213m~[38;2;222;222;222m_[38;2;215;215;215my[38;2;252;252;252mg[38;2;248;248;248m@[38;2;251;251;251m@[38;2;252;252;252m@@@@[38;2;251;251;251m@[38;2;250;250;250m@[38;2;219;219;219m$[38;2;215;215;215my[38;2;224;224;224m_[38;2;0;0;209m~[38;2;0;0;214m?[38;2;0;0;228ma[38;2;0;0;216m_         [39m
 [38;2;0;0;0m       [38;2;1;0;215mg[38;2;0;0;229mF[38;2;0;0;191m'[38;2;175;175;175my[38;2;213;213;213m@[38;2;251;251;251m@[38;2;252;252;252m@@@@@@@@@@@@[38;2;251;251;251m@[38;2;226;226;226m@[38;2;166;166;166my [38;2;0;0;204m#[38;2;0;0;215mg        [39m
 [38;2;0;0;0m      [38;2;0;0;223mg[38;2;0;0;216mF [38;2;216;216;216mg[38;2;251;251;251m@[38;2;252;252;252m@@@@@@@@@@@@@@@@[38;2;251;251;251m@[38;2;195;195;195m$ [38;2;0;0;222m~[38;2;0;0;221m$       [39m
 [38;2;0;0;0m     [38;2;1;0;206mj[38;2;0;0;229mF [38;2;201;201;201mg[38;2;251;251;251m@@[38;2;223;223;223mF[38;2;149;149;149m5[38;2;193;193;193m@[38;2;250;250;250m@[38;2;252;252;252m@@@@@@@@@@@@@[38;2;251;251;251m@[38;2;178;178;178m@ [38;2;0;0;222m?[38;2;0;0;219mi      [39m
 [38;2;0;0;0m     [38;2;0;0;217m@[38;2;0;0;177m[ [38;2;244;244;244m@[38;2;252;252;252m@[38;2;251;251;251m@[38;2;228;228;228mg[38;2;172;172;172my[38;2;115;115;115m_[38;2;100;100;100m`[38;2;224;224;224m~[38;2;174;174;174mP[38;2;244;244;244m@[38;2;252;252;252m@[38;2;246;246;246m@[38;2;220;220;220mF[38;2;209;209;209mFFFFF[38;2;181;181;181m#[38;2;246;246;246m@[38;2;252;252;252m@[38;2;249;249;249m@  [38;2;0;0;225m$      [39m
 [38;2;0;0;0m     [38;2;0;0;226m@  [38;2;249;249;249m@[38;2;252;252;252m@[38;2;251;251;251m@[38;2;217;217;217m@[38;2;206;206;206mF[38;2;203;203;203m~ [38;2;177;177;177m_[38;2;189;189;189my[38;2;221;221;221m@[38;2;252;252;252m@[38;2;234;234;234m@[38;2;201;201;201my[38;2;191;191;191myyyyy[38;2;204;204;204my[38;2;230;230;230m@[38;2;252;252;252m@[38;2;251;251;251m@  [38;2;0;0;226m@      [39m
 [38;2;0;0;0m     [38;2;0;0;226m@  [38;2;249;249;249m@[38;2;252;252;252m@[38;2;251;251;251m@[38;2;187;187;187my[38;2;166;166;166my[38;2;211;211;211mg[38;2;227;227;227m@[38;2;251;251;251m@[38;2;252;252;252m@@@@@@@@@@@@@[38;2;251;251;251m@  [38;2;0;0;226m@      [39m
 [38;2;0;0;0m     [38;2;0;0;226m@  [38;2;249;249;249m@[38;2;252;252;252m@@@@@@@@@@@@@@@@@@@@[38;2;251;251;251m@  [38;2;0;0;226m@      [39m
 [38;2;0;0;0m     [38;2;0;0;226m@  [38;2;249;249;249m@[38;2;252;252;252m@@@@@@@@@@@@@@@@@@@@[38;2;251;251;251m@  [38;2;0;0;226m@      [39m
 [38;2;0;0;0m     [38;2;0;0;226m@  [38;2;249;249;249m@[38;2;252;252;252m@@@@@@@@@@@@@@@@@@@@[38;2;251;251;251m@  [38;2;0;0;227m@      [39m
 [38;2;0;0;0m     [38;2;0;0;226m@  [38;2;249;249;249m@[38;2;252;252;252m@@@@@@@@@@@@@@@@@@@@[38;2;251;251;251m@  [38;2;0;0;227m@      [39m
 [38;2;0;0;0m     [38;2;0;0;225m@  [38;2;249;249;249m@[38;2;252;252;252m@@@@@@@@@@@@@@@@@@@@[38;2;251;251;251m@  [38;2;0;0;226m@      [39m
 [38;2;0;0;0m     [38;2;0;0;214m@[38;2;0;0;218mL [38;2;178;178;178m@[38;2;251;251;251m@[38;2;252;252;252m@@@@[38;2;251;251;251m@@@[38;2;252;252;252m@@@@[38;2;251;251;251m@@@[38;2;252;252;252m@@@@[38;2;251;251;251m@[38;2;204;204;204m@ [38;2;0;0;218mj[38;2;0;0;219m@      [39m
 [38;2;0;0;0m     [38;2;2;2;207m`[38;2;0;0;227m@[38;2;0;0;219my_[38;2;197;197;197m~[38;2;179;179;179mF[38;2;195;195;195mP[38;2;201;201;201mF[38;2;242;242;242m~[38;2;127;127;127m`[38;2;0;0;228m_[38;2;136;136;136m~[38;2;176;176;176mT[38;2;187;187;187mP[38;2;191;191;191mP[38;2;179;179;179mF[38;2;153;153;153m~[38;2;0;0;228m_[38;2;118;118;118m`[38;2;234;234;234m~[38;2;169;169;169mP[38;2;196;196;196mP[38;2;195;195;195mF[38;2;228;228;228m~[38;2;0;0;218m_[38;2;0;0;214ma[38;2;0;0;228m@[38;2;0;0;232m'      [39m
 [38;2;0;0;0m      [38;2;2;3;194m`[38;2;0;0;227m~[38;2;0;0;222m@[38;2;0;0;226m@g[38;2;0;0;227mg[38;2;0;0;226mg[38;2;0;0;223m@[38;2;0;0;227m@[38;2;0;0;212m@[38;2;0;0;227m@[38;2;0;0;226mg[38;2;0;0;227mgg[38;2;0;0;226mg[38;2;0;0;227m@[38;2;0;0;220mR[38;2;0;0;227m@[38;2;0;0;224m@[38;2;0;0;226mg[38;2;0;0;227mg[38;2;0;0;226mg@[38;2;0;0;223m@[38;2;0;1;208mF[38;2;0;1;204m'       [39m
 [38;2;0;0;0m         [38;2;2;1;206m`[38;2;1;1;215m~[38;2;0;0;224m~[38;2;0;0;220m~[38;2;2;0;222m`   [38;2;3;2;196m~[38;2;0;0;222m~~[38;2;2;2;199m~   [38;2;0;0;220m`[38;2;1;0;217m~[38;2;0;0;224m~[38;2;1;0;216m~[38;2;1;0;210m`          [39m
 [38;2;0;0;0m                                       [39m
[?25h