[?25l[39m [38;2;0;0;0m                                       [39m
 [38;2;0;0;0m              [38;2;0;0;221m_[38;2;0;0;226m__[38;2;1;1;198my[38;2;1;1;206myy[38;2;1;1;198my[38;2;0;0;226m__[38;2;0;0;222m_               [39m
 [38;2;0;0;0m          [38;2;1;2;190m_[38;2;0;0;224m_[38;2;0;0;228ma[38;2;0;0;225mP[38;2;0;0;226m~[38;2;0;0;227m~[38;2;0;0;230m~[38;2;149;149;149m_[38;2;194;194;194m__[38;2;149;149;149m_[38;2;0;0;230m~[38;2;0;0;227m~[38;2;0;0;226m~[38;2;0;0;225m4[38;2;0;0;228ma[38;2;0;0;225m_[38;2;3;2;192m_           [39m
 [38;2;0;0;0m        [38;2;0;0;208m_[38;2;0;0;227ma[38;2;0;0;222mP[38;2;0;0;221m~[38;2;197;197;197m_[38;2;206;206;206my[38;2;245;245;245mg[38;2;236;236;236m@[38;2;252;252;252m@[38;2;251;251;251m@@@@[38;2;252;252;252m@[38;2;239;239;239m@[38;2;244;244;244mg[38;2;206;206;206my[38;2;198;198;198m_[38;2;0;0;219m~4[38;2;0;0;223mg[38;2;1;0;208m_         [39m
 [38;2;0;0;0m       [38;2;0;0;215my[38;2;0;0;228mP[38;2;1;0;203m'[38;2;155;155;155my[38;2;246;246;246mg[38;2;251;251;251m@[38;2;252;252;252m@@@@@@@@@@@@[38;2;251;251;251m@[38;2;212;212;212m@[38;2;142;142;142my[38;2;2;1;196m`[38;2;0;0;226m4[38;2;0;0;216my        [39m
 [38;2;0;0;0m      [38;2;0;0;220mg[38;2;0;0;221mF [38;2;207;207;207mg[38;2;251;251;251m@[38;2;252;252;252m@@@@@@@@@@@@@@@@[38;2;251;251;251m@[38;2;175;175;175m@ [38;2;0;0;210m?[38;2;0;0;217m$       [39m
 [38;2;0;0;0m     [38;2;1;0;203mj[38;2;0;0;231mF [38;2;193;193;193mg[38;2;251;251;251m@[38;2;252;252;252m@@[38;2;206;206;206m@[38;2;199;199;199mP[38;2;206;206;206mF[38;2;197;197;197mP[38;2;213;213;213m@[38;2;251;251;251m@[38;2;252;252;252m@@[38;2;251;251;251m@[38;2;233;233;233m@[38;2;168;168;168m@[38;2;208;208;208mFF[38;2;183;183;183m@[38;2;249;249;249m@[38;2;252;252;252m@[38;2;251;251;251m@[38;2;169;169;169m@ [38;2;0;0;218m4[38;2;0;0;216mi      [39m
 [38;2;0;0;0m     [38;2;0;0;217m@[38;2;0;0;181m[ [38;2;243;243;243m@[38;2;252;252;252m@[38;2;226;226;226m@[38;2;125;125;125m~[38;2;181;181;181ma[38;2;175;175;175mF[38;2;191;191;191mF[38;2;143;143;143mM[38;2;151;151;151mg[38;2;165;165;165m~[38;2;246;246;246m@[38;2;251;251;251m@[38;2;158;158;158mF[38;2;174;174;174my[38;2;181;181;181m=[38;2;179;179;179mF[38;2;206;206;206mF[38;2;144;144;144mq[38;2;81;81;81m`[38;2;190;190;190m@[38;2;251;251;251m@[38;2;249;249;249m@  [38;2;0;0;225m$      [39m
 [38;2;0;0;0m     [38;2;0;0;226m@  [38;2;249;249;249m@[38;2;251;251;251m@[38;2;172;172;172m$[38;2;89;89;89m4[38;2;172;172;172mL [38;2;186;186;186mP [38;2;169;169;169m#[38;2;83;83;83m_[38;2;231;231;231m@[38;2;238;238;238m@ [38;2;197;197;197m$ [38;2;200;200;200m4 [38;2;113;113;113m4[38;2;84;84;84m~[38;2;194;194;194mg[38;2;251;251;251m@@  [38;2;0;0;226m@      [39m
 [38;2;0;0;0m     [38;2;0;0;226m@  [38;2;249;249;249m@[38;2;252;252;252m@[38;2;250;250;250m@[38;2;196;196;196my[38;2;178;178;178m~[38;2;162;162;162m=[38;2;238;238;238m=[38;2;241;241;241m=[38;2;221;221;221m$[38;2;248;248;248m@[38;2;252;252;252m@[38;2;251;251;251m@[38;2;186;186;186m@[38;2;218;218;218m_[38;2;148;148;148m?[38;2;224;224;224m=[38;2;200;200;200mP[38;2;204;204;204m$[38;2;230;230;230m@[38;2;251;251;251m@[38;2;252;252;252m@[38;2;251;251;251m@  [38;2;0;0;226m@      [39m
 [38;2;0;0;0m     [38;2;0;0;226m@  [38;2;249;249;249m@[38;2;252;252;252m@@@[38;2;251;251;251m@[38;2;247;247;247m@[38;2;236;236;236m@[38;2;244;244;244m@[38;2;251;251;251m@[38;2;252;252;252m@@@@[38;2;251;251;251m@@[38;2;238;238;238m@@[38;2;252;252;252m@@@@[38;2;251;251;251m@  [38;2;0;0;226m@      [39m
 [38;2;0;0;0m     [38;2;0;0;226m@  [38;2;249;249;249m@[38;2;252;252;252m@@@@@@@@@@@@@@@@@@@@[38;2;251;251;251m@  [38;2;0;0;227m@      [39m
 [38;2;0;0;0m     [38;2;0;0;226m@  [38;2;249;249;249m@[38;2;252;252;252m@@@@@@@@@@@@@@@@@@@@[38;2;251;251;251m@  [38;2;0;0;227m@      [39m
 [38;2;0;0;0m     [38;2;0;0;226m@  [38;2;249;249;249m@[38;2;252;252;252m@@@@@@@@@@@@@@@@@@@@[38;2;251;251;251m@  [38;2;0;0;227m@      [39m
 [38;2;0;0;0m     [38;2;0;0;219m@  [38;2;244;244;244m@[38;2;252;252;252m@@@@@@@@@@@@@@@@@@@@[38;2;248;248;248m@  [38;2;0;0;222m@      [39m
 [38;2;0;0;0m     [38;2;2;1;211m`[38;2;0;0;224m@[38;2;0;0;214m,[38;2;153;153;153m~[38;2;179;179;179m@[38;2;248;248;248m@[38;2;252;252;252m@[38;2;251;251;251m@[38;2;213;213;213m@[38;2;198;198;198mF[38;2;163;163;163mF[38;2;175;175;175mA[38;2;236;236;236m@[38;2;252;252;252m@@[38;2;238;238;238m@[38;2;207;207;207mP[38;2;168;168;168mF[38;2;159;159;159mM[38;2;206;206;206m@[38;2;251;251;251m@[38;2;252;252;252m@[38;2;249;249;249m@[38;2;194;194;194m@[38;2;180;180;180m~[38;2;1;0;200m_[38;2;0;0;232ma'      [39m
 [38;2;0;0;0m      [38;2;1;1;212m`[38;2;0;0;215m4[38;2;0;0;228ma[38;2;0;0;225m_[38;2;0;0;223m_[38;2;104;104;104m`[38;2;0;0;225m_[38;2;0;0;227m_[38;2;0;0;223mg[38;2;0;0;221m@[38;2;0;0;216my[38;2;0;0;225m_[38;2;0;0;223m_[38;2;0;0;225m__[38;2;0;0;216my@[38;2;0;0;223mg[38;2;0;0;227m_[38;2;0;0;225m_[38;2;108;108;108m`[38;2;0;0;223m_[38;2;0;0;225m_[38;2;0;0;226mg[38;2;0;0;222mP[38;2;0;0;228m'       [39m
 [38;2;0;0;0m         [38;2;1;1;211m~[38;2;0;0;226m~[38;2;0;0;227m~~[38;2;0;0;222m~  [38;2;0;0;223m`[38;2;0;0;225m~[38;2;0;0;227m~~[38;2;0;0;226m~[38;2;0;0;224m`  [38;2;0;0;218m~[38;2;0;0;226m~[38;2;0;0;227m~[38;2;0;0;226m~[38;2;1;0;215m~          [39m
 [38;2;0;0;0m                                       [39m
[?25h