[?25l[39m [38;2;0;0;0m               [38;2;0;0;230m_[38;2;0;0;225m_[38;2;1;1;210my[38;2;1;0;215ma[38;2;0;0;221ma[38;2;0;0;220ma[38;2;0;0;219my[38;2;1;1;208my[38;2;0;0;224m_[38;2;0;0;229m_[38;2;4;2;187m_             [39m
 [38;2;0;0;0m            [38;2;0;0;224m_[38;2;0;0;228ma[38;2;0;0;224mP[38;2;0;0;225m~[38;2;0;0;224m~[38;2;120;120;120m_[38;2;236;236;236m_[38;2;249;249;249m_[38;2;145;145;145my[38;2;248;248;248m_[38;2;234;234;234m_[38;2;114;114;114m_[38;2;0;0;227m~~[38;2;0;0;213mR[38;2;0;0;222ma[38;2;0;0;226m_          [39m
 [38;2;0;0;0m          [38;2;0;0;230m_[38;2;0;0;223m@[38;2;0;0;229m~ [38;2;177;177;177my[38;2;239;239;239mg[38;2;242;242;242m@[38;2;251;251;251m@[38;2;252;252;252m@@@@@[38;2;251;251;251m@[38;2;249;249;249m@[38;2;250;250;250mg[38;2;210;210;210my[38;2;223;223;223m_[38;2;0;0;222m~[38;2;0;0;221m4[38;2;0;0;218mg[38;2;0;0;210m_       [39m
 [38;2;0;0;0m         [38;2;0;0;221mg[38;2;0;0;227mF [38;2;184;184;184my[38;2;234;234;234m@[38;2;251;251;251m@[38;2;252;252;252m@@@@@@@@@@@@[38;2;251;251;251m@[38;2;232;232;232m@[38;2;191;191;191my [38;2;0;0;216m?[38;2;0;0;220mg[38;2;3;1;191m,     [39m
 [38;2;0;0;0m        [38;2;0;0;227mj[38;2;0;0;228mF [38;2;191;191;191mg[38;2;251;251;251m@[38;2;252;252;252m@@@@@@@@@@@@@@@@@[38;2;228;228;228m@[38;2;136;136;136m_[38;2;0;0;202m"[38;2;0;0;229m$[38;2;0;0;217m,    [39m
 [38;2;0;0;0m        [38;2;0;0;234m@ [38;2;124;124;125my[38;2;251;251;251m@[38;2;252;252;252m@@@@@@@@@@@[38;2;251;251;251m@[38;2;188;188;188m@[38;2;251;251;251m~[38;2;183;183;183mP[38;2;228;228;228m@[38;2;251;251;251m@[38;2;252;252;252m@@[38;2;242;242;242m@[38;2;74;74;74m,[38;2;3;2;189m`[38;2;0;0;228m$    [39m
 [38;2;0;0;0m       [38;2;2;2;185mJ[38;2;0;0;211m$ [38;2;168;168;168m$[38;2;252;252;252m@@@@@@@@@@@@@[38;2;236;236;236m@[38;2;190;190;190mg[38;2;246;246;246m_ [38;2;109;109;109m~[38;2;245;245;245m~[38;2;181;181;181m@[38;2;251;251;251m@[38;2;142;142;143m@ [38;2;0;0;230mB[38;2;0;0;198m,   [39m
 [38;2;0;0;0m       [38;2;2;2;191mJ[38;2;0;0;206m$ [38;2;185;185;185m$[38;2;252;252;252m@@@@@@@@@@@@@[38;2;239;239;239m@[38;2;218;218;218mF[38;2;243;243;243m~ [38;2;132;132;132m_[38;2;175;175;175my[38;2;227;227;227mg[38;2;251;251;251m@[38;2;178;178;179m$ [38;2;0;0;222mB[38;2;0;0;196m|   [39m
 [38;2;0;0;0m       [38;2;2;1;199mJ[38;2;0;0;217m[ [38;2;203;203;203m$[38;2;252;252;252m@@@@@@@@@@@@[38;2;251;251;251m@[38;2;194;194;194m@[38;2;175;175;175my[38;2;194;194;194mg[38;2;215;215;215m@[38;2;251;251;251m@[38;2;252;252;252m@@[38;2;251;251;251m@[38;2;158;158;158m$ [38;2;0;0;226m$[38;2;1;0;190m'   [39m
 [38;2;0;0;0m       [38;2;0;0;214mJ[38;2;1;0;209m[ [38;2;229;229;229m$[38;2;252;252;252m@@@@@@@@@@@@@@@@@@@@[38;2;251;251;251m@[38;2;162;162;162mF [38;2;0;0;234m$    [39m
 [38;2;0;0;0m       [38;2;0;0;224mg[38;2;0;0;178m[ [38;2;243;243;243m@[38;2;252;252;252m@@@@@@@@@@@@@@@@@@@@[38;2;251;251;251m@[38;2;84;84;84mF [38;2;0;0;229m@    [39m
 [38;2;0;0;0m       [38;2;0;0;235m@ [38;2;123;123;123my[38;2;251;251;251m@[38;2;252;252;252m@@@@@@@@@@@@@@@@@@@@[38;2;241;241;241m@ [38;2;0;0;195mj[38;2;0;0;225mF    [39m
 [38;2;0;0;0m      [38;2;1;1;202mj[38;2;0;0;225mF [38;2;189;189;189m$[38;2;252;252;252m@@@@@@@@@@@@@@@@@@@@[38;2;251;251;251m@[38;2;160;160;160m@ [38;2;0;0;230mg[38;2;0;0;225m'    [39m
 [38;2;0;0;0m      [38;2;0;0;219m@[38;2;0;0;190m' [38;2;245;245;245m@[38;2;252;252;252m@@@@@@@@@@@@@@@@@@@@[38;2;250;250;250m@[38;2;94;94;95m~ [38;2;0;0;226m@     [39m
 [38;2;0;0;0m      [38;2;0;0;232m@[38;2;0;0;207m_ [38;2;179;179;179m@[38;2;251;251;251m@[38;2;250;250;250m@[38;2;201;201;201m@[38;2;217;217;217mR[38;2;245;245;245m@[38;2;251;251;251m@[38;2;252;252;252m@@[38;2;251;251;251m@[38;2;229;229;229m@[38;2;211;211;211mR[38;2;220;220;220m@[38;2;251;251;251m@[38;2;252;252;252m@@[38;2;251;251;251m@[38;2;247;247;247m@[38;2;192;192;192m@[38;2;193;193;193m@[38;2;227;227;227m@[38;2;201;201;201m~[38;2;1;0;192m_[38;2;0;0;230mg[38;2;1;1;203mF     [39m
 [38;2;0;0;0m      [38;2;1;0;211m?[38;2;0;0;227m@[38;2;0;0;219my[38;2;0;0;228m_[38;2;128;128;128m~[38;2;0;0;227m_[38;2;0;0;226m_[38;2;0;0;227m_[38;2;0;0;222m_[38;2;194;194;194m~[38;2;241;241;241m~[38;2;233;233;233m~[38;2;117;117;117m~[38;2;0;0;226m_[38;2;0;0;217my[38;2;0;0;227m_[38;2;121;121;121m~[38;2;235;235;235m~[38;2;241;241;241m~[38;2;196;196;196m~[38;2;0;0;227m_[38;2;0;0;214my[38;2;0;0;226m_[38;2;0;0;227m_[38;2;0;0;223ma[38;2;0;0;227m@[38;2;0;0;220m~      [39m
 [38;2;0;0;0m       [38;2;2;1;203m~[38;2;0;0;218m=[38;2;0;0;223m@[38;2;0;0;227m@[38;2;0;0;216m@[38;2;0;0;227m~[38;2;0;0;222m4[38;2;0;0;228m@[38;2;0;0;226m@@@@[38;2;0;0;218mP[38;2;0;0;217m=[38;2;0;0;222m@[38;2;0;0;226m@@@[38;2;0;0;227m@[38;2;0;0;226mP[38;2;0;0;214m=[38;2;0;0;226m4[38;2;0;0;222mP[38;2;0;0;228m~        [39m
 [38;2;0;0;0m                                       [39m
 [38;2;0;0;0m                                       [39m
[?25h