[?25l[39m [38;2;0;0;0m                                       [39m
 [38;2;0;0;0m            [38;2;0;0;229m_[38;2;1;1;209my[38;2;0;0;227ma[38;2;0;0;217m#[38;2;0;0;220mP[38;2;0;0;226m=[38;2;0;0;217m=[38;2;0;0;218m=[38;2;0;0;226m=[38;2;0;0;228m=[38;2;0;0;210m@[38;2;0;0;226ma[38;2;1;1;208my[38;2;0;0;229m_             [39m
 [38;2;0;0;0m         [38;2;0;0;220m_[38;2;0;0;224ma[38;2;0;0;228mP[38;2;0;0;224m~[38;2;0;0;234m`[38;2;247;247;247m_[38;2;192;192;192my[38;2;201;201;201ma[38;2;240;240;240mg[38;2;252;252;252mgg[38;2;241;241;241mg[38;2;193;193;193mg[38;2;192;192;192my[38;2;247;247;247m_[38;2;0;0;234m`[38;2;0;0;226m~[38;2;0;0;229m4[38;2;0;0;221mg[38;2;0;0;220m_          [39m
 [38;2;0;0;0m       [38;2;2;2;185m_[38;2;0;0;227ma[38;2;0;0;220mF[38;2;2;0;199m`[38;2;168;168;169my[38;2;240;240;240mg[38;2;249;249;249m@[38;2;251;251;251m@[38;2;252;252;252m@@@@@@@@@[38;2;251;251;251m@[38;2;240;240;240mg[38;2;160;160;160my[38;2;1;0;201m`[38;2;0;0;214m?[38;2;0;0;225mg[38;2;1;0;222m,        [39m
 [38;2;0;0;0m      [38;2;0;0;205m_[38;2;0;0;223m@[38;2;1;0;209m'[38;2;111;111;111my[38;2;205;205;205m@[38;2;251;251;251m@[38;2;252;252;252m@@@@@@@@@@@@@@[38;2;251;251;251m@[38;2;223;223;223m@[38;2;171;171;171m_[38;2;2;0;201m`[38;2;0;0;219m@[38;2;0;0;207m_       [39m
 [38;2;0;0;0m      [38;2;0;0;230m@ [38;2;129;129;129my[38;2;245;245;245m@[38;2;252;252;252m@[38;2;251;251;251m@@@[38;2;252;252;252m@@@@@@@@@@@@@@[38;2;250;250;250m@[38;2;112;112;113my [38;2;0;0;226m@[38;2;0;0;218m,      [39m
 [38;2;0;0;0m     [38;2;0;0;211mg[38;2;1;0;201mF [38;2;227;227;227m$[38;2;252;252;252m@[38;2;251;251;251m@[38;2;167;167;167m_ [38;2;204;204;204m~[38;2;179;179;179mF[38;2;212;212;212m@[38;2;251;251;251m@[38;2;252;252;252m@@@[38;2;251;251;251m@@@@@@@[38;2;252;252;252m@@[38;2;234;234;234m@ [38;2;1;0;183m?[38;2;0;0;215m$      [39m
 [38;2;0;0;0m     [38;2;0;0;225m@  [38;2;250;250;250m@[38;2;252;252;252m@@[38;2;251;251;251m@[38;2;227;227;227m@[38;2;153;153;153mm  [38;2;129;129;129m`[38;2;202;202;202m$[38;2;251;251;251m@[38;2;211;211;211m@[38;2;103;103;103m~[38;2;125;125;125m`````[38;2;182;182;182m`[38;2;216;216;216m$[38;2;252;252;252m@[38;2;251;251;251m@  [38;2;0;0;228m$      [39m
 [38;2;0;0;0m     [38;2;0;0;226m@  [38;2;249;249;249m@[38;2;252;252;252m@[38;2;251;251;251m@[38;2;235;235;235m~[38;2;99;99;99m`[38;2;116;116;116m_[38;2;172;172;172my[38;2;224;224;224mg[38;2;234;234;234m@[38;2;251;251;251m@[38;2;252;252;252m@[38;2;251;251;251m@[38;2;245;245;245m@[38;2;240;240;240m@@@@@[38;2;244;244;244m@[38;2;252;252;252m@@[38;2;251;251;251m@  [38;2;0;0;226m@      [39m
 [38;2;0;0;0m     [38;2;0;0;226m@  [38;2;249;249;249m@[38;2;252;252;252m@@[38;2;236;236;236m@[38;2;230;230;230m$[38;2;251;251;251m@[38;2;252;252;252m@@@@@@@@@@@@@@@[38;2;251;251;251m@  [38;2;0;0;226m@      [39m
 [38;2;0;0;0m     [38;2;0;0;226m@  [38;2;249;249;249m@[38;2;252;252;252m@@@@@@@@@@@@@@@@@@@@[38;2;251;251;251m@  [38;2;0;0;226m@      [39m
 [38;2;0;0;0m     [38;2;0;0;226m@  [38;2;249;249;249m@[38;2;252;252;252m@@@@@@@@@@@@@@@@@@@@[38;2;251;251;251m@  [38;2;0;0;227m@      [39m
 [38;2;0;0;0m     [38;2;0;0;226m@  [38;2;249;249;249m@[38;2;252;252;252m@@@@@@@@@@@@@@@@@@@@[38;2;251;251;251m@  [38;2;0;0;227m@      [39m
 [38;2;0;0;0m     [38;2;0;0;225m@  [38;2;249;249;249m@[38;2;252;252;252m@@@@@@@@@@@@@@@@@@@@[38;2;251;251;251m@  [38;2;0;0;226m@      [39m
 [38;2;0;0;0m     [38;2;0;0;221m@  [38;2;244;244;244m@[38;2;252;252;252m@@@@@@@@@@@@@@@@@@@@[38;2;249;249;249m@  [38;2;0;0;223m@      [39m
 [38;2;0;0;0m     [38;2;1;0;212m`[38;2;0;0;224m@[38;2;0;0;214m,[38;2;157;157;157m~[38;2;182;182;182m@[38;2;249;249;249m@[38;2;252;252;252m@[38;2;251;251;251m@[38;2;216;216;216m@[38;2;200;200;200mF[38;2;169;169;169mF[38;2;179;179;179mA[38;2;239;239;239m@[38;2;252;252;252m@@[38;2;240;240;240m@[38;2;211;211;211mP[38;2;173;173;173mF[38;2;163;163;163mM[38;2;210;210;210m@[38;2;251;251;251m@[38;2;252;252;252m@[38;2;250;250;250m@[38;2;198;198;198m@[38;2;184;184;184m~[38;2;1;0;193m_[38;2;0;0;229mg[38;2;0;0;231m'      [39m
 [38;2;0;0;0m      [38;2;1;0;218m`[38;2;0;0;226m4[38;2;0;0;227mg[38;2;0;0;225m__[38;2;115;115;115m`[38;2;0;0;225m_[38;2;0;0;227m_[38;2;0;0;225ma[38;2;0;0;219m@[38;2;0;0;215my[38;2;0;0;226m_[38;2;104;104;104m`[38;2;105;105;105m`[38;2;0;0;226m_[38;2;0;0;214my[38;2;0;0;226ma[38;2;0;0;222mg[38;2;0;0;227m_[38;2;0;0;223m_[38;2;117;117;117m`[38;2;0;0;223m_[38;2;0;0;227m_[38;2;0;0;228mg[38;2;0;0;227mP[38;2;1;1;203m~       [39m
 [38;2;0;0;0m        [38;2;3;2;190m`[38;2;0;0;224m~[38;2;0;0;226m~[38;2;0;0;227m~~[38;2;0;0;226m~[38;2;1;0;210m` [38;2;1;1;206m~[38;2;0;0;226m~[38;2;0;0;227m~~~[38;2;2;1;209m~ [38;2;1;0;210m`[38;2;0;0;225m~[38;2;0;0;227m~~~[38;2;0;0;226m~[38;2;2;2;195m`         [39m
 [38;2;0;0;0m                                       [39m
[?25h