[?25l[39m [38;2;0;0;0m               [38;2;0;0;230m_[38;2;0;0;226m_[38;2;0;0;225m_[38;2;0;0;226m__[38;2;0;0;225m_[38;2;0;0;224m_[38;2;0;0;231m_                [39m
 [38;2;0;0;0m           [38;2;0;0;226m_[38;2;0;0;223mg[38;2;0;0;218m#[38;2;0;0;219m=[38;2;0;0;225m~[38;2;0;0;229m~[38;2;0;0;224m~[38;2;89;89;89m_[38;2;90;90;90m_[38;2;0;0;223m~[38;2;0;0;228m~[38;2;0;0;226m~[38;2;0;0;219m=[38;2;0;0;211m@[38;2;0;0;222mg[38;2;0;0;226m_            [39m
 [38;2;0;0;0m        [38;2;2;2;187m_[38;2;1;0;218ma[38;2;0;0;229mP~[38;2;134;134;134m_[38;2;181;181;181my[38;2;223;223;223mg[38;2;227;227;227m$[38;2;249;249;249m@[38;2;252;252;252m@[38;2;251;251;251m@@[38;2;252;252;252m@[38;2;250;250;250m@[38;2;231;231;231m$[38;2;223;223;223mg[38;2;179;179;179my[38;2;134;134;134m_[38;2;0;0;225m~[38;2;0;0;230m4[38;2;1;0;216mg[38;2;1;0;219m,         [39m
 [38;2;0;0;0m       [38;2;1;1;204my[38;2;0;0;229mP[38;2;1;0;200m~[38;2;124;124;124my[38;2;236;236;236mg[38;2;250;250;250m@[38;2;252;252;252m@@@@@@@@@@@@[38;2;251;251;251m@[38;2;207;207;207m$[38;2;201;201;201m_[38;2;0;0;220m`[38;2;0;0;230m4[38;2;1;1;204my        [39m
 [38;2;0;0;0m      [38;2;1;0;212mg[38;2;0;0;227mF [38;2;189;189;189mg[38;2;251;251;251m@[38;2;252;252;252m@@@@@@@@@@@@@@@@[38;2;251;251;251m@[38;2;185;185;185mg [38;2;0;0;218m?[38;2;1;0;212mg       [39m
 [38;2;0;0;0m     [38;2;2;1;193mj[38;2;0;0;214m@ [38;2;178;178;178mg[38;2;251;251;251m@[38;2;252;252;252m@[38;2;186;186;186m@[38;2;188;188;188m#[38;2;236;236;236m@[38;2;251;251;251m@[38;2;252;252;252m@@@@@@@@@@@@@[38;2;251;251;251m@[38;2;171;171;171mg [38;2;0;0;224m4[38;2;1;0;209mi      [39m
 [38;2;0;0;0m     [38;2;0;0;222mg[38;2;1;1;193m' [38;2;240;240;240m@[38;2;252;252;252m@@[38;2;215;215;215my[38;2;236;236;236m_ [38;2;137;137;137m~[38;2;173;173;173mT[38;2;177;177;177m@[38;2;251;251;251m@[38;2;252;252;252m@[38;2;250;250;250m@[38;2;197;197;197m@[38;2;211;211;211mRRRRR[38;2;196;196;196m@[38;2;252;252;252m@@[38;2;247;247;247m@  [38;2;0;0;223m$      [39m
 [38;2;0;0;0m     [38;2;0;0;226m@  [38;2;249;249;249m@[38;2;252;252;252m@@[38;2;245;245;245m@[38;2;227;227;227mP[38;2;159;159;159mT  [38;2;146;146;146my[38;2;205;205;205m@[38;2;251;251;251m@[38;2;223;223;223m@[38;2;155;155;155my[38;2;142;142;142myyyyy[38;2;165;165;165my[38;2;217;217;217m@[38;2;252;252;252m@[38;2;251;251;251m@  [38;2;0;0;226m@      [39m
 [38;2;0;0;0m     [38;2;0;0;226m@  [38;2;249;249;249m@[38;2;252;252;252m@[38;2;251;251;251m@[38;2;241;241;241m_[38;2;233;233;233m_[38;2;199;199;199my[38;2;245;245;245mg[38;2;248;248;248m@[38;2;251;251;251m@[38;2;252;252;252m@@@@@@@@@@@@[38;2;251;251;251m@  [38;2;0;0;226m@      [39m
 [38;2;0;0;0m     [38;2;0;0;226m@  [38;2;249;249;249m@[38;2;252;252;252m@@@@@@@@@@@@@@@@@@@@[38;2;251;251;251m@  [38;2;0;0;226m@      [39m
 [38;2;0;0;0m     [38;2;0;0;226m@  [38;2;249;249;249m@[38;2;252;252;252m@@@@@@@@@@@@@@@@@@@@[38;2;251;251;251m@  [38;2;0;0;226m@      [39m
 [38;2;0;0;0m     [38;2;0;0;226m@  [38;2;249;249;249m@[38;2;252;252;252m@@@@@@@@@@@@@@@@@@@@[38;2;251;251;251m@  [38;2;0;0;227m@      [39m
 [38;2;0;0;0m     [38;2;0;0;226m@  [38;2;249;249;249m@[38;2;252;252;252m@@@@@@@@@@@@@@@@@@@@[38;2;251;251;251m@  [38;2;0;0;227m@      [39m
 [38;2;0;0;0m     [38;2;0;0;225m@  [38;2;249;249;249m@[38;2;252;252;252m@@@@@@@@@@@@@@@@@@@@[38;2;251;251;251m@  [38;2;0;0;226m@      [39m
 [38;2;0;0;0m     [38;2;0;0;219m@[38;2;1;0;219m, [38;2;227;227;227m@[38;2;252;252;252m@@@@@@@@@@@@@@@@@@@@[38;2;240;240;240m@ [38;2;0;0;187mj[38;2;0;0;222m@      [39m
 [38;2;0;0;0m     [38;2;1;1;212m`[38;2;0;0;228m@[38;2;0;0;229m_[38;2;118;118;118m`[38;2;170;170;170mF[38;2;195;195;195m@[38;2;228;228;228m@[38;2;212;212;212m@[38;2;219;219;219mF[38;2;237;237;237m~[38;2;219;219;219m~[38;2;247;247;247m~[38;2;200;200;200mR[38;2;223;223;223m@[38;2;225;225;225m@[38;2;179;179;179m@[38;2;166;166;166mF[38;2;219;219;219m~[38;2;233;233;233m~[38;2;179;179;179mP[38;2;209;209;209m@[38;2;229;229;229m@[38;2;202;202;202m@[38;2;207;207;207mF[38;2;131;131;131m`[38;2;0;0;230m_[38;2;0;0;226m@[38;2;0;0;233m'      [39m
 [38;2;0;0;0m      [38;2;1;1;213m`[38;2;1;0;214m4[38;2;0;0;226m@[38;2;0;0;228mg[38;2;0;0;211my[38;2;0;0;195my[38;2;0;0;205my[38;2;0;0;224mg[38;2;0;0;219m@[38;2;0;0;227m@g[38;2;0;0;220my[38;2;0;0;198my[38;2;0;0;199my[38;2;0;0;217ma[38;2;0;0;227mg[38;2;0;0;228m@[38;2;0;0;223m@g[38;2;0;0;205my[38;2;0;0;195my[38;2;0;0;211my[38;2;0;0;227mg[38;2;0;0;226m@[38;2;0;0;221mP[38;2;0;0;231m'       [39m
 [38;2;0;0;0m         [38;2;0;1;212m~[38;2;0;0;226m~[38;2;0;0;227m~[38;2;0;0;226m~[38;2;0;0;221m~  [38;2;0;0;224m`[38;2;0;0;225m~[38;2;0;0;227m~~[38;2;0;0;226m~[38;2;0;0;223m`  [38;2;0;0;219m~[38;2;0;0;227m~[38;2;0;0;226m~~[38;2;1;0;214m~          [39m
 [38;2;0;0;0m                                       [39m
[?25h