[?25l[39m [38;2;0;0;0m                [38;2;0;0;229m_[38;2;0;0;227m_[38;2;0;0;225m___[38;2;0;0;226m_[38;2;0;0;233m_[38;2;3;1;199m_               [39m
 [38;2;0;0;0m            [38;2;0;0;228m_[38;2;0;0;221mg[38;2;0;0;215m@[38;2;0;0;225m=[38;2;0;0;226m~[38;2;0;0;227m~[38;2;0;0;229m~[38;2;0;0;227m~[38;2;0;0;228m~[38;2;0;0;230m~[38;2;0;0;226m~[38;2;0;0;227m~[38;2;0;0;228m=[38;2;0;0;224ma[38;2;0;0;216my[38;2;0;0;229m_           [39m
 [38;2;0;0;0m          [38;2;1;0;209my[38;2;0;0;219m@[38;2;0;0;226m~[38;2;1;1;208m`[38;2;153;153;153my[38;2;221;221;221my[38;2;252;252;252mg[38;2;238;238;238m@[38;2;250;250;250m@[38;2;251;251;251m@@@[38;2;243;243;243m@[38;2;252;252;252mg[38;2;207;207;207mg[38;2;175;175;175my[38;2;145;145;145m_[38;2;0;0;225m~[38;2;0;0;228m4[38;2;0;0;214mg[38;2;1;1;204m_        [39m
 [38;2;0;0;0m        [38;2;2;2;190m_[38;2;0;0;220m@[38;2;0;0;228m~ [38;2;181;181;181mg[38;2;237;237;237m@[38;2;251;251;251m@[38;2;252;252;252m@@@@@@@@@@@[38;2;251;251;251m@[38;2;208;208;208m@[38;2;164;164;164my[38;2;0;0;207m`[38;2;0;0;217m4[38;2;1;0;218mg       [39m
 [38;2;0;0;0m        [38;2;0;0;228m@[38;2;1;1;206m'[38;2;121;121;121m_[38;2;214;214;214m@[38;2;252;252;252m@@@@@@@@@@@@@@@@[38;2;251;251;251m@[38;2;214;214;214m@[38;2;121;121;121m_[38;2;0;0;210m"[38;2;0;0;228m$[38;2;1;0;223m,     [39m
 [38;2;0;0;0m       [38;2;0;0;228mg[38;2;1;1;208m' [38;2;218;218;218m@[38;2;252;252;252m@@@@@[38;2;251;251;251m@[38;2;224;224;224m@[38;2;214;214;214mP[38;2;232;232;232m@[38;2;251;251;251m@[38;2;252;252;252m@@@@@@@@@[38;2;241;241;241m@[38;2;84;84;84m,[38;2;2;2;189m`[38;2;0;0;231m$     [39m
 [38;2;0;0;0m       [38;2;0;0;233m@ [38;2;136;136;136md[38;2;251;251;251m@[38;2;252;252;252m@@@@@[38;2;251;251;251m@[38;2;174;174;174m@[38;2;243;243;243m_ [38;2;124;124;124m~[38;2;248;248;248m~[38;2;198;198;198mR[38;2;248;248;248m@[38;2;252;252;252m@@[38;2;228;228;228m@[38;2;206;206;206m@@@@[38;2;165;165;165mK [38;2;0;0;218mR[38;2;1;0;205mi    [39m
 [38;2;0;0;0m      [38;2;4;3;152mj[38;2;0;0;226m@ [38;2;181;181;181m4[38;2;252;252;252m@@@@@@@[38;2;251;251;251m@[38;2;212;212;212m@[38;2;199;199;199mF  [38;2;181;181;181m_[38;2;187;187;187mg[38;2;251;251;251m@[38;2;246;246;246m@[38;2;155;155;155my[38;2;253;253;253m_[38;2;254;254;254m___[38;2;202;202;202m_ [38;2;0;0;209m4[38;2;1;1;217m[    [39m
 [38;2;0;0;0m      [38;2;4;3;162mj[38;2;0;0;222m@ [38;2;146;146;146m$[38;2;252;252;252m@@@@@@@[38;2;125;125;125m@[38;2;169;169;169m_[38;2;165;165;165my[38;2;216;216;216mg[38;2;228;228;228m@[38;2;251;251;251m@[38;2;252;252;252m@@@@@@@@[38;2;199;199;199m@ [38;2;0;0;213m4[38;2;1;1;215m[    [39m
 [38;2;0;0;0m      [38;2;3;2;180mj[38;2;0;0;212m@ [38;2;167;167;167m$[38;2;252;252;252m@@@@@@@@[38;2;251;251;251m@[38;2;252;252;252m@@@@@@@@@@@@[38;2;193;193;193m$ [38;2;0;0;219mg[38;2;0;0;204ml    [39m
 [38;2;0;0;0m      [38;2;1;1;204mJ[38;2;0;0;216m[ [38;2;211;211;211m$[38;2;252;252;252m@@@@@@@@@@@@@@@@@@@@[38;2;251;251;251m@[38;2;141;141;141m@ [38;2;0;0;228m$[38;2;0;1;191m'    [39m
 [38;2;0;0;0m      [38;2;1;0;212mg[38;2;0;0;197m[ [38;2;229;229;229m@[38;2;252;252;252m@@@@@@@@@@@@@@@@@@@@[38;2;251;251;251m@[38;2;127;127;127mF [38;2;0;0;235m$     [39m
 [38;2;0;0;0m      [38;2;0;0;230m@ [38;2;72;72;72mu[38;2;250;250;250m@[38;2;252;252;252m@@@@@@@@@@@@@@@@@@@@[38;2;249;249;249m@  [38;2;0;0;220m@     [39m
 [38;2;0;0;0m      [38;2;0;0;232m@ [38;2;138;138;138mg[38;2;251;251;251m@[38;2;252;252;252m@@@@@@@@@@@@@@@@@@@@[38;2;228;228;228m@ [38;2;0;0;207mJ[38;2;1;0;214mF     [39m
 [38;2;0;0;0m     [38;2;2;2;183mJ[38;2;0;0;219m@ [38;2;191;191;191m4[38;2;251;251;251m@[38;2;252;252;252m@@@@@@@@@@@@@@@@@@@[38;2;251;251;251m@[38;2;194;194;194mF [38;2;0;0;224m$[38;2;0;0;216m'     [39m
 [38;2;0;0;0m      [38;2;0;0;228m@[38;2;0;0;217mL [38;2;174;174;174mT[38;2;212;212;212mR[38;2;198;198;198mF[38;2;236;236;236m~[38;2;241;241;241m~[38;2;175;175;175mA[38;2;223;223;223m@[38;2;237;237;237m@[38;2;224;224;224m@[38;2;209;209;209mP[38;2;246;246;246m~[38;2;232;232;232m~[38;2;138;138;138m5[38;2;199;199;199m@[38;2;235;235;235m@[38;2;232;232;232m@[38;2;189;189;189m@[38;2;180;180;180mF[38;2;232;232;232m~[38;2;245;245;245m~[38;2;205;205;205m~[38;2;0;0;215m_[38;2;0;0;226mg[38;2;0;0;223mF      [39m
 [38;2;0;0;0m      [38;2;2;2;201m`[38;2;0;0;217m?[38;2;0;0;227m@[38;2;0;0;225mg[38;2;0;0;213my[38;2;0;0;228mg@[38;2;0;0;221m$[38;2;0;0;220my[38;2;0;0;227m___[38;2;0;0;223ma[38;2;0;0;218m@[38;2;0;0;226m@g[38;2;0;0;201my[38;2;0;0;227m__[38;2;0;0;215my[38;2;0;0;227mg[38;2;0;0;228m@[38;2;0;0;227mg[38;2;0;0;226mgP[38;2;0;0;214m~       [39m
 [38;2;0;0;0m         [38;2;1;0;217m~[38;2;0;0;227m~[38;2;1;0;227m` [38;2;2;1;203m`[38;2;0;0;224m~[38;2;0;0;226m~[38;2;0;0;227m~[38;2;0;0;226m~[38;2;1;0;217m~  [38;2;2;1;209m~[38;2;0;0;226m~[38;2;0;0;227m~~~[38;2;1;0;214m` [38;2;1;0;220m`          [39m
 [38;2;0;0;0m                                       [39m
[?25h