[?25l[39m [38;2;0;0;0m                [38;2;1;0;206m_[38;2;0;0;234m_[38;2;0;0;235m_[38;2;0;0;233m__[38;2;3;0;206m_                 [39m
 [38;2;0;0;0m           [38;2;0;0;222m_[38;2;0;0;225m_[38;2;0;0;226mg[38;2;0;0;221m@[38;2;0;0;227m@[38;2;0;0;228m@[38;2;0;0;217m@[38;2;0;0;219mRR[38;2;0;0;217m@[38;2;0;0;228m@[38;2;0;0;226m@[38;2;0;0;223m@[38;2;0;0;226mg[38;2;0;0;225m_[38;2;0;0;222m_            [39m
 [38;2;0;0;0m         [38;2;0;0;230m_[38;2;0;0;227mg[38;2;0;0;225m@[38;2;0;0;222m=[38;2;0;0;227m~[38;2;113;113;113m_[38;2;249;249;249m_[38;2;178;178;178my[38;2;199;199;199my[38;2;209;209;209myy[38;2;199;199;199my[38;2;178;178;178my[38;2;249;249;249m_[38;2;113;113;113m_[38;2;0;0;227m~[38;2;0;0;222m=[38;2;0;0;226m@[38;2;0;0;220m@[38;2;0;0;230m_          [39m
 [38;2;0;0;0m       [38;2;0;0;218m_[38;2;0;0;220m@[38;2;0;0;227mP[38;2;0;0;223m~[38;2;169;169;169m_[38;2;187;187;187mg[38;2;219;219;219m@[38;2;252;252;252m@@@@@@@@@[38;2;251;251;251m@[38;2;226;226;226m@[38;2;187;187;187mg[38;2;169;169;169m_[38;2;0;0;218m~[38;2;0;0;228m4[38;2;0;0;224m@[38;2;0;0;218m_        [39m
 [38;2;0;0;0m      [38;2;0;0;214mj[38;2;0;0;229m@[38;2;0;0;223m~[38;2;89;89;89m_[38;2;216;216;216mg[38;2;251;251;251m@[38;2;252;252;252m@@@@@@@@@@@@@@[38;2;251;251;251m@[38;2;216;216;216mg[38;2;89;89;89m_[38;2;0;0;219m~[38;2;0;0;227m@[38;2;0;0;209mL       [39m
 [38;2;0;0;0m      [38;2;0;0;231m@[38;2;2;1;206m'[38;2;107;107;107m_[38;2;224;224;224m@[38;2;252;252;252m@@@@@@@@@@@@@@@@@@[38;2;238;238;238m@[38;2;107;107;108m_[38;2;3;1;193m`[38;2;0;0;229m@[38;2;0;0;233m,      [39m
 [38;2;0;0;0m     [38;2;0;0;215mgF [38;2;208;208;208m$[38;2;252;252;252m@[38;2;251;251;251m@[38;2;157;157;157mF[38;2;234;234;234m~[38;2;170;170;170mP[38;2;221;221;221m@[38;2;251;251;251m@[38;2;252;252;252m@@@@[38;2;210;210;210m@[38;2;229;229;229m~[38;2;247;247;247m~[38;2;193;193;193mR[38;2;245;245;245m@[38;2;251;251;251m@[38;2;252;252;252m@@@[38;2;220;220;220m@ [38;2;0;0;198m?[38;2;0;0;218m$      [39m
 [38;2;0;0;0m     [38;2;0;0;226m@  [38;2;249;249;249m@[38;2;252;252;252m@[38;2;251;251;251m@[38;2;223;223;223m@[38;2;195;195;195mg[38;2;130;130;130my [38;2;172;172;172m`[38;2;247;247;247m~[38;2;219;219;219m@[38;2;252;252;252m@@[38;2;251;251;251m@[38;2;244;244;244mg[38;2;197;197;197my[38;2;104;104;104m_ [38;2;171;171;171m~[38;2;164;164;164mM[38;2;250;250;250m@[38;2;252;252;252m@[38;2;251;251;251m@  [38;2;0;0;226m@      [39m
 [38;2;0;0;0m     [38;2;0;0;226m@  [38;2;249;249;249m@[38;2;252;252;252m@[38;2;251;251;251m@[38;2;216;216;216mP[38;2;242;242;242m~[38;2;133;133;133m`[38;2;88;88;88m_[38;2;163;163;163my[38;2;216;216;216mg[38;2;244;244;244m@[38;2;252;252;252m@@[38;2;238;238;238m@[38;2;198;198;198mF[38;2;204;204;204m~ [38;2;198;198;198m_[38;2;195;195;195my[38;2;243;243;243mg[38;2;251;251;251m@[38;2;252;252;252m@[38;2;251;251;251m@  [38;2;0;0;226m@      [39m
 [38;2;0;0;0m     [38;2;0;0;226m@  [38;2;249;249;249m@[38;2;252;252;252m@[38;2;251;251;251m@[38;2;197;197;197mg[38;2;216;216;216my[38;2;251;251;251mg@[38;2;252;252;252m@@@@@[38;2;235;235;235m@[38;2;209;209;209my[38;2;226;226;226ma[38;2;232;232;232m@[38;2;251;251;251m@[38;2;252;252;252m@@@@[38;2;251;251;251m@  [38;2;0;0;226m@      [39m
 [38;2;0;0;0m     [38;2;0;0;226m@  [38;2;249;249;249m@[38;2;252;252;252m@@@@@@@@@@@@@@@@@@@@[38;2;251;251;251m@  [38;2;0;0;226m@      [39m
 [38;2;0;0;0m     [38;2;0;0;226m@  [38;2;249;249;249m@[38;2;252;252;252m@@@@@@@@@@@@@@@@@@@@[38;2;251;251;251m@  [38;2;0;0;227m@      [39m
 [38;2;0;0;0m     [38;2;0;0;226m@  [38;2;249;249;249m@[38;2;252;252;252m@@@@@@@@@@@@@@@@@@@@[38;2;251;251;251m@  [38;2;0;0;227m@      [39m
 [38;2;0;0;0m     [38;2;0;0;220m@  [38;2;244;244;244m@[38;2;252;252;252m@@@@@@@@@@@@@@@@@@@@[38;2;249;249;249m@  [38;2;0;0;223m@      [39m
 [38;2;0;0;0m     [38;2;1;0;210m`[38;2;0;0;223m@[38;2;0;0;213m,[38;2;160;160;160m~[38;2;182;182;182m@[38;2;249;249;249m@[38;2;251;251;251m@@[38;2;217;217;217m@[38;2;204;204;204mF[38;2;175;175;175mT[38;2;180;180;180m#[38;2;242;242;242m@[38;2;251;251;251m@@[38;2;242;242;242m@[38;2;214;214;214mP[38;2;163;163;163mF[38;2;154;154;154m5[38;2;210;210;210m@[38;2;251;251;251m@@[38;2;250;250;250m@[38;2;197;197;197m@[38;2;186;186;186m~[38;2;1;1;192m_[38;2;0;0;232ma'      [39m
 [38;2;0;0;0m      [38;2;1;0;213m`[38;2;0;0;218m4[38;2;0;0;226ma[38;2;0;0;225m_[38;2;0;0;227m_[38;2;113;113;113m`[38;2;0;0;228m_[38;2;0;0;225m_[38;2;0;0;223ma[38;2;0;0;228ma[38;2;0;0;215my[38;2;0;0;226m_[38;2;0;0;228m__[38;2;0;0;226m_[38;2;0;0;215my[38;2;0;0;227ma[38;2;0;0;221mg[38;2;0;0;225m_[38;2;0;0;228m_[38;2;115;115;115m`[38;2;0;0;227m_[38;2;0;0;225m_[38;2;0;0;227ma[38;2;0;0;223mP[38;2;0;0;229m'       [39m
 [38;2;0;0;0m         [38;2;2;0;216m~[38;2;0;0;228m~[38;2;0;0;224m~[38;2;0;0;226m~[38;2;0;0;225m~  [38;2;0;0;226m`[38;2;0;0;228m~[38;2;0;0;225m~~[38;2;0;0;230m~[38;2;0;0;226m`  [38;2;0;0;223m~[38;2;0;0;227m~[38;2;0;0;225m~[38;2;0;0;227m~[38;2;0;0;218m~          [39m
 [38;2;0;0;0m                                       [39m
 [38;2;0;0;0m                                       [39m
[?25h