[?25l[39m [38;2;0;0;0m              [38;2;0;0;229m_[38;2;0;0;225m_[38;2;1;1;210my[38;2;0;0;217ma[38;2;0;0;223mg[38;2;0;0;222mgy[38;2;1;1;210my[38;2;0;0;225m_[38;2;0;0;229m_               [39m
 [38;2;0;0;0m          [38;2;0;0;225m_[38;2;1;0;214ma[38;2;0;0;214m@[38;2;0;0;222m=[38;2;0;0;225m~[38;2;0;0;224m~[38;2;182;182;182m_[38;2;238;238;238m_[38;2;248;248;248m__[38;2;238;238;238m_[38;2;183;183;183m_[38;2;0;0;225m~[38;2;0;0;227m~[38;2;0;0;221m=[38;2;0;0;218m@y[38;2;0;0;225m_           [39m
 [38;2;0;0;0m        [38;2;0;0;226m_[38;2;0;0;229ma[38;2;0;0;213mF[38;2;0;0;227m`[38;2;144;144;144my[38;2;197;197;197mg[38;2;224;224;224m$[38;2;251;251;251m@@[38;2;252;252;252m@@@@[38;2;251;251;251m@@[38;2;230;230;230m$[38;2;197;197;197mg[38;2;241;241;241m_[38;2;0;0;227m`[38;2;0;0;209m?[38;2;0;0;220m@[38;2;0;0;226m_         [39m
 [38;2;0;0;0m       [38;2;0;0;221mg[38;2;0;0;226mF [38;2;186;186;186my[38;2;223;223;223m@[38;2;251;251;251m@[38;2;252;252;252m@@@@@@@@@@@@[38;2;251;251;251m@[38;2;234;234;234m@[38;2;179;179;179my [38;2;0;0;197mN[38;2;0;0;222mg        [39m
 [38;2;0;0;0m      [38;2;0;0;228mg[38;2;0;0;210mF [38;2;224;224;224mg[38;2;251;251;251m@[38;2;252;252;252m@@@@@@@@@@@@@@@@[38;2;251;251;251m@[38;2;197;197;197m@ [38;2;0;0;217m~[38;2;0;0;226m$       [39m
 [38;2;0;0;0m     [38;2;0;0;211mj[38;2;0;0;227mF [38;2;208;208;208mg[38;2;251;251;251m@@[38;2;214;214;214mF[38;2;147;147;147mM[38;2;182;182;182m@[38;2;249;249;249m@[38;2;251;251;251m@[38;2;252;252;252m@@@@[38;2;227;227;227m@[38;2;167;167;167mF[38;2;165;165;165m5[38;2;222;222;222m@[38;2;251;251;251m@[38;2;252;252;252m@@@[38;2;251;251;251m@[38;2;186;186;186m@ [38;2;0;0;218m?[38;2;0;0;220ml      [39m
 [38;2;0;0;0m     [38;2;0;0;219m@  [38;2;246;246;246m@[38;2;252;252;252m@[38;2;251;251;251m@[38;2;235;235;235mg[38;2;181;181;181my[38;2;151;151;151m_[38;2;64;64;64m`[38;2;208;208;208m~[38;2;159;159;159m5[38;2;241;241;241m@[38;2;252;252;252m@@[38;2;245;245;245m@[38;2;195;195;195mg[38;2;139;139;139my [38;2;175;175;175m`[38;2;243;243;243m~[38;2;169;169;169m@[38;2;251;251;251m@[38;2;252;252;252m@[38;2;250;250;250m@  [38;2;0;0;226m$      [39m
 [38;2;0;0;0m     [38;2;0;0;226m@  [38;2;249;249;249m@[38;2;252;252;252m@[38;2;251;251;251m@[38;2;209;209;209m@[38;2;198;198;198mF[38;2;183;183;183m~ [38;2;197;197;197m_y[38;2;225;225;225m@[38;2;252;252;252m@@[38;2;249;249;249m@[38;2;169;169;169m@[38;2;251;251;251m~[38;2;139;139;139m` [38;2;146;146;146my[38;2;200;200;200mg[38;2;251;251;251m@[38;2;252;252;252m@[38;2;251;251;251m@  [38;2;0;0;226m@      [39m
 [38;2;0;0;0m     [38;2;0;0;226m@  [38;2;249;249;249m@[38;2;252;252;252m@[38;2;251;251;251m@[38;2;196;196;196my[38;2;176;176;176my[38;2;222;222;222mg[38;2;233;233;233m@[38;2;251;251;251m@[38;2;252;252;252m@@@@[38;2;221;221;221m@[38;2;166;166;166my[38;2;201;201;201my[38;2;245;245;245mg[38;2;248;248;248m@[38;2;251;251;251m@[38;2;252;252;252m@@@[38;2;251;251;251m@  [38;2;0;0;226m@      [39m
 [38;2;0;0;0m     [38;2;0;0;226m@  [38;2;249;249;249m@[38;2;252;252;252m@@@@@@@@@@@@@@@@@@@@[38;2;251;251;251m@  [38;2;0;0;226m@      [39m
 [38;2;0;0;0m     [38;2;0;0;226m@  [38;2;249;249;249m@[38;2;252;252;252m@@@@@@@@@@@@@@@@@@@@[38;2;251;251;251m@  [38;2;0;0;226m@      [39m
 [38;2;0;0;0m     [38;2;0;0;226m@  [38;2;249;249;249m@[38;2;252;252;252m@@@@@@@@@@@@@@@@@@@@[38;2;251;251;251m@  [38;2;0;0;227m@      [39m
 [38;2;0;0;0m     [38;2;0;0;226m@  [38;2;249;249;249m@[38;2;252;252;252m@@@@@@@@@@@@@@@@@@@@[38;2;251;251;251m@  [38;2;0;0;227m@      [39m
 [38;2;0;0;0m     [38;2;0;0;223m@  [38;2;243;243;243m@[38;2;252;252;252m@@@@@@@@@@@@@@@@@@@@[38;2;248;248;248m@  [38;2;0;0;225m@      [39m
 [38;2;0;0;0m     [38;2;1;2;197m7[38;2;0;0;224m@[38;2;0;0;209m_[38;2;137;137;137m~[38;2;199;199;199mR[38;2;246;246;246m@[38;2;252;252;252m@[38;2;248;248;248m@[38;2;192;192;192m@[38;2;176;176;176mF[38;2;251;251;251m~[38;2;168;168;168mA[38;2;236;236;236m@[38;2;251;251;251m@[38;2;250;250;250m@[38;2;227;227;227m@[38;2;213;213;213mF[38;2;252;252;252m~[38;2;140;140;140m5[38;2;201;201;201m@[38;2;249;249;249m@[38;2;252;252;252m@[38;2;245;245;245m@[38;2;174;174;174m@[38;2;166;166;166m~[38;2;1;0;207m_[38;2;0;0;230mg[38;2;0;1;211mF      [39m
 [38;2;0;0;0m      [38;2;0;0;218m~@[38;2;0;0;227mg[38;2;0;0;209my[38;2;0;0;226m___[38;2;0;0;227m_[38;2;0;0;226mg[38;2;0;0;220m@[38;2;0;0;218my[38;2;0;0;226m_[38;2;0;0;227m_[38;2;0;0;226m__[38;2;0;0;220ma[38;2;0;0;221m@[38;2;0;0;224mg[38;2;0;0;226m_[38;2;0;0;227m_[38;2;0;0;226m__[38;2;0;0;211my[38;2;0;0;227mg[38;2;0;0;220m@~       [39m
 [38;2;0;0;0m        [38;2;3;1;199m~[38;2;0;0;225m~[38;2;0;0;227m~~~[38;2;0;0;225m~[38;2;1;1;208m~[38;2;1;0;211m`[38;2;0;0;228m~[38;2;0;0;226m~[38;2;0;0;227m~~[38;2;0;0;225m~[38;2;0;0;229m~[38;2;0;0;203m`[38;2;0;0;221m~[38;2;0;0;226m~[38;2;0;0;227m~~~[38;2;0;0;226m~[38;2;3;1;196m~         [39m
 [38;2;0;0;0m                                       [39m
 [38;2;0;0;0m                                       [39m
[?25h