[?25l[39m [38;2;0;0;0m               [38;2;0;0;229m_[38;2;0;0;225m_[38;2;0;0;212my[38;2;0;0;218ma[38;2;0;0;224ma[38;2;0;0;222ma[38;2;0;0;220my[38;2;1;1;208my[38;2;0;0;225m_[38;2;0;0;229m_[38;2;3;2;189m_             [39m
 [38;2;0;0;0m            [38;2;1;1;204my[38;2;0;0;228ma[38;2;0;0;222mP[38;2;0;0;225m~[38;2;0;0;223m~[38;2;139;139;139m_[38;2;238;238;238m_[38;2;141;141;141my[38;2;147;147;147my[38;2;249;249;249m_[38;2;235;235;235m_[38;2;120;120;120m_[38;2;0;0;227m~~[38;2;0;0;220m4[38;2;0;0;222ma[38;2;0;0;226m_          [39m
 [38;2;0;0;0m          [38;2;1;0;208my[38;2;0;0;222m@[38;2;0;0;228m~ [38;2;183;183;183my[38;2;243;243;243mg[38;2;244;244;244m@[38;2;251;251;251m@[38;2;252;252;252m@@@@@[38;2;251;251;251m@[38;2;249;249;249m@[38;2;250;250;250mg[38;2;209;209;209my[38;2;221;221;221m_[38;2;0;0;222m~4[38;2;0;0;218mg[38;2;1;0;208m_       [39m
 [38;2;0;0;0m         [38;2;0;0;223mg[38;2;0;0;226mF [38;2;192;192;192my[38;2;237;237;237m@[38;2;252;252;252m@@@@@@@@@@@@@[38;2;251;251;251m@[38;2;230;230;230m@[38;2;187;187;187my [38;2;0;0;217m?[38;2;0;0;219mg      [39m
 [38;2;0;0;0m        [38;2;0;0;210mg[38;2;0;0;225mF [38;2;199;199;199mg[38;2;251;251;251m@[38;2;252;252;252m@@@@@@@@@@@@@@@@@[38;2;224;224;224m@[38;2;123;123;123m_[38;2;0;0;208m"[38;2;0;0;229m$[38;2;1;0;214m,    [39m
 [38;2;0;0;0m        [38;2;0;0;233m@ [38;2;139;139;140my[38;2;251;251;251m@[38;2;252;252;252m@@@@@@@@@@@@@[38;2;245;245;245m@[38;2;166;166;166mF[38;2;137;137;137m5[38;2;188;188;188m@[38;2;249;249;249m@[38;2;251;251;251m@[38;2;239;239;239m@ [38;2;2;1;196m`[38;2;0;0;226m$    [39m
 [38;2;0;0;0m       [38;2;2;2;193mJ[38;2;0;0;219mF [38;2;184;184;184m$[38;2;252;252;252m@@@@@@@@@@@@@@[38;2;251;251;251m@[38;2;234;234;234mg[38;2;180;180;180my[38;2;157;157;157m_[38;2;72;72;72m`[38;2;212;212;212m~[38;2;164;164;164mP[38;2;178;178;178mL [38;2;0;0;231m$    [39m
 [38;2;0;0;0m       [38;2;2;2;199mJ[38;2;0;1;217m[ [38;2;202;202;202m$[38;2;252;252;252m@@@@@@@@@@@@@@[38;2;251;251;251m@[38;2;181;181;181m@[38;2;162;162;162mF[38;2;119;119;119m~ [38;2;137;137;137my[38;2;185;185;185mg[38;2;159;159;159m$ [38;2;0;0;225m$    [39m
 [38;2;0;0;0m       [38;2;1;1;205mJ[38;2;1;0;214m[ [38;2;218;218;218m$[38;2;252;252;252m@@@@@@@@@@@@@@[38;2;246;246;246m@[38;2;190;190;190my[38;2;199;199;199my[38;2;243;243;243mg[38;2;246;246;246m@[38;2;251;251;251m@@[38;2;135;135;135m@ [38;2;0;0;230m$    [39m
 [38;2;0;0;0m       [38;2;0;1;211m4[38;2;0;0;206m[ [38;2;233;233;233m$[38;2;252;252;252m@@@@@@@@@@@@@@@@@@@@[38;2;251;251;251m@[38;2;149;149;149mF [38;2;0;0;235m$    [39m
 [38;2;0;0;0m       [38;2;0;0;220m@  [38;2;247;247;247m@[38;2;252;252;252m@@@@@@@@@@@@@@@@@@@@[38;2;251;251;251m@[38;2;65;65;65mF [38;2;0;0;227m@    [39m
 [38;2;0;0;0m       [38;2;0;0;235m@ [38;2;133;133;133my[38;2;251;251;251m@[38;2;252;252;252m@@@@@@@@@@@@@@@@@@@@[38;2;237;237;237m@ [38;2;0;0;201mj[38;2;0;0;223mF    [39m
 [38;2;0;0;0m      [38;2;1;0;207mj[38;2;0;0;222mF [38;2;197;197;197m$[38;2;252;252;252m@@@@@@@@@@@@@@@@@@@@[38;2;251;251;251m@[38;2;152;152;152m@ [38;2;0;0;232mg[38;2;0;0;219m'    [39m
 [38;2;0;0;0m      [38;2;0;0;221m@  [38;2;246;246;246m@[38;2;252;252;252m@@@@@@@@@@@@@@@@@@@@[38;2;249;249;249m@[38;2;90;90;90m~ [38;2;0;0;225m@     [39m
 [38;2;0;0;0m      [38;2;0;0;231m@[38;2;1;0;207mL [38;2;189;189;189mR[38;2;251;251;251m@[38;2;252;252;252m@[38;2;251;251;251m@[38;2;240;240;240m@[38;2;176;176;176m@[38;2;198;198;198mR[38;2;242;242;242m@[38;2;251;251;251m@[38;2;252;252;252m@@[38;2;250;250;250m@[38;2;197;197;197m@[38;2;219;219;219mP[38;2;207;207;207m@[38;2;251;251;251m@[38;2;252;252;252m@@[38;2;251;251;251m@[38;2;229;229;229m@[38;2;224;224;224mP[38;2;184;184;184m~[38;2;1;0;209m_[38;2;0;0;230mg[38;2;1;1;197mF     [39m
 [38;2;0;0;0m      [38;2;0;0;217m~[38;2;0;0;227m@[38;2;0;0;220mg[38;2;0;0;227m_[38;2;171;171;171m`[38;2;213;213;213m~[38;2;142;142;142m~[38;2;0;0;227m_[38;2;0;0;215ma[38;2;0;0;226m_[38;2;0;0;225m_[38;2;158;158;158m~[38;2;225;225;225m~[38;2;198;198;198m~[38;2;0;0;227m_[38;2;0;0;226m_[38;2;0;0;215mg[38;2;0;0;227m_[38;2;188;188;188m`[38;2;218;218;218m~[38;2;221;221;221m~[38;2;109;109;109m~[38;2;0;0;226m_[38;2;0;0;221ma[38;2;0;0;224mg[38;2;0;0;223m@[38;2;0;0;215m~      [39m
 [38;2;0;0;0m       [38;2;1;0;215m`[38;2;0;0;226m~[38;2;0;0;218mR[38;2;0;0;228m@[38;2;0;0;227m@@[38;2;0;0;223mP[38;2;0;0;227m~[38;2;0;0;228m=[38;2;0;0;225m@[38;2;0;0;226m@@[38;2;0;0;228m@[38;2;0;0;225mP[38;2;0;0;227m~~[38;2;0;0;220mR[38;2;0;0;228m@[38;2;0;0;226m@[38;2;0;0;227m@[38;2;0;0;223m@[38;2;0;0;228m=[38;2;0;0;227m~~        [39m
 [38;2;0;0;0m                                       [39m
 [38;2;0;0;0m                                       [39m
[?25h