[?25l[39m [38;2;0;0;0m                                       [39m
 [38;2;0;0;0m             [38;2;0;0;227m_[38;2;0;0;226m_[38;2;1;0;215ma[38;2;0;0;225mg[38;2;0;0;227mgg[38;2;0;0;228mg[38;2;0;0;227mg[38;2;0;0;226mg[38;2;1;0;214mg[38;2;0;0;226m_[38;2;0;0;227m_              [39m
 [38;2;0;0;0m          [38;2;0;0;229m_[38;2;0;0;227mg[38;2;0;0;228m@[38;2;0;0;221mP[38;2;0;0;226m~[38;2;0;0;229m~[38;2;118;118;118m_[38;2;201;201;201m_[38;2;248;248;248m_[38;2;249;249;249m_[38;2;205;205;205m_[38;2;124;124;124m_[38;2;0;0;230m~[38;2;0;0;226m~[38;2;0;0;229m=[38;2;0;0;227m@g[38;2;0;0;228m_           [39m
 [38;2;0;0;0m        [38;2;0;0;230m_[38;2;0;0;225m@[38;2;0;0;220mF[38;2;0;0;215m~[38;2;219;219;219m_[38;2;184;184;184mg[38;2;249;249;249mg[38;2;244;244;244m@[38;2;252;252;252m@[38;2;251;251;251m@[38;2;252;252;252m@@[38;2;251;251;251m@[38;2;252;252;252m@[38;2;248;248;248m@[38;2;212;212;212m@[38;2;190;190;190mg[38;2;227;227;227m_[38;2;0;0;207m~[38;2;0;0;213m?[38;2;0;0;227m@[38;2;1;0;209my         [39m
 [38;2;0;0;0m       [38;2;0;0;227mg[38;2;0;0;224mP[38;2;1;0;195m'[38;2;163;163;163my[38;2;217;217;217m$[38;2;251;251;251m@[38;2;252;252;252m@@@@@@@@@@@@[38;2;251;251;251m@[38;2;228;228;228m@[38;2;167;167;167my [38;2;0;0;199m#[38;2;0;0;227m$[38;2;0;0;223m,       [39m
 [38;2;0;0;0m      [38;2;0;0;220m@[38;2;0;0;219mF [38;2;212;212;212mg[38;2;251;251;251m@[38;2;252;252;252m@@@@@@@@@@@@@@@@[38;2;251;251;251m@[38;2;194;194;194m@ [38;2;0;0;219m~[38;2;0;0;227m@       [39m
 [38;2;0;0;0m     [38;2;0;0;215mj[38;2;0;0;229mF [38;2;71;71;71mf[38;2;176;176;176mP[38;2;225;225;225m@[38;2;251;251;251m@[38;2;252;252;252m@@@@@@@@@@@@@@@@[38;2;251;251;251m@[38;2;187;187;187m@ [38;2;0;0;217m?[38;2;1;0;207m$      [39m
 [38;2;0;0;0m     [38;2;0;0;216m@[38;2;1;1;192m' [38;2;186;186;186mg[38;2;242;242;242m_ [38;2;195;195;195m`[38;2;249;249;249m~[38;2;171;171;171m@[38;2;251;251;251m@@[38;2;217;217;217m@[38;2;208;208;208mF[38;2;206;206;206mFFFFF[38;2;180;180;180m@[38;2;252;252;252m@@@@@[38;2;251;251;251m@  [38;2;0;0;226m@      [39m
 [38;2;0;0;0m     [38;2;0;0;220m@  [38;2;187;187;187m@[38;2;178;178;178mF[38;2;122;122;122m~ [38;2;233;233;233m_[38;2;217;217;217my[38;2;249;249;249m@[38;2;251;251;251m@[38;2;195;195;195m$[38;2;190;190;190my[38;2;188;188;188myyyyy[38;2;192;192;192mg[38;2;250;250;250m@[38;2;252;252;252m@@@@[38;2;251;251;251m@[38;2;66;66;66mL [38;2;0;0;228m@      [39m
 [38;2;0;0;0m     [38;2;0;0;220m@  [38;2;157;157;157my[38;2;185;185;185my[38;2;239;239;239mg[38;2;246;246;246m@[38;2;251;251;251m@[38;2;252;252;252m@@@@@@@@@@@@@@@@[38;2;251;251;251m@  [38;2;0;0;228m@      [39m
 [38;2;0;0;0m     [38;2;0;0;220m@  [38;2;250;250;250m@[38;2;252;252;252m@@@@@@@@@@@@@@@@@@@@[38;2;251;251;251m@  [38;2;0;0;228m@      [39m
 [38;2;0;0;0m     [38;2;0;0;221m@  [38;2;250;250;250m@[38;2;252;252;252m@@@@@@@@@@@@@@@@@@@@[38;2;251;251;251m@  [38;2;0;0;228m@      [39m
 [38;2;0;0;0m     [38;2;0;0;222m@  [38;2;250;250;250m@[38;2;252;252;252m@@@@@@@@@@@@@@@@@@@@[38;2;251;251;251m@  [38;2;0;0;227m@      [39m
 [38;2;0;0;0m     [38;2;0;0;223m@  [38;2;250;250;250m@[38;2;252;252;252m@@@@@@@@@@@@@@@@@@@@[38;2;251;251;251m@  [38;2;0;0;227m@      [39m
 [38;2;0;0;0m     [38;2;1;1;202m4[38;2;0;0;233mL [38;2;183;183;183m4[38;2;237;237;237m@[38;2;212;212;212m@[38;2;247;247;247m@[38;2;252;252;252m@@@[38;2;251;251;251m@[38;2;249;249;249m@[38;2;213;213;213m@[38;2;233;233;233m@[38;2;251;251;251m@[38;2;252;252;252m@@@[38;2;251;251;251m@[38;2;230;230;230m@[38;2;217;217;217m@[38;2;250;250;250m@[38;2;252;252;252m@[38;2;251;251;251m@[38;2;230;230;230mF [38;2;0;0;230mj[38;2;0;0;223mF      [39m
 [38;2;0;0;0m      [38;2;0;0;229m~[38;2;0;0;228ma[38;2;0;0;225m_[38;2;0;0;229m_[38;2;0;0;226m_[38;2;0;0;224m_[38;2;197;197;197m~[38;2;250;250;250m~[38;2;251;251;251m~[38;2;223;223;223m~[38;2;0;0;223m_[38;2;0;0;226m_[38;2;0;0;227m_[38;2;120;120;120m~[38;2;244;244;244m~[38;2;251;251;251m~[38;2;244;244;244m~[38;2;113;113;113m~[38;2;0;0;227m_[38;2;0;0;226m_[38;2;0;0;217m_[38;2;218;218;218m~[38;2;176;176;176m`[38;2;0;0;225m_[38;2;0;0;228ma[38;2;0;0;216mF       [39m
 [38;2;0;0;0m        [38;2;0;0;227m~~[38;2;0;0;228m~[38;2;0;0;226m~[38;2;0;0;231m=[38;2;0;0;215mP[38;2;0;0;218mP[38;2;0;0;231m=[38;2;0;0;226m~~~[38;2;0;0;223m=[38;2;0;0;217m4P[38;2;0;0;228m=[38;2;0;0;216m=[38;2;0;0;227m~~[38;2;0;0;226m~[38;2;0;0;232m=[38;2;0;0;226m~[38;2;0;0;229m~[38;2;2;3;189m`        [39m
 [38;2;0;0;0m                                       [39m
 [38;2;0;0;0m                                       [39m
[?25h