[?25l[39m [38;2;0;0;0m                                       [39m
 [38;2;0;0;0m            [38;2;1;0;219m_[38;2;0;0;226m_[38;2;0;0;216ma[38;2;0;0;227mg[38;2;0;0;226mg[38;2;0;0;223m@[38;2;0;0;226m@@[38;2;0;0;223m@[38;2;0;0;217m@[38;2;0;0;227mg[38;2;0;0;219my[38;2;0;0;226m_[38;2;1;0;218m_             [39m
 [38;2;0;0;0m         [38;2;3;1;196m_[38;2;1;1;208ma[38;2;0;0;221m@[38;2;0;0;220m@=[38;2;0;0;225m~~[38;2;191;191;191m_[38;2;253;253;253m_[38;2;142;142;142my[38;2;140;140;140my[38;2;253;253;253m_[38;2;188;188;188m_[38;2;0;0;224m~[38;2;0;0;226m~[38;2;0;0;220m=[38;2;0;0;221m@[38;2;0;0;222m@[38;2;1;0;213my[38;2;1;0;217m,          [39m
 [38;2;0;0;0m        [38;2;0;0;219ma[38;2;0;0;227m@[38;2;0;0;210mF[38;2;0;0;219m`[38;2;156;156;156my[38;2;216;216;216mg[38;2;223;223;223m@[38;2;251;251;251m@@[38;2;252;252;252m@@@@[38;2;251;251;251m@[38;2;252;252;252m@[38;2;228;228;228m@[38;2;214;214;214mg[38;2;143;143;143my[38;2;0;0;219m`[38;2;0;0;226m~[38;2;0;0;227m@[38;2;0;1;213mg         [39m
 [38;2;0;0;0m      [38;2;2;1;194m_[38;2;0;0;224m@[38;2;0;0;225mF [38;2;195;195;195my[38;2;230;230;230m@[38;2;252;252;252m@@@@@@@@@@@@@[38;2;251;251;251m@[38;2;237;237;237m@[38;2;184;184;184my [38;2;0;0;193mN[38;2;0;0;226m@[38;2;0;0;234m,       [39m
 [38;2;0;0;0m      [38;2;0;0;229m@[38;2;0;0;203mF [38;2;231;231;231mg[38;2;251;251;251m@[38;2;252;252;252m@@@@@@@@@@@@@@@@[38;2;251;251;251m@[38;2;200;200;200m@ [38;2;0;0;215m~[38;2;0;0;229m@[38;2;1;0;200m,      [39m
 [38;2;0;0;0m     [38;2;1;0;209ma[38;2;0;0;224mF [38;2;213;213;213mg[38;2;251;251;251m@@[38;2;198;198;198mF[38;2;251;251;251m~[38;2;198;198;198mR[38;2;247;247;247m@[38;2;251;251;251m@[38;2;252;252;252m@@@@@@@@@@@@[38;2;251;251;251m@[38;2;186;186;186m@ [38;2;0;0;217m?[38;2;1;1;207m$      [39m
 [38;2;0;0;0m     [38;2;0;0;225m@  [38;2;247;247;247m@[38;2;252;252;252m@[38;2;251;251;251m@[38;2;242;242;242mg[38;2;194;194;194my[38;2;184;184;184m_ [38;2;183;183;183m~[38;2;147;147;147m5[38;2;238;238;238m@[38;2;252;252;252m@[38;2;240;240;240m@[38;2;205;205;205mF[38;2;191;191;191mFFFFF[38;2;174;174;174mM[38;2;242;242;242m@[38;2;252;252;252m@[38;2;250;250;250m@  [38;2;0;0;223m@      [39m
 [38;2;0;0;0m     [38;2;0;0;227m@  [38;2;249;249;249m@[38;2;252;252;252m@[38;2;251;251;251m@[38;2;199;199;199m@[38;2;184;184;184mF[38;2;162;162;162m~ [38;2;226;226;226m_[38;2;209;209;209my[38;2;233;233;233m@[38;2;252;252;252m@[38;2;239;239;239m@[38;2;219;219;219my[38;2;209;209;209myyyyy[38;2;223;223;223my[38;2;238;238;238m@[38;2;252;252;252m@[38;2;251;251;251m@  [38;2;0;0;225m@      [39m
 [38;2;0;0;0m     [38;2;0;0;227m@  [38;2;249;249;249m@[38;2;252;252;252m@[38;2;251;251;251m@[38;2;203;203;203my[38;2;185;185;185my[38;2;234;234;234mg[38;2;242;242;242m@[38;2;251;251;251m@[38;2;252;252;252m@@@@@@@@@@@@@[38;2;251;251;251m@  [38;2;0;0;225m@      [39m
 [38;2;0;0;0m     [38;2;0;0;227m@  [38;2;249;249;249m@[38;2;252;252;252m@@@@@@@@@@@@@@@@@@@@[38;2;251;251;251m@  [38;2;0;0;225m@      [39m
 [38;2;0;0;0m     [38;2;0;0;227m@  [38;2;249;249;249m@[38;2;252;252;252m@@@@@@@@@@@@@@@@@@@@[38;2;251;251;251m@  [38;2;0;0;225m@      [39m
 [38;2;0;0;0m     [38;2;0;0;227m@  [38;2;249;249;249m@[38;2;252;252;252m@@@@@@@@@@@@@@@@@@@@[38;2;251;251;251m@  [38;2;0;0;225m@      [39m
 [38;2;0;0;0m     [38;2;0;0;225m@[38;2;0;0;192m, [38;2;249;249;249m@[38;2;252;252;252m@@@@@@@@@@@@@@@@@@@@[38;2;251;251;251m@  [38;2;0;0;227m$      [39m
 [38;2;0;0;0m     [38;2;1;1;200m7[38;2;0;0;220mg [38;2;172;172;172m7[38;2;243;243;243m@[38;2;251;251;251m@[38;2;252;252;252m@[38;2;251;251;251m@[38;2;250;250;250m@[38;2;190;190;190m@[38;2;219;219;219mP[38;2;217;217;217m@[38;2;251;251;251m@[38;2;252;252;252m@@[38;2;251;251;251m@[38;2;221;221;221m@[38;2;222;222;222mP[38;2;214;214;214mR[38;2;250;250;250m@[38;2;251;251;251m@[38;2;252;252;252m@[38;2;251;251;251m@[38;2;245;245;245m@[38;2;193;193;193mF [38;2;0;0;221mg[38;2;1;0;212mF      [39m
 [38;2;0;0;0m      [38;2;0;0;221m~[38;2;0;0;218m@[38;2;0;0;211my[38;2;0;0;227m_[38;2;155;155;155m~[38;2;225;225;225m~[38;2;200;200;200m~[38;2;0;0;225m__[38;2;0;0;217mg[38;2;0;0;227m_[38;2;192;192;192m`[38;2;216;216;216m~[38;2;222;222;222m~[38;2;105;105;105m~[38;2;0;0;227m_[38;2;0;0;221ma[38;2;0;0;225m_[38;2;0;0;226m_[38;2;184;184;184m~[38;2;226;226;226m~[38;2;173;173;173m~[38;2;0;0;227m_[38;2;0;0;209my[38;2;0;0;216m@[38;2;0;0;221m~       [39m
 [38;2;0;0;0m        [38;2;1;1;211m~[38;2;0;0;225m~[38;2;0;0;227m~[38;2;0;0;226m=~[38;2;0;0;225m~[38;2;0;0;223m~[38;2;0;0;222m`[38;2;0;0;227m~[38;2;0;0;226m~[38;2;0;0;222m==[38;2;0;0;227m~[38;2;0;0;229m~[38;2;0;0;223m`[38;2;0;0;220m~[38;2;0;0;226m~~[38;2;0;0;225m=[38;2;0;0;226m~[38;2;0;0;225m~[38;2;0;1;211m~         [39m
 [38;2;0;0;0m                                       [39m
 [38;2;0;0;0m                                       [39m
[?25h