[?25l[39m [38;2;0;0;0m             [38;2;0;0;228m_[38;2;0;0;225m_[38;2;0;0;214my[38;2;0;0;226mg[38;2;0;0;229mg[38;2;0;0;226mgg[38;2;0;0;228mg[38;2;0;0;226mg[38;2;0;0;213my[38;2;0;0;225m_[38;2;0;0;228m_              [39m
 [38;2;0;0;0m          [38;2;0;0;229m_[38;2;0;0;225mg[38;2;0;0;220m@[38;2;0;0;210mF[38;2;0;0;227m~[38;2;0;0;220m~[38;2;211;211;211m_[38;2;244;244;244m_[38;2;146;146;146my[38;2;145;145;145my[38;2;244;244;244m_[38;2;211;211;211m_[38;2;0;0;220m~[38;2;0;0;227m~[38;2;0;0;226m~[38;2;0;0;220m@[38;2;0;0;225mg[38;2;0;0;229m_           [39m
 [38;2;0;0;0m        [38;2;0;0;230m_[38;2;0;0;223m@[38;2;0;0;210mF[38;2;1;0;220m`[38;2;155;155;155my[38;2;217;217;217ma[38;2;230;230;230m$[38;2;251;251;251m@@[38;2;252;252;252m@@@@[38;2;251;251;251m@@[38;2;225;225;225m@[38;2;208;208;208mg[38;2;144;144;144my[38;2;0;0;218m`[38;2;0;0;224m~[38;2;0;0;225m@[38;2;0;0;230m_         [39m
 [38;2;0;0;0m       [38;2;0;0;228mg[38;2;0;0;224mF [38;2;192;192;192my[38;2;230;230;230m@[38;2;251;251;251m@[38;2;252;252;252m@@@@@@@@@@@@@[38;2;239;239;239m@[38;2;186;186;186my [38;2;0;0;217m?[38;2;0;0;225m$[38;2;0;0;204m,       [39m
 [38;2;0;0;0m      [38;2;0;0;231mg[38;2;0;0;206mF [38;2;228;228;228mg[38;2;251;251;251m@@@[38;2;252;252;252m@@@@@@@@@@@@@@[38;2;251;251;251m@[38;2;202;202;202m@ [38;2;0;0;214m~[38;2;0;0;229m$       [39m
 [38;2;0;0;0m     [38;2;0;0;217mj[38;2;0;0;226mF [38;2;210;210;210mg[38;2;251;251;251m@[38;2;250;250;250m@[38;2;168;168;168m_ [38;2;208;208;208m~[38;2;183;183;183mF[38;2;217;217;217m@[38;2;251;251;251m@[38;2;252;252;252m@@@[38;2;251;251;251m@[38;2;252;252;252m@@@@@[38;2;251;251;251m@[38;2;252;252;252m@[38;2;251;251;251m@[38;2;190;190;190m@ [38;2;0;0;215m?[38;2;0;0;221m[      [39m
 [38;2;0;0;0m     [38;2;0;0;221m@  [38;2;246;246;246m@[38;2;252;252;252m@@[38;2;251;251;251m@[38;2;231;231;231m@[38;2;148;148;148mm  [38;2;160;160;160m`[38;2;202;202;202m$[38;2;251;251;251m@[38;2;211;211;211m@[38;2;127;127;127m~[38;2;180;180;180m`````[38;2;121;121;121m~[38;2;217;217;217m$[38;2;252;252;252m@[38;2;250;250;250m@  [38;2;0;0;227m$      [39m
 [38;2;0;0;0m     [38;2;0;0;226m@  [38;2;249;249;249m@[38;2;252;252;252m@[38;2;251;251;251m@[38;2;247;247;247m~[38;2;74;74;74m`[38;2;122;122;122m_[38;2;172;172;172my[38;2;218;218;218mg[38;2;230;230;230m@[38;2;251;251;251m@[38;2;252;252;252m@@[38;2;248;248;248m@[38;2;243;243;243m@@@@@[38;2;247;247;247m@[38;2;251;251;251m@[38;2;252;252;252m@[38;2;251;251;251m@  [38;2;0;0;226m@      [39m
 [38;2;0;0;0m     [38;2;0;0;225m@  [38;2;249;249;249m@[38;2;252;252;252m@@[38;2;234;234;234m@[38;2;219;219;219m@[38;2;251;251;251m@[38;2;252;252;252m@@@@@@@@@@@@@@@[38;2;251;251;251m@  [38;2;0;0;226m@      [39m
 [38;2;0;0;0m     [38;2;0;0;225m@  [38;2;249;249;249m@[38;2;252;252;252m@@@@@@@@@@@@@@@@@@@@[38;2;251;251;251m@  [38;2;0;0;226m@      [39m
 [38;2;0;0;0m     [38;2;0;0;225m@  [38;2;249;249;249m@[38;2;252;252;252m@@@@@@@@@@@@@@@@@@@@[38;2;251;251;251m@  [38;2;0;0;226m@      [39m
 [38;2;0;0;0m     [38;2;0;0;225m@  [38;2;249;249;249m@[38;2;252;252;252m@@@@@@@@@@@@@@@@@@@@[38;2;251;251;251m@  [38;2;0;0;226m@      [39m
 [38;2;0;0;0m     [38;2;0;0;225m@  [38;2;249;249;249m@[38;2;252;252;252m@@@@@@@@@@@@@@@@@@@@[38;2;251;251;251m@  [38;2;0;0;226m@      [39m
 [38;2;0;0;0m     [38;2;0;0;219m@[38;2;0;0;215m, [38;2;240;240;240m@[38;2;252;252;252m@@@@@@@@@@@@@@@@@@@@[38;2;246;246;246m@ [38;2;0;0;174mj[38;2;0;0;221m@      [39m
 [38;2;0;0;0m     [38;2;1;1;210m`[38;2;0;0;227m@[38;2;0;0;223m_[38;2;198;198;198m`[38;2;177;177;177m#[38;2;233;233;233m@[38;2;247;247;247m@[38;2;242;242;242m@[38;2;178;178;178m@[38;2;251;251;251m~[38;2;252;252;252m~[38;2;147;147;147m5[38;2;204;204;204m@[38;2;246;246;246m@@[38;2;210;210;210m@[38;2;202;202;202mF[38;2;251;251;251m~~[38;2;199;199;199mR[38;2;241;241;241m@[38;2;247;247;247m@[38;2;235;235;235m@[38;2;211;211;211mP[38;2;135;135;135m~[38;2;0;0;223m_[38;2;0;0;224m$[38;2;0;0;232m'      [39m
 [38;2;0;0;0m      [38;2;0;0;212m`[38;2;0;0;214m4[38;2;0;0;219m@y[38;2;0;0;226m___[38;2;0;0;212my[38;2;0;0;226mg[38;2;0;0;227m@[38;2;0;0;223mg[38;2;0;0;227m_[38;2;0;0;226m__[38;2;0;0;227m_[38;2;0;0;223mg[38;2;0;0;225m@[38;2;0;0;226mg[38;2;0;0;212my[38;2;0;0;226m___[38;2;0;0;219my[38;2;0;0;227ma[38;2;0;0;219mP[38;2;0;0;228m'       [39m
 [38;2;0;0;0m         [38;2;0;1;212m~[38;2;0;0;228m~[38;2;0;0;226m~[38;2;0;0;227m~[38;2;0;0;222m~  `[38;2;0;0;229m~[38;2;0;0;227m~~[38;2;0;0;230m~[38;2;0;0;222m`  [38;2;0;0;219m~[38;2;0;0;228m~[38;2;0;0;226m~[38;2;0;0;229m~[38;2;0;1;212m~          [39m
 [38;2;0;0;0m                                       [39m
 [38;2;0;0;0m                                       [39m
[?25h