[?25l[39m [38;2;0;0;0m                                       [39m
 [38;2;0;0;0m             [38;2;0;0;226m__[38;2;1;1;211my[38;2;0;0;222ma[38;2;0;0;226mg[38;2;0;0;227mg[38;2;0;0;228mg[38;2;0;0;226mg[38;2;0;0;221mg[38;2;1;1;211my[38;2;0;0;226m_[38;2;0;0;227m_              [39m
 [38;2;0;0;0m          [38;2;0;0;230m_[38;2;0;0;227ma@[38;2;0;0;223mP[38;2;0;0;227m~[38;2;0;0;228m~[38;2;97;97;97m_[38;2;169;169;169m_[38;2;221;221;221m_[38;2;220;220;220m_[38;2;170;170;170m_[38;2;97;97;97m_[38;2;0;0;227m~[38;2;0;0;226m~[38;2;0;0;223m4[38;2;0;0;227m@[38;2;0;0;224mg[38;2;0;0;230m_           [39m
 [38;2;0;0;0m        [38;2;0;0;229m_[38;2;0;0;222m@[38;2;0;0;217mP[38;2;0;0;219m~[38;2;212;212;212m_[38;2;211;211;211my[38;2;247;247;247mg[38;2;240;240;240m@[38;2;252;252;252m@[38;2;251;251;251m@@@@[38;2;252;252;252m@[38;2;243;243;243m@[38;2;247;247;247mg[38;2;212;212;212my_[38;2;0;0;216m~[38;2;0;0;214m4[38;2;0;0;225m@[38;2;0;0;230m_         [39m
 [38;2;0;0;0m       [38;2;0;0;226mg[38;2;0;0;224mP[38;2;0;0;198m'[38;2;161;161;161my[38;2;247;247;247mg[38;2;251;251;251m@[38;2;252;252;252m@@@@@@@@@@@@@[38;2;217;217;217m@[38;2;149;149;149my[38;2;2;1;189m`[38;2;0;0;222m4$[38;2;1;1;201m,       [39m
 [38;2;0;0;0m      [38;2;0;0;230mg[38;2;0;0;219mF [38;2;213;213;213mg[38;2;251;251;251m@[38;2;252;252;252m@@@@@@@@@@@@@@@@[38;2;251;251;251m@[38;2;188;188;188m$ [38;2;0;0;223m~[38;2;0;0;228m$       [39m
 [38;2;0;0;0m     [38;2;0;0;217mj[38;2;0;0;229mF [38;2;197;197;197mg[38;2;251;251;251m@@[38;2;227;227;227mF[38;2;182;182;182mF[38;2;204;204;204m@[38;2;251;251;251m@[38;2;252;252;252m@@@@@@@@@@@@@[38;2;251;251;251m@[38;2;173;173;173m@ [38;2;0;0;208m5[38;2;0;0;220m[      [39m
 [38;2;0;0;0m     [38;2;0;0;220m@[38;2;0;0;178m[ [38;2;244;244;244m@[38;2;252;252;252m@[38;2;251;251;251m@[38;2;215;215;215mg[38;2;161;161;161my[38;2;107;107;107m_[38;2;90;90;90m`[38;2;235;235;235m~[38;2;186;186;186mP[38;2;245;245;245m@[38;2;252;252;252m@[38;2;246;246;246m@[38;2;219;219;219mP[38;2;203;203;203mPPPPP[38;2;195;195;195mA[38;2;248;248;248m@[38;2;252;252;252m@[38;2;249;249;249m@  [38;2;0;0;226m$      [39m
 [38;2;0;0;0m     [38;2;0;0;226m@  [38;2;249;249;249m@[38;2;252;252;252m@[38;2;251;251;251m@[38;2;226;226;226m@[38;2;215;215;215mF[38;2;208;208;208m~ [38;2;146;146;146m_[38;2;179;179;179my[38;2;218;218;218m@[38;2;252;252;252m@[38;2;232;232;232m@[38;2;191;191;191my[38;2;181;181;181myyyyy[38;2;195;195;195my[38;2;228;228;228m@[38;2;252;252;252m@[38;2;251;251;251m@  [38;2;0;0;226m@      [39m
 [38;2;0;0;0m     [38;2;0;0;226m@  [38;2;249;249;249m@[38;2;252;252;252m@[38;2;251;251;251m@[38;2;178;178;178my[38;2;156;156;156my[38;2;190;190;190mg[38;2;227;227;227m$[38;2;251;251;251m@[38;2;252;252;252m@@@@@@@@@@@@@[38;2;251;251;251m@  [38;2;0;0;226m@      [39m
 [38;2;0;0;0m     [38;2;0;0;226m@  [38;2;249;249;249m@[38;2;252;252;252m@@@@@@@@@@@@@@@@@@@@[38;2;251;251;251m@  [38;2;0;0;226m@      [39m
 [38;2;0;0;0m     [38;2;0;0;226m@  [38;2;249;249;249m@[38;2;252;252;252m@@@@@@@@@@@@@@@@@@@@[38;2;251;251;251m@  [38;2;0;0;227m@      [39m
 [38;2;0;0;0m     [38;2;0;0;226m@  [38;2;249;249;249m@[38;2;252;252;252m@@@@@@@@@@@@@@@@@@@@[38;2;251;251;251m@  [38;2;0;0;227m@      [39m
 [38;2;0;0;0m     [38;2;0;0;226m@  [38;2;249;249;249m@[38;2;252;252;252m@@@@@@@@@@@@@@@@@@@@[38;2;251;251;251m@  [38;2;0;0;226m@      [39m
 [38;2;0;0;0m     [38;2;1;1;209m4[38;2;0;0;228mL [38;2;210;210;210m4[38;2;251;251;251m@[38;2;252;252;252m@@@@[38;2;248;248;248m@[38;2;243;243;243m@[38;2;251;251;251m@[38;2;252;252;252m@@@@[38;2;251;251;251m@[38;2;243;243;243m@[38;2;248;248;248m@[38;2;251;251;251m@[38;2;252;252;252m@@@[38;2;251;251;251m@[38;2;174;174;174m@ [38;2;0;0;227mj[38;2;0;0;225mF      [39m
 [38;2;0;0;0m      [38;2;0;0;217m?[38;2;0;0;224mg[38;2;0;0;228m_[38;2;134;134;134m~[38;2;248;248;248m~[38;2;178;178;178mF[38;2;166;166;166mF[38;2;204;204;204m~[38;2;0;0;225m_[38;2;0;0;226m_[38;2;104;104;104m`[38;2;237;237;237m~[38;2;170;170;170mF[38;2;178;178;178mF[38;2;242;242;242m~[38;2;106;106;106m`[38;2;0;0;225m__[38;2;180;180;180m~[38;2;174;174;174mT[38;2;180;180;180mF[38;2;251;251;251m~[38;2;157;157;157m~[38;2;0;0;228m_[38;2;0;0;226ma[38;2;0;0;223mF       [39m
 [38;2;0;0;0m       [38;2;2;1;207m`[38;2;0;0;225m~[38;2;0;0;229m=[38;2;0;0;215mR[38;2;0;0;211m@[38;2;0;0;216mR[38;2;0;0;230m=[38;2;0;0;226m~[38;2;0;0;228m~[38;2;0;0;226m~[38;2;0;0;219m4[38;2;0;0;212m@[38;2;0;0;211m@[38;2;0;0;220mP[38;2;0;0;227m~[38;2;0;0;228m~[38;2;0;0;226m~[38;2;0;0;230m=[38;2;0;0;217mRa[38;2;0;0;215mR[38;2;0;0;229m=[38;2;0;0;226m~[38;2;1;1;210m`        [39m
 [38;2;0;0;0m                                       [39m
 [38;2;0;0;0m                                       [39m
[?25h