[?25l[39m [38;2;0;0;0m              [38;2;0;0;232m_[38;2;0;0;225m_[38;2;0;0;227m__[38;2;1;1;204my[38;2;0;0;227m__[38;2;0;0;224m_[38;2;0;0;229m_                [39m
 [38;2;0;0;0m          [38;2;0;0;227m_[38;2;0;0;221ma[38;2;0;0;218m@[38;2;0;0;225m@[38;2;0;0;221mP[38;2;0;0;227m~[38;2;0;0;226m~~[38;2;0;0;225m~[38;2;0;0;226m~[38;2;0;0;227m~[38;2;0;0;224m=[38;2;0;0;219mR[38;2;0;0;227m@[38;2;0;0;217m@[38;2;1;0;214my[38;2;0;0;220m_            [39m
 [38;2;0;0;0m       [38;2;2;1;193m_[38;2;0;0;217ma[38;2;0;0;227m@[38;2;0;0;217mP[38;2;0;0;230m~[38;2;183;183;183m_[38;2;179;179;179my[38;2;192;192;192mg[38;2;250;250;250mg[38;2;227;227;227m$[38;2;224;224;224m@[38;2;228;228;228m@[38;2;233;233;233m$[38;2;252;252;252mg[38;2;219;219;219mg[38;2;192;192;192my[38;2;217;217;217m_[38;2;0;0;212m~[38;2;0;0;226m~[38;2;0;0;224m@[38;2;0;0;226mg[38;2;0;0;215m_          [39m
 [38;2;0;0;0m      [38;2;0;0;212my[38;2;0;0;226m@[38;2;0;0;229m~[38;2;91;91;91m_[38;2;208;208;208my[38;2;222;222;222m@[38;2;251;251;251m@[38;2;252;252;252m@@@@@@@@@@[38;2;251;251;251m@[38;2;236;236;236m@[38;2;204;204;204my[38;2;65;65;65m,[38;2;0;0;225m~[38;2;0;0;226m@[38;2;0;0;213my         [39m
 [38;2;0;0;0m     [38;2;0;0;224mgP [38;2;193;193;193my[38;2;244;244;244m@[38;2;252;252;252m@@@@@@@@@@@@@@@@[38;2;238;238;238m@[38;2;113;113;113my [38;2;0;0;224mR[38;2;0;0;225mL        [39m
 [38;2;0;0;0m    [38;2;0;0;224mj[38;2;0;0;230mF [38;2;185;185;185mg[38;2;251;251;251m@[38;2;252;252;252m@@@@@@@@@@@@@@@@@@[38;2;250;250;250m@[38;2;95;95;95mL [38;2;0;0;228m@[38;2;0;0;224m,       [39m
 [38;2;0;0;0m    [38;2;0;0;233m@  [38;2;249;249;249m@[38;2;252;252;252m@@@@@@@@@@@@@@@@@@@@[38;2;213;213;213m@ [38;2;0;0;205m?[38;2;1;1;204m$       [39m
 [38;2;0;0;0m    [38;2;0;0;237m@ [38;2;128;128;128m4[38;2;251;251;251m@[38;2;168;168;168m@[38;2;127;127;127m_[38;2;118;118;118m_____[38;2;179;179;179m_[38;2;235;235;235m@[38;2;252;252;252m@@@@@@@@@@@[38;2;239;239;239m@ [38;2;0;0;185mJ[38;2;1;0;211m$       [39m
 [38;2;0;0;0m    [38;2;0;0;237m@ [38;2;119;119;119m4[38;2;252;252;252m@@[38;2;251;251;251m@@@@@@@[38;2;252;252;252m@@@@@@@@@@@@[38;2;241;241;241m@  [38;2;1;0;214m$       [39m
 [38;2;0;0;0m    [38;2;0;0;235m@ [38;2;97;97;97m4[38;2;251;251;251m@[38;2;252;252;252m@@@@@@@@@@@@@@@@@@@@[38;2;245;245;245m@  [38;2;0;0;219m$       [39m
 [38;2;0;0;0m    [38;2;0;0;229m@  [38;2;250;250;250m@[38;2;252;252;252m@@@@@@@@@@@@@@@@@@@@[38;2;251;251;251m@  [38;2;0;0;227m$       [39m
 [38;2;0;0;0m    [38;2;0;0;218m9  [38;2;242;242;242m@[38;2;252;252;252m@@@@@@@@@@@@@@@@@@@@[38;2;251;251;251m@[38;2;105;105;106mL [38;2;0;0;231m@       [39m
 [38;2;0;0;0m    [38;2;1;1;206m4[38;2;1;0;209m[ [38;2;226;226;226m$[38;2;252;252;252m@@@@@@@@@@@@@@@@@@@@[38;2;251;251;251m@[38;2;177;177;177mL [38;2;0;0;233m$       [39m
 [38;2;0;0;0m     [38;2;0;0;223m$ [38;2;187;187;187m4[38;2;251;251;251m@[38;2;252;252;252m@@@@@@@@@@@@@@@@@@@[38;2;251;251;251m@[38;2;144;144;145m@ [38;2;0;0;222m$[38;2;1;0;196m|      [39m
 [38;2;0;0;0m     [38;2;0;0;229m~[38;2;0;0;220mg[38;2;0;0;203m,[38;2;160;160;160m7[38;2;177;177;177m@[38;2;233;233;233m@[38;2;206;206;206mP[38;2;252;252;252m~~[38;2;170;170;170mA[38;2;230;230;230m@[38;2;247;247;247m@[38;2;245;245;245m@[38;2;194;194;194m@[38;2;169;169;169mF[38;2;252;252;252m~[38;2;180;180;180mT[38;2;195;195;195m@[38;2;246;246;246m@[38;2;247;247;247m@[38;2;225;225;225m@[38;2;214;214;214mF[38;2;252;252;252m~~ [38;2;0;0;216mj[38;2;0;0;220m@       [39m
 [38;2;0;0;0m      [38;2;2;1;196m~[38;2;0;0;213m4[38;2;0;0;227ma[38;2;0;0;212my[38;2;0;0;226m_[38;2;0;0;216my[38;2;0;0;225ma[38;2;0;0;217m@[38;2;0;0;218mg[38;2;0;0;225m_[38;2;0;0;226m__[38;2;0;0;224m_[38;2;0;0;225mg[38;2;0;0;217m@[38;2;0;0;226ma[38;2;0;0;206my[38;2;0;0;226m__[38;2;0;0;225m_[38;2;0;0;216ma[38;2;0;0;215m@[38;2;0;0;214m@[38;2;0;0;215m@[38;2;0;0;230m~        [39m
 [38;2;0;0;0m         [38;2;0;0;229m`[38;2;0;0;222m~`  [38;2;4;2;189m`[38;2;1;0;215m~[38;2;0;0;231m~~[38;2;0;1;207m~   [38;2;0;0;232m`[38;2;0;0;228m~[38;2;0;0;231m~[38;2;0;0;224m~[38;2;0;0;216m`            [39m
 [38;2;0;0;0m                                       [39m
 [38;2;0;0;0m                                       [39m
[?25h