[?25l[39m [38;2;0;0;0m             [38;2;1;1;202m_[38;2;0;0;228m_[38;2;0;0;226m_[38;2;1;1;208my[38;2;0;0;217my[38;2;1;0;216ma[38;2;0;0;219my[38;2;0;0;213my[38;2;0;0;227m_[38;2;0;0;225m_[38;2;0;0;223m_               [39m
 [38;2;0;0;0m          [38;2;0;0;228m_[38;2;0;0;223mg[38;2;0;0;224m@[38;2;0;0;222mP[38;2;0;0;226m~[38;2;0;0;227m~[38;2;0;0;228m~[38;2;0;0;218m~[38;2;101;101;101m_[38;2;0;0;219m~[38;2;0;0;227m~~[38;2;0;0;226m~[38;2;0;0;221m4[38;2;0;0;227m@[38;2;0;0;225mg[38;2;0;0;228m_            [39m
 [38;2;0;0;0m        [38;2;0;0;214ma[38;2;0;0;223m@[38;2;0;0;224m~[38;2;0;0;201m~[38;2;148;148;148my[38;2;218;218;218my[38;2;251;251;251mg[38;2;237;237;237m@[38;2;251;251;251m@@@@@[38;2;239;239;239m@[38;2;249;249;249mg[38;2;207;207;207my[38;2;219;219;219m_[38;2;0;0;208m~[38;2;0;0;211m?[38;2;0;0;227m@[38;2;0;0;209my          [39m
 [38;2;0;0;0m      [38;2;0;0;227m_[38;2;0;0;225m@[38;2;0;0;227m~[38;2;111;111;111m_[38;2;198;198;198mg[38;2;241;241;241m@[38;2;251;251;251m@[38;2;252;252;252m@@@@@@@@@@@[38;2;251;251;251m@[38;2;227;227;227m@[38;2;174;174;174my [38;2;0;0;219m?[38;2;0;0;228m$[38;2;0;0;223m,        [39m
 [38;2;0;0;0m     [38;2;0;0;225mj[38;2;0;0;229mP [38;2;178;178;178my[38;2;243;243;243m@[38;2;252;252;252m@@@@@@@@@@@@@@@@[38;2;251;251;251m@[38;2;197;197;197m@ [38;2;0;0;212m~[38;2;0;0;228m@[38;2;1;0;200m,       [39m
 [38;2;0;0;0m     [38;2;0;0;229m@ [38;2;153;153;154my[38;2;251;251;251m@[38;2;252;252;252m@@@@@@@@@@@@@@@@@@@[38;2;199;199;199m@ [38;2;0;0;208m?[38;2;0;0;213m$       [39m
 [38;2;0;0;0m    [38;2;0;0;213m4[38;2;0;0;205mF [38;2;198;198;198m#[38;2;210;210;210mR[38;2;211;211;211mR[38;2;218;218;218m@[38;2;251;251;251m@[38;2;252;252;252m@@@@@@@@@@@@@@@@[38;2;251;251;251m@[38;2;80;80;80mL [38;2;0;0;231m@       [39m
 [38;2;0;0;0m    [38;2;0;0;217m4[38;2;0;0;194m[ [38;2;142;142;142my[38;2;144;144;144myy[38;2;193;193;193my[38;2;248;248;248m@[38;2;252;252;252m@@@@@@@@@@@@@@@@@[38;2;133;133;133mL [38;2;0;0;236m$       [39m
 [38;2;0;0;0m    [38;2;0;0;216m4[38;2;0;0;195m[ [38;2;228;228;228m@[38;2;252;252;252m@@@@@@@@@@@@@@@@@@@@@[38;2;140;140;140mL [38;2;0;0;236m$       [39m
 [38;2;0;0;0m    [38;2;0;0;213m4[38;2;0;0;200m[ [38;2;235;235;235m$[38;2;252;252;252m@@@@@@@@@@@@@@@@@@@@[38;2;251;251;251m@[38;2;155;155;155mL [38;2;0;0;236m$       [39m
 [38;2;0;0;0m    [38;2;0;1;206m4[38;2;1;0;208m[ [38;2;230;230;230m$[38;2;252;252;252m@@@@@@@@@@@@@@@@@@@@[38;2;251;251;251m@[38;2;117;117;118m@ [38;2;0;0;234m$       [39m
 [38;2;0;0;0m    [38;2;1;1;194m4[38;2;1;0;216m[ [38;2;202;202;202m$[38;2;252;252;252m@@@@@@@@@@@@@@@@@@@@[38;2;251;251;251m@[38;2;158;158;158m$ [38;2;0;0;227mB[38;2;1;0;200m,      [39m
 [38;2;0;0;0m    [38;2;2;2;175mJ[38;2;0;0;217m@ [38;2;159;159;159m$[38;2;252;252;252m@@@@@@@@@@@@@@@@@@@@@[38;2;201;201;201m$ [38;2;0;0;213m9[38;2;1;0;208ml      [39m
 [38;2;0;0;0m     [38;2;0;0;233m@ [38;2;140;140;140m4[38;2;251;251;251m@[38;2;252;252;252m@@@@@@@@@@@@@@@@@@@[38;2;251;251;251m@[38;2;189;189;189m@ [38;2;0;0;207mg[38;2;1;1;218m[      [39m
 [38;2;0;0;0m     [38;2;0;0;219m~[38;2;0;0;225mg[38;2;1;0;205m_[38;2;191;191;191m~F[38;2;251;251;251m~~[38;2;196;196;196mR[38;2;240;240;240m@[38;2;247;247;247m@[38;2;234;234;234m@[38;2;212;212;212mP[38;2;252;252;252m~~[38;2;165;165;165m5[38;2;217;217;217m@[38;2;246;246;246m@[38;2;245;245;245m@[38;2;195;195;195m@[38;2;173;173;173mF[38;2;251;251;251m~[38;2;174;174;174mT[38;2;210;210;210mR[38;2;213;213;213mF[38;2;77;77;78m~[38;2;0;0;231m_[38;2;0;0;226m@[38;2;1;0;196m'      [39m
 [38;2;0;0;0m      [38;2;0;0;219m`[38;2;0;0;216m4[38;2;0;0;227ma[38;2;0;0;224mg[38;2;0;0;221m@[38;2;0;0;227ma[38;2;0;0;216my[38;2;0;0;226m___[38;2;0;0;216my[38;2;0;0;227ma[38;2;0;0;222m@[38;2;0;0;221mg[38;2;0;0;226m___[38;2;0;0;206my[38;2;0;0;226mg[38;2;0;0;224m@[38;2;0;0;225mg[38;2;0;0;212my[38;2;0;0;217ma[38;2;0;0;218m@[38;2;0;0;213mF[38;2;1;1;197m'       [39m
 [38;2;0;0;0m         [38;2;2;0;209m`  [38;2;0;0;233m`[38;2;0;0;230m~[38;2;0;0;229m~[38;2;0;0;231m~[38;2;1;1;203m~  [38;2;0;1;207m`[38;2;0;0;225m~[38;2;0;0;230m~~[38;2;0;0;222m~[38;2;1;2;197m`  [38;2;1;1;208m~[38;2;0;0;228m`          [39m
 [38;2;0;0;0m                                       [39m
 [38;2;0;0;0m                                       [39m
[?25h