[?25l[39m [38;2;0;0;0m             [38;2;0;0;222m_[38;2;0;0;225m_[38;2;1;0;211my[38;2;0;0;225ma[38;2;0;0;229ma[38;2;0;0;227maa[38;2;0;0;229ma[38;2;0;0;221mg[38;2;1;0;211my[38;2;0;0;225m__              [39m
 [38;2;0;0;0m          [38;2;0;0;229m_[38;2;0;0;224mg[38;2;0;0;225mP[38;2;0;0;226m~~[38;2;175;175;175m_[38;2;137;137;137my[38;2;165;165;165my[38;2;179;179;179myy[38;2;164;164;164my[38;2;247;247;247m_[38;2;176;176;176m_[38;2;0;0;224m~[38;2;0;0;225m~[38;2;0;0;226m4[38;2;0;0;223mg[38;2;0;0;230m_           [39m
 [38;2;0;0;0m        [38;2;0;0;231m_[38;2;0;0;220m$[38;2;0;0;229m~[38;2;80;80;80m_[38;2;185;185;185my[38;2;243;243;243mg[38;2;246;246;246m@[38;2;251;251;251m@[38;2;252;252;252m@@@@@@[38;2;251;251;251m@[38;2;249;249;249m@[38;2;243;243;243mg[38;2;181;181;181my[38;2;81;81;81m_[38;2;0;0;225m~[38;2;0;0;219m@[38;2;0;0;231m_         [39m
 [38;2;0;0;0m       [38;2;0;0;227mg[38;2;0;0;216mF [38;2;186;186;186mg[38;2;244;244;244m@[38;2;252;252;252m@@@@@@@@@@@@@@[38;2;248;248;248m@[38;2;184;184;184mg [38;2;0;0;226m~[38;2;0;0;224m$[38;2;0;1;199m,       [39m
 [38;2;0;0;0m      [38;2;0;0;232mg[38;2;0;0;204m~ [38;2;243;243;243mg[38;2;251;251;251m@[38;2;246;246;246m@[38;2;241;241;241m@[38;2;251;251;251m@[38;2;252;252;252m@@@@@@@@@@@@@@[38;2;222;222;222m@[38;2;80;80;80m,[38;2;0;0;207m"[38;2;0;0;230m$       [39m
 [38;2;0;0;0m     [38;2;0;0;217mj[38;2;0;0;221mF [38;2;220;220;220mg[38;2;251;251;251m@[38;2;250;250;250m@[38;2;233;233;233m_ [38;2;116;116;116m~[38;2;248;248;248m~[38;2;205;205;205mR[38;2;247;247;247m@[38;2;251;251;251m@[38;2;252;252;252m@[38;2;251;251;251m@@[38;2;252;252;252m@@@@@[38;2;251;251;251m@[38;2;252;252;252m@@[38;2;205;205;205m@ [38;2;0;0;208m?[38;2;0;0;220m[      [39m
 [38;2;0;0;0m     [38;2;0;0;221m@  [38;2;248;248;248m@[38;2;252;252;252m@@[38;2;251;251;251m@[38;2;241;241;241m@[38;2;208;208;208m=   [38;2;196;196;196m$[38;2;251;251;251m@[38;2;213;213;213m@      [38;2;77;77;77m`[38;2;217;217;217m$[38;2;252;252;252m@[38;2;251;251;251m@  [38;2;0;0;227m$      [39m
 [38;2;0;0;0m     [38;2;0;0;226m@  [38;2;249;249;249m@[38;2;252;252;252m@[38;2;250;250;250m@[38;2;184;184;184m~ [38;2;203;203;203m_[38;2;199;199;199my[38;2;246;246;246mg[38;2;250;250;250m@[38;2;252;252;252m@@@@@@@@@@@@[38;2;251;251;251m@  [38;2;0;0;226m@      [39m
 [38;2;0;0;0m     [38;2;0;0;225m@  [38;2;249;249;249m@[38;2;252;252;252m@@[38;2;247;247;247m@[38;2;241;241;241m@[38;2;251;251;251m@[38;2;252;252;252m@@@@@@@@@@@@@@@[38;2;251;251;251m@  [38;2;0;0;226m@      [39m
 [38;2;0;0;0m     [38;2;0;0;225m@  [38;2;249;249;249m@[38;2;252;252;252m@@@@@@@@@@@@@@@@@@@@[38;2;251;251;251m@  [38;2;0;0;226m@      [39m
 [38;2;0;0;0m     [38;2;0;0;225m@  [38;2;249;249;249m@[38;2;252;252;252m@@@@@@@@@@@@@@@@@@@@[38;2;251;251;251m@  [38;2;0;0;226m@      [39m
 [38;2;0;0;0m     [38;2;0;0;225m@  [38;2;249;249;249m@[38;2;252;252;252m@@@@@@@@@@@@@@@@@@@@[38;2;251;251;251m@  [38;2;0;0;226m@      [39m
 [38;2;0;0;0m     [38;2;0;0;225m@  [38;2;249;249;249m@[38;2;252;252;252m@@@@@@@@@@@@@@@@@@@@[38;2;251;251;251m@  [38;2;0;0;226m@      [39m
 [38;2;0;0;0m     [38;2;0;0;224m@  [38;2;245;245;245m@[38;2;252;252;252m@@@@@@@@@@@@@@@@@@@@[38;2;249;249;249m@  [38;2;0;0;225m@      [39m
 [38;2;0;0;0m     [38;2;1;1;202m4[38;2;0;0;224m$[38;2;0;0;210m,[38;2;172;172;172m~[38;2;189;189;189m@[38;2;250;250;250m@[38;2;251;251;251m@@[38;2;223;223;223m@[38;2;209;209;209mF[38;2;169;169;169mF[38;2;188;188;188mA[38;2;244;244;244m@[38;2;251;251;251m@@[38;2;245;245;245m@[38;2;220;220;220mP[38;2;174;174;174mF[38;2;167;167;167mM[38;2;217;217;217m@[38;2;251;251;251m@@[38;2;250;250;250m@[38;2;202;202;202m@[38;2;190;190;190m~ [38;2;0;0;227mg[38;2;0;0;220mF      [39m
 [38;2;0;0;0m      [38;2;0;0;229m~[38;2;0;0;227m@[38;2;0;0;224mg[38;2;0;0;226m_[38;2;0;0;228m_[38;2;152;152;152m`[38;2;0;0;228m_[38;2;0;0;226m_[38;2;0;0;221ma[38;2;0;0;227mg[38;2;0;0;211my[38;2;0;0;226m_[38;2;127;127;127m`[38;2;126;126;126m`[38;2;0;0;226m_[38;2;0;0;212my[38;2;0;0;227mg[38;2;0;0;219mg[38;2;0;0;226m_[38;2;0;0;228m_[38;2;147;147;147m`[38;2;0;0;228m_[38;2;0;0;226m_[38;2;0;0;224mg[38;2;0;0;227m@[38;2;0;1;209mF       [39m
 [38;2;0;0;0m        [38;2;0;0;227m~[38;2;0;0;226m~[38;2;0;0;231m=[38;2;1;0;214mP[38;2;0;0;230m=[38;2;0;0;227m~~[38;2;0;0;222m~[38;2;0;0;227m~[38;2;0;0;228m=[38;2;0;0;229m==[38;2;0;0;228m=[38;2;0;0;227m~[38;2;0;0;219m~[38;2;0;0;225m~[38;2;0;0;226m~[38;2;0;0;231m=[38;2;0;0;214mP[38;2;0;0;231m=[38;2;0;0;226m~[38;2;0;0;227m~         [39m
 [38;2;0;0;0m                                       [39m
 [38;2;0;0;0m                                       [39m
[?25h