[?25l[39m [38;2;0;0;0m                                       [39m
 [38;2;0;0;0m            [38;2;0;0;218m_[38;2;0;0;226m_[38;2;0;0;220my[38;2;0;0;229ma[38;2;0;0;217m#[38;2;0;0;216mP[38;2;0;0;219mP[38;2;0;0;218mP[38;2;0;0;212mR[38;2;0;0;217m#[38;2;0;0;229ma[38;2;0;0;220my[38;2;0;0;226m_[38;2;1;0;219m_             [39m
 [38;2;0;0;0m         [38;2;2;2;193m_[38;2;1;0;212my[38;2;0;0;214m@[38;2;0;0;226m~[38;2;0;0;228m~[38;2;181;181;181m_[38;2;164;164;164my[38;2;196;196;196my[38;2;219;219;219my[38;2;205;205;205ma[38;2;198;198;198mg[38;2;219;219;219my[38;2;197;197;197my[38;2;159;159;159my[38;2;181;181;181m_[38;2;0;0;226m~[38;2;0;0;225m~[38;2;0;0;217m@[38;2;1;0;212my[38;2;1;0;216m,          [39m
 [38;2;0;0;0m        [38;2;1;0;217mg[38;2;0;0;226mP[38;2;0;0;209m~[38;2;216;216;216m_[38;2;213;213;213mg[38;2;234;234;234m@[38;2;251;251;251m@[38;2;252;252;252m@@@@@@@@[38;2;251;251;251m@[38;2;240;240;240m@[38;2;213;213;213mg[38;2;216;216;216m_[38;2;0;0;206m~[38;2;0;0;225m4[38;2;0;0;217mg[38;2;3;1;191m,        [39m
 [38;2;0;0;0m      [38;2;2;2;189m_[38;2;0;0;224m@[38;2;1;0;211m~[38;2;117;117;117m_[38;2;233;233;233mg[38;2;251;251;251m@[38;2;252;252;252m@@@@@@@@@@@@@@[38;2;251;251;251m@[38;2;205;205;205m$[38;2;117;117;117m_[38;2;0;0;207m~[38;2;0;0;224m@[38;2;0;0;231m,       [39m
 [38;2;0;0;0m      [38;2;0;0;229m@[38;2;1;0;198m'[38;2;95;95;95my[38;2;235;235;235m@[38;2;252;252;252m@@@[38;2;251;251;251m@@@[38;2;252;252;252m@@@@@@@[38;2;251;251;251m@@[38;2;252;252;252m@@@[38;2;244;244;244m@[38;2;124;124;125m_ [38;2;0;0;231m$[38;2;1;0;203m,      [39m
 [38;2;0;0;0m     [38;2;0;0;221mJ[38;2;0;0;210mF [38;2;216;216;216m$[38;2;252;252;252m@@[38;2;190;190;190m@[38;2;249;249;249m~[38;2;128;128;128mZ[38;2;175;175;175my[38;2;134;134;134mZ[38;2;247;247;247m~[38;2;206;206;206m@[38;2;251;251;251m@[38;2;252;252;252m@[38;2;235;235;235m@[38;2;188;188;188mF[38;2;242;242;242m_[38;2;174;174;174my[38;2;165;165;165my[38;2;234;234;234m~[38;2;189;189;189mM[38;2;251;251;251m@[38;2;252;252;252m@[38;2;227;227;227m@ [38;2;1;0;206m"[38;2;1;0;211m$      [39m
 [38;2;0;0;0m     [38;2;0;0;224m@  [38;2;249;249;249m@[38;2;251;251;251m@[38;2;179;179;179m@[38;2;67;67;67mu[38;2;218;218;218mF[38;2;122;122;122m`[38;2;143;143;143my[38;2;71;71;71m~[38;2;191;191;191m$ [38;2;228;228;228m@[38;2;244;244;244m@[38;2;80;80;80m~[38;2;170;170;170m$[38;2;144;144;144m~[38;2;159;159;159my[38;2;120;120;120m~[38;2;135;135;135m4[38;2;91;91;91mr[38;2;175;175;175m3[38;2;251;251;251m@@  [38;2;0;0;228m$      [39m
 [38;2;0;0;0m     [38;2;0;0;226m@  [38;2;249;249;249m@[38;2;252;252;252m@[38;2;201;201;201m@[38;2;64;64;64m"[38;2;153;153;153m@[38;2;234;234;234m_[38;2;238;238;238m_[38;2;240;240;240m_[38;2;230;230;230m_[38;2;199;199;199my[38;2;249;249;249m@[38;2;248;248;248m@[38;2;124;124;124m_[38;2;163;163;163m#[38;2;143;143;143my[38;2;229;229;229m_[38;2;153;153;153my[38;2;228;228;228m_[38;2;155;155;155my[38;2;212;212;212m@[38;2;252;252;252m@[38;2;251;251;251m@  [38;2;0;0;226m@      [39m
 [38;2;0;0;0m     [38;2;0;0;226m@  [38;2;249;249;249m@[38;2;252;252;252m@@[38;2;228;228;228m@[38;2;212;212;212my[38;2;169;169;169my[38;2;155;155;155my[38;2;181;181;181my[38;2;249;249;249m@[38;2;252;252;252m@@@[38;2;250;250;250m@[38;2;214;214;214mg[38;2;181;181;181my[38;2;158;158;158my[38;2;161;161;161my[38;2;220;220;220m$[38;2;251;251;251m@[38;2;252;252;252m@@[38;2;251;251;251m@  [38;2;0;0;226m@      [39m
 [38;2;0;0;0m     [38;2;0;0;226m@  [38;2;249;249;249m@[38;2;252;252;252m@@@@@@@@@@@@@@@@@@@@[38;2;251;251;251m@  [38;2;0;0;226m@      [39m
 [38;2;0;0;0m     [38;2;0;0;226m@  [38;2;249;249;249m@[38;2;252;252;252m@@@@@@@@@@@@@@@@@@@@[38;2;251;251;251m@  [38;2;0;0;227m@      [39m
 [38;2;0;0;0m     [38;2;0;0;226m@  [38;2;249;249;249m@[38;2;252;252;252m@@@@@@@@@@@@@@@@@@@@[38;2;251;251;251m@  [38;2;0;0;227m@      [39m
 [38;2;0;0;0m     [38;2;0;0;226m@  [38;2;249;249;249m@[38;2;252;252;252m@@@@@@@@@@@@@@@@@@@@[38;2;251;251;251m@  [38;2;0;0;227m@      [39m
 [38;2;0;0;0m     [38;2;0;0;221m@  [38;2;245;245;245m@[38;2;252;252;252m@@@@@@@@@@@@@@@@@@@@[38;2;249;249;249m@  [38;2;0;0;223m@      [39m
 [38;2;0;0;0m     [38;2;1;0;212m`[38;2;0;0;225m$[38;2;0;0;212m,[38;2;165;165;165m~[38;2;192;192;192m@[38;2;251;251;251m@[38;2;252;252;252m@@[38;2;224;224;224m@[38;2;208;208;208mF[38;2;179;179;179mF[38;2;160;160;160m@[38;2;244;244;244m@[38;2;252;252;252m@@[38;2;244;244;244m@[38;2;171;171;171m@[38;2;183;183;183mF[38;2;167;167;167mP[38;2;219;219;219m@[38;2;252;252;252m@@[38;2;251;251;251m@[38;2;206;206;206m@[38;2;193;193;193m~ [38;2;0;0;230ma[38;2;2;1;194mF      [39m
 [38;2;0;0;0m      [38;2;0;0;218m`[38;2;0;0;225m4[38;2;0;0;226mg[38;2;0;0;225m_[38;2;0;0;226m_[38;2;138;138;138m`[38;2;0;0;226m_[38;2;0;0;225m_[38;2;0;0;222ma[38;2;0;0;227ma[38;2;0;0;208my[38;2;0;0;225m_[38;2;129;129;129m`[38;2;128;128;128m`[38;2;0;0;225m_[38;2;0;0;209my[38;2;0;0;226ma[38;2;0;0;219mg[38;2;0;0;225m_[38;2;0;0;226m_[38;2;138;138;138m`[38;2;0;0;226m_[38;2;0;0;227m_[38;2;0;0;226mg[38;2;0;0;228mP[38;2;1;1;202m~       [39m
 [38;2;0;0;0m        [38;2;4;2;189m`[38;2;0;0;223m~[38;2;0;0;226m~~~[38;2;0;0;227m~[38;2;2;0;210m` [38;2;1;1;208m~[38;2;0;0;226m~[38;2;0;0;227m~[38;2;0;0;226m~~[38;2;2;1;207m~ [38;2;3;0;207m`[38;2;0;0;225m~[38;2;0;0;227m~[38;2;0;0;226m~~[38;2;0;0;225m~[38;2;3;2;194m`         [39m
 [38;2;0;0;0m                                       [39m
[?25h