[?25l[39m [38;2;0;0;0m                 [38;2;0;0;223m_[38;2;0;0;234m_[38;2;0;0;235m_[38;2;1;0;224m_                  [39m
 [38;2;0;0;0m           [38;2;1;0;209m_[38;2;0;0;224m_g[38;2;0;0;218m#[38;2;0;0;229m=~[38;2;0;0;227m~[38;2;0;0;225m~~[38;2;0;0;226m~[38;2;0;0;229m~[38;2;0;0;228m=[38;2;0;0;211m@[38;2;0;0;224mg[38;2;0;0;225m_[38;2;1;0;210m_            [39m
 [38;2;0;0;0m         [38;2;0;0;230m_[38;2;0;0;227ma[38;2;0;0;213mF[38;2;0;0;225m~[38;2;201;201;201m_[38;2;185;185;185my[38;2;214;214;214ma[38;2;252;252;252mg[38;2;230;230;230m$[38;2;226;226;226m@[38;2;227;227;227m@[38;2;231;231;231m$[38;2;252;252;252mg[38;2;205;205;205mg[38;2;185;185;185my[38;2;201;201;201m_[38;2;0;0;221m~[38;2;0;0;208m?[38;2;0;0;217m@[38;2;0;0;230m_          [39m
 [38;2;0;0;0m       [38;2;0;0;213m_[38;2;0;0;220m$[38;2;0;0;230m~[38;2;76;76;76m_[38;2;207;207;207my[38;2;225;225;225m@[38;2;251;251;251m@[38;2;252;252;252m@@@@@@@@@@[38;2;251;251;251m@[38;2;233;233;233m@[38;2;206;206;206my[38;2;72;72;72m,[38;2;0;0;225m~[38;2;0;0;222m@[38;2;0;0;213m_        [39m
 [38;2;0;0;0m      [38;2;1;0;207mj[38;2;0;0;230mP [38;2;168;168;168my[38;2;238;238;238m@[38;2;252;252;252m@@@@@@@@@@@@@@@@[38;2;245;245;245m@[38;2;154;154;155my [38;2;0;0;230m4[38;2;0;0;221m_       [39m
 [38;2;0;0;0m      [38;2;0;0;226m@ [38;2;162;162;162my[38;2;250;250;250m@[38;2;251;251;251m@[38;2;241;241;241m@[38;2;232;232;232m@[38;2;251;251;251m@[38;2;252;252;252m@@@@@@@@@@@@@@[38;2;251;251;251m@[38;2;147;147;147my [38;2;0;0;226mB[38;2;0;0;229m,      [39m
 [38;2;0;0;0m     [38;2;0;0;216mg[38;2;0;0;196m[ [38;2;227;227;227m@[38;2;252;252;252m@[38;2;251;251;251m@[38;2;151;151;151my [38;2;98;98;98m~[38;2;244;244;244m~[38;2;187;187;187mR[38;2;243;243;243m@[38;2;251;251;251m@[38;2;252;252;252m@[38;2;251;251;251m@[38;2;252;252;252m@@@@@@@@@[38;2;242;242;242m@  [38;2;0;0;219m$      [39m
 [38;2;0;0;0m     [38;2;0;0;225m@  [38;2;249;249;249m@[38;2;252;252;252m@@[38;2;251;251;251m@[38;2;236;236;236m@[38;2;197;197;197m=  [38;2;104;104;104m_[38;2;203;203;203m$[38;2;251;251;251m@[38;2;215;215;215m@[38;2;142;142;142m_[38;2;118;118;118m_____[38;2;152;152;152m_[38;2;217;217;217m$[38;2;252;252;252m@[38;2;251;251;251m@  [38;2;0;0;226m@      [39m
 [38;2;0;0;0m     [38;2;0;0;225m@  [38;2;249;249;249m@[38;2;252;252;252m@[38;2;251;251;251m@[38;2;159;159;159m~ [38;2;235;235;235m_[38;2;214;214;214my[38;2;249;249;249mg[38;2;250;250;250m@[38;2;252;252;252m@@@@[38;2;251;251;251m@@@@@@[38;2;252;252;252m@@[38;2;251;251;251m@  [38;2;0;0;227m@      [39m
 [38;2;0;0;0m     [38;2;0;0;225m@  [38;2;249;249;249m@[38;2;252;252;252m@@[38;2;251;251;251m@[38;2;250;250;250m@[38;2;251;251;251m@[38;2;252;252;252m@@@@@@@@@@@@@@@[38;2;251;251;251m@  [38;2;0;0;227m@      [39m
 [38;2;0;0;0m     [38;2;0;0;225m@  [38;2;249;249;249m@[38;2;252;252;252m@@@@@@@@@@@@@@@@@@@@[38;2;251;251;251m@  [38;2;0;0;227m@      [39m
 [38;2;0;0;0m     [38;2;0;0;225m@  [38;2;249;249;249m@[38;2;252;252;252m@@@@@@@@@@@@@@@@@@@@[38;2;251;251;251m@  [38;2;0;0;226m@      [39m
 [38;2;0;0;0m     [38;2;0;0;225m@  [38;2;249;249;249m@[38;2;252;252;252m@@@@@@@@@@@@@@@@@@@@[38;2;251;251;251m@  [38;2;0;0;227m@      [39m
 [38;2;0;0;0m     [38;2;0;0;226m@  [38;2;249;249;249m@[38;2;252;252;252m@@@@@@@@@@@@@@@@@@@@[38;2;251;251;251m@  [38;2;0;0;226m@      [39m
 [38;2;0;0;0m     [38;2;0;0;220m@[38;2;0;0;213m, [38;2;242;242;242m@[38;2;252;252;252m@@@@@@@@@@@@@@@@@@@@[38;2;248;248;248m@  [38;2;0;0;222m@      [39m
 [38;2;0;0;0m     [38;2;1;0;212m`[38;2;0;0;225m@[38;2;0;0;215m_[38;2;134;134;134m~[38;2;165;165;165m@[38;2;242;242;242m@[38;2;251;251;251m@[38;2;248;248;248m@[38;2;200;200;200m@[38;2;185;185;185mF[38;2;251;251;251m~[38;2;172;172;172mP[38;2;225;225;225m@[38;2;251;251;251m@@[38;2;228;228;228m@[38;2;217;217;217mF[38;2;251;251;251m~[38;2;145;145;145mM[38;2;191;191;191m@[38;2;248;248;248m@[38;2;251;251;251m@[38;2;243;243;243m@[38;2;181;181;181m@[38;2;165;165;165m~[38;2;0;0;212m_[38;2;0;0;230mg[38;2;0;0;233m'      [39m
 [38;2;0;0;0m      [38;2;0;0;218m`[38;2;0;0;224m4[38;2;0;0;227mg[38;2;0;0;209my[38;2;0;0;225m__[38;2;0;0;226m_[38;2;0;0;227m_g[38;2;0;0;225m@[38;2;0;0;215mg[38;2;0;0;227m_[38;2;0;0;225m__[38;2;0;0;227m_[38;2;0;0;221ma[38;2;0;0;222m@[38;2;0;0;227mg_[38;2;0;0;226m_[38;2;0;0;225m__[38;2;0;0;208my[38;2;0;0;228mg[38;2;0;0;226mP[38;2;1;1;201m~       [39m
 [38;2;0;0;0m        [38;2;3;3;188m`[38;2;0;0;223m~[38;2;0;0;226m~[38;2;0;0;227m~~[38;2;0;0;226m~[38;2;2;0;207m` [38;2;1;1;204m~[38;2;0;0;226m~[38;2;0;0;227m~~[38;2;0;0;226m~[38;2;0;1;206m~ [38;2;1;0;206m`[38;2;0;0;224m~[38;2;0;0;227m~~[38;2;0;0;226m~[38;2;0;0;224m~[38;2;2;3;191m`         [39m
 [38;2;0;0;0m                                       [39m
[?25h