[?25l[39m [38;2;0;0;0m             [38;2;3;2;184m_[38;2;0;0;229m_[38;2;0;0;225m_[38;2;1;1;211my[38;2;0;0;216ma[38;2;0;0;225ma[38;2;0;0;224ma[38;2;0;0;222my[38;2;1;1;211my[38;2;0;0;225m_[38;2;0;0;229m_               [39m
 [38;2;0;0;0m          [38;2;0;0;225m_[38;2;1;0;214ma[38;2;0;0;220m#[38;2;0;0;210mF[38;2;0;0;226m~[38;2;0;0;220m~[38;2;212;212;212m_[38;2;244;244;244m_[38;2;146;146;146myy[38;2;244;244;244m_[38;2;213;213;213m_[38;2;0;0;219m~[38;2;0;0;226m~[38;2;0;0;217m=[38;2;0;0;215m@[38;2;0;0;218my[38;2;0;0;225m_           [39m
 [38;2;0;0;0m        [38;2;0;0;226m_[38;2;0;0;228ma[38;2;0;0;210mF[38;2;1;0;220m`[38;2;155;155;155my[38;2;218;218;218ma[38;2;231;231;231m$[38;2;251;251;251m@@[38;2;252;252;252m@@@@[38;2;251;251;251m@@[38;2;225;225;225m@[38;2;209;209;209mg[38;2;145;145;145my[38;2;1;0;220m`[38;2;0;0;226m~[38;2;0;0;219m@[38;2;0;0;226m_         [39m
 [38;2;0;0;0m       [38;2;0;0;222mg[38;2;0;0;225mF [38;2;193;193;193my[38;2;230;230;230m@[38;2;251;251;251m@[38;2;252;252;252m@@@@@@@@@@@@@[38;2;239;239;239m@[38;2;186;186;186my [38;2;0;0;218m?[38;2;0;0;222mg        [39m
 [38;2;0;0;0m      [38;2;0;0;228mg[38;2;0;0;206mF [38;2;228;228;228mg[38;2;251;251;251m@[38;2;252;252;252m@@@@@@@@@@@@@@@@[38;2;251;251;251m@[38;2;202;202;202m@ [38;2;0;0;213m~[38;2;0;0;226m$       [39m
 [38;2;0;0;0m     [38;2;0;0;211mj[38;2;0;0;227mF [38;2;210;210;210mg[38;2;251;251;251m@@[38;2;215;215;215mF[38;2;148;148;148mM[38;2;182;182;182m@[38;2;249;249;249m@[38;2;251;251;251m@[38;2;252;252;252m@@@@[38;2;227;227;227m@[38;2;168;168;168mF[38;2;165;165;165m5[38;2;222;222;222m@[38;2;251;251;251m@[38;2;252;252;252m@@@[38;2;251;251;251m@[38;2;190;190;190m@ [38;2;0;0;217m?[38;2;0;0;220ml      [39m
 [38;2;0;0;0m     [38;2;0;0;219m@  [38;2;246;246;246m@[38;2;252;252;252m@[38;2;251;251;251m@[38;2;235;235;235mg[38;2;180;180;180my[38;2;149;149;149m_[38;2;65;65;65m`[38;2;208;208;208m~[38;2;160;160;160m5[38;2;240;240;240m@[38;2;252;252;252m@@[38;2;245;245;245m@[38;2;195;195;195mg[38;2;139;139;139my [38;2;95;95;95m~[38;2;244;244;244m~[38;2;169;169;169m@[38;2;251;251;251m@[38;2;252;252;252m@[38;2;250;250;250m@  [38;2;0;0;226m$      [39m
 [38;2;0;0;0m     [38;2;0;0;226m@  [38;2;249;249;249m@[38;2;252;252;252m@[38;2;251;251;251m@[38;2;210;210;210m@[38;2;198;198;198mF[38;2;184;184;184m~ [38;2;196;196;196m_[38;2;197;197;197my[38;2;225;225;225m@[38;2;252;252;252m@@[38;2;249;249;249m@[38;2;170;170;170m@[38;2;251;251;251m~[38;2;141;141;141m` [38;2;145;145;145my[38;2;199;199;199mg[38;2;251;251;251m@[38;2;252;252;252m@[38;2;251;251;251m@  [38;2;0;0;226m@      [39m
 [38;2;0;0;0m     [38;2;0;0;226m@  [38;2;249;249;249m@[38;2;252;252;252m@[38;2;251;251;251m@[38;2;196;196;196my[38;2;175;175;175my[38;2;222;222;222mg[38;2;233;233;233m@[38;2;251;251;251m@[38;2;252;252;252m@@@@[38;2;221;221;221m@[38;2;165;165;165my[38;2;201;201;201my[38;2;245;245;245mg[38;2;248;248;248m@[38;2;251;251;251m@[38;2;252;252;252m@@@[38;2;251;251;251m@  [38;2;0;0;226m@      [39m
 [38;2;0;0;0m     [38;2;0;0;226m@  [38;2;249;249;249m@[38;2;252;252;252m@@@@@@@@@@@@@@@@@@@@[38;2;251;251;251m@  [38;2;0;0;226m@      [39m
 [38;2;0;0;0m     [38;2;0;0;226m@  [38;2;249;249;249m@[38;2;252;252;252m@@@@@@@@@@@@@@@@@@@@[38;2;251;251;251m@  [38;2;0;0;226m@      [39m
 [38;2;0;0;0m     [38;2;0;0;226m@  [38;2;249;249;249m@[38;2;252;252;252m@@@@@@@@@@@@@@@@@@@@[38;2;251;251;251m@  [38;2;0;0;227m@      [39m
 [38;2;0;0;0m     [38;2;0;0;226m@  [38;2;249;249;249m@[38;2;252;252;252m@@@@@@@@@@@@@@@@@@@@[38;2;251;251;251m@  [38;2;0;0;227m@      [39m
 [38;2;0;0;0m     [38;2;0;0;225m@  [38;2;246;246;246m@[38;2;252;252;252m@@@@@@@@@@@@@@@@@@@@[38;2;249;249;249m@  [38;2;0;0;226m@      [39m
 [38;2;0;0;0m     [38;2;2;1;205m4[38;2;0;0;223m$[38;2;0;0;208m,[38;2;176;176;176m~[38;2;197;197;197m@[38;2;251;251;251m@@@[38;2;215;215;215m@[38;2;206;206;206mF[38;2;184;184;184mF[38;2;176;176;176m@[38;2;249;249;249m@[38;2;251;251;251m@@[38;2;243;243;243m@[38;2;212;212;212mP[38;2;181;181;181mFP[38;2;236;236;236m@[38;2;251;251;251m@@[38;2;250;250;250m@[38;2;198;198;198m@[38;2;196;196;196m~ [38;2;0;0;226mg[38;2;0;0;222mF      [39m
 [38;2;0;0;0m      [38;2;0;0;230m~[38;2;0;0;227m@[38;2;0;0;223mg[38;2;0;0;226m_[38;2;0;0;229m_[38;2;181;181;181m`[38;2;0;0;228m_[38;2;0;0;226m_[38;2;0;0;224ma[38;2;0;0;226mg_[38;2;0;0;228m_[38;2;173;173;173m`[38;2;144;144;144m`[38;2;0;0;226m_[38;2;0;0;214my[38;2;0;0;227mg[38;2;0;0;217my[38;2;0;0;227m_[38;2;131;131;131m`[38;2;179;179;179m`[38;2;0;0;228m_[38;2;0;0;226m_[38;2;0;0;225mg[38;2;0;0;227m@[38;2;0;0;215mF       [39m
 [38;2;0;0;0m        [38;2;0;0;227m~~[38;2;0;0;229m=[38;2;0;0;216mP[38;2;0;0;229m=[38;2;0;0;227m~~[38;2;0;0;228m~[38;2;0;0;226m~[38;2;0;0;230m=[38;2;0;0;216mP[38;2;0;0;217mP[38;2;0;0;230m=[38;2;0;0;227m~[38;2;0;0;228m~[38;2;0;0;227m~[38;2;0;0;229m=[38;2;0;0;217m4P[38;2;0;0;230m=[38;2;0;0;226m~[38;2;0;0;227m~[38;2;2;3;185m`        [39m
 [38;2;0;0;0m                                       [39m
 [38;2;0;0;0m                                       [39m
[?25h