[?25l[39m [38;2;0;0;0m             [38;2;1;1;202m_[38;2;0;0;227m__[38;2;1;1;209my[38;2;0;0;218my[38;2;1;0;219ma[38;2;1;0;215ma[38;2;0;0;214my[38;2;0;0;227m_[38;2;0;0;224m_[38;2;0;0;226m_               [39m
 [38;2;0;0;0m          [38;2;0;0;228m_[38;2;0;0;222mg[38;2;0;0;223m@[38;2;0;0;221mP[38;2;0;0;226m~[38;2;0;0;227m~~[38;2;101;101;101m_[38;2;146;146;146m_[38;2;111;111;111m_[38;2;0;0;223m~[38;2;0;0;228m~[38;2;0;0;226m~=[38;2;0;0;224m@[38;2;0;0;226mg[38;2;0;0;227m_            [39m
 [38;2;0;0;0m        [38;2;0;0;213my[38;2;0;0;224m@~[38;2;0;0;201m~[38;2;147;147;147my[38;2;219;219;219my[38;2;251;251;251mg[38;2;241;241;241m@[38;2;251;251;251m@@@@@[38;2;247;247;247m@[38;2;252;252;252mg[38;2;219;219;219my[38;2;241;241;241m_[38;2;0;0;226m`[38;2;0;0;225m~@[38;2;0;0;215my          [39m
 [38;2;0;0;0m      [38;2;0;0;223m_[38;2;0;0;225m@[38;2;0;0;228m~[38;2;90;90;90m_[38;2;190;190;190mg[38;2;239;239;239m@[38;2;251;251;251m@[38;2;252;252;252m@@@@@@@@@@@[38;2;251;251;251m@[38;2;240;240;240m@[38;2;195;195;195my [38;2;0;0;225m~[38;2;0;0;227m@[38;2;0;0;233m,        [39m
 [38;2;0;0;0m     [38;2;0;0;212mj[38;2;0;0;220m@ [38;2;157;157;158my[38;2;239;239;239m@[38;2;252;252;252m@@@@@@@@@@@@@@@@@[38;2;220;220;220m@[38;2;91;91;91m_[38;2;0;0;202m"[38;2;0;0;229m@[38;2;0;0;224m,       [39m
 [38;2;0;0;0m     [38;2;0;0;233m@ [38;2;118;118;119my[38;2;248;248;248m@[38;2;252;252;252m@@@@@@@@@@@@@@@@@@@[38;2;225;225;225m@ [38;2;0;0;207m"[38;2;0;0;223m$       [39m
 [38;2;0;0;0m    [38;2;1;1;205mJ[38;2;0;0;218mF [38;2;202;202;202m4[38;2;206;206;206mR[38;2;205;205;205m@[38;2;251;251;251m@[38;2;252;252;252m@@@@@@@@@@@@@@@@@[38;2;251;251;251m@[38;2;146;146;146mL [38;2;0;0;235m$       [39m
 [38;2;0;0;0m    [38;2;1;1;206m4[38;2;1;1;209m[ [38;2;151;151;151my[38;2;155;155;155my[38;2;190;190;190my[38;2;244;244;244m@[38;2;252;252;252m@@@@@@@@@@@@@@@@@[38;2;251;251;251m@[38;2;117;117;118m@ [38;2;0;0;234m$       [39m
 [38;2;0;0;0m    [38;2;1;1;204m4[38;2;1;1;210m[ [38;2;229;229;229m$[38;2;252;252;252m@@@@@@@@@@@@@@@@@@@@[38;2;251;251;251m@[38;2;122;122;122m@ [38;2;0;0;233m$       [39m
 [38;2;0;0;0m    [38;2;1;1;201m4[38;2;1;0;213m[ [38;2;218;218;218m$[38;2;252;252;252m@@@@@@@@@@@@@@@@@@@@[38;2;251;251;251m@[38;2;134;134;134m@ [38;2;0;0;231m$       [39m
 [38;2;0;0;0m    [38;2;1;1;197mJ[38;2;1;0;216m[ [38;2;200;200;200m$[38;2;252;252;252m@@@@@@@@@@@@@@@@@@@@[38;2;251;251;251m@[38;2;161;161;162m$ [38;2;0;0;224m$[38;2;1;0;197m,      [39m
 [38;2;0;0;0m    [38;2;2;2;182mJ[38;2;0;0;213m$ [38;2;170;170;170m$[38;2;252;252;252m@@@@@@@@@@@@@@@@@@@@@[38;2;192;192;192m$ [38;2;0;0;216m0[38;2;1;0;201ml      [39m
 [38;2;0;0;0m     [38;2;0;0;225m@ [38;2;186;186;186m4[38;2;251;251;251m@[38;2;252;252;252m@@@@@@@@@@@@@@@@@@@@[38;2;206;206;206m@ [38;2;0;0;210m4[38;2;1;0;215m[      [39m
 [38;2;0;0;0m     [38;2;0;0;235m@ [38;2;120;120;120m4[38;2;251;251;251m@[38;2;252;252;252m@@@@@@@@@@@@@@@@@@@@[38;2;205;205;205m@ [38;2;0;0;220mj[38;2;1;0;222m[      [39m
 [38;2;0;0;0m     [38;2;0;0;217m~[38;2;0;0;226mg[38;2;1;0;209m_[38;2;185;185;185m~[38;2;251;251;251m~~[38;2;142;142;142m5[38;2;199;199;199m@[38;2;246;246;246m@@[38;2;211;211;211m@[38;2;202;202;202mF[38;2;251;251;251m~~[38;2;194;194;194mR[38;2;239;239;239m@[38;2;247;247;247m@[38;2;235;235;235m@[38;2;215;215;215mP[38;2;252;252;252m~~[38;2;163;163;163m5[38;2;205;205;205m@[38;2;215;215;215mF[38;2;86;86;86m~[38;2;0;0;230m_[38;2;0;0;227m@[38;2;0;0;207m'      [39m
 [38;2;0;0;0m      [38;2;0;0;219m`[38;2;0;0;217m4[38;2;0;0;226ma[38;2;0;0;227mg[38;2;0;0;226m@[38;2;0;0;225mg[38;2;0;0;204my[38;2;0;0;226m__[38;2;0;0;227m_[38;2;0;0;221mg[38;2;0;0;222m@[38;2;0;0;227ma[38;2;0;0;216my[38;2;0;0;226m___[38;2;0;0;217my[38;2;0;0;227ma[38;2;0;0;223m@[38;2;0;0;221mg[38;2;0;0;203my[38;2;0;0;217ma[38;2;0;0;218m@[38;2;0;0;215mF[38;2;1;0;208m'       [39m
 [38;2;0;0;0m           [38;2;1;1;201m`[38;2;0;0;224m~[38;2;0;0;229m~[38;2;0;0;228m~[38;2;0;0;229m~[38;2;0;0;220m`  [38;2;2;1;202m~[38;2;0;0;230m~[38;2;0;0;228m~[38;2;0;0;230m~[38;2;0;1;209m~  [38;2;0;0;211m`[38;2;0;0;226m~[38;2;0;0;231m`          [39m
 [38;2;0;0;0m                                       [39m
 [38;2;0;0;0m                                       [39m
[?25h