[?25l[39m [38;2;0;0;0m                                       [39m
 [38;2;0;0;0m             [38;2;0;0;226m_[38;2;1;1;204my[38;2;0;0;223mg[38;2;0;0;229ma[38;2;0;0;222mm[38;2;0;0;215m#[38;2;0;0;214m#[38;2;0;0;216m#[38;2;0;0;228ma[38;2;0;0;224mg[38;2;0;1;211my[38;2;0;0;226m_[38;2;1;1;201m_             [39m
 [38;2;0;0;0m          [38;2;0;0;228m_[38;2;0;0;227ma[38;2;0;0;220mP[38;2;0;0;226m~[38;2;84;84;84m_[38;2;244;244;244m_[38;2;175;175;175my[38;2;198;198;198my[38;2;209;209;209my[38;2;210;210;210my[38;2;201;201;201my[38;2;182;182;182my[38;2;252;252;252m_[38;2;139;139;139m_[38;2;0;0;227m~[38;2;0;0;226m~[38;2;0;0;217m@[38;2;0;0;210my[38;2;1;0;211m,          [39m
 [38;2;0;0;0m        [38;2;0;0;231m_[38;2;0;0;216m@[38;2;0;0;227m~[38;2;117;117;117m_[38;2;205;205;205my[38;2;207;207;207m@[38;2;251;251;251m@@[38;2;252;252;252m@@@@@@@[38;2;251;251;251m@[38;2;234;234;234m@[38;2;205;205;205mg[38;2;215;215;215m_[38;2;0;0;209m~[38;2;0;0;224m4[38;2;0;0;218mg[38;2;1;1;203m,        [39m
 [38;2;0;0;0m       [38;2;0;0;229mg[38;2;0;0;216mF [38;2;190;190;190mg[38;2;248;248;248m@[38;2;252;252;252m@@@@@@@@@@@@@@[38;2;251;251;251m@[38;2;211;211;211m$[38;2;147;147;147m_[38;2;0;0;208m"[38;2;0;0;222m@[38;2;0;0;205m_       [39m
 [38;2;0;0;0m      [38;2;0;0;229mg[38;2;0;0;211m~ [38;2;237;237;237mg[38;2;251;251;251m@@@[38;2;252;252;252m@@@@@@@@@@@@@@@[38;2;250;250;250m@[38;2;120;120;121my [38;2;0;0;223m@[38;2;0;0;227m,      [39m
 [38;2;0;0;0m     [38;2;2;1;197mj[38;2;0;0;229mF [38;2;197;197;197mg[38;2;251;251;251m@@[38;2;211;211;211m~[38;2;173;173;173m~[38;2;176;176;176mT[38;2;182;182;182m@[38;2;250;250;250m@[38;2;252;252;252m@@@@@@@@@@@@@[38;2;243;243;243m@  [38;2;0;0;224m$      [39m
 [38;2;0;0;0m     [38;2;1;0;214m4[38;2;0;0;201m[ [38;2;223;223;223m@[38;2;252;252;252m@@[38;2;247;247;247m@[38;2;233;233;233mg[38;2;154;154;154mw  [38;2;209;209;209m~[38;2;205;205;205m@[38;2;251;251;251m@[38;2;220;220;220m@[38;2;250;250;250m~[38;2;248;248;248m~[38;2;249;249;249m~~~~[38;2;251;251;251m~[38;2;218;218;218m@[38;2;252;252;252m@@[38;2;133;133;133mL [38;2;0;0;236m$      [39m
 [38;2;0;0;0m     [38;2;0;0;216m4[38;2;0;0;198m[ [38;2;228;228;228m@[38;2;252;252;252m@[38;2;251;251;251m@[38;2;211;211;211mF[38;2;203;203;203m~ [38;2;202;202;202m_[38;2;196;196;196my[38;2;243;243;243mg[38;2;249;249;249m@[38;2;252;252;252m@[38;2;251;251;251m@[38;2;250;250;250mg[38;2;248;248;248mggggg[38;2;250;250;250mg[38;2;251;251;251m@[38;2;252;252;252m@@[38;2;140;140;140mL [38;2;0;0;236m$      [39m
 [38;2;0;0;0m     [38;2;0;0;216m4[38;2;0;0;183mL [38;2;229;229;229m@[38;2;252;252;252m@[38;2;251;251;251m@[38;2;238;238;238mg[38;2;228;228;228mg[38;2;234;234;234m@[38;2;251;251;251m@[38;2;252;252;252m@@@@@@@@@@@@@@@[38;2;137;137;137mL [38;2;0;0;237m$      [39m
 [38;2;0;0;0m     [38;2;0;0;218m4[38;2;0;0;194m[ [38;2;232;232;232m@[38;2;252;252;252m@@@@@@@@@@@@@@@@@@@@@[38;2;130;130;130mL [38;2;0;0;236m$      [39m
 [38;2;0;0;0m     [38;2;0;0;220m4[38;2;0;0;192m[ [38;2;237;237;237m@[38;2;252;252;252m@@@@@@@@@@@@@@@@@@@@[38;2;251;251;251m@[38;2;119;119;119mL [38;2;0;0;232m@      [39m
 [38;2;0;0;0m     [38;2;0;0;216mg  [38;2;242;242;242m@[38;2;252;252;252m@@@@@@@@@@@@@@@@@@@@[38;2;251;251;251m@[38;2;105;105;105mL [38;2;0;0;231m@      [39m
 [38;2;0;0;0m     [38;2;0;0;215m@  [38;2;246;246;246m@[38;2;252;252;252m@@@@@@@@@@@@@@@@@@@@[38;2;251;251;251m@[38;2;89;89;89mL [38;2;0;0;231m@      [39m
 [38;2;0;0;0m     [38;2;0;0;215m@  [38;2;242;242;242m@[38;2;252;252;252m@@@@@@@@@@@@@@@@@@@@[38;2;250;250;250m@  [38;2;0;0;226m@      [39m
 [38;2;0;0;0m     [38;2;1;1;211m`[38;2;0;0;223m@[38;2;0;0;210m,[38;2;160;160;160m~[38;2;194;194;194m@[38;2;251;251;251m@[38;2;250;250;250m@[38;2;194;194;194m@[38;2;192;192;192mF[38;2;185;185;185mF[38;2;201;201;201m@[38;2;251;251;251m@@[38;2;252;252;252m@[38;2;229;229;229m@[38;2;213;213;213mF[38;2;181;181;181mF[38;2;161;161;161m@[38;2;244;244;244m@[38;2;251;251;251m@[38;2;252;252;252m@[38;2;246;246;246m@[38;2;177;177;177m@[38;2;186;186;186mF[38;2;206;206;206m~ [38;2;0;0;227mg[38;2;1;1;199mF      [39m
 [38;2;0;0;0m      [38;2;1;0;216m`[38;2;0;0;226m4g[38;2;0;0;225m_[38;2;0;0;226m_[38;2;0;0;225m_[38;2;0;0;226m_[38;2;0;0;225mg[38;2;0;0;224mg[38;2;0;0;227m__[38;2;144;144;144m`[38;2;109;109;109m`[38;2;0;0;225m_[38;2;0;0;220ma[38;2;0;0;226ma[38;2;0;0;206my[38;2;0;0;225m_[38;2;137;137;137m`[38;2;138;138;138m`[38;2;0;0;225m_[38;2;0;0;207my[38;2;0;0;225mg[38;2;0;0;227mg[38;2;0;0;228mP[38;2;1;1;204m~       [39m
 [38;2;0;0;0m        [38;2;2;4;189m`[38;2;0;0;224m~[38;2;0;0;226m~~[38;2;1;0;218m~  [38;2;0;0;223m~[38;2;0;0;226m~~~~[38;2;2;0;209m` [38;2;2;1;203m~[38;2;0;0;226m~~~~[38;2;1;1;209m~           [39m
 [38;2;0;0;0m                                       [39m
[?25h