[?25l[39m [38;2;0;0;0m              [38;2;0;0;229m_[38;2;0;0;225m_[38;2;1;1;209my[38;2;0;0;220my[38;2;0;0;222maa[38;2;0;0;220my[38;2;1;1;209my[38;2;0;0;225m_[38;2;0;0;229m_               [39m
 [38;2;0;0;0m          [38;2;0;0;225m_[38;2;1;0;211ma[38;2;1;0;212m@[38;2;0;0;219m=[38;2;0;0;226m~[38;2;0;0;221m~[38;2;205;205;205m_[38;2;242;242;242m_[38;2;143;143;143my[38;2;142;142;142my[38;2;242;242;242m_[38;2;207;207;207m_[38;2;0;0;221m~[38;2;0;0;226m~[38;2;0;0;219m=[38;2;0;0;215m@[38;2;0;0;217my[38;2;0;0;225m_           [39m
 [38;2;0;0;0m        [38;2;0;0;225m_[38;2;0;0;228ma[38;2;0;0;212mF[38;2;1;0;222m`[38;2;152;152;152my[38;2;214;214;214ma[38;2;229;229;229m$[38;2;251;251;251m@@[38;2;252;252;252m@@@@[38;2;251;251;251m@@[38;2;222;222;222m@[38;2;206;206;206mg[38;2;142;142;142my[38;2;1;0;222m`[38;2;0;0;226m~[38;2;0;0;218m@[38;2;0;0;225m_         [39m
 [38;2;0;0;0m       [38;2;0;0;221mg[38;2;0;0;226mF [38;2;191;191;191my[38;2;229;229;229m@[38;2;251;251;251m@[38;2;252;252;252m@@@@@@@@@@@@@[38;2;238;238;238m@[38;2;184;184;184my [38;2;0;0;219m?[38;2;0;0;222mg        [39m
 [38;2;0;0;0m      [38;2;0;0;228mg[38;2;0;0;207mF [38;2;227;227;227mg[38;2;251;251;251m@[38;2;252;252;252m@@@@@@@@@@@@@@@@[38;2;251;251;251m@[38;2;201;201;201m@ [38;2;0;0;215m~[38;2;0;0;226m$       [39m
 [38;2;0;0;0m     [38;2;0;0;211mj[38;2;0;0;228mF [38;2;210;210;210mg[38;2;251;251;251m@@[38;2;205;205;205mF[38;2;173;173;173mT[38;2;170;170;170m@[38;2;246;246;246m@[38;2;251;251;251m@[38;2;252;252;252m@@@@@@@@@@@@[38;2;251;251;251m@[38;2;189;189;189m@ [38;2;0;0;218m?[38;2;0;0;219ml      [39m
 [38;2;0;0;0m     [38;2;0;0;219m@  [38;2;246;246;246m@[38;2;252;252;252m@[38;2;251;251;251m@[38;2;241;241;241mg[38;2;190;190;190my_ [38;2;185;185;185m~[38;2;170;170;170mF[38;2;237;237;237m@[38;2;252;252;252m@[38;2;242;242;242m@[38;2;180;180;180mM[38;2;188;188;188mFFFFF[38;2;177;177;177mM[38;2;241;241;241m@[38;2;252;252;252m@[38;2;250;250;250m@  [38;2;0;0;226m$      [39m
 [38;2;0;0;0m     [38;2;0;0;226m@  [38;2;249;249;249m@[38;2;252;252;252m@@[38;2;201;201;201m@[38;2;186;186;186mF[38;2;160;160;160m~ [38;2;218;218;218m_[38;2;205;205;205my[38;2;230;230;230m@[38;2;252;252;252m@[38;2;239;239;239m@[38;2;216;216;216my[38;2;205;205;205myyyyy[38;2;218;218;218my[38;2;237;237;237m@[38;2;252;252;252m@[38;2;251;251;251m@  [38;2;0;0;226m@      [39m
 [38;2;0;0;0m     [38;2;0;0;226m@  [38;2;249;249;249m@[38;2;252;252;252m@[38;2;251;251;251m@[38;2;205;205;205my[38;2;186;186;186my[38;2;231;231;231mg[38;2;239;239;239m@[38;2;251;251;251m@[38;2;252;252;252m@@@@@@@@@@@@@[38;2;251;251;251m@  [38;2;0;0;226m@      [39m
 [38;2;0;0;0m     [38;2;0;0;226m@  [38;2;249;249;249m@[38;2;252;252;252m@@@@@@@@@@@@@@@@@@@@[38;2;251;251;251m@  [38;2;0;0;226m@      [39m
 [38;2;0;0;0m     [38;2;0;0;226m@  [38;2;249;249;249m@[38;2;252;252;252m@@@@@@@@@@@@@@@@@@@@[38;2;251;251;251m@  [38;2;0;0;226m@      [39m
 [38;2;0;0;0m     [38;2;0;0;226m@  [38;2;249;249;249m@[38;2;252;252;252m@@@@@@@@@@@@@@@@@@@@[38;2;251;251;251m@  [38;2;0;0;227m@      [39m
 [38;2;0;0;0m     [38;2;0;0;226m@  [38;2;249;249;249m@[38;2;252;252;252m@@@@@@@@@@@@@@@@@@@@[38;2;251;251;251m@  [38;2;0;0;227m@      [39m
 [38;2;0;0;0m     [38;2;0;0;225m@  [38;2;249;249;249m@[38;2;252;252;252m@@@@@@@@@@@@@@@@@@@@[38;2;251;251;251m@  [38;2;0;0;226m@      [39m
 [38;2;0;0;0m     [38;2;0;0;214m9[38;2;0;0;222my [38;2;152;152;152m4[38;2;247;247;247m@[38;2;252;252;252m@@@[38;2;251;251;251m@[38;2;212;212;212m@[38;2;214;214;214mR[38;2;237;237;237m@[38;2;251;251;251m@[38;2;252;252;252m@@[38;2;251;251;251m@[38;2;238;238;238m@[38;2;213;213;213mR[38;2;208;208;208m@[38;2;251;251;251m@[38;2;252;252;252m@@@[38;2;248;248;248m@[38;2;214;214;214mF [38;2;0;0;220my[38;2;0;0;214m$      [39m
 [38;2;0;0;0m     [38;2;3;3;186m`[38;2;0;1;211m@[38;2;0;0;220m@[38;2;0;0;226m_[38;2;0;0;223m_[38;2;205;205;205m~[38;2;242;242;242m~[38;2;229;229;229m~[38;2;157;157;157m`[38;2;0;0;227m_[38;2;0;0;215my[38;2;0;0;227m_[38;2;152;152;152m~[38;2;237;237;237m~[38;2;239;239;239m~[38;2;171;171;171m~[38;2;0;0;227m_[38;2;0;0;215my[38;2;0;0;226m_[38;2;157;157;157m`[38;2;223;223;223m~[38;2;243;243;243m~[38;2;220;220;220m~[38;2;0;0;222m_[38;2;0;0;227m_g[38;2;0;0;216m@[38;2;0;0;207m'      [39m
 [38;2;0;0;0m       [38;2;0;0;225m~[38;2;0;0;227m=[38;2;0;0;226m@@@@[38;2;0;0;228m@[38;2;0;0;223mP[38;2;0;0;215m=[38;2;1;0;215m@[38;2;0;0;226m@@@[38;2;0;0;227m@[38;2;0;0;215m@[38;2;0;0;216m=[38;2;0;0;224m4[38;2;0;0;228m@[38;2;0;0;226m@@@@[38;2;0;0;217mP[38;2;0;0;224m~        [39m
 [38;2;0;0;0m                                       [39m
 [38;2;0;0;0m                                       [39m
[?25h