[?25l[39m [38;2;0;0;0m                                       [39m
 [38;2;0;0;0m             [38;2;0;0;225m__[38;2;1;1;211my[38;2;0;0;220mg[38;2;0;0;226mg[38;2;0;0;227mg[38;2;0;0;228mg[38;2;0;0;225mg[38;2;0;0;220mg[38;2;1;1;211my[38;2;0;0;226m_[38;2;0;0;229m_              [39m
 [38;2;0;0;0m          [38;2;0;0;231m_[38;2;0;0;226ma[38;2;0;0;227m@[38;2;0;0;222mP[38;2;0;0;227m~[38;2;0;0;228m~[38;2;97;97;97m_[38;2;169;169;169m_[38;2;221;221;221m__[38;2;169;169;169m_[38;2;97;97;97m_[38;2;0;0;227m~[38;2;0;0;226m~[38;2;0;0;223m4[38;2;0;0;227m@[38;2;0;0;224mg[38;2;0;0;231m_           [39m
 [38;2;0;0;0m        [38;2;0;0;229m_[38;2;0;0;222m@[38;2;0;0;217mP[38;2;0;0;219m~[38;2;212;212;212m_[38;2;211;211;211my[38;2;247;247;247mg[38;2;240;240;240m@[38;2;252;252;252m@[38;2;251;251;251m@@@@[38;2;252;252;252m@[38;2;243;243;243m@[38;2;247;247;247mg[38;2;212;212;212my_[38;2;0;0;216m~[38;2;0;0;214m4[38;2;0;0;225m@[38;2;0;0;230m_         [39m
 [38;2;0;0;0m       [38;2;0;0;226mg[38;2;0;0;224mP[38;2;1;0;199m'[38;2;161;161;161my[38;2;247;247;247mg[38;2;251;251;251m@[38;2;252;252;252m@@@@@@@@@@@@@[38;2;217;217;217m@[38;2;149;149;149my[38;2;3;1;189m`[38;2;0;0;221m4[38;2;0;0;222m$[38;2;0;1;200m,       [39m
 [38;2;0;0;0m      [38;2;0;0;229mg[38;2;0;0;219mF [38;2;212;212;212mg[38;2;251;251;251m@[38;2;252;252;252m@@@@@@@@@@@@@@@@[38;2;251;251;251m@[38;2;188;188;188m$ [38;2;0;0;223m~[38;2;0;0;228m$       [39m
 [38;2;0;0;0m     [38;2;0;0;217mj[38;2;0;0;228mF [38;2;197;197;197mg[38;2;251;251;251m@[38;2;252;252;252m@@@[38;2;251;251;251m@@@[38;2;252;252;252m@@@@@@[38;2;251;251;251m@@@[38;2;252;252;252m@@@[38;2;251;251;251m@[38;2;173;173;173m@ [38;2;0;0;222m?[38;2;0;0;220m[      [39m
 [38;2;0;0;0m     [38;2;0;0;220m@[38;2;0;0;179m[ [38;2;244;244;244m@[38;2;252;252;252m@[38;2;251;251;251m@[38;2;233;233;233mF[38;2;223;223;223m~[38;2;155;155;155my[38;2;191;191;191my[38;2;157;157;157mw[38;2;227;227;227m~[38;2;199;199;199mR[38;2;251;251;251m@@[38;2;210;210;210m@[38;2;250;250;250m~[38;2;162;162;162my[38;2;154;154;154ma[38;2;178;178;178my[38;2;108;108;108mZ[38;2;152;152;152mM[38;2;247;247;247m@[38;2;252;252;252m@[38;2;249;249;249m@  [38;2;0;0;223m@      [39m
 [38;2;0;0;0m     [38;2;0;0;226m@  [38;2;249;249;249m@[38;2;251;251;251m@[38;2;165;165;165m@[38;2;85;85;85mu[38;2;184;184;184mF [38;2;159;159;159mg [38;2;199;199;199m$ [38;2;222;222;222m@[38;2;239;239;239m@ [38;2;188;188;188m$[38;2;65;65;65m~[38;2;182;182;182ma [38;2;131;131;131m4[38;2;108;108;108mL[38;2;160;160;160m9[38;2;252;252;252m@[38;2;251;251;251m@  [38;2;0;0;226m@      [39m
 [38;2;0;0;0m     [38;2;0;0;226m@  [38;2;249;249;249m@[38;2;252;252;252m@[38;2;226;226;226m@[38;2;170;170;170m_[38;2;187;187;187m=[38;2;159;159;159mw[38;2;193;193;193mw[38;2;203;203;203mw[38;2;196;196;196my[38;2;230;230;230mg[38;2;251;251;251m@@[38;2;171;171;171my[38;2;145;145;145m7[38;2;130;130;130ma[38;2;168;168;168mw[38;2;206;206;206ma[38;2;192;192;192my[38;2;223;223;223my[38;2;242;242;242m@[38;2;252;252;252m@[38;2;251;251;251m@  [38;2;0;0;226m@      [39m
 [38;2;0;0;0m     [38;2;0;0;226m@  [38;2;249;249;249m@[38;2;252;252;252m@@[38;2;251;251;251m@[38;2;225;225;225m@[38;2;237;237;237mg[38;2;227;227;227mg[38;2;238;238;238mg[38;2;251;251;251m@[38;2;252;252;252m@@@@[38;2;242;242;242m@[38;2;247;247;247mg[38;2;228;228;228mg[38;2;229;229;229mg[38;2;234;234;234m@[38;2;252;252;252m@@@[38;2;251;251;251m@  [38;2;0;0;226m@      [39m
 [38;2;0;0;0m     [38;2;0;0;226m@  [38;2;249;249;249m@[38;2;252;252;252m@@@@@@@@@@@@@@@@@@@@[38;2;251;251;251m@  [38;2;0;0;227m@      [39m
 [38;2;0;0;0m     [38;2;0;0;226m@  [38;2;249;249;249m@[38;2;252;252;252m@@@@@@@@@@@@@@@@@@@@[38;2;251;251;251m@  [38;2;0;0;227m@      [39m
 [38;2;0;0;0m     [38;2;0;0;226m@  [38;2;249;249;249m@[38;2;252;252;252m@@@@@@@@@@@@@@@@@@@@[38;2;251;251;251m@  [38;2;0;0;226m@      [39m
 [38;2;0;0;0m     [38;2;1;1;209m4[38;2;0;0;227mL [38;2;210;210;210m4[38;2;251;251;251m@[38;2;252;252;252m@@@[38;2;251;251;251m@[38;2;248;248;248m@[38;2;243;243;243m@[38;2;251;251;251m@[38;2;252;252;252m@@@@[38;2;251;251;251m@[38;2;242;242;242m@[38;2;248;248;248m@[38;2;251;251;251m@[38;2;252;252;252m@@@[38;2;251;251;251m@[38;2;174;174;174m@ [38;2;0;0;227mj[38;2;0;0;225mF      [39m
 [38;2;0;0;0m      [38;2;1;0;217m?[38;2;0;0;223mg[38;2;0;0;228m_[38;2;134;134;134m~[38;2;248;248;248m~[38;2;178;178;178mF[38;2;166;166;166mF[38;2;204;204;204m~[38;2;0;0;225m_[38;2;0;0;226m_[38;2;108;108;108m`[38;2;237;237;237m~[38;2;170;170;170mF[38;2;178;178;178mF[38;2;242;242;242m~[38;2;108;108;108m`[38;2;0;0;226m_[38;2;0;0;225m_[38;2;179;179;179m~[38;2;174;174;174mT[38;2;180;180;180mF[38;2;251;251;251m~[38;2;157;157;157m~[38;2;0;0;228m_[38;2;0;0;226ma[38;2;0;0;224mF       [39m
 [38;2;0;0;0m       [38;2;2;1;206m`[38;2;0;0;226m~[38;2;0;0;229m=[38;2;0;0;215mR[38;2;0;0;211m@[38;2;0;0;216mR[38;2;0;0;230m=[38;2;0;0;226m~[38;2;0;0;228m~[38;2;0;0;226m~[38;2;0;0;219m4[38;2;0;0;212m@[38;2;0;0;210m@[38;2;0;0;220mP[38;2;0;0;226m~[38;2;0;0;228m~[38;2;0;0;226m~[38;2;0;0;230m=[38;2;0;0;217mRa[38;2;0;0;215mR[38;2;0;0;229m=[38;2;0;0;227m~[38;2;1;1;210m`        [39m
 [38;2;0;0;0m                                       [39m
 [38;2;0;0;0m                                       [39m
[?25h