[?25l[39m [38;2;0;0;0m              [38;2;0;0;229m_[38;2;0;0;225m_[38;2;1;1;210my[38;2;0;0;216ma[38;2;0;0;224ma[38;2;0;0;223ma[38;2;0;0;222my[38;2;1;1;210my[38;2;0;0;225m_[38;2;0;0;229m_               [39m
 [38;2;0;0;0m          [38;2;0;0;225m_[38;2;1;0;213ma[38;2;0;0;213m@[38;2;0;0;219m=[38;2;0;0;226m~[38;2;0;0;221m~[38;2;206;206;206m_[38;2;242;242;242m_[38;2;142;142;142myy[38;2;242;242;242m_[38;2;207;207;207m_[38;2;0;0;221m~[38;2;0;0;226m~[38;2;0;0;219m=[38;2;0;0;216m@[38;2;0;0;218my[38;2;0;0;225m_           [39m
 [38;2;0;0;0m        [38;2;0;0;226m_[38;2;0;0;228ma[38;2;0;0;211mF[38;2;1;0;222m`[38;2;152;152;152my[38;2;214;214;214ma[38;2;229;229;229m$[38;2;251;251;251m@@[38;2;252;252;252m@@@@[38;2;251;251;251m@@[38;2;222;222;222m@[38;2;206;206;206mg[38;2;142;142;142my[38;2;1;0;222m`[38;2;0;0;226m~[38;2;0;0;219m@[38;2;0;0;226m_         [39m
 [38;2;0;0;0m       [38;2;0;0;222mg[38;2;0;0;225mF [38;2;191;191;191my[38;2;229;229;229m@[38;2;251;251;251m@[38;2;252;252;252m@@@@@@@@@@@@@[38;2;238;238;238m@[38;2;184;184;185my [38;2;0;0;219m?[38;2;0;0;223mg        [39m
 [38;2;0;0;0m      [38;2;0;0;228mg[38;2;0;0;207mF [38;2;227;227;227mg[38;2;251;251;251m@[38;2;252;252;252m@@@@@@@@@@@@@@@@[38;2;251;251;251m@[38;2;201;201;201m@ [38;2;0;0;215m~[38;2;0;0;226m$       [39m
 [38;2;0;0;0m     [38;2;0;0;211mj[38;2;0;0;227mF [38;2;210;210;210mg[38;2;251;251;251m@@[38;2;213;213;213mF[38;2;145;145;145mM[38;2;180;180;180m@[38;2;248;248;248m@[38;2;251;251;251m@[38;2;252;252;252m@@@@[38;2;227;227;227m@[38;2;165;165;165mF[38;2;163;163;163m5[38;2;220;220;220m@[38;2;251;251;251m@[38;2;252;252;252m@@@[38;2;251;251;251m@[38;2;189;189;189m@ [38;2;0;0;217m?[38;2;0;0;220ml      [39m
 [38;2;0;0;0m     [38;2;0;0;219m@  [38;2;246;246;246m@[38;2;252;252;252m@[38;2;251;251;251m@[38;2;236;236;236mg[38;2;182;182;182my[38;2;157;157;157m_ [38;2;205;205;205m~[38;2;157;157;157m5[38;2;240;240;240m@[38;2;252;252;252m@@[38;2;246;246;246m@[38;2;197;197;197mg[38;2;141;141;141my [38;2;172;172;172m`[38;2;243;243;243m~[38;2;168;168;168m@[38;2;251;251;251m@[38;2;252;252;252m@[38;2;250;250;250m@  [38;2;0;0;226m$      [39m
 [38;2;0;0;0m     [38;2;0;0;226m@  [38;2;249;249;249m@[38;2;252;252;252m@[38;2;251;251;251m@[38;2;208;208;208m@[38;2;197;197;197mF[38;2;180;180;180m~ [38;2;200;200;200m_[38;2;198;198;198my[38;2;226;226;226m@[38;2;252;252;252m@@[38;2;248;248;248m@[38;2;224;224;224mP[38;2;251;251;251m~[38;2;88;88;88m~[38;2;63;63;63m_[38;2;148;148;148my[38;2;201;201;201mg[38;2;251;251;251m@[38;2;252;252;252m@[38;2;251;251;251m@  [38;2;0;0;226m@      [39m
 [38;2;0;0;0m     [38;2;0;0;226m@  [38;2;249;249;249m@[38;2;252;252;252m@[38;2;251;251;251m@[38;2;197;197;197my[38;2;177;177;177my[38;2;223;223;223mg[38;2;234;234;234m@[38;2;251;251;251m@[38;2;252;252;252m@@@@[38;2;221;221;221m@[38;2;167;167;167my[38;2;202;202;202my[38;2;246;246;246mg[38;2;248;248;248m@[38;2;251;251;251m@[38;2;252;252;252m@@@[38;2;251;251;251m@  [38;2;0;0;226m@      [39m
 [38;2;0;0;0m     [38;2;0;0;226m@  [38;2;249;249;249m@[38;2;252;252;252m@@@@@@@@@@@@@@@@@@@@[38;2;251;251;251m@  [38;2;0;0;226m@      [39m
 [38;2;0;0;0m     [38;2;0;0;226m@  [38;2;249;249;249m@[38;2;252;252;252m@@@@@@@@@@@@@@@@@@@@[38;2;251;251;251m@  [38;2;0;0;226m@      [39m
 [38;2;0;0;0m     [38;2;0;0;226m@  [38;2;249;249;249m@[38;2;252;252;252m@@@@@@@@@@@@@@@@@@@@[38;2;251;251;251m@  [38;2;0;0;227m@      [39m
 [38;2;0;0;0m     [38;2;0;0;226m@  [38;2;249;249;249m@[38;2;252;252;252m@@@@@@@@@@@@@@@@@@@@[38;2;251;251;251m@  [38;2;0;0;227m@      [39m
 [38;2;0;0;0m     [38;2;0;0;224m@  [38;2;244;244;244m@[38;2;252;252;252m@@@@@@@@@@@@@@@@@@@@[38;2;248;248;248m@  [38;2;0;0;225m@      [39m
 [38;2;0;0;0m     [38;2;1;1;204m?[38;2;0;0;225m$[38;2;0;0;213m,[38;2;163;163;163m~[38;2;183;183;183m@[38;2;249;249;249m@[38;2;251;251;251m@[38;2;250;250;250m@[38;2;206;206;206m@[38;2;196;196;196mF[38;2;177;177;177mT[38;2;194;194;194mA[38;2;245;245;245m@[38;2;251;251;251m@@[38;2;237;237;237m@[38;2;221;221;221mF[38;2;175;175;175mT[38;2;169;169;169mM[38;2;223;223;223m@[38;2;251;251;251m@@[38;2;249;249;249m@[38;2;187;187;187m@[38;2;185;185;185m~[38;2;1;1;192m_[38;2;0;0;228mg[38;2;0;0;219mF      [39m
 [38;2;0;0;0m      [38;2;0;0;227m~[38;2;0;0;225m@g[38;2;0;0;226m_[38;2;0;0;227m_[38;2;112;112;112m`[38;2;0;0;227m_[38;2;0;0;226m_[38;2;0;0;224mg[38;2;0;0;227mg[38;2;0;0;209my[38;2;0;0;227m_[38;2;0;0;229m_[38;2;0;0;228m_[38;2;0;0;226m_[38;2;0;0;218my[38;2;0;0;226mg[38;2;0;0;216mg[38;2;0;0;226m_[38;2;0;0;227m_[38;2;114;114;114m`[38;2;0;0;227m_[38;2;0;0;226m_g[38;2;0;0;225m@[38;2;0;0;226m~       [39m
 [38;2;0;0;0m        [38;2;0;0;226m~~[38;2;0;0;229m=[38;2;0;0;231m=[38;2;0;0;230m=[38;2;0;0;226m~[38;2;0;0;224m~[38;2;1;0;217m~[38;2;0;0;226m~[38;2;0;0;223m=[38;2;0;0;232m==[38;2;0;0;227m~[38;2;0;0;228m~[38;2;1;0;207m~[38;2;0;0;226m~~[38;2;0;0;231m=[38;2;0;0;230m=[38;2;0;0;228m=[38;2;0;0;226m~[38;2;0;0;220m~         [39m
 [38;2;0;0;0m                                       [39m
 [38;2;0;0;0m                                       [39m
[?25h