[?25l[39m [38;2;0;0;0m                                       [39m
 [38;2;0;0;0m              [38;2;0;0;226m_[38;2;0;0;227m_[38;2;0;0;226m_[38;2;0;0;225m_[38;2;1;1;201my[38;2;1;1;200my[38;2;0;0;225m_[38;2;0;0;227m_[38;2;0;0;226m_                [39m
 [38;2;0;0;0m          [38;2;0;0;224m_[38;2;0;0;211my[38;2;0;0;225ma[38;2;0;0;220mP[38;2;0;0;226m~[38;2;0;0;227m~[38;2;83;83;83m_[38;2;142;142;142m_[38;2;163;163;163m_[38;2;150;150;150m_[38;2;107;107;107m_[38;2;0;0;231m~[38;2;0;0;226m~[38;2;0;0;223m=[38;2;0;0;218m@[38;2;0;0;219mg[38;2;0;0;231m_            [39m
 [38;2;0;0;0m        [38;2;0;0;229m_[38;2;0;0;226ma[38;2;0;0;229m~[38;2;0;0;202m~[38;2;145;145;145my[38;2;196;196;196mg[38;2;250;250;250mg[38;2;241;241;241m@[38;2;252;252;252m@[38;2;251;251;251m@@@[38;2;252;252;252m@[38;2;249;249;249m@[38;2;221;221;221m@[38;2;216;216;216mg[38;2;160;160;160my[38;2;0;0;208m`[38;2;0;0;225m~[38;2;0;0;217m@[38;2;1;1;208my          [39m
 [38;2;0;0;0m       [38;2;0;0;231ma[38;2;0;0;211mF [38;2;207;207;207my[38;2;236;236;236m@[38;2;252;252;252m@@@@@@@@@@@@@[38;2;249;249;249m@[38;2;192;192;192mg[38;2;83;83;83m_[38;2;0;0;223m~[38;2;0;0;224m@[38;2;0;0;233m,        [39m
 [38;2;0;0;0m      [38;2;0;0;227m@[38;2;1;1;205m'[38;2;106;106;107my[38;2;223;223;223m@[38;2;252;252;252m@@@@@@@@@@@@@@@@@[38;2;242;242;242m@[38;2;113;113;114my [38;2;0;0;221m@[38;2;0;0;233m,       [39m
 [38;2;0;0;0m     [38;2;0;0;223m@[38;2;1;1;200m' [38;2;234;234;234m@[38;2;252;252;252m@[38;2;251;251;251m@[38;2;181;181;181m@[38;2;199;199;199mF[38;2;212;212;212m@[38;2;251;251;251m@[38;2;252;252;252m@@@@@@@@@@@@@[38;2;247;247;247m@[38;2;87;87;87m, [38;2;0;0;232m$       [39m
 [38;2;0;0;0m     [38;2;0;0;228m@ [38;2;167;167;168m4[38;2;251;251;251m@[38;2;252;252;252m@[38;2;251;251;251m@[38;2;209;209;209mg[38;2;151;151;151my[38;2;83;83;83m_[38;2;132;132;132m`[38;2;242;242;242m~[38;2;183;183;183mA[38;2;245;245;245m@[38;2;252;252;252m@[38;2;251;251;251m@[38;2;183;183;183m@[38;2;219;219;219mPPPPP[38;2;200;200;200mR[38;2;248;248;248m@[38;2;251;251;251m@[38;2;173;173;173m$ [38;2;0;0;221mB[38;2;1;0;198mi      [39m
 [38;2;0;0;0m    [38;2;3;2;168mJ[38;2;0;0;220m@ [38;2;154;154;154m$[38;2;252;252;252m@@@[38;2;241;241;241m@[38;2;215;215;215mP[38;2;158;158;158mT  [38;2;156;156;156my[38;2;204;204;204m$[38;2;252;252;252m@[38;2;239;239;239m@[38;2;180;180;180my[38;2;163;163;163myyyyy[38;2;175;175;175my[38;2;207;207;207m@[38;2;251;251;251m@[38;2;204;204;204m$ [38;2;0;0;216m4[38;2;1;1;210m[      [39m
 [38;2;0;0;0m    [38;2;2;2;164mJ[38;2;0;0;223m@ [38;2;192;192;192m4[38;2;252;252;252m@@[38;2;251;251;251m@[38;2;178;178;178my[38;2;253;253;253m_[38;2;201;201;201my[38;2;249;249;249mg[38;2;250;250;250m@[38;2;252;252;252m@@@@@@@@@@@@@[38;2;198;198;198m@ [38;2;0;0;214m4[38;2;1;1;213m[      [39m
 [38;2;0;0;0m     [38;2;0;0;227m@ [38;2;181;181;182m4[38;2;251;251;251m@[38;2;252;252;252m@@@@@@@@@@@@@@@@@@@@[38;2;210;210;210m@ [38;2;0;0;209m4[38;2;1;1;217m[      [39m
 [38;2;0;0;0m     [38;2;0;0;232m@ [38;2;166;166;166m4[38;2;251;251;251m@[38;2;252;252;252m@@@@@@@@@@@@@@@@@@@@[38;2;225;225;225m@ [38;2;0;1;202m4[38;2;0;0;222m[      [39m
 [38;2;0;0;0m     [38;2;0;0;236m@ [38;2;145;145;145m4[38;2;251;251;251m@[38;2;252;252;252m@@@@@@@@@@@@@@@@@@@@[38;2;237;237;237m@ [38;2;0;0;192mJ[38;2;1;1;205m$      [39m
 [38;2;0;0;0m     [38;2;0;0;237m@ [38;2;124;124;125m4[38;2;252;252;252m@@@@@@@@@@@@@@@@@@@@@[38;2;240;240;240m@ [38;2;0;0;182mJ[38;2;0;0;212m$      [39m
 [38;2;0;0;0m     [38;2;0;0;230m@[38;2;0;0;200m,[38;2;74;74;74m"[38;2;248;248;248m@[38;2;252;252;252m@@@@@@@@@@@@@@@@@@@@[38;2;236;236;236m@ [38;2;1;0;196mj[38;2;0;0;213m$      [39m
 [38;2;0;0;0m     [38;2;1;0;215m`[38;2;0;0;222m@[38;2;0;0;211m_[38;2;159;159;159m~[38;2;157;157;157m5[38;2;218;218;218m@[38;2;251;251;251m@@[38;2;227;227;227m@[38;2;217;217;217mF[38;2;251;251;251m~[38;2;175;175;175mT[38;2;179;179;179m@[38;2;244;244;244m@[38;2;251;251;251m@[38;2;242;242;242m@[38;2;182;182;182m@[38;2;166;166;166mF[38;2;251;251;251m~[38;2;166;166;166mA[38;2;229;229;229m@[38;2;251;251;251m@[38;2;238;238;238m@[38;2;168;168;168m@[38;2;128;128;128m~[38;2;0;0;221m_[38;2;0;0;226m$[38;2;0;0;224m'      [39m
 [38;2;0;0;0m      [38;2;1;1;210m`[38;2;0;0;214m?[38;2;0;0;224m@g[38;2;0;0;226m_[38;2;0;0;225m__[38;2;0;0;227m_[38;2;0;0;220ma[38;2;0;0;219m@[38;2;0;0;227ma[38;2;0;0;206my[38;2;0;0;225m___[38;2;0;0;208my[38;2;0;0;226ma[38;2;0;0;221m@[38;2;0;0;215mg[38;2;0;0;227m_[38;2;0;0;225m_[38;2;0;0;227m_[38;2;0;0;213my[38;2;0;0;226ma[38;2;0;0;213mF[38;2;1;0;213m'       [39m
 [38;2;0;0;0m         [38;2;3;2;192m`[38;2;1;0;217m~[38;2;0;0;226m~~[38;2;0;0;224m~[38;2;3;0;210m`  [38;2;0;0;226m`[38;2;0;0;225m~[38;2;0;0;227m~[38;2;0;0;226m~[38;2;0;0;228m`  [38;2;2;1;205m`[38;2;0;0;220m~[38;2;0;0;227m~[38;2;0;0;225m~[38;2;0;0;226m`          [39m
 [38;2;0;0;0m                                       [39m
[?25h