[?25l[39m [38;2;0;0;0m               [38;2;0;0;231m_[38;2;0;0;224m_[38;2;0;0;226m__[38;2;0;0;225m_[38;2;0;0;226m_[38;2;0;0;224m_[38;2;0;0;231m_                [39m
 [38;2;0;0;0m           [38;2;0;0;225m_[38;2;0;0;227ma[38;2;0;0;221mP[38;2;0;0;227m~[38;2;0;0;225m~[38;2;0;0;229m~[38;2;0;0;220m~[38;2;138;138;138m__[38;2;0;0;219m~[38;2;0;0;228m~[38;2;0;0;226m~[38;2;0;0;228m~[38;2;0;0;217mR[38;2;0;0;223mg[38;2;0;0;225m_            [39m
 [38;2;0;0;0m        [38;2;1;2;193m_[38;2;0;0;222ma[38;2;0;0;229mP~[38;2;153;153;153m_[38;2;187;187;187my[38;2;234;234;234mg[38;2;232;232;232m$[38;2;250;250;250m@[38;2;251;251;251m@@@@@[38;2;225;225;225m@[38;2;234;234;234mg[38;2;186;186;186my[38;2;154;154;154m_[38;2;0;0;226m~[38;2;0;0;229m4[38;2;0;0;219mg[38;2;0;0;224m,         [39m
 [38;2;0;0;0m       [38;2;1;1;207my[38;2;0;0;229mP[38;2;0;0;214m`[38;2;135;135;135my[38;2;238;238;238mg[38;2;251;251;251m@[38;2;252;252;252m@@@@@@@@@@@@[38;2;251;251;251m@[38;2;211;211;211m$[38;2;214;214;214m_[38;2;0;0;214m`[38;2;0;0;229m4[38;2;1;1;208my        [39m
 [38;2;0;0;0m      [38;2;0;0;215mg[38;2;0;0;226mF [38;2;194;194;194mg[38;2;251;251;251m@[38;2;252;252;252m@@@@@@@@@@@@@@@@[38;2;251;251;251m@[38;2;191;191;191mg [38;2;0;0;216m?[38;2;1;0;210m$       [39m
 [38;2;0;0;0m     [38;2;1;1;196mj[38;2;0;0;233mF [38;2;183;183;183mg[38;2;251;251;251m@[38;2;252;252;252m@[38;2;179;179;179m@[38;2;195;195;195mP[38;2;230;230;230m@[38;2;251;251;251m@[38;2;252;252;252m@@@@@@@@@@@@@[38;2;251;251;251m@[38;2;176;176;176mg [38;2;0;0;216m5[38;2;0;0;211mi      [39m
 [38;2;0;0;0m     [38;2;0;0;222mg[38;2;1;1;192m' [38;2;241;241;241m@[38;2;252;252;252m@[38;2;251;251;251m@[38;2;188;188;188mg[38;2;244;244;244m_ [38;2;121;121;121m~[38;2;247;247;247m~[38;2;197;197;197mR[38;2;249;249;249m@[38;2;252;252;252m@[38;2;249;249;249m@[38;2;188;188;188m@[38;2;206;206;206mRRRRR[38;2;187;187;187m@[38;2;251;251;251m@[38;2;252;252;252m@[38;2;248;248;248m@  [38;2;0;0;224m$      [39m
 [38;2;0;0;0m     [38;2;0;0;226m@  [38;2;249;249;249m@[38;2;252;252;252m@@[38;2;242;242;242m@[38;2;218;218;218mP[38;2;155;155;155mT [38;2;76;76;76m_[38;2;156;156;156my[38;2;208;208;208m@[38;2;252;252;252m@[38;2;224;224;224m@[38;2;168;168;168my[38;2;156;156;156myyyyy[38;2;174;174;174my[38;2;219;219;219m@[38;2;252;252;252m@[38;2;251;251;251m@  [38;2;0;0;226m@      [39m
 [38;2;0;0;0m     [38;2;0;0;226m@  [38;2;249;249;249m@[38;2;252;252;252m@[38;2;251;251;251m@[38;2;146;146;146my[38;2;237;237;237m_[38;2;206;206;206my[38;2;247;247;247mg[38;2;250;250;250m@[38;2;251;251;251m@[38;2;252;252;252m@@@@@@@@@@@@[38;2;251;251;251m@  [38;2;0;0;226m@      [39m
 [38;2;0;0;0m     [38;2;0;0;226m@  [38;2;249;249;249m@[38;2;252;252;252m@@@@@@@@@@@@@@@@@@@@[38;2;251;251;251m@  [38;2;0;0;226m@      [39m
 [38;2;0;0;0m     [38;2;0;0;226m@  [38;2;249;249;249m@[38;2;252;252;252m@@@@@@@@@@@@@@@@@@@@[38;2;251;251;251m@  [38;2;0;0;226m@      [39m
 [38;2;0;0;0m     [38;2;0;0;226m@  [38;2;249;249;249m@[38;2;252;252;252m@@@@@@@@@@@@@@@@@@@@[38;2;251;251;251m@  [38;2;0;0;227m@      [39m
 [38;2;0;0;0m     [38;2;0;0;226m@  [38;2;249;249;249m@[38;2;252;252;252m@@@@@@@@@@@@@@@@@@@@[38;2;251;251;251m@  [38;2;0;0;227m@      [39m
 [38;2;0;0;0m     [38;2;0;0;225m@  [38;2;249;249;249m@[38;2;252;252;252m@@@@@@@@@@@@@@@@@@@@[38;2;251;251;251m@  [38;2;0;0;226m@      [39m
 [38;2;0;0;0m     [38;2;0;0;218m@[38;2;0;1;219m, [38;2;222;222;222m@[38;2;252;252;252m@@@@@@@@@@@@@@@@@@@@[38;2;237;237;237m@ [38;2;0;0;191mj[38;2;0;0;222m@      [39m
 [38;2;0;0;0m     [38;2;1;1;212m`[38;2;0;0;229m@_[38;2;89;89;89m`[38;2;138;138;138m5[38;2;183;183;183m@[38;2;218;218;218m@[38;2;200;200;200m@[38;2;213;213;213mF[38;2;231;231;231m~[38;2;196;196;196m~[38;2;243;243;243m~[38;2;187;187;187mR[38;2;212;212;212m@[38;2;214;214;214m@[38;2;169;169;169m@[38;2;246;246;246m~[38;2;197;197;197m~[38;2;222;222;222m~[38;2;169;169;169mP[38;2;197;197;197m@[38;2;219;219;219m@[38;2;190;190;190m@[38;2;198;198;198mF[38;2;104;104;104m`[38;2;0;0;229m_[38;2;0;0;227m@[38;2;0;0;233m'      [39m
 [38;2;0;0;0m      [38;2;1;1;212m`[38;2;1;0;212m4[38;2;0;0;227m@[38;2;0;0;228mg[38;2;0;0;218my[38;2;0;0;204my[38;2;0;0;213my[38;2;0;0;226mg[38;2;0;0;222m@[38;2;0;0;227m@g[38;2;0;0;220mg[38;2;0;0;207myy[38;2;0;0;223ma[38;2;0;0;226mg[38;2;0;0;227m@[38;2;0;0;225m@[38;2;0;0;226mg[38;2;0;0;212my[38;2;0;0;204my[38;2;0;0;217my[38;2;0;0;227mg@[38;2;0;0;218mP[38;2;0;0;228m'       [39m
 [38;2;0;0;0m         [38;2;1;1;208m~[38;2;0;0;226m~[38;2;0;0;227m~[38;2;0;0;226m~[38;2;0;0;219m~  [38;2;0;0;220m`[38;2;0;0;224m~[38;2;0;0;226m~~[38;2;0;0;225m~[38;2;0;0;219m`  [38;2;1;1;217m~[38;2;0;0;226m~~~[38;2;0;0;211m~          [39m
 [38;2;0;0;0m                                       [39m
[?25h