[?25l[39m [38;2;0;0;0m                                       [39m
 [38;2;0;0;0m              [38;2;0;0;227m_[38;2;0;0;225m__[38;2;1;1;206my[38;2;1;0;212my[38;2;1;0;210my[38;2;1;1;200my[38;2;0;0;227m_[38;2;0;0;226m_[38;2;1;0;210m_               [39m
 [38;2;0;0;0m          [38;2;0;0;229m_[38;2;0;0;215ma[38;2;1;0;211m@[38;2;0;0;225m=[38;2;0;0;224m~[38;2;0;0;231m~[38;2;129;129;129m_[38;2;194;194;194m_[38;2;226;226;226m_[38;2;208;208;208m_[38;2;147;147;147m_[38;2;0;0;229m~[38;2;0;0;226m~~[38;2;0;0;220mR[38;2;0;0;225mg[38;2;0;0;229m_            [39m
 [38;2;0;0;0m        [38;2;0;0;229m_[38;2;0;0;215m@[38;2;0;0;228m~[38;2;0;0;216m`[38;2;164;164;164my[38;2;216;216;216mg[38;2;217;217;217m@[38;2;249;249;249m@[38;2;252;252;252m@[38;2;251;251;251m@@@@@[38;2;231;231;231m@g[38;2;178;178;178my[38;2;92;92;92m_[38;2;0;0;224m~[38;2;0;0;221mR[38;2;1;0;214my          [39m
 [38;2;0;0;0m      [38;2;2;1;193m_[38;2;0;0;230ma[38;2;0;0;229m~ [38;2;189;189;189mg[38;2;244;244;244m@[38;2;252;252;252m@@@@@@@@@@@@@[38;2;250;250;250m@[38;2;207;207;207mg[38;2;103;103;103m_[38;2;0;0;219m~[38;2;0;0;223m@[38;2;0;0;207m_        [39m
 [38;2;0;0;0m      [38;2;0;0;226m@[38;2;1;0;198m'[38;2;126;126;126my[38;2;230;230;230m@[38;2;252;252;252m@@@@@@@@@@@@@@@@@[38;2;246;246;246m@[38;2;129;129;129my [38;2;0;0;225m0[38;2;0;0;233m,       [39m
 [38;2;0;0;0m     [38;2;0;0;225m@[38;2;1;1;196m' [38;2;239;239;239m@[38;2;252;252;252m@@[38;2;215;215;215m@[38;2;161;161;161mM[38;2;190;190;190mR[38;2;244;244;244m@[38;2;251;251;251m@[38;2;252;252;252m@@@@@@@@@@@@[38;2;249;249;249m@[38;2;94;94;94m, [38;2;0;0;233m$       [39m
 [38;2;0;0;0m     [38;2;0;0;226m@ [38;2;173;173;173m4[38;2;251;251;251m@[38;2;252;252;252m@@[38;2;225;225;225m@[38;2;199;199;199my[38;2;206;206;206m_ [38;2;166;166;166m~[38;2;180;180;180mT[38;2;205;205;205m@[38;2;251;251;251m@[38;2;252;252;252m@[38;2;201;201;201m@[38;2;204;204;204mPPPP[38;2;203;203;203mP[38;2;204;204;204mP[38;2;214;214;214m@[38;2;251;251;251m@[38;2;176;176;176m$ [38;2;0;0;219mB[38;2;1;0;199mi      [39m
 [38;2;0;0;0m    [38;2;3;2;169mJ[38;2;0;0;219m@ [38;2;156;156;156m$[38;2;252;252;252m@@@[38;2;248;248;248m@[38;2;180;180;180m@[38;2;166;166;166mF[38;2;73;73;73m~ [38;2;138;138;138my[38;2;201;201;201mg[38;2;251;251;251m@@[38;2;187;187;187mg[38;2;181;181;181myyyyy[38;2;183;183;183my[38;2;209;209;209mg[38;2;251;251;251m@[38;2;203;203;203m$ [38;2;0;0;216m4[38;2;1;1;210m[      [39m
 [38;2;0;0;0m    [38;2;2;2;164mJ[38;2;0;0;222m@ [38;2;149;149;149m$[38;2;251;251;251m@[38;2;252;252;252m@[38;2;251;251;251m@[38;2;192;192;192m@[38;2;253;253;253m_[38;2;189;189;189my[38;2;244;244;244mg[38;2;247;247;247m@[38;2;252;252;252m@@@@@@@@@@@@@[38;2;208;208;208m$ [38;2;0;0;214m4[38;2;1;1;213m[      [39m
 [38;2;0;0;0m     [38;2;0;0;227m@ [38;2;183;183;183m4[38;2;251;251;251m@[38;2;252;252;252m@@@@@@@@@@@@@@@@@@@@[38;2;208;208;208m@ [38;2;0;0;209m4[38;2;1;1;218m[      [39m
 [38;2;0;0;0m     [38;2;0;0;232m@ [38;2;168;168;168m4[38;2;251;251;251m@[38;2;252;252;252m@@@@@@@@@@@@@@@@@@@@[38;2;225;225;225m@ [38;2;1;0;201m4[38;2;0;0;222m[      [39m
 [38;2;0;0;0m     [38;2;0;0;235m@ [38;2;147;147;147m4[38;2;251;251;251m@[38;2;252;252;252m@@@@@@@@@@@@@@@@@@@@[38;2;237;237;237m@ [38;2;0;0;192mJ[38;2;1;1;204m$      [39m
 [38;2;0;0;0m     [38;2;0;0;237m@ [38;2;125;125;125m4[38;2;252;252;252m@@@@@@@@@@@@@@@@@@@@@[38;2;240;240;240m@ [38;2;0;0;182mJ[38;2;0;0;212m$      [39m
 [38;2;0;0;0m     [38;2;0;0;232m@ [38;2;72;72;73m4[38;2;250;250;250m@[38;2;252;252;252m@@@@@@@@@@@@@@@@@@@@[38;2;241;241;241m@ [38;2;0;0;188mj[38;2;0;0;215m$      [39m
 [38;2;0;0;0m     [38;2;1;0;218m`[38;2;0;0;226mg[38;2;0;0;207m,[38;2;186;186;186m~[38;2;184;184;184mF[38;2;217;217;217m@[38;2;251;251;251m@[38;2;252;252;252m@[38;2;250;250;250m@[38;2;201;201;201m@[38;2;191;191;191mF[38;2;175;175;175mF[38;2;174;174;174m@[38;2;247;247;247m@[38;2;252;252;252m@@[38;2;233;233;233m@[38;2;216;216;216mF[38;2;172;172;172mF[38;2;178;178;178mP[38;2;230;230;230m@[38;2;252;252;252m@[38;2;250;250;250m@[38;2;194;194;194m@[38;2;160;160;160m~[38;2;1;0;201m_[38;2;0;0;223m$[38;2;0;0;229m'      [39m
 [38;2;0;0;0m      [38;2;1;0;219m`[38;2;0;0;222m4@g[38;2;0;0;227m_[38;2;0;0;223m_[38;2;125;125;125m`[38;2;0;0;225m__[38;2;0;0;227maa[38;2;0;0;226m_[38;2;0;0;223m_[38;2;123;123;123m`[38;2;0;0;227m_[38;2;0;0;225m_[38;2;0;0;217ma[38;2;0;0;226ma[38;2;0;0;221my[38;2;0;0;225m____[38;2;0;0;227mg[38;2;0;0;223mP[38;2;0;0;229m'       [39m
 [38;2;0;0;0m         [38;2;3;2;195m`[38;2;0;0;223m~[38;2;0;0;226m~[38;2;0;0;227m~[38;2;0;0;226m~[38;2;0;0;222m~  [38;2;3;1;203m~[38;2;0;0;227m~~~~[38;2;1;0;218m` [38;2;2;0;210m`[38;2;0;0;224m~[38;2;0;0;226m~[38;2;0;0;227m~[38;2;1;0;219m~          [39m
 [38;2;0;0;0m                                       [39m
[?25h