[?25l[39m [38;2;0;0;0m              [38;2;0;0;229m_[38;2;0;0;226m_[38;2;1;1;209my[38;2;0;0;214ma[38;2;0;0;222ma[38;2;0;0;221ma[38;2;0;0;220my[38;2;1;1;209my[38;2;0;0;226m_[38;2;0;0;229m_               [39m
 [38;2;0;0;0m          [38;2;0;0;223m_[38;2;1;0;213ma[38;2;0;0;218m@[38;2;0;0;223mP[38;2;0;0;225m~[38;2;0;0;228m~[38;2;0;0;220m~[38;2;175;175;175m_[38;2;230;230;230m_[38;2;229;229;229m_[38;2;174;174;174m_[38;2;0;0;221m~[38;2;0;0;228m~[38;2;0;0;226m~[38;2;0;0;224m4[38;2;0;0;221m@[38;2;0;0;216my[38;2;0;0;225m_           [39m
 [38;2;0;0;0m        [38;2;0;0;225m_[38;2;0;0;229mg[38;2;0;0;221mP~[38;2;198;198;198m_[38;2;203;203;203my[38;2;249;249;249mg[38;2;240;240;240m@[38;2;251;251;251m@@[38;2;252;252;252m@@[38;2;251;251;251m@@[38;2;244;244;244m@[38;2;249;249;249mg[38;2;203;203;203my[38;2;199;199;199m_[38;2;0;0;220m~[38;2;0;0;219m4[38;2;0;0;222m$[38;2;0;0;225m_         [39m
 [38;2;0;0;0m       [38;2;0;0;220mg[38;2;0;0;226mP[38;2;0;0;203m'[38;2;156;156;156my[38;2;246;246;246mg[38;2;251;251;251m@[38;2;252;252;252m@@@@@@@@@@@@[38;2;251;251;251m@[38;2;216;216;216m@[38;2;145;145;145my[38;2;2;0;195m`[38;2;0;0;223m4[38;2;0;0;221mg        [39m
 [38;2;0;0;0m      [38;2;0;0;226mg[38;2;0;0;221mF [38;2;207;207;207mg[38;2;251;251;251m@[38;2;252;252;252m@@@@@@@@@@@@@@@@[38;2;251;251;251m@[38;2;176;176;176m@ [38;2;0;0;209m?[38;2;0;0;224m$       [39m
 [38;2;0;0;0m     [38;2;1;0;211mj[38;2;0;0;229mF [38;2;194;194;194mg[38;2;251;251;251m@@[38;2;212;212;212mP[38;2;191;191;191mF[38;2;211;211;211m@[38;2;251;251;251m@[38;2;252;252;252m@@@@@[38;2;236;236;236m@[38;2;199;199;199mF[38;2;187;187;187mA[38;2;240;240;240m@[38;2;251;251;251m@[38;2;252;252;252m@@@[38;2;251;251;251m@[38;2;170;170;170m@ [38;2;0;0;217m4[38;2;0;0;220ml      [39m
 [38;2;0;0;0m     [38;2;0;0;218m@[38;2;0;0;179m[ [38;2;243;243;243m@[38;2;252;252;252m@[38;2;251;251;251m@[38;2;211;211;211mg[38;2;154;154;154my[38;2;65;65;65m_[38;2;150;150;150m`[38;2;237;237;237m~[38;2;178;178;178mA[38;2;247;247;247m@[38;2;252;252;252m@@[38;2;238;238;238m@[38;2;204;204;204my[38;2;227;227;227m_ [38;2;153;153;153m~[38;2;177;177;177mT[38;2;192;192;192m@[38;2;252;252;252m@@[38;2;249;249;249m@  [38;2;0;0;225m$      [39m
 [38;2;0;0;0m     [38;2;0;0;226m@  [38;2;249;249;249m@[38;2;252;252;252m@@[38;2;230;230;230m@[38;2;217;217;217mF[38;2;224;224;224m~ [38;2;136;136;136m_[38;2;177;177;177my[38;2;216;216;216m@[38;2;252;252;252m@@[38;2;251;251;251m@[38;2;195;195;195m@[38;2;186;186;186mF[38;2;116;116;116m~ [38;2;217;217;217m_[38;2;211;211;211my[38;2;250;250;250m@[38;2;252;252;252m@[38;2;251;251;251m@  [38;2;0;0;226m@      [39m
 [38;2;0;0;0m     [38;2;0;0;226m@  [38;2;249;249;249m@[38;2;252;252;252m@[38;2;251;251;251m@[38;2;173;173;173my[38;2;149;149;149my[38;2;192;192;192mg[38;2;214;214;214m@[38;2;251;251;251m@[38;2;252;252;252m@@@@[38;2;214;214;214m@[38;2;247;247;247m_[38;2;179;179;179my[38;2;231;231;231mg[38;2;238;238;238m@[38;2;251;251;251m@[38;2;252;252;252m@@@[38;2;251;251;251m@  [38;2;0;0;226m@      [39m
 [38;2;0;0;0m     [38;2;0;0;226m@  [38;2;249;249;249m@[38;2;252;252;252m@@@@@@@@@@@@@@@@@@@@[38;2;251;251;251m@  [38;2;0;0;226m@      [39m
 [38;2;0;0;0m     [38;2;0;0;226m@  [38;2;249;249;249m@[38;2;252;252;252m@@@@@@@@@@@@@@@@@@@@[38;2;251;251;251m@  [38;2;0;0;226m@      [39m
 [38;2;0;0;0m     [38;2;0;0;226m@  [38;2;249;249;249m@[38;2;252;252;252m@@@@@@@@@@@@@@@@@@@@[38;2;251;251;251m@  [38;2;0;0;227m@      [39m
 [38;2;0;0;0m     [38;2;0;0;226m@  [38;2;249;249;249m@[38;2;252;252;252m@@@@@@@@@@@@@@@@@@@@[38;2;251;251;251m@  [38;2;0;0;227m@      [39m
 [38;2;0;0;0m     [38;2;0;0;220m@[38;2;0;0;215m, [38;2;239;239;239m@[38;2;252;252;252m@@@@@@@@@@@@@@@@@@@@[38;2;247;247;247m@ [38;2;1;0;172mj[38;2;0;0;222m@      [39m
 [38;2;0;0;0m     [38;2;1;1;211m`[38;2;0;0;227m@[38;2;0;0;224m_[38;2;198;198;198m`[38;2;178;178;178m#[38;2;235;235;235m@[38;2;247;247;247m@[38;2;242;242;242m@[38;2;176;176;176m@[38;2;251;251;251m~[38;2;252;252;252m~[38;2;151;151;151m5[38;2;209;209;209m@[38;2;247;247;247m@[38;2;246;246;246m@[38;2;210;210;210m@[38;2;201;201;201mF[38;2;251;251;251m~~[38;2;204;204;204mR[38;2;243;243;243m@[38;2;247;247;247m@[38;2;236;236;236m@[38;2;212;212;212mP[38;2;139;139;139m~[38;2;0;0;222m_@[38;2;0;0;232m'      [39m
 [38;2;0;0;0m      [38;2;0;1;215m`[38;2;0;0;218m4@y[38;2;0;0;226m___[38;2;0;0;213my[38;2;0;0;227mg@[38;2;0;0;222mg[38;2;0;0;227m_[38;2;0;0;226m__[38;2;0;0;227m_[38;2;0;0;223mg[38;2;0;0;227m@g[38;2;0;0;211my[38;2;0;0;226m___[38;2;0;0;218my[38;2;0;0;225mg[38;2;0;0;221mP[38;2;0;0;229m'       [39m
 [38;2;0;0;0m         [38;2;1;1;220m~[38;2;0;0;228m~[38;2;0;0;225m~[38;2;0;0;227m~[38;2;0;0;226m~  [38;2;0;0;228m`~[38;2;0;0;225m~~[38;2;0;0;231m~[38;2;0;0;225m` [38;2;2;3;188m`[38;2;0;0;225m~[38;2;0;0;227m~[38;2;0;0;224m~[38;2;0;0;228m~[38;2;0;0;219m~          [39m
 [38;2;0;0;0m                                       [39m
 [38;2;0;0;0m                                       [39m
[?25h