[?25l[39m [38;2;0;0;0m                                       [39m
 [38;2;0;0;0m            [38;2;0;0;227m_[38;2;0;0;226m_[38;2;0;0;220mg[38;2;0;0;227mg[38;2;0;0;220m@[38;2;0;0;226m@[38;2;0;0;227m@[38;2;0;0;228m@[38;2;0;0;226m@[38;2;0;0;220m@[38;2;0;0;227mg[38;2;0;0;218mg[38;2;0;0;225m_[38;2;0;0;223m_             [39m
 [38;2;0;0;0m         [38;2;0;0;214m_[38;2;0;0;220ma[38;2;0;0;225m@[38;2;0;0;214m@[38;2;0;0;227m~~[38;2;101;101;101m_[38;2;223;223;223m_[38;2;253;253;253m_[38;2;155;155;155my[38;2;152;152;152my[38;2;253;253;253m_[38;2;204;204;204m_[38;2;0;0;221m~[38;2;0;0;227m~[38;2;0;0;220m=[38;2;0;0;221m@[38;2;0;0;224m@[38;2;0;0;213my[38;2;0;1;218m,          [39m
 [38;2;0;0;0m       [38;2;2;2;185m_[38;2;0;0;225ma[38;2;0;0;224m@[38;2;0;0;228m~[38;2;1;0;201m`[38;2;173;173;173my[38;2;230;230;230mg[38;2;232;232;232m@[38;2;252;252;252m@[38;2;251;251;251m@[38;2;252;252;252m@@@@[38;2;251;251;251m@[38;2;252;252;252m@[38;2;229;229;229m@[38;2;213;213;213mg[38;2;139;139;139my[38;2;0;0;221m`[38;2;0;0;210m?[38;2;0;0;228m@[38;2;0;0;213mg         [39m
 [38;2;0;0;0m      [38;2;0;0;211m_[38;2;0;0;228m@[38;2;0;0;217mF [38;2;208;208;208my[38;2;243;243;243m@[38;2;252;252;252m@@@@@@@@@@@@@[38;2;251;251;251m@[38;2;235;235;235m@[38;2;171;171;171my [38;2;0;0;199m#[38;2;0;0;225m@[38;2;0;0;226m,       [39m
 [38;2;0;0;0m      [38;2;0;0;230m@[38;2;1;0;202m~[38;2;91;91;91m_[38;2;204;204;205m@[38;2;251;251;251m@[38;2;252;252;252m@@@@@@@@@@@@@@@@[38;2;251;251;251m@[38;2;194;194;194m$ [38;2;0;0;221m~[38;2;0;0;227m@       [39m
 [38;2;0;0;0m     [38;2;0;0;219mg[38;2;0;0;215mF [38;2;139;139;139m4[38;2;207;207;207m@[38;2;251;251;251m@[38;2;252;252;252m@@@@@@@@@@@@@@@@@[38;2;251;251;251m@[38;2;166;166;166m$ [38;2;0;0;215m5[38;2;0;0;220m[      [39m
 [38;2;0;0;0m     [38;2;0;0;232m@  [38;2;158;158;158my [38;2;105;105;105m`[38;2;237;237;237m~[38;2;192;192;192mA[38;2;251;251;251m@[38;2;252;252;252m@[38;2;176;176;176m@[38;2;181;181;181mF[38;2;180;180;180mFFFFF[38;2;196;196;196mR[38;2;252;252;252m@@@@@@[38;2;242;242;242m@  [38;2;0;0;218m$      [39m
 [38;2;0;0;0m     [38;2;0;0;234m@  [38;2;231;231;231m~[38;2;68;68;68m`[38;2;124;124;124m_[38;2;175;175;175my[38;2;230;230;230mg[38;2;251;251;251m@@[38;2;231;231;231mg[38;2;215;215;215myyyyy[38;2;216;216;216my[38;2;235;235;235mg[38;2;251;251;251m@[38;2;252;252;252m@@@@@[38;2;247;247;247m@  [38;2;0;0;219m$      [39m
 [38;2;0;0;0m     [38;2;0;0;234m@  [38;2;219;219;219my[38;2;223;223;223m$[38;2;251;251;251m@[38;2;252;252;252m@@@@@@@@@@@@@@@@@@[38;2;247;247;247m@  [38;2;0;0;220m$      [39m
 [38;2;0;0;0m     [38;2;0;0;233m@ [38;2;84;84;84m4[38;2;250;250;250m@[38;2;252;252;252m@@@@@@@@@@@@@@@@@@@@[38;2;248;248;248m@  [38;2;0;0;221m$      [39m
 [38;2;0;0;0m     [38;2;0;0;233m@ [38;2;78;78;78m4[38;2;250;250;250m@[38;2;252;252;252m@@@@@@@@@@@@@@@@@@@@[38;2;249;249;249m@  [38;2;0;0;223m$      [39m
 [38;2;0;0;0m     [38;2;0;0;232m@ [38;2;69;69;70m4[38;2;250;250;250m@[38;2;252;252;252m@@@@@@@@@@@@@@@@@@@@[38;2;251;251;251m@  [38;2;0;0;224m$      [39m
 [38;2;0;0;0m     [38;2;0;0;229m@  [38;2;250;250;250m@[38;2;252;252;252m@@@@@@@@@@@@@@@@@@@@[38;2;250;250;250m@  [38;2;0;0;224m$      [39m
 [38;2;0;0;0m     [38;2;1;1;201m7[38;2;0;0;215m$ [38;2;169;169;169m7[38;2;209;209;209mP[38;2;188;188;188m@[38;2;250;250;250m@[38;2;252;252;252m@@[38;2;251;251;251m@[38;2;229;229;229m@[38;2;218;218;218mP[38;2;198;198;198mA[38;2;240;240;240m@[38;2;251;251;251m@[38;2;252;252;252m@[38;2;251;251;251m@[38;2;248;248;248m@[38;2;181;181;181m@[38;2;208;208;208mP[38;2;205;205;205m@[38;2;251;251;251m@@[38;2;239;239;239m@[38;2;167;167;167mF [38;2;0;0;225mg[38;2;0;1;206mF      [39m
 [38;2;0;0;0m      [38;2;0;0;219m~[38;2;0;0;218m@[38;2;0;0;219my[38;2;0;0;224mg[38;2;0;0;225m__[38;2;176;176;176m~[38;2;209;209;209m~[38;2;107;107;107m~[38;2;0;0;227m_[38;2;0;0;216ma[38;2;0;0;213my[38;2;0;0;228m_[38;2;127;127;127m~[38;2;213;213;213m~[38;2;173;173;173m~[38;2;0;0;227m_[38;2;0;0;225m_[38;2;0;0;223mg[38;2;0;0;226m_[38;2;155;155;155m`[38;2;129;129;129m~[38;2;0;0;228m_[38;2;0;0;215my[38;2;0;0;216m@[38;2;0;0;218m~       [39m
 [38;2;0;0;0m        [38;2;0;0;232m`[38;2;0;1;200m`[38;2;0;0;227m~[38;2;0;0;226m~[38;2;0;0;227m~~[38;2;0;0;226m~[38;2;0;0;228m~[38;2;0;0;216m`[38;2;0;0;222m`[38;2;0;0;226m~[38;2;0;0;227m~~~[38;2;0;0;226m~[38;2;0;0;218m~[38;2;0;0;204m`[38;2;0;0;226m~~~~[38;2;2;1;202m~         [39m
 [38;2;0;0;0m                                       [39m
 [38;2;0;0;0m                                       [39m
[?25h