[?25l[39m [38;2;0;0;0m              [38;2;1;0;222m_[38;2;0;0;227m_[38;2;0;0;226m_[38;2;0;0;227m___[38;2;0;0;226m__[38;2;1;0;221m_                [39m
 [38;2;0;0;0m          [38;2;0;0;229m_[38;2;1;0;213ma[38;2;0;0;226mg[38;2;0;0;229m@[38;2;0;0;219mR[38;2;0;0;229m=[38;2;0;0;227m~~~~[38;2;0;0;219m=[38;2;0;0;229m=[38;2;0;0;222m@[38;2;0;0;227m@g[38;2;1;1;208my[38;2;1;0;208m_            [39m
 [38;2;0;0;0m        [38;2;1;0;209ma[38;2;0;0;225m@P[38;2;0;0;227m~[38;2;117;117;117m_[38;2;158;158;158my[38;2;206;206;206my[38;2;225;225;225mg[38;2;252;252;252mgg[38;2;223;223;223m$[38;2;252;252;252mg[38;2;244;244;244mg[38;2;218;218;218my[38;2;173;173;173my[38;2;165;165;165m_[38;2;0;0;223m~[38;2;0;0;218m=[38;2;0;0;227m@[38;2;0;0;224mg[38;2;1;0;208m_          [39m
 [38;2;0;0;0m      [38;2;1;0;207my[38;2;0;0;227m@[38;2;0;0;212mF [38;2;188;188;188my[38;2;248;248;248mg[38;2;251;251;251m@[38;2;252;252;252m@@@@@@@@@@[38;2;251;251;251m@[38;2;221;221;221m@[38;2;184;184;184my [38;2;0;0;226m~[38;2;0;0;228m@[38;2;1;1;209my         [39m
 [38;2;0;0;0m     [38;2;0;0;220mg[38;2;0;0;228mP[38;2;0;0;190m'[38;2;170;170;170my[38;2;231;231;231m@[38;2;251;251;251m@[38;2;252;252;252m@@@@@@@@@@@@@@@[38;2;229;229;229m@[38;2;161;161;161m_[38;2;2;1;191m`[38;2;0;0;219m@[38;2;0;0;225mL        [39m
 [38;2;0;0;0m    [38;2;0;0;220mj[38;2;0;0;214m@ [38;2;166;166;166mg[38;2;251;251;251m@[38;2;252;252;252m@@@@@@@@@@@@@@@@@@[38;2;248;248;248m@[38;2;113;113;113m_ [38;2;0;0;229m@[38;2;0;0;225m,       [39m
 [38;2;0;0;0m    [38;2;0;0;231m@  [38;2;245;245;245m@[38;2;252;252;252m@[38;2;251;251;251m@[38;2;252;252;252m@@@@@@@@@@@@@@@@@@[38;2;212;212;212m@ [38;2;0;0;206m?[38;2;1;1;206m$       [39m
 [38;2;0;0;0m    [38;2;0;0;237m@  [38;2;226;226;226m$[38;2;252;252;252m@[38;2;185;185;185m@      [38;2;91;91;91m_[38;2;223;223;223m@[38;2;252;252;252m@@@@@@@@@@[38;2;240;240;240m@  [38;2;0;0;214m$       [39m
 [38;2;0;0;0m    [38;2;0;0;237m@ [38;2;110;110;111m4[38;2;251;251;251m@[38;2;252;252;252m@@@@@@@@@@@@@@@@@@@@[38;2;242;242;242m@  [38;2;0;0;216m$       [39m
 [38;2;0;0;0m    [38;2;0;0;233m@ [38;2;88;88;89m4[38;2;251;251;251m@[38;2;252;252;252m@@@@@@@@@@@@@@@@@@@@[38;2;247;247;247m@  [38;2;0;0;221m$       [39m
 [38;2;0;0;0m    [38;2;0;0;227m@  [38;2;250;250;250m@[38;2;252;252;252m@@@@@@@@@@@@@@@@@@@@[38;2;251;251;251m@  [38;2;0;0;228m$       [39m
 [38;2;0;0;0m    [38;2;0;0;216m9  [38;2;239;239;239m@[38;2;252;252;252m@@@@@@@@@@@@@@@@@@@@[38;2;251;251;251m@[38;2;114;114;114mL [38;2;0;0;232m@       [39m
 [38;2;0;0;0m    [38;2;2;1;204m4[38;2;1;0;210m[ [38;2;223;223;223m$[38;2;252;252;252m@@@@@@@@@@@@@@@@@@@@[38;2;251;251;251m@[38;2;124;124;124m@ [38;2;0;0;232m$       [39m
 [38;2;0;0;0m     [38;2;0;0;222m@ [38;2;186;186;186m4[38;2;251;251;251m@[38;2;252;252;252m@@@@@@@@@@@@@@@@@@@[38;2;251;251;251m@[38;2;149;149;149m@ [38;2;0;0;220m$[38;2;1;0;198m|      [39m
 [38;2;0;0;0m     [38;2;0;0;229m~[38;2;0;0;219mg[38;2;0;0;200m,[38;2;163;163;163m7[38;2;181;181;181m@[38;2;245;245;245m@[38;2;212;212;212m@[38;2;197;197;197mF[38;2;252;252;252m~[38;2;176;176;176mT[38;2;184;184;184m@[38;2;246;246;246m@[38;2;249;249;249m@[38;2;238;238;238m@[38;2;210;210;210mP[38;2;252;252;252m~~[38;2;179;179;179m#[38;2;235;235;235m@[38;2;248;248;248m@[38;2;246;246;246m@[38;2;197;197;197m@[38;2;172;172;172mF[38;2;252;252;252m~ [38;2;0;0;231m_[38;2;0;0;221m@       [39m
 [38;2;0;0;0m      [38;2;2;1;198m~[38;2;0;0;215m4[38;2;0;0;227ma[38;2;0;0;209my[38;2;0;0;226m_[38;2;0;0;224m_[38;2;0;0;222mg[38;2;0;0;219m@[38;2;0;0;226ma[38;2;0;0;210my[38;2;0;0;226m___[38;2;0;0;214my[38;2;0;0;225ma[38;2;0;0;217m@[38;2;0;0;221my[38;2;0;0;225m_[38;2;0;0;226m__[38;2;0;0;225m_g[38;2;0;0;218m@[38;2;0;0;217m@[38;2;1;1;208mF        [39m
 [38;2;0;0;0m         [38;2;0;0;232m`[38;2;0;0;230m~[38;2;0;0;217m~[38;2;3;3;187m`  [38;2;0;0;230m`[38;2;0;0;229m~[38;2;0;0;233m~[38;2;0;0;230m~`  [38;2;0;2;195m`[38;2;0;0;218m~[38;2;0;0;231m~[38;2;0;0;232m~[38;2;1;0;212m~            [39m
 [38;2;0;0;0m                                       [39m
 [38;2;0;0;0m                                       [39m
[?25h