[?25l[39m [38;2;0;0;0m              [38;2;0;0;229m_[38;2;0;0;225m_[38;2;1;1;211my[38;2;0;0;216ma[38;2;0;0;223mgg[38;2;0;0;222my[38;2;0;1;211my[38;2;0;0;225m_[38;2;0;0;229m_               [39m
 [38;2;0;0;0m          [38;2;0;0;225m_[38;2;0;0;214ma@[38;2;0;0;220m=[38;2;0;0;225m~[38;2;0;0;224m~[38;2;192;192;192m_[38;2;240;240;240m_[38;2;250;250;250m__[38;2;240;240;240m_[38;2;192;192;192m_[38;2;0;0;223m~[38;2;0;0;226m~[38;2;0;0;221m=[38;2;0;0;217m@[38;2;0;0;218my[38;2;0;0;225m_           [39m
 [38;2;0;0;0m        [38;2;0;0;226m_[38;2;0;0;229ma[38;2;0;0;213mF[38;2;0;0;226m`[38;2;147;147;147my[38;2;200;200;200mg[38;2;226;226;226m$[38;2;251;251;251m@@[38;2;252;252;252m@@@@[38;2;251;251;251m@@[38;2;231;231;231m$[38;2;200;200;200mg[38;2;136;136;136my[38;2;0;0;226m`[38;2;0;0;209m?[38;2;0;0;220m@[38;2;0;0;226m_         [39m
 [38;2;0;0;0m       [38;2;0;0;222mg[38;2;0;0;226mF [38;2;188;188;189my[38;2;225;225;225m@[38;2;251;251;251m@[38;2;252;252;252m@@@@@@@@@@@@[38;2;251;251;251m@[38;2;235;235;235m@[38;2;181;181;181my [38;2;0;0;196mN[38;2;0;0;222mg        [39m
 [38;2;0;0;0m      [38;2;0;0;228mg[38;2;0;0;209mF [38;2;225;225;225mg[38;2;251;251;251m@[38;2;252;252;252m@@@@@@@@@@@@@@@@[38;2;251;251;251m@[38;2;199;199;199m@ [38;2;0;0;217m~[38;2;0;0;225m$       [39m
 [38;2;0;0;0m     [38;2;0;0;211mj[38;2;0;0;227mF [38;2;209;209;209mg[38;2;251;251;251m@@[38;2;208;208;208mF[38;2;174;174;174mT@[38;2;247;247;247m@[38;2;251;251;251m@[38;2;252;252;252m@@@@@@@@@@@@[38;2;251;251;251m@[38;2;187;187;187m@ [38;2;0;0;218m?[38;2;0;0;220ml      [39m
 [38;2;0;0;0m     [38;2;0;0;219m@  [38;2;246;246;246m@[38;2;252;252;252m@[38;2;251;251;251m@[38;2;240;240;240mg[38;2;186;186;186my[38;2;180;180;180m_ [38;2;194;194;194m~[38;2;174;174;174mF[38;2;238;238;238m@[38;2;252;252;252m@[38;2;242;242;242m@[38;2;183;183;183mM[38;2;193;193;193mFFFFF[38;2;180;180;180mM[38;2;242;242;242m@[38;2;252;252;252m@[38;2;250;250;250m@  [38;2;0;0;226m$      [39m
 [38;2;0;0;0m     [38;2;0;0;225m@  [38;2;249;249;249m@[38;2;252;252;252m@[38;2;251;251;251m@[38;2;204;204;204m@[38;2;190;190;190mF[38;2;167;167;167m~ [38;2;212;212;212m_[38;2;202;202;202my[38;2;228;228;228m@[38;2;252;252;252m@[38;2;238;238;238m@[38;2;213;213;213my[38;2;203;203;203myyyyy[38;2;216;216;216my[38;2;236;236;236m@[38;2;252;252;252m@[38;2;251;251;251m@  [38;2;0;0;227m@      [39m
 [38;2;0;0;0m     [38;2;0;0;225m@  [38;2;249;249;249m@[38;2;252;252;252m@[38;2;251;251;251m@[38;2;202;202;202my[38;2;183;183;183my[38;2;228;228;228mg[38;2;237;237;237m@[38;2;251;251;251m@[38;2;252;252;252m@@@@@@@@@@@@@[38;2;251;251;251m@  [38;2;0;0;227m@      [39m
 [38;2;0;0;0m     [38;2;0;0;225m@  [38;2;249;249;249m@[38;2;252;252;252m@@@@@@@@@@@@@@@@@@@@[38;2;251;251;251m@  [38;2;0;0;227m@      [39m
 [38;2;0;0;0m     [38;2;0;0;225m@  [38;2;249;249;249m@[38;2;252;252;252m@@@@@@@@@@@@@@@@@@@@[38;2;251;251;251m@  [38;2;0;0;227m@      [39m
 [38;2;0;0;0m     [38;2;0;0;225m@  [38;2;249;249;249m@[38;2;252;252;252m@@@@@@@@@@@@@@@@@@@@[38;2;251;251;251m@  [38;2;0;0;226m@      [39m
 [38;2;0;0;0m     [38;2;0;0;225m@  [38;2;249;249;249m@[38;2;252;252;252m@@@@@@@@@@@@@@@@@@@@[38;2;251;251;251m@  [38;2;0;0;227m@      [39m
 [38;2;0;0;0m     [38;2;0;0;222m@  [38;2;243;243;243m@[38;2;252;252;252m@@@@@@@@@@@@@@@@@@@@[38;2;248;248;248m@  [38;2;0;0;225m@      [39m
 [38;2;0;0;0m     [38;2;1;1;200m7[38;2;0;0;224m@[38;2;1;0;207m_[38;2;142;142;142m~[38;2;204;204;204mR[38;2;247;247;247m@[38;2;251;251;251m@[38;2;249;249;249m@[38;2;206;206;206m@[38;2;192;192;192mF[38;2;251;251;251m~[38;2;174;174;174m5[38;2;234;234;234m@[38;2;251;251;251m@@[38;2;236;236;236m@[38;2;222;222;222mF[38;2;251;251;251m~[38;2;151;151;151mM[38;2;197;197;197m@[38;2;249;249;249m@[38;2;251;251;251m@[38;2;248;248;248m@[38;2;186;186;186m@[38;2;171;171;171m~[38;2;1;0;202m_[38;2;0;0;229mg[38;2;0;0;215mF      [39m
 [38;2;0;0;0m      [38;2;0;0;221m~@[38;2;0;0;227mg[38;2;0;0;207my[38;2;0;0;227m_[38;2;0;0;228m_[38;2;0;0;226m__a[38;2;0;0;220m@[38;2;0;0;219my[38;2;0;0;226m_[38;2;0;0;228m__[38;2;0;0;226m_[38;2;0;0;219my[38;2;0;0;226mg[38;2;0;0;224mg[38;2;0;0;226m__[38;2;0;0;228m_[38;2;0;0;227m_[38;2;0;0;205my[38;2;0;0;226mg[38;2;0;0;223m@[38;2;0;0;222m~       [39m
 [38;2;0;0;0m        [38;2;2;1;210m~[38;2;0;0;225m~[38;2;0;0;227m~[38;2;0;0;226m=[38;2;0;0;227m~[38;2;0;0;225m~[38;2;0;0;222m~[38;2;0;0;223m`[38;2;0;0;227m~[38;2;0;0;226m~[38;2;0;0;223m=[38;2;0;0;221m=[38;2;0;0;227m~[38;2;0;0;229m~[38;2;0;0;222m`[38;2;1;0;219m~[38;2;0;0;226m~[38;2;0;0;227m~[38;2;0;0;226m=[38;2;0;0;227m~[38;2;0;0;225m~[38;2;1;0;211m~         [39m
 [38;2;0;0;0m                                       [39m
 [38;2;0;0;0m                                       [39m
[?25h