[?25l[39m [38;2;0;0;0m              [38;2;1;0;209m_[38;2;0;0;227m_[38;2;0;0;225m__[38;2;1;1;204my[38;2;1;1;203my[38;2;0;0;225m__[38;2;0;0;228m_[38;2;1;1;208m_               [39m
 [38;2;0;0;0m           [38;2;0;0;223m_[38;2;0;0;228ma[38;2;0;0;223mP[38;2;0;0;228m~[38;2;0;0;227m~[38;2;0;0;225m~[38;2;141;141;141m_[38;2;210;210;210m_[38;2;211;211;211m_[38;2;140;140;140m_[38;2;0;0;224m~[38;2;0;0;227m~~[38;2;0;0;224m4[38;2;0;0;226ma[38;2;0;0;223m_[38;2;2;1;199m,           [39m
 [38;2;0;0;0m        [38;2;1;1;205m_[38;2;0;0;227ma[38;2;0;0;225mP~[38;2;186;186;186m_[38;2;198;198;198my[38;2;245;245;245mg[38;2;234;234;234m@[38;2;251;251;251m@@@@@@[38;2;240;240;240m@[38;2;245;245;245mg[38;2;199;199;199my[38;2;187;187;187m_[38;2;0;0;222m~[38;2;0;0;223m4g[38;2;1;1;205m_         [39m
 [38;2;0;0;0m       [38;2;1;0;213my[38;2;0;0;228mP[38;2;1;0;206m'[38;2;149;149;149my[38;2;244;244;244mg[38;2;251;251;251m@[38;2;252;252;252m@@@@@@@@@@@@[38;2;251;251;251m@[38;2;210;210;210m@[38;2;137;137;137my[38;2;2;0;202m`[38;2;0;0;228m4[38;2;0;0;215my        [39m
 [38;2;0;0;0m      [38;2;0;0;219mg[38;2;0;0;223mF [38;2;203;203;203mg[38;2;251;251;251m@[38;2;252;252;252m@@@@@@@@@@@@@@@@[38;2;251;251;251m@[38;2;171;171;172m@ [38;2;0;0;211m?[38;2;1;0;215m$       [39m
 [38;2;0;0;0m     [38;2;1;1;200mj[38;2;0;0;231mF [38;2;190;190;190mg[38;2;251;251;251m@@[38;2;217;217;217mP[38;2;174;174;174mP[38;2;218;218;218m@[38;2;251;251;251m@[38;2;252;252;252m@@@@@@@@@@@@@[38;2;251;251;251m@[38;2;166;166;166m@ [38;2;0;0;220m4[38;2;0;0;215mi      [39m
 [38;2;0;0;0m     [38;2;0;0;215m@[38;2;0;0;180m[ [38;2;242;242;242m@[38;2;252;252;252m@[38;2;251;251;251m@[38;2;203;203;203mg[38;2;145;145;145my [38;2;163;163;163m`[38;2;241;241;241m~[38;2;179;179;179mR[38;2;248;248;248m@[38;2;252;252;252m@[38;2;248;248;248m@[38;2;227;227;227mP[38;2;212;212;212mPPPPP[38;2;174;174;174m@[38;2;249;249;249m@[38;2;252;252;252m@[38;2;248;248;248m@  [38;2;0;0;225m$      [39m
 [38;2;0;0;0m     [38;2;0;0;226m@  [38;2;249;249;249m@[38;2;252;252;252m@@[38;2;233;233;233m@[38;2;221;221;221mF[38;2;220;220;220m~ [38;2;118;118;118m_[38;2;171;171;171my[38;2;213;213;213m@[38;2;252;252;252m@[38;2;229;229;229m@[38;2;182;182;182my[38;2;172;172;172myyyyy[38;2;185;185;185my[38;2;223;223;223m@[38;2;252;252;252m@[38;2;251;251;251m@  [38;2;0;0;226m@      [39m
 [38;2;0;0;0m     [38;2;0;0;226m@  [38;2;249;249;249m@[38;2;252;252;252m@[38;2;251;251;251m@[38;2;167;167;167my[38;2;143;143;143my[38;2;185;185;185mg[38;2;208;208;208m@[38;2;251;251;251m@[38;2;252;252;252m@@@@@@@@@@@@@[38;2;251;251;251m@  [38;2;0;0;226m@      [39m
 [38;2;0;0;0m     [38;2;0;0;226m@  [38;2;249;249;249m@[38;2;252;252;252m@@@@@@@@@@@@@@@@@@@@[38;2;251;251;251m@  [38;2;0;0;226m@      [39m
 [38;2;0;0;0m     [38;2;0;0;226m@  [38;2;249;249;249m@[38;2;252;252;252m@@@@@@@@@@@@@@@@@@@@[38;2;251;251;251m@  [38;2;0;0;226m@      [39m
 [38;2;0;0;0m     [38;2;0;0;226m@  [38;2;249;249;249m@[38;2;252;252;252m@@@@@@@@@@@@@@@@@@@@[38;2;251;251;251m@  [38;2;0;0;227m@      [39m
 [38;2;0;0;0m     [38;2;0;0;226m@  [38;2;249;249;249m@[38;2;252;252;252m@@@@@@@@@@@@@@@@@@@@[38;2;251;251;251m@  [38;2;0;0;227m@      [39m
 [38;2;0;0;0m     [38;2;0;0;225m@  [38;2;249;249;249m@[38;2;252;252;252m@@@@@@@@@@@@@@@@@@@@[38;2;251;251;251m@  [38;2;0;0;226m@      [39m
 [38;2;0;0;0m     [38;2;0;0;217m@[38;2;0;0;202mL [38;2;210;210;210m@[38;2;252;252;252m@@@@@@[38;2;251;251;251m@[38;2;252;252;252m@@@@@@[38;2;251;251;251m@[38;2;252;252;252m@@@@@@[38;2;229;229;229m@ [38;2;0;0;200mj[38;2;0;0;221m@      [39m
 [38;2;0;0;0m     [38;2;1;1;210m`[38;2;0;0;229m@[38;2;0;0;205my [38;2;244;244;244m~[38;2;195;195;195m#[38;2;217;217;217mR[38;2;204;204;204mR[38;2;196;196;196mF[38;2;197;197;197m~[38;2;125;125;125m~[38;2;227;227;227m~[38;2;185;185;185mP[38;2;214;214;214mR[38;2;215;215;215mR[38;2;218;218;218mF[38;2;235;235;235m~[38;2;130;130;130m~[38;2;178;178;178m~[38;2;142;142;142m5[38;2;201;201;201mR[38;2;217;217;217mR[38;2;171;171;171m@[38;2;177;177;177mF[38;2;71;71;72m~[38;2;0;0;226m_[38;2;0;0;227m@[38;2;0;0;233m'      [39m
 [38;2;0;0;0m      [38;2;2;1;208m`[38;2;0;0;214m?[38;2;0;0;227m@[38;2;0;0;226mg[38;2;0;0;225mg[38;2;0;0;220my[38;2;0;0;222ma[38;2;0;0;227mg[38;2;0;0;226m@[38;2;0;0;225m@[38;2;0;0;222m@[38;2;0;0;228mg[38;2;0;0;221my[38;2;0;0;217ma[38;2;0;0;228mg[38;2;0;0;218m@[38;2;0;0;225m@[38;2;0;0;227m@g[38;2;0;0;220mg[38;2;0;0;219my[38;2;0;0;224mg[38;2;0;0;226mg[38;2;0;0;227m@[38;2;0;0;214mP[38;2;0;0;223m'       [39m
 [38;2;0;0;0m         [38;2;0;0;228m`[38;2;0;0;226m~[38;2;0;0;227m~[38;2;0;0;226m~[38;2;1;1;212m~  [38;2;2;0;207m`[38;2;0;0;221m~[38;2;0;0;227m~~[38;2;0;0;223m~[38;2;1;0;209m`  [38;2;1;1;208m~[38;2;0;0;225m~[38;2;0;0;227m~[38;2;0;0;226m~[38;2;2;1;197m~          [39m
 [38;2;0;0;0m                                       [39m
[?25h