[?25l[39m [38;2;0;0;0m                  [38;2;1;0;201m_[38;2;1;0;199m_                   [39m
 [38;2;0;0;0m           [38;2;2;0;204m_[38;2;0;0;225m_[38;2;0;0;222ma[38;2;0;0;226mg[38;2;0;0;225m@[38;2;0;0;227m@[38;2;0;0;228m@[38;2;0;0;227m@[38;2;0;0;228m@@[38;2;0;0;227m@[38;2;0;0;225m@[38;2;0;0;227mg[38;2;0;0;215my[38;2;0;0;228m_             [39m
 [38;2;0;0;0m         [38;2;0;0;230m_[38;2;0;0;227mg[38;2;0;0;226m@[38;2;0;0;218mP[38;2;0;0;226m~[38;2;0;0;220m~[38;2;225;225;225m_[38;2;158;158;158my[38;2;178;178;178my[38;2;188;188;188my[38;2;185;185;185my[38;2;170;170;170my[38;2;252;252;252m_[38;2;150;150;150m_[38;2;0;0;228m~[38;2;0;0;226m~[38;2;0;0;220mR[38;2;0;0;226m@[38;2;0;0;218mg[38;2;1;0;213m_          [39m
 [38;2;0;0;0m       [38;2;0;0;228m_[38;2;0;0;223m@[38;2;0;0;226mP[38;2;0;0;223m~[38;2;187;187;187m_[38;2;185;185;185mg[38;2;212;212;212m@[38;2;251;251;251m@@[38;2;252;252;252m@@@@@@[38;2;251;251;251m@[38;2;242;242;242m@[38;2;230;230;230mg[38;2;159;159;159my[38;2;1;0;205m`[38;2;0;0;226m~[38;2;0;0;227m@[38;2;0;0;218mg[38;2;3;1;187m,        [39m
 [38;2;0;0;0m      [38;2;0;0;213mg[38;2;0;0;225m@[38;2;0;0;210m~[38;2;148;148;148m_[38;2;234;234;234mg[38;2;251;251;251m@[38;2;252;252;252m@@@@@@@@@@@@@@[38;2;236;236;236m@[38;2;167;167;167my [38;2;0;0;219m4[38;2;0;0;225m@[38;2;0;0;216m,       [39m
 [38;2;0;0;0m     [38;2;0;0;221mj[38;2;0;0;222m@ [38;2;155;155;155my[38;2;246;246;246m@[38;2;252;252;252m@@@@@@@@@@@@@@@@@[38;2;251;251;251m@[38;2;170;170;170m@ [38;2;0;0;217m?[38;2;0;0;226m$       [39m
 [38;2;0;0;0m     [38;2;0;0;232m@[38;2;1;0;196m' [38;2;176;176;176m@[38;2;250;250;250m@[38;2;252;252;252m@@@@@@@@@@@@@@@@@@[38;2;251;251;251m@[38;2;181;181;181mL [38;2;0;0;225m$[38;2;1;0;207mi      [39m
 [38;2;0;0;0m     [38;2;0;0;234m@ [38;2;112;112;112m_  [38;2;214;214;214m~[38;2;161;161;161m@[38;2;251;251;251m@[38;2;250;250;250m@[38;2;194;194;194mF[38;2;252;252;252m~~~~~~[38;2;175;175;175m@[38;2;251;251;251m@[38;2;252;252;252m@@@@@@[38;2;218;218;218m@ [38;2;0;0;202m4[38;2;0;0;222m[      [39m
 [38;2;0;0;0m     [38;2;0;0;233m@ [38;2;99;99;99m` [38;2;136;136;136my[38;2;185;185;185mg[38;2;219;219;219m@[38;2;251;251;251m@@[38;2;243;243;243mg[38;2;232;232;232mgggggg[38;2;226;226;226m@[38;2;252;252;252m@@@@@@@[38;2;230;230;230m@ [38;2;0;0;201mJ[38;2;0;0;223m[      [39m
 [38;2;0;0;0m     [38;2;0;0;235m@ [38;2;125;125;125ma[38;2;247;247;247m@[38;2;251;251;251m@[38;2;252;252;252m@@@@@@@@@@@@@@@@@@@[38;2;233;233;233m@ [38;2;0;0;199mJ[38;2;0;0;225m[      [39m
 [38;2;0;0;0m     [38;2;0;0;236m@ [38;2;148;148;148m4[38;2;251;251;251m@[38;2;252;252;252m@@@@@@@@@@@@@@@@@@@@[38;2;237;237;237m@ [38;2;1;0;196mJ[38;2;0;0;225m[      [39m
 [38;2;0;0;0m     [38;2;0;0;237m@ [38;2;137;137;137m4[38;2;251;251;251m@[38;2;252;252;252m@@@@@@@@@@@@@@@@@@@@[38;2;238;238;238m@ [38;2;0;0;188mJ[38;2;1;0;208m$      [39m
 [38;2;0;0;0m     [38;2;0;0;237m@ [38;2;123;123;123m4[38;2;252;252;252m@@@@@@@@@@@@@@@@@@@@@[38;2;240;240;240m@ [38;2;0;0;181mJ[38;2;1;0;213m$      [39m
 [38;2;0;0;0m     [38;2;0;0;234m@ [38;2;83;83;83m4[38;2;251;251;251m@[38;2;252;252;252m@@@@@@@@@@@@@@@@@@@@[38;2;241;241;241m@ [38;2;0;0;184mj[38;2;0;0;215m$      [39m
 [38;2;0;0;0m     [38;2;0;0;209m~[38;2;0;0;218m$ [38;2;155;155;155m7[38;2;180;180;180mP[38;2;230;230;230m@[38;2;251;251;251m@[38;2;252;252;252m@[38;2;251;251;251m@[38;2;219;219;219m@[38;2;209;209;209mF[38;2;159;159;159m5[38;2;186;186;186m@[38;2;250;250;250m@[38;2;251;251;251m@@[38;2;245;245;245m@[38;2;218;218;218mP[38;2;193;193;193mF[38;2;183;183;183mA[38;2;242;242;242m@[38;2;251;251;251m@@[38;2;208;208;208m@[38;2;173;173;173m~ [38;2;0;0;233ma[38;2;0;0;230m'      [39m
 [38;2;0;0;0m      [38;2;2;0;208m~[38;2;0;0;227m4a[38;2;0;0;221my[38;2;0;0;226m_[38;2;136;136;136m`[38;2;207;207;207m`[38;2;0;0;229m_[38;2;0;0;225m_[38;2;0;0;222ma[38;2;0;0;226ma[38;2;0;0;225m_[38;2;0;0;228m_[38;2;204;204;204m`[38;2;179;179;179m`[38;2;0;0;227m_[38;2;0;0;210my[38;2;0;0;228ma[38;2;0;0;214my[38;2;0;0;227m_[38;2;164;164;164m`[38;2;0;0;228m_[38;2;0;0;225m_a[38;2;0;0;227mP[38;2;0;0;230m'       [39m
 [38;2;0;0;0m         [38;2;1;1;212m`[38;2;0;0;227m~[38;2;0;0;225m~[38;2;0;0;224m~[38;2;0;0;225m~[38;2;0;0;229m~[38;2;2;2;192m` [38;2;0;0;222m~[38;2;0;0;226m~[38;2;0;0;225m~~[38;2;0;0;227m~[38;2;2;1;206m~ [38;2;0;0;224m`[38;2;0;0;227m~[38;2;0;0;225m~~[38;2;0;0;229m~[38;2;1;2;197m`         [39m
 [38;2;0;0;0m                                       [39m
 [38;2;0;0;0m                                       [39m
[?25h