[?25l[39m [38;2;0;0;0m                                       [39m
 [38;2;0;0;0m             [38;2;1;0;218m_[38;2;0;0;226m_[38;2;0;0;227m_[38;2;0;0;218my[38;2;0;0;222mag[38;2;0;0;223ma[38;2;0;0;217mg[38;2;0;0;213my[38;2;0;0;226m_[38;2;0;0;227m_               [39m
 [38;2;0;0;0m          [38;2;0;0;231m_[38;2;0;0;225ma[38;2;0;0;226m@[38;2;0;0;221mP[38;2;0;0;227m~~[38;2;89;89;89m_[38;2;152;152;152m_[38;2;187;187;187m_[38;2;175;175;175m_[38;2;132;132;132m_[38;2;0;0;231m~[38;2;0;0;225m~[38;2;0;0;226m~[38;2;0;0;219mR@[38;2;1;0;211my[38;2;0;1;210m_           [39m
 [38;2;0;0;0m        [38;2;1;1;204my[38;2;0;0;224m@[38;2;0;0;214mF[38;2;0;0;209m~[38;2;133;133;133my[38;2;188;188;188mg[38;2;249;249;249mg[38;2;241;241;241m@[38;2;252;252;252m@[38;2;251;251;251m@@@@@[38;2;231;231;231m@[38;2;232;232;232mg[38;2;183;183;183my[38;2;116;116;116m_[38;2;0;0;224m~[38;2;0;0;229m4[38;2;0;0;225mg[38;2;0;0;209m_         [39m
 [38;2;0;0;0m      [38;2;1;2;187m_[38;2;0;0;230mg[38;2;0;0;222mF [38;2;194;194;194my[38;2;224;224;224m@[38;2;251;251;251m@[38;2;252;252;252m@@@@@@@@@@@@[38;2;251;251;251m@[38;2;223;223;223mg[38;2;152;152;152m_[38;2;0;0;210m~[38;2;0;0;219m@[38;2;1;1;209my        [39m
 [38;2;0;0;0m      [38;2;0;0;229m@[38;2;0;0;206m~[38;2;95;95;96m_[38;2;241;241;241mg[38;2;251;251;251m@[38;2;252;252;252m@@@@@@@@@@@@@@@@[38;2;251;251;251m@[38;2;174;174;174my [38;2;0;0;225m4[38;2;0;0;222mL       [39m
 [38;2;0;0;0m     [38;2;0;0;223mg[38;2;0;0;205mF [38;2;216;216;216m$[38;2;252;252;252m@[38;2;248;248;248m@[38;2;192;192;192mM[38;2;171;171;171m#[38;2;228;228;228m@[38;2;251;251;251m@[38;2;252;252;252m@@@@@@@@@@@@@[38;2;251;251;251m@[38;2;118;118;118my [38;2;0;0;227m@[38;2;0;0;218m,      [39m
 [38;2;0;0;0m     [38;2;0;0;236m@ [38;2;107;107;108my[38;2;251;251;251m@[38;2;252;252;252m@[38;2;249;249;249m@[38;2;188;188;188mg[38;2;241;241;241m_ [38;2;206;206;206m`[38;2;248;248;248m~[38;2;168;168;168m@[38;2;251;251;251m@[38;2;252;252;252m@[38;2;242;242;242m@[38;2;221;221;221mP[38;2;217;217;217mPPPPP[38;2;181;181;181m@[38;2;251;251;251m@[38;2;252;252;252m@[38;2;218;218;218m@ [38;2;1;0;202m4[38;2;0;0;223m[      [39m
 [38;2;0;0;0m     [38;2;0;0;235m@ [38;2;144;144;144m4[38;2;251;251;251m@[38;2;252;252;252m@@[38;2;222;222;222m@[38;2;211;211;211mF[38;2;176;176;176m~ [38;2;161;161;161m_[38;2;186;186;186my[38;2;237;237;237m@[38;2;251;251;251m@[38;2;222;222;222m$[38;2;176;176;176my[38;2;170;170;170myyyyy[38;2;197;197;197my[38;2;240;240;240m@[38;2;252;252;252m@[38;2;237;237;237m@ [38;2;0;0;195mJ[38;2;0;0;226m[      [39m
 [38;2;0;0;0m     [38;2;0;0;236m@ [38;2;141;141;141m4[38;2;251;251;251m@[38;2;252;252;252m@[38;2;241;241;241m@[38;2;143;143;143my[38;2;155;155;155my[38;2;194;194;194mg[38;2;216;216;216m@[38;2;251;251;251m@[38;2;252;252;252m@@@@@@@@@@@@@[38;2;237;237;237m@ [38;2;0;0;192mJ[38;2;1;0;205m$      [39m
 [38;2;0;0;0m     [38;2;0;0;237m@ [38;2;136;136;136m4[38;2;251;251;251m@[38;2;252;252;252m@@@@@@@@@@@@@@@@@@@@[38;2;238;238;238m@ [38;2;0;0;190mJ[38;2;0;0;207m$      [39m
 [38;2;0;0;0m     [38;2;0;0;237m@ [38;2;127;127;127m4[38;2;252;252;252m@@@@@@@@@@@@@@@@@@@@@[38;2;239;239;239m@ [38;2;0;0;183mJ[38;2;1;0;211m$      [39m
 [38;2;0;0;0m     [38;2;0;0;236m@ [38;2;110;110;110m4[38;2;251;251;251m@[38;2;252;252;252m@@@@@@@@@@@@@@@@@@@@[38;2;242;242;242m@  [38;2;0;0;216m$      [39m
 [38;2;0;0;0m     [38;2;0;0;234m@ [38;2;92;92;92m4[38;2;251;251;251m@[38;2;252;252;252m@@@@@@@@@@@@@@@@@@@@[38;2;246;246;246m@  [38;2;0;0;220m$      [39m
 [38;2;0;0;0m     [38;2;0;0;217m9[38;2;0;0;203mL [38;2;200;200;200m$[38;2;251;251;251m@[38;2;252;252;252m@@@@[38;2;251;251;251m@@@[38;2;252;252;252m@@@@[38;2;251;251;251m@@@[38;2;252;252;252m@@@@[38;2;251;251;251m@[38;2;189;189;189m@ [38;2;0;0;225mj[38;2;0;0;221mF      [39m
 [38;2;0;0;0m      [38;2;0;0;224m4[38;2;0;0;219my[38;2;0;0;222m_[38;2;201;201;201m~[38;2;178;178;178mF[38;2;195;195;195mP[38;2;203;203;203mF[38;2;246;246;246m~[38;2;139;139;139m`[38;2;0;0;229m_[38;2;124;124;124m~[38;2;173;173;173mT[38;2;185;185;185mP[38;2;193;193;193mP[38;2;182;182;182mF[38;2;164;164;164m~[38;2;0;0;228m_[38;2;104;104;104m`[38;2;229;229;229m~[38;2;165;165;165mP[38;2;196;196;196mP[38;2;194;194;194mF[38;2;216;216;216m~[38;2;0;0;220m_[38;2;0;0;217ma[38;2;0;0;229mF       [39m
 [38;2;0;0;0m       [38;2;0;1;206m~[38;2;0;0;226m~[38;2;0;0;223m4[38;2;0;0;228ma[38;2;0;0;227ma[38;2;0;0;228ma[38;2;0;0;211m@[38;2;0;0;224m=[38;2;0;0;225m~[38;2;0;0;231m=[38;2;0;0;215m@[38;2;0;0;227ma[38;2;0;0;228ma[38;2;0;0;225ma[38;2;0;0;221mP[38;2;0;0;225m~[38;2;0;0;226m~[38;2;0;0;217mR[38;2;0;0;228ma[38;2;0;0;227maa[38;2;0;0;222mP[38;2;0;0;226m~[38;2;1;1;203m~        [39m
 [38;2;0;0;0m                                       [39m
 [38;2;0;0;0m                                       [39m
[?25h