[?25l[39m [38;2;0;0;0m                                       [39m
 [38;2;0;0;0m             [38;2;0;0;226m_[38;2;0;0;227m_[38;2;0;0;220mg[38;2;0;0;227mgggggg[38;2;1;0;218mg[38;2;0;0;226m_[38;2;0;0;227m_              [39m
 [38;2;0;0;0m          [38;2;0;0;227m_[38;2;0;0;228mg[38;2;0;0;225m@[38;2;0;0;226m=[38;2;0;0;225m~[38;2;0;0;231m~[38;2;139;139;139m_[38;2;226;226;226m_[38;2;253;253;253m_[38;2;252;252;252m_[38;2;217;217;217m_[38;2;129;129;129m_[38;2;0;0;229m~[38;2;0;0;226m~[38;2;0;0;227m=[38;2;0;0;226m@[38;2;0;0;227mg[38;2;0;0;228m_           [39m
 [38;2;0;0;0m        [38;2;0;0;214my[38;2;0;0;227m@[38;2;0;0;214mF[38;2;0;0;204m~[38;2;139;139;139my[38;2;199;199;199mg[38;2;211;211;211m@[38;2;248;248;248m@[38;2;251;251;251m@@[38;2;252;252;252m@@[38;2;251;251;251m@@[38;2;248;248;248m@[38;2;210;210;210m@[38;2;186;186;186mg[38;2;220;220;220m_[38;2;0;0;210m~[38;2;0;0;215m?[38;2;0;0;227m@[38;2;1;1;206my         [39m
 [38;2;0;0;0m      [38;2;1;2;187m_[38;2;0;0;221m@[38;2;0;0;225mF [38;2;187;187;187my[38;2;222;222;222m@[38;2;251;251;251m@[38;2;252;252;252m@@@@@@@@@@@@[38;2;251;251;251m@[38;2;220;220;220m@[38;2;150;150;150my [38;2;0;0;221m4[38;2;0;0;225m$[38;2;0;1;206m,       [39m
 [38;2;0;0;0m      [38;2;0;0;228m@[38;2;0;0;216m~ [38;2;229;229;229mg[38;2;251;251;251m@[38;2;252;252;252m@@@@@@@@@@@@@@@@[38;2;251;251;251m@[38;2;176;176;176m@ [38;2;0;0;210m?[38;2;0;0;228m$       [39m
 [38;2;0;0;0m     [38;2;1;0;210mg[38;2;0;0;222mF [38;2;217;217;217mg[38;2;251;251;251m@[38;2;250;250;250m@[38;2;210;210;210mF[38;2;158;158;158mM[38;2;192;192;192m@[38;2;251;251;251m@[38;2;252;252;252m@@@@@@@@@@@@@[38;2;251;251;251m@[38;2;162;162;162m$ [38;2;0;0;216m5[38;2;0;0;218m[      [39m
 [38;2;0;0;0m     [38;2;0;0;229m@  [38;2;249;249;249m@[38;2;252;252;252m@[38;2;251;251;251m@[38;2;224;224;224mg[38;2;172;172;172my[38;2;137;137;137m_ [38;2;223;223;223m~[38;2;169;169;169m5[38;2;245;245;245m@[38;2;252;252;252m@[38;2;242;242;242m@[38;2;189;189;189mM[38;2;203;203;203mFFFFF[38;2;180;180;180m#[38;2;247;247;247m@[38;2;252;252;252m@[38;2;244;244;244m@  [38;2;0;0;221m$      [39m
 [38;2;0;0;0m     [38;2;0;0;232m@ [38;2;72;72;73m4[38;2;250;250;250m@[38;2;252;252;252m@@[38;2;211;211;211m@[38;2;198;198;198mF[38;2;193;193;193m~ [38;2;198;198;198m_[38;2;196;196;196my[38;2;231;231;231m@[38;2;252;252;252m@[38;2;230;230;230m@[38;2;200;200;200my[38;2;191;191;191myyyyy[38;2;209;209;209my[38;2;236;236;236m@[38;2;252;252;252m@[38;2;250;250;250m@  [38;2;0;0;223m$      [39m
 [38;2;0;0;0m     [38;2;0;0;232m@ [38;2;70;70;71m4[38;2;250;250;250m@[38;2;252;252;252m@[38;2;250;250;250m@[38;2;187;187;187my[38;2;174;174;174my[38;2;224;224;224ma[38;2;232;232;232m@[38;2;251;251;251m@[38;2;252;252;252m@@@@@@@@@@@@@[38;2;250;250;250m@  [38;2;0;0;223m$      [39m
 [38;2;0;0;0m     [38;2;0;0;232m@ [38;2;67;67;68m4[38;2;250;250;250m@[38;2;252;252;252m@@@@@@@@@@@@@@@@@@@@[38;2;251;251;251m@  [38;2;0;0;224m$      [39m
 [38;2;0;0;0m     [38;2;0;0;232m@ [38;2;63;63;64m4[38;2;249;249;249m@[38;2;252;252;252m@@@@@@@@@@@@@@@@@@@@[38;2;251;251;251m@  [38;2;0;0;225m$      [39m
 [38;2;0;0;0m     [38;2;0;0;230m@  [38;2;249;249;249m@[38;2;252;252;252m@@@@@@@@@@@@@@@@@@@@@  [38;2;0;0;223m@      [39m
 [38;2;0;0;0m     [38;2;0;0;229m@  [38;2;249;249;249m@[38;2;252;252;252m@@@@@@@@@@@@@@@@@@@@[38;2;251;251;251m@  [38;2;0;0;225m$      [39m
 [38;2;0;0;0m     [38;2;1;1;204m4[38;2;0;0;232mL [38;2;154;154;154m5[38;2;250;250;250m@[38;2;252;252;252m@@@[38;2;251;251;251m@[38;2;225;225;225m@[38;2;196;196;196m@[38;2;244;244;244m@[38;2;251;251;251m@[38;2;252;252;252m@@[38;2;251;251;251m@[38;2;245;245;245m@[38;2;196;196;196m@[38;2;222;222;222m@[38;2;251;251;251m@[38;2;252;252;252m@@@[38;2;250;250;250m@[38;2;219;219;219mF [38;2;0;0;222my[38;2;0;0;217mF      [39m
 [38;2;0;0;0m      [38;2;0;0;229m~[38;2;0;0;217m@[38;2;0;0;224m_[38;2;129;129;129m`[38;2;224;224;224m~[38;2;251;251;251m~[38;2;241;241;241m~[38;2;118;118;118m~[38;2;0;0;227m_[38;2;0;0;210my[38;2;0;0;226m_[38;2;179;179;179m~[38;2;247;247;247m~[38;2;249;249;249m~[38;2;202;202;202m~[38;2;0;0;226m_[38;2;0;0;209my[38;2;0;0;226m_[38;2;187;187;187m`[38;2;235;235;235m~[38;2;252;252;252m~[38;2;231;231;231m~[38;2;123;123;123m`[38;2;0;0;224m_[38;2;0;0;227ma[38;2;1;1;208mF       [39m
 [38;2;0;0;0m        [38;2;0;0;227m~[38;2;0;0;226m~[38;2;0;0;231m=[38;2;1;0;213mP[38;2;0;0;230m=[38;2;0;0;226m~[38;2;0;0;227m~[38;2;0;0;222m~[38;2;0;0;227m~[38;2;0;0;228m==[38;2;1;0;214mP[38;2;0;0;229m=[38;2;0;0;227m~[38;2;0;0;221m~[38;2;0;0;225m~[38;2;0;0;226m~[38;2;0;0;231m=[38;2;0;0;213mP[38;2;0;0;231m=[38;2;0;0;226m~~         [39m
 [38;2;0;0;0m                                       [39m
 [38;2;0;0;0m                                       [39m
[?25h