[?25l[39m [38;2;0;0;0m              [38;2;0;0;229m_[38;2;0;0;225m_[38;2;1;1;211my[38;2;0;0;216ma[38;2;0;0;224ma[38;2;0;0;223ma[38;2;0;0;221my[38;2;1;1;211my[38;2;0;0;225m_[38;2;0;0;229m_               [39m
 [38;2;0;0;0m          [38;2;0;0;225m_[38;2;1;0;214ma[38;2;0;0;220m#[38;2;0;0;211mF[38;2;0;0;226m~[38;2;0;0;220m~[38;2;212;212;212m_[38;2;244;244;244m_[38;2;146;146;146myy[38;2;244;244;244m_[38;2;213;213;213m_[38;2;0;0;219m~[38;2;0;0;226m~[38;2;0;0;217m=[38;2;0;0;215m@[38;2;0;0;218my[38;2;0;0;225m_           [39m
 [38;2;0;0;0m        [38;2;0;0;226m_[38;2;0;0;228ma[38;2;0;0;210mF[38;2;1;0;220m`[38;2;155;155;155my[38;2;218;218;218ma[38;2;231;231;231m$[38;2;251;251;251m@@[38;2;252;252;252m@@@@[38;2;251;251;251m@@[38;2;225;225;225m@[38;2;209;209;209mg[38;2;145;145;145my[38;2;1;0;220m`[38;2;0;0;226m~[38;2;0;0;219m@[38;2;0;0;226m_         [39m
 [38;2;0;0;0m       [38;2;0;0;222mg[38;2;0;0;226mF [38;2;192;192;192my[38;2;230;230;230m@[38;2;251;251;251m@[38;2;252;252;252m@@@@@@@@@@@@@[38;2;239;239;239m@[38;2;186;186;186my [38;2;0;0;218m?[38;2;0;0;222mg        [39m
 [38;2;0;0;0m      [38;2;0;0;228mg[38;2;0;0;205mF [38;2;228;228;228mg[38;2;251;251;251m@[38;2;252;252;252m@@@@@@@@@@@@@@@@[38;2;251;251;251m@[38;2;202;202;202m@ [38;2;0;0;213m~[38;2;0;0;226m$       [39m
 [38;2;0;0;0m     [38;2;1;0;211mj[38;2;0;0;227mF [38;2;210;210;210mg[38;2;251;251;251m@@[38;2;230;230;230mF[38;2;189;189;189mF[38;2;207;207;207m@[38;2;251;251;251m@[38;2;252;252;252m@@@@@[38;2;235;235;235m@[38;2;197;197;197mF[38;2;183;183;183mA[38;2;238;238;238m@[38;2;251;251;251m@[38;2;252;252;252m@@@[38;2;251;251;251m@[38;2;190;190;190m@ [38;2;0;0;217m?[38;2;0;0;220ml      [39m
 [38;2;0;0;0m     [38;2;0;0;219m@  [38;2;246;246;246m@[38;2;252;252;252m@[38;2;251;251;251m@[38;2;214;214;214mg[38;2;157;157;157my[38;2;74;74;74m_[38;2;143;143;143m`[38;2;236;236;236m~[38;2;175;175;175mA[38;2;247;247;247m@[38;2;252;252;252m@@[38;2;239;239;239m@[38;2;207;207;207my[38;2;232;232;232m_ [38;2;147;147;147m~[38;2;176;176;176mT[38;2;189;189;189m@[38;2;251;251;251m@[38;2;252;252;252m@[38;2;250;250;250m@  [38;2;0;0;226m$      [39m
 [38;2;0;0;0m     [38;2;0;0;226m@  [38;2;249;249;249m@[38;2;252;252;252m@@[38;2;228;228;228m@[38;2;216;216;216mF[38;2;222;222;222m~ [38;2;142;142;142m_[38;2;179;179;179my[38;2;217;217;217m@[38;2;252;252;252m@@[38;2;251;251;251m@[38;2;193;193;193m@[38;2;182;182;182mF[38;2;118;118;118m~ [38;2;221;221;221m_[38;2;213;213;213my[38;2;250;250;250m@[38;2;252;252;252m@[38;2;251;251;251m@  [38;2;0;0;226m@      [39m
 [38;2;0;0;0m     [38;2;0;0;226m@  [38;2;249;249;249m@[38;2;252;252;252m@[38;2;251;251;251m@[38;2;176;176;176my[38;2;152;152;152my[38;2;194;194;194mg[38;2;217;217;217m@[38;2;251;251;251m@[38;2;252;252;252m@@@@[38;2;214;214;214m@[38;2;141;141;141my[38;2;181;181;181my[38;2;233;233;233mg[38;2;240;240;240m@[38;2;251;251;251m@[38;2;252;252;252m@@@[38;2;251;251;251m@  [38;2;0;0;226m@      [39m
 [38;2;0;0;0m     [38;2;0;0;226m@  [38;2;249;249;249m@[38;2;252;252;252m@@@@@@@@@@@@@@@@@@@@[38;2;251;251;251m@  [38;2;0;0;226m@      [39m
 [38;2;0;0;0m     [38;2;0;0;226m@  [38;2;249;249;249m@[38;2;252;252;252m@@@@@@@@@@@@@@@@@@@@[38;2;251;251;251m@  [38;2;0;0;226m@      [39m
 [38;2;0;0;0m     [38;2;0;0;226m@  [38;2;249;249;249m@[38;2;252;252;252m@@@@@@@@@@@@@@@@@@@@[38;2;251;251;251m@  [38;2;0;0;227m@      [39m
 [38;2;0;0;0m     [38;2;0;0;226m@  [38;2;249;249;249m@[38;2;252;252;252m@@@@@@@@@@@@@@@@@@@@[38;2;251;251;251m@  [38;2;0;0;227m@      [39m
 [38;2;0;0;0m     [38;2;0;0;226m@  [38;2;249;249;249m@[38;2;252;252;252m@@@@@@@@@@@@@@@@@@@@[38;2;251;251;251m@  [38;2;0;0;226m@      [39m
 [38;2;0;0;0m     [38;2;1;0;210m9[38;2;0;0;219mg [38;2;170;170;171m7[38;2;243;243;243m@[38;2;251;251;251m@[38;2;252;252;252m@[38;2;251;251;251m@[38;2;243;243;243m@[38;2;177;177;177m@[38;2;197;197;197mR[38;2;238;238;238m@[38;2;251;251;251m@[38;2;252;252;252m@[38;2;251;251;251m@@[38;2;200;200;200m@[38;2;219;219;219mP[38;2;202;202;202m@[38;2;251;251;251m@[38;2;252;252;252m@@[38;2;251;251;251m@[38;2;233;233;233m@[38;2;196;196;196mF [38;2;0;0;218mg[38;2;1;0;211m$      [39m
 [38;2;0;0;0m      [38;2;0;0;222m4[38;2;0;0;225m@[38;2;0;0;211my[38;2;0;0;227m_[38;2;155;155;155m~[38;2;225;225;225m~[38;2;166;166;166m~[38;2;0;0;227m_[38;2;0;0;210my[38;2;0;0;215my[38;2;0;0;228m_[38;2;136;136;136m~[38;2;224;224;224m~[38;2;210;210;210m~[38;2;121;121;121m`[38;2;0;0;226m_[38;2;0;0;222ma[38;2;0;0;226m_[38;2;156;156;156m`[38;2;209;209;209m~[38;2;225;225;225m~[38;2;134;134;134m~[38;2;0;0;228m_[38;2;0;0;215ma[38;2;0;0;220m@[38;2;0;0;227mP[38;2;2;1;189m'      [39m
 [38;2;0;0;0m       [38;2;1;0;214m~[38;2;0;0;226m~[38;2;1;0;214m@[38;2;0;0;227m@[38;2;0;0;226m@[38;2;0;0;228m@[38;2;0;0;212m@[38;2;1;1;206mF[38;2;0;0;227m~[38;2;0;0;218mR[38;2;0;0;228m@[38;2;0;0;226m@[38;2;0;0;227m@[38;2;0;0;224m@[38;2;0;0;219mP[38;2;0;0;227m~[38;2;0;0;225m4[38;2;0;0;227m@[38;2;0;0;226m@@[38;2;0;0;228m@[38;2;0;0;224mP[38;2;0;0;226m~[38;2;0;0;215m~        [39m
 [38;2;0;0;0m                                       [39m
 [38;2;0;0;0m                                       [39m
[?25h