[?25l[39m [38;2;0;0;0m                                       [39m
 [38;2;0;0;0m             [38;2;0;0;227m__[38;2;0;0;221ma[38;2;0;0;227mgggggg[38;2;0;0;219mg[38;2;0;0;227m__              [39m
 [38;2;0;0;0m          [38;2;0;0;227m_[38;2;0;0;228mg[38;2;0;0;227m@[38;2;0;0;219mP[38;2;0;0;226m~[38;2;0;0;231m~[38;2;133;133;133m_[38;2;220;220;220m_[38;2;253;253;253m__[38;2;222;222;222m_[38;2;135;135;135m_[38;2;0;0;229m~[38;2;0;0;226m~[38;2;0;0;228m=[38;2;0;0;226m@[38;2;0;0;228mg[38;2;0;0;227m_           [39m
 [38;2;0;0;0m        [38;2;1;0;209my[38;2;0;0;226m@[38;2;0;0;218mF[38;2;0;0;210m~[38;2;130;130;130my[38;2;191;191;191mg[38;2;206;206;206m@[38;2;247;247;247m@[38;2;252;252;252m@[38;2;251;251;251m@[38;2;252;252;252m@@[38;2;251;251;251m@@[38;2;249;249;249m@[38;2;215;215;215m@[38;2;193;193;193mg[38;2;229;229;229m_[38;2;0;0;204m~[38;2;0;0;213m?[38;2;0;0;227m@[38;2;1;0;211my         [39m
 [38;2;0;0;0m       [38;2;0;0;228mg[38;2;0;0;227mF [38;2;172;172;172my[38;2;212;212;212m@[38;2;251;251;251m@[38;2;252;252;252m@@@@@@@@@@@@[38;2;251;251;251m@[38;2;230;230;230m@[38;2;168;168;168my [38;2;0;0;199m#[38;2;0;0;227m$[38;2;0;0;224m,       [39m
 [38;2;0;0;0m      [38;2;0;0;223m@[38;2;0;0;216mF [38;2;219;219;219mg[38;2;251;251;251m@[38;2;252;252;252m@@@@@@@@@@@@@@@@[38;2;251;251;251m@[38;2;193;193;193m@ [38;2;0;0;220m~[38;2;0;0;227m@       [39m
 [38;2;0;0;0m     [38;2;0;0;216mJ[38;2;0;0;227mF [38;2;77;77;77mf[38;2;176;176;176mA[38;2;236;236;236m@[38;2;251;251;251m@[38;2;252;252;252m@@@@@@@@@@@@@@@@[38;2;251;251;251m@[38;2;184;184;184m@ [38;2;0;0;218m?[38;2;1;1;206m$      [39m
 [38;2;0;0;0m     [38;2;0;0;219m@[38;2;0;0;179m[ [38;2;208;208;208my[38;2;228;228;228m_ [38;2;118;118;118m~[38;2;174;174;174mT[38;2;192;192;192m@[38;2;251;251;251m@[38;2;252;252;252m@[38;2;190;190;190m@[38;2;204;204;204mFFFFFF[38;2;200;200;200m@[38;2;251;251;251m@[38;2;252;252;252m@@@@[38;2;250;250;250m@  [38;2;0;0;225m@      [39m
 [38;2;0;0;0m     [38;2;0;0;223m@  [38;2;217;217;217mP[38;2;246;246;246m~[38;2;67;67;67m~ [38;2;156;156;156my[38;2;214;214;214mg[38;2;251;251;251m@@[38;2;200;200;200mg[38;2;192;192;192myyyyy[38;2;193;193;193my[38;2;221;221;221mg[38;2;251;251;251m@[38;2;252;252;252m@@@@[38;2;251;251;251m@  [38;2;0;0;227m@      [39m
 [38;2;0;0;0m     [38;2;0;0;223m@  [38;2;159;159;159my[38;2;202;202;202my[38;2;249;249;249mg[38;2;250;250;250m@[38;2;252;252;252m@@@@@@@@@@@@@@@@@[38;2;251;251;251m@  [38;2;0;0;227m@      [39m
 [38;2;0;0;0m     [38;2;0;0;223m@  [38;2;250;250;250m@[38;2;252;252;252m@@@@@@@@@@@@@@@@@@@@[38;2;251;251;251m@  [38;2;0;0;227m@      [39m
 [38;2;0;0;0m     [38;2;0;0;223m@  [38;2;250;250;250m@[38;2;252;252;252m@@@@@@@@@@@@@@@@@@@@[38;2;251;251;251m@  [38;2;0;0;227m@      [39m
 [38;2;0;0;0m     [38;2;0;0;223m@  [38;2;250;250;250m@[38;2;252;252;252m@@@@@@@@@@@@@@@@@@@@[38;2;251;251;251m@  [38;2;0;0;227m@      [39m
 [38;2;0;0;0m     [38;2;0;0;224m@  [38;2;250;250;250m@[38;2;252;252;252m@@@@@@@@@@@@@@@@@@@@[38;2;251;251;251m@  [38;2;0;0;226m@      [39m
 [38;2;0;0;0m     [38;2;0;0;207m?[38;2;0;0;233mL [38;2;170;170;170m4[38;2;217;217;217m@[38;2;200;200;200m@[38;2;247;247;247m@[38;2;251;251;251m@[38;2;252;252;252m@@[38;2;251;251;251m@[38;2;239;239;239m@[38;2;224;224;224mR[38;2;230;230;230m@[38;2;251;251;251m@[38;2;252;252;252m@@@[38;2;250;250;250m@[38;2;207;207;207m@[38;2;208;208;208m@[38;2;250;250;250m@[38;2;252;252;252m@[38;2;251;251;251m@[38;2;222;222;222mF [38;2;0;0;220my[38;2;0;0;221mF      [39m
 [38;2;0;0;0m      [38;2;0;0;228m~[38;2;0;0;218m@[38;2;0;0;225m_[38;2;0;0;227m_[38;2;0;0;205my[38;2;0;0;224m_[38;2;197;197;197m~[38;2;249;249;249m~[38;2;247;247;247m~[38;2;177;177;177m~[38;2;0;0;226m_[38;2;0;0;212my[38;2;0;0;227m_[38;2;125;125;125m~[38;2;240;240;240m~[38;2;251;251;251m~[38;2;228;228;228m~[38;2;0;0;220m_[38;2;0;0;226m__[38;2;94;94;94m`[38;2;213;213;213m~[38;2;132;132;132m`[38;2;0;0;224m_[38;2;0;0;227ma[38;2;1;0;210mF       [39m
 [38;2;0;0;0m        [38;2;0;0;227m~[38;2;0;0;226m~[38;2;0;0;224m~[38;2;0;0;226m~[38;2;0;0;230m=[38;2;0;0;213mP[38;2;0;0;229m=[38;2;0;0;223m=[38;2;0;0;227m~[38;2;0;0;219m~[38;2;0;0;226m~[38;2;0;0;218m=[38;2;0;0;229m=[38;2;0;0;213mP[38;2;0;0;231m=[38;2;0;0;226m~[38;2;0;0;224m~~[38;2;0;0;226m~[38;2;0;0;231m=[38;2;0;0;227m~~         [39m
 [38;2;0;0;0m                                       [39m
 [38;2;0;0;0m                                       [39m
[?25h