[?25l[39m [38;2;0;0;0m               [38;2;3;1;189m_[38;2;0;0;231m_[38;2;0;0;224m_[38;2;0;0;226m_[38;2;0;0;225m__[38;2;0;0;224m_[38;2;0;0;227m_[38;2;1;0;226m_               [39m
 [38;2;0;0;0m            [38;2;0;0;228m_[38;2;0;0;224mg[38;2;0;0;214m@[38;2;0;0;218m=[38;2;0;0;225m~[38;2;0;0;229m~[38;2;0;0;222m~[38;2;85;85;85m_[38;2;91;91;91m_[38;2;0;0;225m~[38;2;0;0;228m~[38;2;0;0;225m~[38;2;0;0;219m=[38;2;0;0;216m#[38;2;0;0;219mg[38;2;0;0;225m_           [39m
 [38;2;0;0;0m          [38;2;1;0;209my[38;2;0;0;220m@[38;2;0;0;227m~[38;2;1;1;195m`[38;2;160;160;160my[38;2;210;210;210ma[38;2;219;219;219m$[38;2;247;247;247m@[38;2;251;251;251m@@@[38;2;252;252;252m@[38;2;250;250;250m@[38;2;223;223;223m@[38;2;239;239;239mg[38;2;197;197;197my[38;2;211;211;211m_[38;2;0;0;223m~[38;2;0;0;217m4[38;2;0;0;226ma_        [39m
 [38;2;0;0;0m         [38;2;0;0;229mg[38;2;0;0;211mF [38;2;177;177;177mg[38;2;237;237;237m@[38;2;251;251;251m@[38;2;252;252;252m@@@@@@@@@@@[38;2;251;251;251m@[38;2;232;232;232m@[38;2;200;200;200my [38;2;0;0;227m~[38;2;0;0;224mg,      [39m
 [38;2;0;0;0m        [38;2;0;0;226m@[38;2;1;0;195m~[38;2;87;87;87m_[38;2;212;212;212m$[38;2;251;251;251m@[38;2;252;252;252m@@@@@@@@@@@@@@@@[38;2;238;238;238m@[38;2;125;125;125my[38;2;2;2;186m`[38;2;0;0;228m#[38;2;1;0;203m_     [39m
 [38;2;0;0;0m       [38;2;0;0;214mg[38;2;1;0;209mF [38;2;208;208;208m$[38;2;252;252;252m@@@@@@[38;2;251;251;251m@[38;2;178;178;178m@[38;2;193;193;193mA[38;2;239;239;239m@[38;2;251;251;251m@[38;2;252;252;252m@@@@@@@@[38;2;250;250;250m@[38;2;107;107;107my [38;2;0;0;232m$[38;2;1;0;200m,    [39m
 [38;2;0;0;0m       [38;2;0;0;235m@ [38;2;90;90;90m4[38;2;251;251;251m@[38;2;252;252;252m@@@@@@[38;2;251;251;251m@[38;2;212;212;212my[38;2;232;232;232m_ [38;2;148;148;148m~[38;2;176;176;176mT[38;2;181;181;181m@[38;2;252;252;252m@@[38;2;250;250;250m@[38;2;194;194;194m@[38;2;211;211;211mRRR[38;2;182;182;182mR [38;2;0;0;200m4[38;2;0;0;223m[    [39m
 [38;2;0;0;0m       [38;2;0;0;236m@ [38;2;133;133;133m4[38;2;251;251;251m@[38;2;252;252;252m@@@@@@@[38;2;243;243;243m@[38;2;222;222;222mP[38;2;153;153;153mT [38;2;68;68;68m_[38;2;151;151;151my[38;2;213;213;213m@[38;2;252;252;252m@[38;2;232;232;232m$[38;2;152;152;152my[38;2;142;142;142myyy[38;2;137;137;137my [38;2;0;0;190mJ[38;2;1;0;209m$    [39m
 [38;2;0;0;0m       [38;2;0;0;236m@ [38;2;140;140;140m4[38;2;251;251;251m@[38;2;252;252;252m@@@@@@[38;2;246;246;246m@[38;2;237;237;237m_[38;2;236;236;236m_[38;2;206;206;206my[38;2;246;246;246mg[38;2;249;249;249m@[38;2;251;251;251m@[38;2;252;252;252m@@@@@@@[38;2;238;238;238m@ [38;2;0;0;195mJ[38;2;1;1;205m$    [39m
 [38;2;0;0;0m       [38;2;0;0;231m@ [38;2;162;162;162m4[38;2;251;251;251m@[38;2;252;252;252m@@@@@@@@@@@@@@@@@@@@[38;2;224;224;224m@ [38;2;0;0;209mJ[38;2;0;0;222m[    [39m
 [38;2;0;0;0m      [38;2;2;2;179mj[38;2;0;0;215m@ [38;2;162;162;162m$[38;2;252;252;252m@@@@@@@@@@@@@@@@@@@@@[38;2;197;197;197m$ [38;2;0;0;216mg[38;2;1;1;205m[    [39m
 [38;2;0;0;0m      [38;2;1;0;214mJ[38;2;1;0;211m[ [38;2;223;223;223m$[38;2;252;252;252m@@@@@@@@@@@@@@@@@@@@[38;2;251;251;251m@[38;2;175;175;175mF [38;2;0;0;232m$     [39m
 [38;2;0;0;0m      [38;2;0;0;220m@  [38;2;247;247;247m@[38;2;252;252;252m@@@@@@@@@@@@@@@@@@@@[38;2;251;251;251m@[38;2;83;83;84m~ [38;2;0;0;227m@     [39m
 [38;2;0;0;0m      [38;2;0;0;236m@ [38;2;130;130;130my[38;2;251;251;251m@[38;2;252;252;252m@@@@@@@@@@@@@@@@@@@@[38;2;237;237;237m@ [38;2;1;0;200mj[38;2;0;0;221mF     [39m
 [38;2;0;0;0m     [38;2;3;2;171mJ[38;2;0;0;226m@ [38;2;172;172;172m4[38;2;251;251;251m@[38;2;252;252;252m@@@@@@@@@@@@@@@@@@@[38;2;251;251;251m@[38;2;203;203;203mF [38;2;0;0;230mg[38;2;0;0;224m'     [39m
 [38;2;0;0;0m      [38;2;0;0;225m@[38;2;0;0;224mL [38;2;227;227;227m~[38;2;206;206;206mR[38;2;204;204;204mP[38;2;241;241;241m~[38;2;217;217;217m~[38;2;243;243;243m~[38;2;195;195;195mR[38;2;223;223;223m@[38;2;226;226;226m@[38;2;183;183;183m@[38;2;179;179;179mF[38;2;223;223;223m~[38;2;230;230;230m~[38;2;170;170;170mP[38;2;206;206;206m@[38;2;229;229;229m@[38;2;205;205;205m@[38;2;213;213;213mF[38;2;235;235;235m~[38;2;218;218;218m~[38;2;189;189;189m~[38;2;0;0;224m_[38;2;0;0;227mg[38;2;0;0;223mF      [39m
 [38;2;0;0;0m      [38;2;2;2;194m`[38;2;0;0;215m?[38;2;0;0;227m@[38;2;0;0;228mg[38;2;0;0;216my[38;2;0;0;225mg[38;2;0;0;220m@[38;2;0;0;227m@g[38;2;0;0;218my[38;2;0;0;197my[38;2;0;0;198my[38;2;0;0;217ma[38;2;0;0;227mg@[38;2;0;0;222m@[38;2;0;0;223mg[38;2;0;0;204my[38;2;0;0;196my[38;2;0;0;212my[38;2;0;0;227mg[38;2;0;0;225m@[38;2;0;0;226m@[38;2;0;0;223m@[38;2;0;0;225mP[38;2;0;0;212m~       [39m
 [38;2;0;0;0m         [38;2;2;1;209m~[38;2;0;0;226m~[38;2;1;0;218m~  [38;2;0;0;227m`[38;2;0;0;225m~[38;2;0;0;227m~~[38;2;0;0;226m~[38;2;1;0;215m` [38;2;3;2;192m`[38;2;0;0;222m~[38;2;0;0;226m~[38;2;0;0;227m~[38;2;0;0;226m~[38;2;1;1;208m~            [39m
 [38;2;0;0;0m                                       [39m
[?25h