[?25l[39m [38;2;0;0;0m              [38;2;2;2;191m_[38;2;0;0;227m_[38;2;0;0;226m_[38;2;0;0;214my[38;2;0;0;219ma[38;2;0;0;225ma[38;2;0;0;222ma[38;2;0;0;220my[38;2;1;1;209my[38;2;0;0;225m_[38;2;0;0;229m_              [39m
 [38;2;0;0;0m           [38;2;2;1;191m_[38;2;0;0;210my[38;2;0;0;216m@P[38;2;0;0;225m~[38;2;0;0;221m~[38;2;174;174;174m_[38;2;241;241;241m_[38;2;145;145;145my[38;2;148;148;148my[38;2;249;249;249m_[38;2;233;233;233m_[38;2;96;96;96m_[38;2;0;0;226m~[38;2;0;0;227m~[38;2;0;0;214mR[38;2;0;0;217mg[38;2;0;0;228m_          [39m
 [38;2;0;0;0m          [38;2;1;0;214ma[38;2;0;0;231mP[38;2;0;0;224m~[38;2;113;113;113m_[38;2;196;196;196my[38;2;249;249;249mg@[38;2;251;251;251m@[38;2;252;252;252m@@@@@[38;2;251;251;251m@[38;2;246;246;246m@[38;2;248;248;248mg[38;2;201;201;201my[38;2;192;192;192m_[38;2;0;0;224m~[38;2;0;0;227m4[38;2;0;0;219my[38;2;1;0;216m,       [39m
 [38;2;0;0;0m         [38;2;0;0;230mg[38;2;0;0;210mF [38;2;190;190;190mg[38;2;248;248;248m@[38;2;252;252;252m@@@@@@@@@@@@@[38;2;251;251;251m@[38;2;216;216;216m@[38;2;158;158;158my[38;2;0;0;209m`[38;2;0;0;225m4[38;2;1;0;214my      [39m
 [38;2;0;0;0m        [38;2;0;0;229mg[38;2;1;0;200mF [38;2;232;232;232mg[38;2;251;251;251m@[38;2;252;252;252m@@@@@@@@@@@@@@@@[38;2;251;251;251m@[38;2;205;205;205m$[38;2;69;69;69m,[38;2;0;0;220m~[38;2;0;0;224m$     [39m
 [38;2;0;0;0m       [38;2;1;1;193mj[38;2;0;0;212m@ [38;2;183;183;183mg[38;2;251;251;251m@[38;2;252;252;252m@@@@@@@@@@@@@@@[38;2;251;251;251m@[38;2;174;174;174m@[38;2;252;252;252m~[38;2;183;183;183mP[38;2;187;187;187m@ [38;2;0;0;215m~[38;2;0;0;206m$    [39m
 [38;2;0;0;0m       [38;2;0;0;215m4[38;2;0;0;202m[ [38;2;221;221;221m@[38;2;252;252;252m@@@@@@@@@@@@@@@@@[38;2;233;233;233m@[38;2;187;187;187mg[38;2;246;246;246m_   [38;2;0;0;234m$    [39m
 [38;2;0;0;0m       [38;2;0;0;217m4[38;2;0;0;196m[ [38;2;231;231;231m@[38;2;252;252;252m@@@@@@@@@@@@@@@@@[38;2;232;232;232m@[38;2;212;212;212mF[38;2;231;231;231m~   [38;2;0;0;237m$    [39m
 [38;2;0;0;0m       [38;2;0;0;216mg  [38;2;239;239;239m@[38;2;252;252;252m@@@@@@@@@@@@@@@@[38;2;251;251;251m@[38;2;186;186;186m@[38;2;180;180;180my[38;2;206;206;206mg[38;2;222;222;222m@[38;2;111;111;112mL [38;2;0;0;231m@    [39m
 [38;2;0;0;0m       [38;2;0;0;222m@  [38;2;249;249;249m@[38;2;252;252;252m@@@@@@@@@@@@@@@@@@@@[38;2;251;251;251m@  [38;2;0;0;227m@    [39m
 [38;2;0;0;0m       [38;2;0;0;235m@ [38;2;97;97;97m4[38;2;251;251;251m@[38;2;252;252;252m@@@@@@@@@@@@@@@@@@@@[38;2;244;244;244m@ [38;2;0;0;177mj[38;2;0;0;216m$    [39m
 [38;2;0;0;0m       [38;2;0;0;225m@ [38;2;162;162;162mg[38;2;251;251;251m@[38;2;252;252;252m@@@@@@@@@@@@@@@@@@@@[38;2;209;209;209m@ [38;2;0;0;221mj[38;2;0;1;218m[    [39m
 [38;2;0;0;0m      [38;2;0;0;217mJ[38;2;0;0;207mF [38;2;225;225;225m$[38;2;252;252;252m@@@@@@@@@@@@@@@@@@@@[38;2;251;251;251m@[38;2;170;170;170mF [38;2;0;0;232m$     [39m
 [38;2;0;0;0m      [38;2;0;0;230m@  [38;2;249;249;249m@[38;2;252;252;252m@@@@@@@@@@@@@@@@@@@@[38;2;246;246;246m@  [38;2;0;0;218m@     [39m
 [38;2;0;0;0m      [38;2;0;0;230m@[38;2;0;0;215mL [38;2;163;163;163m5[38;2;200;200;200mP[38;2;203;203;203mF[38;2;214;214;214m@[38;2;251;251;251m@@@[38;2;246;246;246m@[38;2;174;174;174m@[38;2;205;205;205mF[38;2;172;172;172m@[38;2;250;250;250m@[38;2;251;251;251m@@@[38;2;208;208;208m@[38;2;211;211;211mF[38;2;185;185;185mM[38;2;233;233;233m@[38;2;250;250;250m@[38;2;180;180;180m@[38;2;136;136;136m~[38;2;0;0;228m_[38;2;0;0;226m@[38;2;0;0;232m'     [39m
 [38;2;0;0;0m      [38;2;0;0;207m~[38;2;0;0;226m@g[38;2;0;0;227m_[38;2;0;0;226ma[38;2;0;0;220my[38;2;0;0;227m_[38;2;168;168;168m`[38;2;150;150;150m~[38;2;111;111;111m~[38;2;0;0;227m_[38;2;0;0;214my[38;2;0;0;226mg_[38;2;0;0;228m_[38;2;129;129;129m~[38;2;142;142;142m~[38;2;0;0;227m_[38;2;0;0;226m_[38;2;0;0;228mg[38;2;0;0;210my[38;2;0;0;228m__[38;2;0;0;207my[38;2;0;0;228mg[38;2;0;0;215m@[38;2;0;0;232m'      [39m
 [38;2;0;0;0m       [38;2;2;3;188m`[38;2;0;0;228m~[38;2;0;0;223m=[38;2;0;0;226m~[38;2;0;0;227m~[38;2;0;0;221m4[38;2;0;0;223m@[38;2;0;0;227m@[38;2;0;0;217m@[38;2;0;0;229m=[38;2;0;0;227m~~[38;2;0;0;229m=[38;2;0;0;213m@[38;2;0;0;226m@[38;2;0;0;223m@[38;2;0;0;221mP[38;2;0;0;227m~~~[38;2;0;0;214mR[38;2;0;0;219mP[38;2;0;0;226m~[38;2;1;0;212m~        [39m
 [38;2;0;0;0m                                       [39m
 [38;2;0;0;0m                                       [39m
[?25h