[?25l[39m [38;2;0;0;0m              [38;2;0;0;230m_[38;2;0;0;224m_[38;2;0;0;227m_[38;2;1;0;212my[38;2;0;0;217myy[38;2;0;0;212my[38;2;0;0;227m_[38;2;0;0;225m_[38;2;0;0;230m_               [39m
 [38;2;0;0;0m          [38;2;0;0;212m_[38;2;0;1;210my[38;2;0;0;227mg[38;2;0;0;223m@[38;2;0;0;226m=~[38;2;0;0;227m~[38;2;0;0;229m~[38;2;0;0;227m~~[38;2;0;0;230m~[38;2;0;0;227m~[38;2;0;0;226m~[38;2;0;0;227m=[38;2;0;0;222m@[38;2;0;0;228mg[38;2;1;1;209my[38;2;1;0;214m_           [39m
 [38;2;0;0;0m        [38;2;0;0;219m_[38;2;0;0;227mg[38;2;0;0;229mP[38;2;0;0;228m~[38;2;85;85;85m_[38;2;168;168;168my[38;2;197;197;197mg[38;2;252;252;252mg[38;2;238;238;238m@[38;2;250;250;250m@[38;2;251;251;251m@@@[38;2;243;243;243m@[38;2;252;252;252mg[38;2;197;197;197mg[38;2;162;162;162my[38;2;85;85;85m_[38;2;0;0;226m~[38;2;0;0;221mR[38;2;0;0;226mg[38;2;0;0;220m_         [39m
 [38;2;0;0;0m       [38;2;1;0;214mg[38;2;0;0;218m@[38;2;0;0;214m~[38;2;169;169;169m_[38;2;223;223;223mg[38;2;249;249;249m@[38;2;252;252;252m@@@@@@@@@@@@[38;2;251;251;251m@[38;2;223;223;223mg[38;2;169;169;169m_[38;2;0;0;208m~[38;2;0;0;223mR[38;2;0;0;215mg        [39m
 [38;2;0;0;0m      [38;2;0;0;222mg[38;2;0;0;229mF [38;2;177;177;177mg[38;2;250;250;250m@[38;2;252;252;252m@@@@@@@@@@@@@@@@[38;2;251;251;251m@[38;2;173;173;173mg [38;2;0;0;199m5[38;2;0;0;221m$       [39m
 [38;2;0;0;0m     [38;2;1;0;207mj[38;2;0;0;216m@ [38;2;168;168;168mg[38;2;251;251;251m@@[38;2;200;200;200m@[38;2;201;201;201mR[38;2;244;244;244m@[38;2;251;251;251m@[38;2;252;252;252m@@@@@@@@@@@@@[38;2;251;251;251m@[38;2;140;140;140m@ [38;2;0;0;220mRi      [39m
 [38;2;0;0;0m     [38;2;0;0;216m@[38;2;1;1;196m' [38;2;237;237;237m@[38;2;252;252;252m@[38;2;251;251;251m@[38;2;203;203;203my_ [38;2;173;173;173m~[38;2;150;150;150mM[38;2;196;196;196m@[38;2;252;252;252m@@@[38;2;214;214;214m@[38;2;206;206;206m@@@@@[38;2;216;216;216m@[38;2;251;251;251m@[38;2;252;252;252m@[38;2;246;246;246m@  [38;2;0;0;224m$      [39m
 [38;2;0;0;0m     [38;2;0;0;226m@  [38;2;249;249;249m@[38;2;252;252;252m@@[38;2;249;249;249m@[38;2;188;188;188m@[38;2;147;147;147mF  [38;2;226;226;226m_[38;2;199;199;199m@[38;2;251;251;251m@[38;2;220;220;220m@[38;2;253;253;253m______[38;2;252;252;252m_[38;2;212;212;212m@[38;2;252;252;252m@[38;2;251;251;251m@  [38;2;0;0;226m@      [39m
 [38;2;0;0;0m     [38;2;0;0;226m@  [38;2;249;249;249m@[38;2;252;252;252m@[38;2;250;250;250m@[38;2;222;222;222m_[38;2;196;196;196m_[38;2;184;184;184my[38;2;236;236;236mg[38;2;242;242;242m@[38;2;251;251;251m@[38;2;252;252;252m@@@@@@@@@@@@[38;2;251;251;251m@  [38;2;0;0;226m@      [39m
 [38;2;0;0;0m     [38;2;0;0;226m@  [38;2;249;249;249m@[38;2;252;252;252m@@[38;2;251;251;251m@@[38;2;252;252;252m@@@@@@@@@@@@@@@@[38;2;251;251;251m@  [38;2;0;0;226m@      [39m
 [38;2;0;0;0m     [38;2;0;0;226m@  [38;2;249;249;249m@[38;2;252;252;252m@@@@@@@@@@@@@@@@@@@@[38;2;251;251;251m@  [38;2;0;0;226m@      [39m
 [38;2;0;0;0m     [38;2;0;0;226m@  [38;2;249;249;249m@[38;2;252;252;252m@@@@@@@@@@@@@@@@@@@@[38;2;251;251;251m@  [38;2;0;0;227m@      [39m
 [38;2;0;0;0m     [38;2;0;0;226m@  [38;2;249;249;249m@[38;2;252;252;252m@@@@@@@@@@@@@@@@@@@@[38;2;251;251;251m@  [38;2;0;0;227m@      [39m
 [38;2;0;0;0m     [38;2;0;0;217m@[38;2;0;0;216m, [38;2;238;238;238m@[38;2;252;252;252m@@@@@@@@@@@@@@@@@@@@[38;2;246;246;246m@ [38;2;1;0;172mj[38;2;0;0;221m@      [39m
 [38;2;0;0;0m     [38;2;1;1;208m`[38;2;0;0;227m@[38;2;0;0;226m_[38;2;189;189;189m`[38;2;172;172;172mA[38;2;231;231;231m@[38;2;247;247;247m@[38;2;240;240;240m@[38;2;175;175;175m@[38;2;252;252;252m~[38;2;251;251;251m~[38;2;143;143;143m5[38;2;201;201;201m@[38;2;246;246;246m@@[38;2;208;208;208m@[38;2;200;200;200mF[38;2;251;251;251m~~[38;2;197;197;197mR[38;2;240;240;240m@[38;2;247;247;247m@[38;2;233;233;233m@[38;2;210;210;210mP[38;2;135;135;135m~[38;2;0;0;223m_[38;2;0;0;224m$[38;2;0;0;231m'      [39m
 [38;2;0;0;0m      [38;2;2;1;204m`[38;2;0;1;213m?[38;2;0;0;218m@[38;2;0;0;220my[38;2;0;0;226m___[38;2;0;0;213my[38;2;0;0;227ma[38;2;0;0;222m@[38;2;0;0;224mg[38;2;0;0;225m_[38;2;0;0;226m__[38;2;0;0;225m_[38;2;0;0;224mg[38;2;0;0;220m@[38;2;0;0;228ma[38;2;0;0;213my[38;2;0;0;226m___[38;2;0;0;219my[38;2;0;0;225ma[38;2;0;0;216mF[38;2;0;0;219m'       [39m
 [38;2;0;0;0m         [38;2;0;0;227m`[38;2;0;0;228m~[38;2;0;0;231m~~[38;2;0;0;234m`  [38;2;1;3;191m`[38;2;0;0;217m~[38;2;0;0;231m~[38;2;0;0;232m~[38;2;0;0;217m~[38;2;2;2;190m`  [38;2;0;0;233m`[38;2;0;0;230m~[38;2;0;0;231m~[38;2;0;0;228m~`          [39m
 [38;2;0;0;0m                                       [39m
 [38;2;0;0;0m                                       [39m
[?25h