[?25l[39m [38;2;0;0;0m                                       [39m
 [38;2;0;0;0m             [38;2;0;0;227m__[38;2;0;0;221ma[38;2;0;0;227mgggggg[38;2;0;0;219mg[38;2;0;0;227m__              [39m
 [38;2;0;0;0m          [38;2;0;0;227m_[38;2;0;0;228mg[38;2;0;0;226m@[38;2;0;0;219mP[38;2;0;0;226m~[38;2;0;0;231m~[38;2;134;134;134m_[38;2;222;222;222m_[38;2;253;253;253m__[38;2;222;222;222m_[38;2;134;134;134m_[38;2;0;0;229m~[38;2;0;0;226m~[38;2;0;0;227m=[38;2;0;0;226m@[38;2;0;0;228mg[38;2;0;0;227m_           [39m
 [38;2;0;0;0m        [38;2;1;0;210my[38;2;0;0;227m@[38;2;0;0;218mF[38;2;0;0;209m~[38;2;131;131;131my[38;2;192;192;192mg[38;2;207;207;207m@[38;2;247;247;247m@[38;2;252;252;252m@[38;2;251;251;251m@[38;2;252;252;252m@@[38;2;251;251;251m@@[38;2;249;249;249m@[38;2;215;215;215m@[38;2;192;192;192mg[38;2;227;227;227m_[38;2;0;0;206m~[38;2;0;0;213m?[38;2;0;0;227m@[38;2;1;0;211my         [39m
 [38;2;0;0;0m       [38;2;0;0;229mg[38;2;0;0;227mF [38;2;174;174;174my[38;2;214;214;214m@[38;2;251;251;251m@[38;2;252;252;252m@@@@@@@@@@@@[38;2;251;251;251m@[38;2;229;229;229m@[38;2;165;165;165my [38;2;0;0;200m#[38;2;0;0;227m$[38;2;0;0;223m,       [39m
 [38;2;0;0;0m      [38;2;0;0;224m@[38;2;0;0;214mF [38;2;220;220;220mg[38;2;251;251;251m@[38;2;252;252;252m@@@@@@@@@@@@@@@@[38;2;251;251;251m@[38;2;198;198;198m$ [38;2;0;0;220m~[38;2;0;0;227m@       [39m
 [38;2;0;0;0m     [38;2;0;0;217mJ[38;2;0;0;227mF [38;2;203;203;203mg[38;2;251;251;251m@[38;2;252;252;252m@@@@@@@@@@@@@@@@@@[38;2;251;251;251m@[38;2;181;181;181m@ [38;2;0;0;219m?[38;2;1;1;205m$      [39m
 [38;2;0;0;0m     [38;2;0;0;221m@[38;2;0;0;176m[ [38;2;245;245;245m@[38;2;252;252;252m@@[38;2;251;251;251m@@@@@@[38;2;252;252;252m@@@[38;2;251;251;251m@@@@@@@[38;2;252;252;252m@@[38;2;250;250;250m@  [38;2;0;0;224m@      [39m
 [38;2;0;0;0m     [38;2;0;0;226m@  [38;2;249;249;249m@[38;2;251;251;251m@[38;2;190;190;190mE[38;2;149;149;149m~[38;2;136;136;136m~[38;2;137;137;137m~~[38;2;139;139;139m~~[38;2;209;209;209m~[38;2;248;248;248m@[38;2;213;213;213m@[38;2;174;174;174m~[38;2;140;140;140m~~[38;2;139;139;139m~~~[38;2;169;169;169m~[38;2;221;221;221m$[38;2;252;252;252m@[38;2;251;251;251m@  [38;2;0;0;226m@      [39m
 [38;2;0;0;0m     [38;2;0;0;226m@  [38;2;249;249;249m@[38;2;252;252;252m@[38;2;251;251;251m@[38;2;228;228;228m@[38;2;224;224;224m@@[38;2;225;225;225m@@[38;2;226;226;226m@[38;2;246;246;246m@[38;2;252;252;252m@[38;2;251;251;251m@[38;2;236;236;236m@[38;2;226;226;226m@@@@@[38;2;234;234;234m@[38;2;251;251;251m@[38;2;252;252;252m@[38;2;251;251;251m@  [38;2;0;0;226m@      [39m
 [38;2;0;0;0m     [38;2;0;0;226m@  [38;2;249;249;249m@[38;2;252;252;252m@@@@@@@@@@@@@@@@@@@@[38;2;251;251;251m@  [38;2;0;0;226m@      [39m
 [38;2;0;0;0m     [38;2;0;0;226m@  [38;2;249;249;249m@[38;2;252;252;252m@@@@@@@@@@@@@@@@@@@@[38;2;251;251;251m@  [38;2;0;0;227m@      [39m
 [38;2;0;0;0m     [38;2;0;0;226m@  [38;2;249;249;249m@[38;2;252;252;252m@@@@@@@@@@@@@@@@@@@@[38;2;251;251;251m@  [38;2;0;0;227m@      [39m
 [38;2;0;0;0m     [38;2;0;0;225m@  [38;2;250;250;250m@[38;2;252;252;252m@@@@@@@@@@@@@@@@@@@@[38;2;251;251;251m@  [38;2;0;0;226m@      [39m
 [38;2;0;0;0m     [38;2;1;0;207m?[38;2;0;0;234mL [38;2;168;168;168m4[38;2;250;250;250m@[38;2;252;252;252m@@@[38;2;251;251;251m@[38;2;225;225;225m@[38;2;196;196;196m@[38;2;244;244;244m@[38;2;251;251;251m@[38;2;252;252;252m@@[38;2;251;251;251m@[38;2;244;244;244m@[38;2;196;196;196m@[38;2;222;222;222m@[38;2;251;251;251m@[38;2;252;252;252m@@@[38;2;251;251;251m@[38;2;222;222;222mF [38;2;0;0;220myF      [39m
 [38;2;0;0;0m      [38;2;0;0;229m~[38;2;0;0;218m@[38;2;0;0;224m_[38;2;121;121;121m`[38;2;223;223;223m~[38;2;251;251;251m~[38;2;240;240;240m~[38;2;115;115;115m~[38;2;0;0;227m_[38;2;0;0;209my[38;2;0;0;226m_[38;2;181;181;181m~[38;2;247;247;247m~[38;2;249;249;249m~[38;2;200;200;200m~[38;2;0;0;226m_[38;2;0;0;209my[38;2;0;0;228m_[38;2;188;188;188m`[38;2;236;236;236m~[38;2;252;252;252m~[38;2;232;232;232m~[38;2;133;133;133m`[38;2;0;0;224m_[38;2;0;0;227ma[38;2;1;1;210mF       [39m
 [38;2;0;0;0m        [38;2;0;0;227m~[38;2;0;0;226m~[38;2;0;0;231m=[38;2;0;0;213mP[38;2;0;0;231m=[38;2;0;0;226m~[38;2;0;0;227m~[38;2;0;0;221m~[38;2;0;0;227m~[38;2;0;0;228m=[38;2;0;0;229m=[38;2;0;0;228m==[38;2;0;0;227m~[38;2;0;0;221m~[38;2;0;0;226m~~[38;2;0;0;230m=[38;2;0;0;214mP[38;2;0;0;231m=[38;2;0;0;226m~[38;2;0;0;228m~         [39m
 [38;2;0;0;0m                                       [39m
 [38;2;0;0;0m                                       [39m
[?25h