[?25l[39m [38;2;0;0;0m                                       [39m
 [38;2;0;0;0m             [38;2;0;0;227m_[38;2;1;1;209my[38;2;0;0;223mg[38;2;0;0;227mgg[38;2;0;0;219m@[38;2;0;0;220m@[38;2;0;0;227mgg[38;2;0;0;223mg[38;2;1;1;208my[38;2;0;0;227m_              [39m
 [38;2;0;0;0m          [38;2;0;0;226m_[38;2;0;0;227mg[38;2;0;0;225m@[38;2;0;0;226m=[38;2;0;0;225m~[38;2;0;0;231m~[38;2;149;149;149m_[38;2;239;239;239m_[38;2;253;253;253m__[38;2;239;239;239m_[38;2;150;150;150m_[38;2;0;0;229m~[38;2;0;0;226m~=[38;2;0;0;225m@[38;2;0;0;227mg_[38;2;4;2;185m,          [39m
 [38;2;0;0;0m        [38;2;0;0;214my[38;2;0;0;227m@[38;2;0;0;216mF[38;2;0;0;203m~[38;2;138;138;138my[38;2;199;199;199mg[38;2;212;212;212m@[38;2;249;249;249m@[38;2;251;251;251m@@[38;2;252;252;252m@@[38;2;251;251;251m@@@[38;2;219;219;219m@[38;2;199;199;199mg[38;2;232;232;232m_[38;2;0;0;226m`[38;2;0;0;211m?[38;2;0;0;227m@[38;2;1;0;215my         [39m
 [38;2;0;0;0m       [38;2;0;0;219m@[38;2;0;0;227mF [38;2;180;180;180my[38;2;220;220;220m@[38;2;251;251;251m@[38;2;252;252;252m@@@@@@@@@@@@[38;2;251;251;251m@[38;2;233;233;233m@[38;2;172;172;172my [38;2;0;0;198mN[38;2;0;0;227m$[38;2;0;0;228m,       [39m
 [38;2;0;0;0m      [38;2;0;0;225m@[38;2;0;0;212mF [38;2;223;223;223mg[38;2;251;251;251m@[38;2;252;252;252m@@@@@@@@@@@@@@@@[38;2;251;251;251m@[38;2;195;195;195m@ [38;2;0;0;218m~[38;2;0;0;228m@[38;2;1;1;191m,      [39m
 [38;2;0;0;0m     [38;2;0;0;219mJ[38;2;0;0;226mF [38;2;206;206;206mg[38;2;251;251;251m@@[38;2;213;213;213mF[38;2;150;150;150mM[38;2;181;181;181m@[38;2;250;250;250m@[38;2;252;252;252m@@@@@@@@@@@@@[38;2;251;251;251m@[38;2;184;184;184m@ [38;2;0;0;218m?[38;2;1;0;206m$      [39m
 [38;2;0;0;0m     [38;2;0;0;222m@[38;2;0;0;176m[ [38;2;245;245;245m@[38;2;252;252;252m@[38;2;251;251;251m@[38;2;234;234;234mg[38;2;182;182;182my[38;2;167;167;167m_ [38;2;207;207;207m~[38;2;182;182;182mF[38;2;241;241;241m@[38;2;252;252;252m@[38;2;244;244;244m@[38;2;187;187;187mM[38;2;200;200;200mFFFFF[38;2;183;183;183mM[38;2;244;244;244m@[38;2;252;252;252m@[38;2;250;250;250m@  [38;2;0;0;224m@      [39m
 [38;2;0;0;0m     [38;2;0;0;226m@  [38;2;249;249;249m@[38;2;252;252;252m@@[38;2;211;211;211m@[38;2;197;197;197mF[38;2;193;193;193m~ [38;2;202;202;202m_[38;2;196;196;196my[38;2;227;227;227m@[38;2;252;252;252m@[38;2;238;238;238m@[38;2;208;208;208my[38;2;197;197;197myyyyy[38;2;212;212;212my[38;2;234;234;234m@[38;2;252;252;252m@[38;2;251;251;251m@  [38;2;0;0;226m@      [39m
 [38;2;0;0;0m     [38;2;0;0;226m@  [38;2;249;249;249m@[38;2;252;252;252m@[38;2;251;251;251m@[38;2;196;196;196my[38;2;176;176;176my[38;2;226;226;226ma[38;2;233;233;233m@[38;2;251;251;251m@[38;2;252;252;252m@@@@@@@@@@@@@[38;2;251;251;251m@  [38;2;0;0;226m@      [39m
 [38;2;0;0;0m     [38;2;0;0;226m@  [38;2;249;249;249m@[38;2;252;252;252m@@@@@@@@@@@@@@@@@@@@[38;2;251;251;251m@  [38;2;0;0;226m@      [39m
 [38;2;0;0;0m     [38;2;0;0;226m@  [38;2;249;249;249m@[38;2;252;252;252m@@@@@@@@@@@@@@@@@@@@[38;2;251;251;251m@  [38;2;0;0;227m@      [39m
 [38;2;0;0;0m     [38;2;0;0;226m@  [38;2;249;249;249m@[38;2;252;252;252m@@@@@@@@@@@@@@@@@@@@[38;2;251;251;251m@  [38;2;0;0;227m@      [39m
 [38;2;0;0;0m     [38;2;0;0;225m@  [38;2;249;249;249m@[38;2;252;252;252m@@@@@@@@@@@@@@@@@@@@[38;2;251;251;251m@  [38;2;0;0;226m@      [39m
 [38;2;0;0;0m     [38;2;1;0;204m?[38;2;0;0;225my [38;2;153;153;153m4[38;2;247;247;247m@[38;2;252;252;252m@@@[38;2;251;251;251m@[38;2;212;212;212m@[38;2;214;214;214mR[38;2;237;237;237m@[38;2;251;251;251m@[38;2;252;252;252m@@[38;2;251;251;251m@[38;2;238;238;238m@[38;2;213;213;213mR[38;2;207;207;207m@[38;2;251;251;251m@[38;2;252;252;252m@@@[38;2;248;248;248m@[38;2;214;214;214mF [38;2;0;0;215mg[38;2;0;0;218mF      [39m
 [38;2;0;0;0m      [38;2;0;0;226m~[38;2;0;0;220m@[38;2;0;0;225m_[38;2;0;0;223m_[38;2;205;205;205m~[38;2;242;242;242m~[38;2;229;229;229m~[38;2;155;155;155m`[38;2;0;0;226m_[38;2;0;0;214my[38;2;0;0;227m_[38;2;152;152;152m~[38;2;237;237;237m~[38;2;239;239;239m~[38;2;171;171;171m~[38;2;0;0;227m_[38;2;0;0;214my[38;2;0;0;226m_[38;2;156;156;156m`[38;2;223;223;223m~[38;2;243;243;243m~[38;2;220;220;220m~[38;2;0;0;222m_[38;2;0;0;225m_[38;2;0;0;226ma[38;2;0;0;227m~       [39m
 [38;2;0;0;0m        [38;2;0;0;225m~[38;2;0;0;226m~[38;2;0;0;228m=[38;2;0;0;232m=[38;2;0;0;231m=[38;2;0;0;226m~[38;2;0;0;228m~[38;2;0;0;213m~[38;2;0;0;226m~[38;2;0;0;218m=[38;2;0;0;232m==[38;2;0;0;217m=[38;2;0;0;227m~[38;2;1;0;209m~[38;2;0;0;225m~[38;2;0;0;226m~[38;2;0;0;231m==[38;2;0;0;230m=[38;2;0;0;226m~[38;2;0;0;225m~         [39m
 [38;2;0;0;0m                                       [39m
 [38;2;0;0;0m                                       [39m
[?25h