[?25l[39m [38;2;0;0;0m                                       [39m
 [38;2;0;0;0m             [38;2;0;0;227m_[38;2;1;1;209my[38;2;0;0;224mg[38;2;0;0;227ma[38;2;0;0;215m#[38;2;0;0;218m44[38;2;0;0;214m#[38;2;0;0;222ma[38;2;0;0;228ma[38;2;0;0;220my[38;2;0;0;225m_[38;2;1;0;222m_             [39m
 [38;2;0;0;0m          [38;2;0;0;229m_[38;2;0;0;228ma[38;2;0;0;220mP[38;2;0;0;227m~[38;2;91;91;91m_[38;2;247;247;247m_[38;2;180;180;180my[38;2;204;204;204my[38;2;219;219;219my[38;2;222;222;222my[38;2;212;212;212my[38;2;194;194;194my[38;2;161;161;161my[38;2;196;196;196m_[38;2;0;0;226m~[38;2;0;0;225m~[38;2;0;0;219mRy[38;2;0;0;215m_          [39m
 [38;2;0;0;0m        [38;2;0;0;229m_[38;2;0;0;219m@[38;2;0;0;228m~[38;2;95;95;95m_[38;2;201;201;201my[38;2;205;205;205m@[38;2;251;251;251m@@[38;2;252;252;252m@@@@@@@[38;2;251;251;251m@[38;2;246;246;246m@[38;2;231;231;231mg[38;2;150;150;150my[38;2;0;0;216m`[38;2;0;0;214m?[38;2;0;0;224mg[38;2;0;0;229m,        [39m
 [38;2;0;0;0m       [38;2;0;0;222mg[38;2;0;0;224mF [38;2;205;205;205my[38;2;245;245;245m@[38;2;252;252;252m@@@@@@@@@@@@@@[38;2;251;251;251m@[38;2;228;228;228m@[38;2;131;131;131my[38;2;1;1;192m`[38;2;0;0;230m4[38;2;0;0;225m_       [39m
 [38;2;0;0;0m      [38;2;0;0;217mgF [38;2;221;221;221mg[38;2;251;251;251m@[38;2;252;252;252m@@@[38;2;251;251;251m@@[38;2;252;252;252m@@@@@@@@@@@@[38;2;251;251;251m@[38;2;156;156;156mg [38;2;0;0;227m4[38;2;1;0;207mi      [39m
 [38;2;0;0;0m      [38;2;0;0;227m@ [38;2;149;149;149mg[38;2;251;251;251m@[38;2;252;252;252m@@@[38;2;228;228;228m@[38;2;151;151;151m~[38;2;177;177;177m~[38;2;139;139;139m5[38;2;195;195;195m@[38;2;251;251;251m@[38;2;252;252;252m@@@@@@@@@@[38;2;251;251;251m@[38;2;78;78;79mr [38;2;0;0;234m$      [39m
 [38;2;0;0;0m     [38;2;1;1;201mJ[38;2;1;0;217m[ [38;2;204;204;204m$[38;2;252;252;252m@@@@[38;2;251;251;251m@[38;2;242;242;242m@[38;2;219;219;219mg[38;2;113;113;113mw  [38;2;227;227;227m~[38;2;240;240;240m@[38;2;251;251;251m@[38;2;193;193;193mE[38;2;225;225;225m~[38;2;218;218;218m~~~~~[38;2;245;245;245m~[38;2;130;130;130m@ [38;2;0;0;231m$      [39m
 [38;2;0;0;0m     [38;2;2;1;198m4[38;2;1;0;215m[ [38;2;214;214;214m$[38;2;252;252;252m@@@@[38;2;239;239;239m@[38;2;160;160;160mF[38;2;117;117;117m~ [38;2;146;146;146my[38;2;195;195;195mg[38;2;217;217;217m@[38;2;251;251;251m@[38;2;252;252;252m@[38;2;248;248;248m@[38;2;252;252;252mgggggg[38;2;225;225;225m@[38;2;139;139;139m@ [38;2;0;0;230m$      [39m
 [38;2;0;0;0m     [38;2;1;2;200m4[38;2;1;1;213m[ [38;2;219;219;219m$[38;2;252;252;252m@@@@[38;2;250;250;250m@[38;2;239;239;239mg[38;2;249;249;249mg@[38;2;252;252;252m@@@@@@@@@@@@[38;2;251;251;251m@[38;2;134;134;134m@ [38;2;0;0;230m$      [39m
 [38;2;0;0;0m     [38;2;1;1;202m4[38;2;1;1;211m[ [38;2;227;227;227m$[38;2;252;252;252m@@@@@@@@@@@@@@@@@@@@[38;2;251;251;251m@[38;2;124;124;124m@ [38;2;0;0;232m$      [39m
 [38;2;0;0;0m     [38;2;1;1;208m4[38;2;1;0;208m[ [38;2;231;231;231m$[38;2;252;252;252m@@@@@@@@@@@@@@@@@@@@[38;2;251;251;251m@[38;2;152;152;153mF [38;2;0;0;236m$      [39m
 [38;2;0;0;0m     [38;2;1;0;213m4[38;2;0;0;202m[ [38;2;222;222;222m@[38;2;252;252;252m@@@@@@@@@@@@@@@@@@@@@[38;2;138;138;138mF [38;2;0;0;236m$      [39m
 [38;2;0;0;0m     [38;2;0;0;218m4[38;2;0;0;194m[ [38;2;233;233;233m@[38;2;252;252;252m@@@@@@@@@@@@@@@@@@@@@[38;2;113;113;113mF [38;2;0;0;232m@      [39m
 [38;2;0;0;0m     [38;2;0;0;222m4[38;2;0;0;215m, [38;2;233;233;233m@[38;2;252;252;252m@@@@@@@@@@@@@@@@@@@@[38;2;251;251;251m@[38;2;68;68;68mF [38;2;0;0;229m@      [39m
 [38;2;0;0;0m     [38;2;2;1;208m`[38;2;0;0;225m@[38;2;0;0;213m,[38;2;148;148;148m~[38;2;200;200;200mF[38;2;180;180;180mF[38;2;169;169;169m@[38;2;247;247;247m@[38;2;251;251;251m@[38;2;252;252;252m@[38;2;242;242;242m@[38;2;215;215;215mP[38;2;184;184;184mF[38;2;178;178;178mP[38;2;228;228;228m@[38;2;252;252;252m@[38;2;251;251;251m@[38;2;250;250;250m@[38;2;202;202;202m@[38;2;195;195;195mF[38;2;161;161;161mM[38;2;188;188;188m@[38;2;250;250;250m@[38;2;213;213;213m@[38;2;140;140;140mF [38;2;0;0;229ma[38;2;1;1;204mF      [39m
 [38;2;0;0;0m      [38;2;1;0;217m`[38;2;0;0;224m4ga[38;2;0;0;225mg[38;2;0;0;226m_[38;2;0;0;225m_[38;2;138;138;138m`[38;2;130;130;130m`[38;2;0;0;225m_[38;2;0;0;211my[38;2;0;0;226ma[38;2;0;0;220my[38;2;0;0;225m_[38;2;112;112;112m`[38;2;141;141;141m`[38;2;0;0;226m_[38;2;0;0;225m_[38;2;0;0;226mg[38;2;0;0;224mg[38;2;0;0;225m__[38;2;0;0;227m_[38;2;0;0;225mg[38;2;0;0;229mP[38;2;1;0;206m~       [39m
 [38;2;0;0;0m        [38;2;3;3;186m`  [38;2;1;0;214m~[38;2;0;0;226m~[38;2;0;0;227m~~[38;2;0;0;226m~[38;2;0;0;228m` [38;2;0;0;219m`[38;2;0;0;225m~[38;2;0;0;227m~[38;2;0;0;226m~~[38;2;0;0;222m~  [38;2;0;0;219m~[38;2;0;0;226m~[38;2;0;0;224m~[38;2;4;2;193m`         [39m
 [38;2;0;0;0m                                       [39m
[?25h