[?25l[39m [38;2;0;0;0m                 [38;2;1;0;203m_[38;2;0;0;223m__[38;2;2;0;202m_                  [39m
 [38;2;0;0;0m           [38;2;2;1;195m_[38;2;0;0;225m_[38;2;0;0;219mg[38;2;0;0;224ms[38;2;0;0;221mP[38;2;0;0;216m=[38;2;0;0;228m~[38;2;0;0;227m~~[38;2;0;0;228m~[38;2;0;0;215m=[38;2;0;0;221m4[38;2;0;0;224ma[38;2;0;0;221mg[38;2;0;0;225m_[38;2;2;1;192m_            [39m
 [38;2;0;0;0m         [38;2;0;0;229m_a[38;2;0;0;216mP[38;2;0;0;228m~[38;2;173;173;173m_[38;2;178;178;178my[38;2;221;221;221my[38;2;248;248;248mg[38;2;252;252;252mg[38;2;232;232;232m$$[38;2;222;222;222m$[38;2;248;248;248mg[38;2;221;221;221my[38;2;176;176;176my[38;2;174;174;174m_[38;2;0;0;225m~[38;2;0;0;222m=[38;2;0;0;228ma[38;2;0;0;230m_          [39m
 [38;2;0;0;0m       [38;2;1;0;207m_[38;2;0;0;229ma[38;2;0;0;230m~ [38;2;199;199;199my[38;2;215;215;215m@[38;2;251;251;251m@[38;2;252;252;252m@@@@@@@@@@[38;2;251;251;251m@[38;2;225;225;225m@[38;2;197;197;197my [38;2;0;0;226m~[38;2;0;0;223m$[38;2;2;0;208m_        [39m
 [38;2;0;0;0m      [38;2;0;0;217m_@[38;2;0;0;191m'[38;2;157;157;157my[38;2;231;231;231m@[38;2;252;252;252m@@@@@@@@@@@@@@@@[38;2;241;241;241m@[38;2;141;141;141my [38;2;0;0;232m4[38;2;0;0;218m_       [39m
 [38;2;0;0;0m      [38;2;0;0;228m@ [38;2;156;156;156my[38;2;249;249;249m@[38;2;252;252;252m@@[38;2;251;251;251m@@[38;2;252;252;252m@[38;2;251;251;251m@@[38;2;252;252;252m@@@@@[38;2;251;251;251m@@@@[38;2;252;252;252m@@[38;2;251;251;251m@[38;2;140;140;140my [38;2;0;0;222m@[38;2;0;0;227m,      [39m
 [38;2;0;0;0m     [38;2;1;0;215mg[38;2;0;0;197m[ [38;2;224;224;224m@[38;2;252;252;252m@[38;2;251;251;251m@[38;2;221;221;221mF[38;2;208;208;208m_[38;2;151;151;151ma[38;2;195;195;195ma[38;2;173;173;173mw[38;2;180;180;180m~[38;2;183;183;183mR[38;2;251;251;251m@@[38;2;200;200;200m@[38;2;225;225;225m~[38;2;162;162;162my[38;2;187;187;187ma[38;2;204;204;204mw[38;2;119;119;119my[38;2;245;245;245m~[38;2;244;244;244m@[38;2;252;252;252m@[38;2;240;240;240m@  [38;2;0;0;218m$      [39m
 [38;2;0;0;0m     [38;2;0;0;226m@  [38;2;249;249;249m@[38;2;251;251;251m@[38;2;164;164;164m@[38;2;85;85;85mu[38;2;180;180;180mF [38;2;154;154;154mg [38;2;199;199;199m$ [38;2;221;221;221m@[38;2;239;239;239m@ [38;2;189;189;189m$ [38;2;167;167;167mg [38;2;130;130;130m4[38;2;110;110;110mL[38;2;159;159;159m9[38;2;252;252;252m@[38;2;251;251;251m@  [38;2;0;0;226m@      [39m
 [38;2;0;0;0m     [38;2;0;0;226m@  [38;2;249;249;249m@[38;2;252;252;252m@[38;2;220;220;220m@[38;2;91;91;91m_[38;2;147;147;147m$[38;2;154;154;154my[38;2;192;192;192my[38;2;194;194;194my[38;2;175;175;175my[38;2;212;212;212mg[38;2;251;251;251m@@[38;2;138;138;138my[38;2;166;166;166m?[38;2;170;170;170mw[38;2;165;165;165my[38;2;175;175;175mg[38;2;171;171;171my[38;2;208;208;208my[38;2;236;236;236m@[38;2;252;252;252m@[38;2;251;251;251m@  [38;2;0;0;226m@      [39m
 [38;2;0;0;0m     [38;2;0;0;226m@  [38;2;249;249;249m@[38;2;252;252;252m@@[38;2;250;250;250m@[38;2;243;243;243mg[38;2;215;215;215my[38;2;200;200;200my[38;2;221;221;221my[38;2;250;250;250m@[38;2;252;252;252m@@@[38;2;251;251;251m@[38;2;214;214;214m@[38;2;194;194;194mg[38;2;203;203;203my[38;2;204;204;204my[38;2;221;221;221m@[38;2;252;252;252m@@@[38;2;251;251;251m@  [38;2;0;0;226m@      [39m
 [38;2;0;0;0m     [38;2;0;0;226m@  [38;2;249;249;249m@[38;2;252;252;252m@@@@@@@@@@@@@@@@@@@@[38;2;251;251;251m@  [38;2;0;0;226m@      [39m
 [38;2;0;0;0m     [38;2;0;0;226m@  [38;2;249;249;249m@[38;2;252;252;252m@@@@@@@@@@@@@@@@@@@@[38;2;251;251;251m@  [38;2;0;0;227m@      [39m
 [38;2;0;0;0m     [38;2;0;0;226m@  [38;2;249;249;249m@[38;2;252;252;252m@@@@@@@@@@@@@@@@@@@@[38;2;251;251;251m@  [38;2;0;0;227m@      [39m
 [38;2;0;0;0m     [38;2;0;0;226m@  [38;2;249;249;249m@[38;2;252;252;252m@@@@@@@@@@@@@@@@@@@@[38;2;251;251;251m@  [38;2;0;0;227m@      [39m
 [38;2;0;0;0m     [38;2;0;0;220m@  [38;2;242;242;242m@[38;2;252;252;252m@@@@@@@@@@@@@@@@@@@@[38;2;248;248;248m@  [38;2;0;0;223m@      [39m
 [38;2;0;0;0m     [38;2;1;0;212m`[38;2;0;0;225m@[38;2;0;0;210m_[38;2;141;141;141m~[38;2;170;170;170m@[38;2;245;245;245m@[38;2;251;251;251m@[38;2;249;249;249m@[38;2;205;205;205m@[38;2;190;190;190mF[38;2;251;251;251m~[38;2;178;178;178mP[38;2;230;230;230m@[38;2;251;251;251m@@[38;2;233;233;233m@[38;2;221;221;221mF[38;2;251;251;251m~[38;2;151;151;151mM[38;2;196;196;196m@[38;2;250;250;250m@[38;2;251;251;251m@[38;2;246;246;246m@[38;2;186;186;186m@[38;2;171;171;171m~[38;2;1;0;207m_[38;2;0;0;230mg[38;2;2;1;194mF      [39m
 [38;2;0;0;0m      [38;2;0;0;218m`[38;2;0;0;224m4[38;2;0;0;227mg[38;2;0;0;206my[38;2;0;0;225m_[38;2;0;0;223m_[38;2;0;0;225m_[38;2;0;0;227m_[38;2;0;0;225mg[38;2;0;0;224m@[38;2;0;0;220my[38;2;0;0;227m_[38;2;0;0;223m_[38;2;0;0;225m_[38;2;0;0;227m_[38;2;0;0;218ma[38;2;0;0;221m@[38;2;0;0;227mg_[38;2;0;0;223m__[38;2;0;0;225m_[38;2;0;0;205my[38;2;0;0;228mg[38;2;0;0;226mP[38;2;1;1;203m~       [39m
 [38;2;0;0;0m        [38;2;2;3;189m`[38;2;0;0;223m~[38;2;0;0;226m~[38;2;0;0;227m~~~[38;2;3;0;207m` [38;2;2;1;204m~[38;2;0;0;227m~~~[38;2;0;0;226m~[38;2;2;1;207m~ [38;2;2;0;206m`[38;2;0;0;224m~[38;2;0;0;227m~~[38;2;0;0;226m~[38;2;0;0;225m~[38;2;4;2;195m`         [39m
 [38;2;0;0;0m                                       [39m
[?25h