[?25l[39m [38;2;0;0;0m              [38;2;0;0;229m_[38;2;0;0;225m_[38;2;1;1;210my[38;2;0;0;221my[38;2;0;0;224ma[38;2;0;0;223ma[38;2;0;0;221my[38;2;1;1;210my[38;2;0;0;225m_[38;2;0;0;229m_               [39m
 [38;2;0;0;0m          [38;2;0;0;225m_[38;2;1;0;213ma[38;2;0;0;213m@[38;2;0;0;219m=[38;2;0;0;226m~[38;2;0;0;222m~[38;2;200;200;200m_[38;2;241;241;241m_[38;2;140;140;140my[38;2;139;139;139my[38;2;241;241;241m_[38;2;200;200;200m_[38;2;0;0;221m~[38;2;0;0;226m~[38;2;0;0;220m=[38;2;0;0;216m@[38;2;0;0;218my[38;2;0;0;225m_           [39m
 [38;2;0;0;0m        [38;2;0;0;226m_[38;2;0;0;228ma[38;2;0;0;212mF[38;2;0;0;223m`[38;2;150;150;150my[38;2;203;203;203mg[38;2;228;228;228m$[38;2;251;251;251m@@[38;2;252;252;252m@@@@[38;2;251;251;251m@@[38;2;220;220;220m@[38;2;204;204;204mg[38;2;140;140;140my[38;2;1;0;223m`[38;2;0;0;226m~[38;2;0;0;219m@[38;2;0;0;226m_         [39m
 [38;2;0;0;0m       [38;2;0;0;222mg[38;2;0;0;226mF [38;2;190;190;190my[38;2;227;227;227m@[38;2;251;251;251m@[38;2;252;252;252m@@@@@@@@@@@@@[38;2;237;237;237m@[38;2;183;183;183my [38;2;0;0;219m?[38;2;0;0;222mg        [39m
 [38;2;0;0;0m      [38;2;0;0;228mg[38;2;0;0;208mF [38;2;226;226;226mg[38;2;251;251;251m@[38;2;252;252;252m@@@@@@@@@@@@@@@@[38;2;251;251;251m@[38;2;200;200;200m@ [38;2;0;0;215m~[38;2;0;0;226m$       [39m
 [38;2;0;0;0m     [38;2;0;0;211mj[38;2;0;0;227mF [38;2;209;209;209mg[38;2;251;251;251m@@[38;2;213;213;213mF[38;2;145;145;145mM[38;2;180;180;180m@[38;2;248;248;248m@[38;2;251;251;251m@[38;2;252;252;252m@@@@[38;2;226;226;226m@[38;2;164;164;164mF[38;2;163;163;163m5[38;2;220;220;220m@[38;2;251;251;251m@[38;2;252;252;252m@@@[38;2;251;251;251m@[38;2;188;188;188m@ [38;2;0;0;217m?[38;2;0;0;220ml      [39m
 [38;2;0;0;0m     [38;2;0;0;219m@  [38;2;246;246;246m@[38;2;252;252;252m@[38;2;251;251;251m@[38;2;237;237;237mg[38;2;182;182;182my[38;2;158;158;158m_ [38;2;205;205;205m~[38;2;157;157;157m5[38;2;240;240;240m@[38;2;252;252;252m@@[38;2;246;246;246m@[38;2;197;197;197mg[38;2;141;141;141my [38;2;170;170;170m`[38;2;243;243;243m~[38;2;167;167;167m@[38;2;251;251;251m@[38;2;252;252;252m@[38;2;250;250;250m@  [38;2;0;0;226m$      [39m
 [38;2;0;0;0m     [38;2;0;0;226m@  [38;2;249;249;249m@[38;2;252;252;252m@[38;2;251;251;251m@[38;2;207;207;207m@[38;2;197;197;197mF[38;2;179;179;179m~ [38;2;201;201;201m_[38;2;198;198;198my[38;2;226;226;226m@[38;2;252;252;252m@@[38;2;248;248;248m@[38;2;223;223;223mP[38;2;251;251;251m~[38;2;88;88;88m~[38;2;64;64;64m_[38;2;148;148;148my[38;2;201;201;201mg[38;2;251;251;251m@[38;2;252;252;252m@[38;2;251;251;251m@  [38;2;0;0;226m@      [39m
 [38;2;0;0;0m     [38;2;0;0;226m@  [38;2;249;249;249m@[38;2;252;252;252m@[38;2;251;251;251m@[38;2;197;197;197my[38;2;178;178;178my[38;2;224;224;224mg[38;2;234;234;234m@[38;2;251;251;251m@[38;2;252;252;252m@@@@[38;2;221;221;221m@[38;2;168;168;168my[38;2;203;203;203my[38;2;246;246;246mg[38;2;248;248;248m@[38;2;251;251;251m@[38;2;252;252;252m@@@[38;2;251;251;251m@  [38;2;0;0;226m@      [39m
 [38;2;0;0;0m     [38;2;0;0;226m@  [38;2;249;249;249m@[38;2;252;252;252m@@@@@@@@@@@@@@@@@@@@[38;2;251;251;251m@  [38;2;0;0;226m@      [39m
 [38;2;0;0;0m     [38;2;0;0;226m@  [38;2;249;249;249m@[38;2;252;252;252m@@@@@@@@@@@@@@@@@@@@[38;2;251;251;251m@  [38;2;0;0;226m@      [39m
 [38;2;0;0;0m     [38;2;0;0;226m@  [38;2;249;249;249m@[38;2;252;252;252m@@@@@@@@@@@@@@@@@@@@[38;2;251;251;251m@  [38;2;0;0;227m@      [39m
 [38;2;0;0;0m     [38;2;0;0;226m@  [38;2;249;249;249m@[38;2;252;252;252m@@@@@@@@@@@@@@@@@@@@[38;2;251;251;251m@  [38;2;0;0;227m@      [39m
 [38;2;0;0;0m     [38;2;0;0;224m@  [38;2;244;244;244m@[38;2;252;252;252m@@@@@@@@@@@@@@@@@@@@[38;2;248;248;248m@  [38;2;0;0;225m@      [39m
 [38;2;0;0;0m     [38;2;1;1;202m7[38;2;0;0;222m@[38;2;0;0;216m,[38;2;153;153;153m~[38;2;176;176;176m@[38;2;249;249;249m@[38;2;251;251;251m@[38;2;249;249;249m@[38;2;201;201;201m@[38;2;189;189;189mF[38;2;173;173;173mT[38;2;186;186;186mA[38;2;243;243;243m@[38;2;251;251;251m@@[38;2;234;234;234m@[38;2;219;219;219mF[38;2;172;172;172mT[38;2;155;155;155m5[38;2;215;215;215m@[38;2;251;251;251m@@[38;2;247;247;247m@[38;2;183;183;183m@[38;2;178;178;178m~[38;2;1;0;199m_[38;2;0;0;229mg[38;2;0;0;216mF      [39m
 [38;2;0;0;0m      [38;2;0;0;225m~[38;2;0;0;224m@[38;2;0;0;226mg__[38;2;0;0;228m_[38;2;0;0;226m__[38;2;0;0;224mg[38;2;0;0;227mg[38;2;0;0;213my[38;2;0;0;226m_[38;2;0;0;228m_[38;2;0;0;227m_[38;2;0;0;226m_[38;2;0;0;216ma[38;2;0;0;218m@[38;2;0;0;220mg[38;2;0;0;226m_[38;2;0;0;228m_[38;2;0;0;229m_[38;2;0;0;226m_[38;2;0;0;207my[38;2;0;0;226mg[38;2;0;0;224m@[38;2;0;0;225m~       [39m
 [38;2;0;0;0m        [38;2;1;0;221m~[38;2;0;0;226m~[38;2;0;0;220m=[38;2;0;0;231m=[38;2;0;0;222m=[38;2;0;0;225m~[38;2;0;0;221m~[38;2;1;1;203m~[38;2;0;0;226m~~[38;2;0;0;231m=[38;2;0;0;230m=[38;2;0;0;227m~[38;2;0;0;229m~[38;2;0;0;230m`[38;2;0;0;227m~[38;2;0;0;226m~[38;2;0;0;227m=[38;2;0;0;231m=[38;2;0;0;216m=[38;2;0;0;226m~[38;2;0;0;215m~         [39m
 [38;2;0;0;0m                                       [39m
 [38;2;0;0;0m                                       [39m
[?25h