[?25l[39m [38;2;0;0;0m                                       [39m
 [38;2;0;0;0m              [38;2;0;0;226m___[38;2;0;0;225m_[38;2;1;1;201my[38;2;1;1;200my[38;2;0;0;225m_[38;2;0;0;227m_[38;2;0;0;226m_                [39m
 [38;2;0;0;0m          [38;2;0;0;224m_[38;2;0;0;211my[38;2;0;0;225ma[38;2;0;0;220mP[38;2;0;0;226m~[38;2;0;0;227m~[38;2;89;89;89m_[38;2;146;146;146m_[38;2;169;169;169m_[38;2;155;155;155m_[38;2;112;112;112m_[38;2;0;0;231m~[38;2;0;0;225m~[38;2;0;0;222m=[38;2;0;0;216m@[38;2;0;0;219mg[38;2;0;0;231m_            [39m
 [38;2;0;0;0m        [38;2;0;0;229m_[38;2;0;0;216m$[38;2;0;0;228m~[38;2;0;0;225m`[38;2;148;148;148my[38;2;198;198;198mg[38;2;250;250;250mg[38;2;242;242;242m@[38;2;252;252;252m@[38;2;251;251;251m@@@[38;2;252;252;252m@[38;2;250;250;250m@[38;2;223;223;223m@[38;2;217;217;217mg[38;2;162;162;162my[38;2;1;0;203m`[38;2;0;0;225m~[38;2;0;0;217m@[38;2;1;1;209my          [39m
 [38;2;0;0;0m       [38;2;0;0;230ma[38;2;0;0;231m~ [38;2;209;209;209my[38;2;238;238;238m@[38;2;251;251;251m@[38;2;252;252;252m@@@@@@@@@@@@[38;2;249;249;249m@[38;2;193;193;193mg[38;2;85;85;85m_[38;2;0;0;223m~[38;2;0;0;224m@[38;2;0;0;233m,        [39m
 [38;2;0;0;0m      [38;2;0;0;227m@[38;2;1;1;204m'[38;2;109;109;109my[38;2;224;224;224m@[38;2;252;252;252m@@@@@@@@@@@@@@@@@[38;2;242;242;242m@[38;2;114;114;114my [38;2;0;0;221m@[38;2;0;0;233m,       [39m
 [38;2;0;0;0m     [38;2;0;0;224m@[38;2;1;1;200m' [38;2;235;235;235m@[38;2;252;252;252m@@[38;2;185;185;185m@[38;2;196;196;196mF[38;2;207;207;207m@[38;2;251;251;251m@[38;2;252;252;252m@@@@@@@@@@@@@[38;2;247;247;247m@[38;2;87;87;87m, [38;2;0;0;232m$       [39m
 [38;2;0;0;0m     [38;2;0;0;227m@ [38;2;169;169;169m4[38;2;251;251;251m@[38;2;252;252;252m@[38;2;251;251;251m@[38;2;217;217;217mg[38;2;159;159;159my[38;2;100;100;100m_[38;2;104;104;104m`[38;2;237;237;237m~[38;2;176;176;176m#[38;2;243;243;243m@[38;2;252;252;252m@[38;2;251;251;251m@[38;2;185;185;185m@[38;2;218;218;218mPPPPP[38;2;204;204;204mA[38;2;245;245;245m@[38;2;251;251;251m@[38;2;171;171;171m$ [38;2;0;0;221mB[38;2;1;1;196mi      [39m
 [38;2;0;0;0m    [38;2;3;2;168mJ[38;2;0;0;219m@ [38;2;155;155;155m$[38;2;252;252;252m@@@[38;2;242;242;242m@[38;2;168;168;168m@[38;2;162;162;162mT  [38;2;152;152;152my[38;2;229;229;229mg[38;2;252;252;252m@[38;2;243;243;243m@[38;2;185;185;185my[38;2;165;165;165myyyyy[38;2;174;174;174my[38;2;200;200;200m@[38;2;251;251;251m@[38;2;204;204;204m$ [38;2;0;0;216m4[38;2;1;1;208m[      [39m
 [38;2;0;0;0m    [38;2;2;2;165mJ[38;2;0;0;222m@ [38;2;148;148;148m$[38;2;251;251;251m@[38;2;252;252;252m@[38;2;251;251;251m@[38;2;188;188;188my[38;2;253;253;253m_[38;2;199;199;199my[38;2;248;248;248mg[38;2;250;250;250m@[38;2;252;252;252m@@@@@@@@@@@@@[38;2;197;197;197m@ [38;2;0;0;214m4[38;2;1;1;213m[      [39m
 [38;2;0;0;0m     [38;2;0;0;227m@ [38;2;182;182;182m4[38;2;251;251;251m@[38;2;252;252;252m@@@@@@@@@@@@@@@@@@@@[38;2;209;209;209m@ [38;2;0;0;209m4[38;2;1;1;217m[      [39m
 [38;2;0;0;0m     [38;2;0;0;232m@ [38;2;166;166;167m4[38;2;251;251;251m@[38;2;252;252;252m@@@@@@@@@@@@@@@@@@@@[38;2;225;225;225m@ [38;2;0;1;202m4[38;2;0;0;222m[      [39m
 [38;2;0;0;0m     [38;2;0;0;236m@ [38;2;146;146;146m4[38;2;251;251;251m@[38;2;252;252;252m@@@@@@@@@@@@@@@@@@@@[38;2;237;237;237m@ [38;2;0;0;192mJ[38;2;1;1;204m$      [39m
 [38;2;0;0;0m     [38;2;0;0;237m@ [38;2;125;125;125m4[38;2;252;252;252m@@@@@@@@@@@@@@@@@@@@@[38;2;240;240;240m@ [38;2;0;0;182mJ[38;2;0;0;212m$      [39m
 [38;2;0;0;0m     [38;2;0;0;231m@[38;2;0;0;197m,[38;2;74;74;74m"[38;2;249;249;249m@[38;2;252;252;252m@@@@@@@@@@@@@@@@@@@@[38;2;237;237;237m@ [38;2;1;0;194mj[38;2;0;0;213m$      [39m
 [38;2;0;0;0m     [38;2;2;1;194m~[38;2;0;0;224m$[38;2;0;0;206m_[38;2;165;165;165m~[38;2;158;158;158m5[38;2;220;220;220m@[38;2;251;251;251m@@[38;2;234;234;234m@[38;2;223;223;223mF[38;2;251;251;251m~[38;2;159;159;159mF[38;2;181;181;181m@[38;2;246;246;246m@[38;2;251;251;251m@[38;2;246;246;246m@[38;2;192;192;192m@[38;2;177;177;177mF[38;2;251;251;251m~[38;2;168;168;168mA[38;2;231;231;231m@[38;2;251;251;251m@[38;2;242;242;242m@[38;2;174;174;174m@[38;2;135;135;135m~[38;2;0;0;218m_[38;2;0;0;226m$[38;2;0;0;225m'      [39m
 [38;2;0;0;0m      [38;2;1;1;212m`[38;2;1;0;209m4[38;2;0;0;225m@[38;2;0;0;222mg[38;2;0;0;227m_[38;2;0;0;225m_[38;2;0;0;223m_[38;2;0;0;226m_[38;2;0;0;214ma[38;2;0;0;216m@[38;2;0;0;227ma[38;2;0;0;204my[38;2;0;0;225m_[38;2;0;0;223m_[38;2;0;0;225m__[38;2;0;0;227ma[38;2;0;0;223m@[38;2;0;0;220my[38;2;0;0;227m_[38;2;0;0;223m_[38;2;0;0;225m_[38;2;0;0;209my[38;2;0;0;227ma[38;2;0;0;215mF[38;2;1;0;218m'       [39m
 [38;2;0;0;0m         [38;2;3;2;197m`[38;2;1;0;221m~[38;2;0;0;227m~[38;2;0;0;226m~~[38;2;2;0;220m`  [38;2;3;1;196m~[38;2;0;0;225m~[38;2;0;0;227m~[38;2;0;0;226m~[38;2;2;1;206m~  [38;2;2;0;208m`[38;2;0;0;221m~[38;2;0;0;227m~[38;2;0;0;226m~[38;2;3;2;196m~          [39m
 [38;2;0;0;0m                                       [39m
[?25h