[?25l[39m [38;2;0;0;0m              [38;2;0;0;229m_[38;2;0;0;226m_[38;2;1;1;210my[38;2;0;0;216ma[38;2;0;0;223mgg[38;2;0;0;221my[38;2;1;1;210my[38;2;0;0;226m_[38;2;0;0;229m_               [39m
 [38;2;0;0;0m          [38;2;0;0;225m_[38;2;1;0;215ma[38;2;0;0;218m@[38;2;0;0;219mP[38;2;0;0;225m~[38;2;0;0;228m~[38;2;109;109;109m_[38;2;228;228;228m_[38;2;237;237;237m__[38;2;229;229;229m_[38;2;109;109;109m_[38;2;0;0;228m~[38;2;0;0;226m~=[38;2;0;0;221m@[38;2;0;0;217my[38;2;0;0;225m_           [39m
 [38;2;0;0;0m        [38;2;0;0;226m_[38;2;0;0;228mg[38;2;0;0;219mF[38;2;1;0;213m~[38;2;223;223;223m_[38;2;215;215;215my[38;2;252;252;252mg[38;2;248;248;248m@[38;2;251;251;251m@[38;2;252;252;252m@@@@[38;2;251;251;251m@[38;2;250;250;250m@[38;2;219;219;219m$[38;2;215;215;215my[38;2;222;222;222m_[38;2;0;0;210m~[38;2;0;0;213m?[38;2;0;0;220m@[38;2;0;0;226m_         [39m
 [38;2;0;0;0m       [38;2;0;0;221mg[38;2;0;0;228mF[38;2;0;0;190m'[38;2;175;175;175my[38;2;213;213;213m@[38;2;251;251;251m@[38;2;252;252;252m@@@@@@@@@@@@[38;2;251;251;251m@[38;2;226;226;226m@[38;2;166;166;166my [38;2;0;0;203m#[38;2;0;0;222mg        [39m
 [38;2;0;0;0m      [38;2;0;0;227mg[38;2;0;0;215mF [38;2;216;216;216mg[38;2;251;251;251m@[38;2;252;252;252m@@@@@@@@@@@@@@@@[38;2;251;251;251m@[38;2;195;195;195m$ [38;2;0;0;220m~[38;2;0;0;225m$       [39m
 [38;2;0;0;0m     [38;2;0;0;211mj[38;2;0;0;229mF [38;2;201;201;201mg[38;2;251;251;251m@@[38;2;223;223;223mF[38;2;150;150;150m5[38;2;193;193;193m@[38;2;250;250;250m@[38;2;252;252;252m@@@@@[38;2;231;231;231m@[38;2;183;183;183mF[38;2;184;184;184mP[38;2;230;230;230m@[38;2;251;251;251m@[38;2;252;252;252m@@@[38;2;251;251;251m@[38;2;178;178;178m@ [38;2;0;0;221m?[38;2;0;0;220ml      [39m
 [38;2;0;0;0m     [38;2;0;0;219m@[38;2;0;0;177m[ [38;2;244;244;244m@[38;2;252;252;252m@[38;2;251;251;251m@[38;2;227;227;227mg[38;2;170;170;170my[38;2;112;112;112m_[38;2;102;102;102m`[38;2;225;225;225m~[38;2;174;174;174mP[38;2;244;244;244m@[38;2;252;252;252m@@[38;2;242;242;242m@[38;2;217;217;217my[38;2;243;243;243m_ [38;2;120;120;120m~[38;2;247;247;247m~[38;2;178;178;178m@[38;2;251;251;251m@[38;2;252;252;252m@[38;2;249;249;249m@  [38;2;0;0;226m$      [39m
 [38;2;0;0;0m     [38;2;0;0;226m@  [38;2;249;249;249m@[38;2;252;252;252m@[38;2;251;251;251m@[38;2;218;218;218m@[38;2;207;207;207mF[38;2;204;204;204m~ [38;2;175;175;175m_[38;2;188;188;188my[38;2;221;221;221m@[38;2;252;252;252m@@[38;2;250;250;250m@[38;2;181;181;181m@[38;2;165;165;165mF[38;2;127;127;127m` [38;2;133;133;133my[38;2;189;189;189mg[38;2;251;251;251m@[38;2;252;252;252m@[38;2;251;251;251m@  [38;2;0;0;226m@      [39m
 [38;2;0;0;0m     [38;2;0;0;226m@  [38;2;249;249;249m@[38;2;252;252;252m@[38;2;251;251;251m@[38;2;187;187;187my[38;2;165;165;165my[38;2;210;210;210mg[38;2;226;226;226m@[38;2;251;251;251m@[38;2;252;252;252m@@@@[38;2;217;217;217m@[38;2;155;155;155my[38;2;192;192;192my[38;2;240;240;240mg[38;2;245;245;245m@[38;2;251;251;251m@[38;2;252;252;252m@@@[38;2;251;251;251m@  [38;2;0;0;226m@      [39m
 [38;2;0;0;0m     [38;2;0;0;226m@  [38;2;249;249;249m@[38;2;252;252;252m@@@@@@@@@@@@@@@@@@@@[38;2;251;251;251m@  [38;2;0;0;226m@      [39m
 [38;2;0;0;0m     [38;2;0;0;226m@  [38;2;249;249;249m@[38;2;252;252;252m@@@@@@@@@@@@@@@@@@@@[38;2;251;251;251m@  [38;2;0;0;226m@      [39m
 [38;2;0;0;0m     [38;2;0;0;226m@  [38;2;249;249;249m@[38;2;252;252;252m@@@@@@@@@@@@@@@@@@@@[38;2;251;251;251m@  [38;2;0;0;227m@      [39m
 [38;2;0;0;0m     [38;2;0;0;226m@  [38;2;249;249;249m@[38;2;252;252;252m@@@@@@@@@@@@@@@@@@@@[38;2;251;251;251m@  [38;2;0;0;227m@      [39m
 [38;2;0;0;0m     [38;2;0;0;221m@[38;2;0;0;214m, [38;2;241;241;241m@[38;2;252;252;252m@@@@@@@@@@@@@@@@@@@@[38;2;247;247;247m@ [38;2;0;0;170mj[38;2;0;0;223m@      [39m
 [38;2;0;0;0m     [38;2;0;0;215m`[38;2;0;0;226m@[38;2;0;0;219m_[38;2;109;109;109m~[38;2;186;186;186mA[38;2;239;239;239m@[38;2;249;249;249m@[38;2;244;244;244m@[38;2;180;180;180m@[38;2;174;174;174mT[38;2;252;252;252m~[38;2;181;181;181mF[38;2;220;220;220m@[38;2;248;248;248m@@[38;2;215;215;215m@[38;2;205;205;205mF[38;2;252;252;252m~[38;2;173;173;173mT[38;2;179;179;179m@[38;2;245;245;245m@[38;2;249;249;249m@[38;2;239;239;239m@[38;2;218;218;218mP[38;2;148;148;148m~[38;2;0;0;218m_[38;2;0;0;231mg[38;2;1;1;198mF      [39m
 [38;2;0;0;0m      [38;2;1;1;198m~[38;2;0;0;225m4[38;2;0;0;227mg[38;2;0;0;216my[38;2;0;0;226m___[38;2;0;0;210my[38;2;0;0;227mg[38;2;0;0;226m@[38;2;0;0;219mg[38;2;0;0;226m____[38;2;0;0;223ma[38;2;0;0;225m@[38;2;0;0;226mg[38;2;0;0;207my[38;2;0;0;226m___[38;2;0;0;216my[38;2;0;0;228mg[38;2;0;0;225mP[38;2;1;1;205m~       [39m
 [38;2;0;0;0m        [38;2;2;2;200m`[38;2;0;0;229m~[38;2;0;0;225m~~~[38;2;0;0;232m~[38;2;2;0;207m` [38;2;1;1;217m~[38;2;0;0;226m~[38;2;0;0;225m~~[38;2;0;0;226m~[38;2;1;1;210m~ [38;2;0;0;218m`[38;2;0;0;228m~[38;2;0;0;225m~~~[38;2;0;0;227m~[38;2;3;2;198m`         [39m
 [38;2;0;0;0m                                       [39m
 [38;2;0;0;0m                                       [39m
[?25h