[?25l[39m [38;2;0;0;0m              [38;2;1;1;210m_[38;2;0;0;225m__[38;2;0;0;215my[38;2;0;0;220ma[38;2;0;0;223ma[38;2;0;0;221ma[38;2;0;0;218my[38;2;1;1;202my[38;2;0;0;225m_[38;2;0;0;230m_              [39m
 [38;2;0;0;0m           [38;2;0;0;225m_[38;2;0;0;220ma[38;2;0;0;217m@[38;2;0;0;228m~[38;2;0;0;227m~[38;2;0;0;215m~[38;2;210;210;210m_[38;2;244;244;244m_[38;2;146;146;146my[38;2;144;144;144my[38;2;243;243;243m_[38;2;210;210;210m_[38;2;0;0;224m~[38;2;0;0;227m~[38;2;0;0;220m=[38;2;0;0;223ma[38;2;0;0;212my[38;2;0;0;225m_          [39m
 [38;2;0;0;0m         [38;2;1;1;203m_[38;2;0;0;228mg[38;2;0;0;221mF[38;2;0;0;226m`[38;2;212;212;212m_[38;2;191;191;191mg[38;2;226;226;226m$[38;2;251;251;251m@@[38;2;252;252;252m@@@@[38;2;251;251;251m@@[38;2;229;229;229m@[38;2;221;221;221mg[38;2;169;169;169my[38;2;1;0;217m`[38;2;0;0;226m~[38;2;0;0;216m@[38;2;0;0;231m_        [39m
 [38;2;0;0;0m        [38;2;0;0;220m_@[38;2;1;0;210m'[38;2;105;105;105my[38;2;239;239;239mg[38;2;251;251;251m@[38;2;252;252;252m@@@@@@@@@@@@@[38;2;250;250;250m@[38;2;209;209;209mg[38;2;120;120;120m_[38;2;0;0;223m~[38;2;0;0;220m@[38;2;1;0;206m_      [39m
 [38;2;0;0;0m       [38;2;1;1;193m_[38;2;0;0;223m@ [38;2;156;156;156my[38;2;246;246;246m@[38;2;252;252;252m@@@@@@@@@@@@@@@@@[38;2;249;249;249m@[38;2;159;159;159my [38;2;0;0;224m#[38;2;0;0;233m,     [39m
 [38;2;0;0;0m       [38;2;0;0;224m@[38;2;0;0;195m' [38;2;240;240;240m@[38;2;252;252;252m@@@@@@@@@@@@@@@@@@@[38;2;251;251;251m@[38;2;125;125;125mL [38;2;0;0;232m$[38;2;1;0;193m,    [39m
 [38;2;0;0;0m       [38;2;0;0;234m@ [38;2;146;146;146m4[38;2;251;251;251m@[38;2;252;252;252m@@@@@@@@@@@@@@@@@@@@[38;2;219;219;219m$ [38;2;1;1;201m9[38;2;0;0;222ml    [39m
 [38;2;0;0;0m       [38;2;0;0;231m@ [38;2;165;165;165m4[38;2;251;251;251m@[38;2;252;252;252m@@@@@@@@@@@@@@@@@@@@[38;2;224;224;224m@ [38;2;1;0;201m4[38;2;0;0;223m[    [39m
 [38;2;0;0;0m       [38;2;0;0;228m@ [38;2;173;173;173m4[38;2;251;251;251m@[38;2;252;252;252m@@@@@@@@@@@@@@@@@@@@[38;2;214;214;214m@ [38;2;0;1;206m4[38;2;0;0;220m[    [39m
 [38;2;0;0;0m      [38;2;2;2;169mj[38;2;0;0;220m@ [38;2;177;177;177ma[38;2;252;252;252m@@@@@@@@@@@@@@@@@@@@@[38;2;193;193;193m@ [38;2;0;0;210mg[38;2;0;1;210m[    [39m
 [38;2;0;0;0m      [38;2;1;1;196mJ[38;2;0;0;217mF [38;2;195;195;195m$[38;2;252;252;252m@@@@@@@@@@@@@@@@@@@@[38;2;251;251;251m@[38;2;166;166;166m$ [38;2;0;0;222m$[38;2;0;0;205m'    [39m
 [38;2;0;0;0m      [38;2;1;0;213m4[38;2;0;0;203m[ [38;2;221;221;221m@[38;2;252;252;252m@@@@@@@@@@@@@@@@@@@@[38;2;251;251;251m@[38;2;145;145;145mF [38;2;0;0;235m$     [39m
 [38;2;0;0;0m      [38;2;0;0;228m@  [38;2;249;249;249m@[38;2;252;252;252m@@@@@@@@@@@@@@@@@@@@[38;2;250;250;250m@[38;2;64;64;65m~ [38;2;0;0;223m@     [39m
 [38;2;0;0;0m      [38;2;0;0;236m@ [38;2;135;135;135m4[38;2;251;251;251m@[38;2;252;252;252m@@@@@@@@@@@@@@@@@@@@[38;2;213;213;213m@ [38;2;0;0;223mj[38;2;0;0;217mF     [39m
 [38;2;0;0;0m      [38;2;0;0;231m@[38;2;0;0;230m_ [38;2;157;157;157m5[38;2;235;235;235m@[38;2;251;251;251m@@[38;2;249;249;249m@[38;2;187;187;187m@[38;2;190;190;190mF[38;2;176;176;176mF[38;2;191;191;191m@[38;2;250;250;250m@[38;2;251;251;251m@@[38;2;224;224;224m@[38;2;212;212;212mF[38;2;169;169;169mF[38;2;181;181;181mA[38;2;244;244;244m@[38;2;251;251;251m@@[38;2;236;236;236m@[38;2;215;215;215mF[38;2;78;78;79m~[38;2;0;0;216mj[38;2;0;0;226m@[38;2;1;0;198m'     [39m
 [38;2;0;0;0m      [38;2;2;1;197m~[38;2;0;0;221m@[38;2;0;0;219m@[38;2;0;0;215my[38;2;0;0;227m_[38;2;107;107;107m`[38;2;139;139;139m`[38;2;0;0;226m_[38;2;0;0;207my[38;2;0;0;226mg[38;2;0;0;222mg[38;2;0;0;226m_[38;2;0;0;228m_[38;2;158;158;158m`[38;2;0;0;227m_[38;2;0;0;226m_[38;2;0;0;224ma[38;2;0;0;226mg[38;2;0;0;206my[38;2;0;0;227m_[38;2;128;128;128m`[38;2;0;0;228m_[38;2;0;0;226m_[38;2;0;0;218ma[38;2;0;0;223m@[38;2;0;0;222mF[38;2;1;0;200m'      [39m
 [38;2;0;0;0m        [38;2;1;0;220m~[38;2;0;0;226m~[38;2;0;0;229m=[38;2;0;0;228m==[38;2;0;0;226m=[38;2;0;0;227m~[38;2;0;0;218m~[38;2;0;0;226m~[38;2;0;0;227m~[38;2;0;0;230m=[38;2;1;0;214mP[38;2;0;0;232m=[38;2;0;0;226m~~[38;2;0;0;224m~[38;2;0;0;226m~[38;2;0;0;232m=[38;2;1;0;213mP[38;2;0;0;230m=[38;2;0;0;227m~[38;2;0;0;229m~[38;2;2;2;201m`        [39m
 [38;2;0;0;0m                                       [39m
 [38;2;0;0;0m                                       [39m
[?25h