[?25l[39m [38;2;0;0;0m                                       [39m
 [38;2;0;0;0m             [38;2;1;1;200m_[38;2;0;0;227m_[38;2;0;0;226m_[38;2;0;0;216my[38;2;0;0;221ma[38;2;0;0;222mgg[38;2;0;0;219mg[38;2;0;0;216my[38;2;0;0;226m_[38;2;0;0;227m_[38;2;2;1;202m_              [39m
 [38;2;0;0;0m          [38;2;0;0;226m_[38;2;0;0;220ma[38;2;0;0;221m@[38;2;0;0;224mP[38;2;0;0;227m~[38;2;0;0;226m~[38;2;0;0;231m~[38;2;143;143;143m_[38;2;182;182;182m__[38;2;142;142;142m_[38;2;0;0;230m~[38;2;0;0;226m~~[38;2;0;0;224m4@[38;2;0;1;213mg[38;2;0;0;226m_           [39m
 [38;2;0;0;0m        [38;2;0;0;228m_[38;2;0;0;229mg[38;2;0;0;221mP[38;2;0;0;224m~[38;2;192;192;192m_[38;2;203;203;203my[38;2;243;243;243mg[38;2;234;234;234m@[38;2;252;252;252m@[38;2;251;251;251m@@@@[38;2;252;252;252m@[38;2;238;238;238m@[38;2;243;243;243mg[38;2;203;203;203my[38;2;192;192;192m_[38;2;0;0;219m~[38;2;0;0;218m4[38;2;0;0;221m@[38;2;0;0;227m_         [39m
 [38;2;0;0;0m       [38;2;0;0;221mg[38;2;0;0;226mP[38;2;1;0;205m'[38;2;152;152;152my[38;2;245;245;245mg[38;2;251;251;251m@[38;2;252;252;252m@@@@@@@@@@@@[38;2;251;251;251m@[38;2;210;210;210m@[38;2;139;139;139my[38;2;2;1;199m`[38;2;0;0;225m4[38;2;0;0;222mg        [39m
 [38;2;0;0;0m      [38;2;0;0;227mg[38;2;0;0;222mF [38;2;206;206;206mg[38;2;251;251;251m@[38;2;252;252;252m@@@@@@@@@@@@@@@@[38;2;251;251;251m@[38;2;172;172;173m@ [38;2;0;0;211m?[38;2;0;0;225m$       [39m
 [38;2;0;0;0m     [38;2;0;0;213mj[38;2;0;0;229mF [38;2;192;192;192mg[38;2;251;251;251m@@[38;2;213;213;213mP[38;2;177;177;177mM[38;2;214;214;214m@[38;2;251;251;251m@[38;2;252;252;252m@@@@@@@@@@@@@[38;2;251;251;251m@[38;2;167;167;167m@ [38;2;0;0;218m4[38;2;0;0;221ml      [39m
 [38;2;0;0;0m     [38;2;0;0;218m@[38;2;0;0;181m[ [38;2;242;242;242m@[38;2;252;252;252m@[38;2;251;251;251m@[38;2;205;205;205mg[38;2;149;149;149my[38;2;78;78;78m_[38;2;137;137;137m`[38;2;242;242;242m~[38;2;185;185;185mA[38;2;247;247;247m@[38;2;252;252;252m@[38;2;248;248;248m@[38;2;226;226;226mP[38;2;217;217;217mPPPPP[38;2;206;206;206mA[38;2;250;250;250m@[38;2;252;252;252m@[38;2;249;249;249m@  [38;2;0;0;225m$      [39m
 [38;2;0;0;0m     [38;2;0;0;225m@  [38;2;249;249;249m@[38;2;252;252;252m@[38;2;251;251;251m@[38;2;233;233;233m@[38;2;220;220;220mF[38;2;209;209;209m~ [38;2;108;108;108m_[38;2;171;171;171my[38;2;214;214;214m@[38;2;252;252;252m@[38;2;229;229;229m@[38;2;182;182;182my[38;2;170;170;170myyyyy[38;2;186;186;186my[38;2;224;224;224m@[38;2;252;252;252m@[38;2;251;251;251m@  [38;2;0;0;227m@      [39m
 [38;2;0;0;0m     [38;2;0;0;225m@  [38;2;249;249;249m@[38;2;252;252;252m@[38;2;251;251;251m@[38;2;165;165;165my[38;2;140;140;140my[38;2;215;215;215my[38;2;219;219;219m$[38;2;251;251;251m@[38;2;252;252;252m@@@@@@@@@@@@@[38;2;251;251;251m@  [38;2;0;0;227m@      [39m
 [38;2;0;0;0m     [38;2;0;0;225m@  [38;2;249;249;249m@[38;2;252;252;252m@@@@@@@@@@@@@@@@@@@@[38;2;251;251;251m@  [38;2;0;0;227m@      [39m
 [38;2;0;0;0m     [38;2;0;0;225m@  [38;2;249;249;249m@[38;2;252;252;252m@@@@@@@@@@@@@@@@@@@@[38;2;251;251;251m@  [38;2;0;0;226m@      [39m
 [38;2;0;0;0m     [38;2;0;0;225m@  [38;2;249;249;249m@[38;2;252;252;252m@@@@@@@@@@@@@@@@@@@@[38;2;251;251;251m@  [38;2;0;0;227m@      [39m
 [38;2;0;0;0m     [38;2;0;0;225m@  [38;2;249;249;249m@[38;2;252;252;252m@@@@@@@@@@@@@@@@@@@@[38;2;251;251;251m@  [38;2;0;0;226m@      [39m
 [38;2;0;0;0m     [38;2;0;0;216m4[38;2;0;0;217mL [38;2;178;178;178m@[38;2;251;251;251m@[38;2;252;252;252m@@@@[38;2;251;251;251m@@@[38;2;252;252;252m@@@@[38;2;251;251;251m@@@[38;2;252;252;252m@@@@[38;2;251;251;251m@[38;2;204;204;204m@ [38;2;0;0;217mj[38;2;0;0;227mF      [39m
 [38;2;0;0;0m      [38;2;0;0;221m4y[38;2;0;0;219m_[38;2;197;197;197m~[38;2;179;179;179mF[38;2;194;194;194mP[38;2;201;201;201mF[38;2;242;242;242m~[38;2;126;126;126m`[38;2;0;0;229m_[38;2;136;136;136m~[38;2;176;176;176mT[38;2;188;188;188mP[38;2;191;191;191mP[38;2;178;178;178mF[38;2;153;153;153m~[38;2;0;0;228m_[38;2;118;118;118m`[38;2;234;234;234m~[38;2;169;169;169mP[38;2;196;196;196mPF[38;2;227;227;227m~[38;2;0;0;218m_[38;2;0;0;220my[38;2;0;0;227mP       [39m
 [38;2;0;0;0m       [38;2;2;1;203m~[38;2;0;0;226m~[38;2;0;0;215mR[38;2;0;0;227ma[38;2;0;0;228maa[38;2;1;0;210m@[38;2;0;0;218m=[38;2;0;0;225m~[38;2;0;0;230m=[38;2;0;0;215m@[38;2;0;0;228maa[38;2;0;0;223ma[38;2;0;0;220mP[38;2;0;0;225m~[38;2;0;0;219m=[38;2;1;0;211m@[38;2;0;0;228ma[38;2;0;0;227ma[38;2;0;0;228ma[38;2;0;0;223mP[38;2;0;0;226m~[38;2;0;1;208m~        [39m
 [38;2;0;0;0m                                       [39m
 [38;2;0;0;0m                                       [39m
[?25h