[?25l[39m [38;2;0;0;0m              [38;2;0;0;226m_[38;2;0;0;225m_[38;2;0;0;227m_[38;2;1;1;207my[38;2;0;1;214my[38;2;0;0;213my[38;2;1;1;208my[38;2;0;0;227m_[38;2;0;0;225m__               [39m
 [38;2;0;0;0m          [38;2;1;0;205m_[38;2;1;1;205my[38;2;0;0;227mg@[38;2;0;0;222mP[38;2;0;0;227m~[38;2;0;0;226m~[38;2;0;0;228m~[38;2;0;0;230m~[38;2;0;0;229m~[38;2;0;0;227m~[38;2;0;0;226m~[38;2;0;0;227m~[38;2;0;0;222m4[38;2;0;0;227m@g[38;2;1;1;206my[38;2;1;0;206m_           [39m
 [38;2;0;0;0m        [38;2;0;0;215m_[38;2;0;0;224mg[38;2;0;0;220m@[38;2;0;0;225m~[38;2;0;0;229m`[38;2;145;145;145my[38;2;211;211;211my[38;2;247;247;247mg[38;2;232;232;232m$[38;2;247;247;247m@[38;2;250;250;250m@@[38;2;248;248;248m@[38;2;220;220;220m@[38;2;247;247;247mg[38;2;211;211;211my[38;2;245;245;245m_[38;2;0;0;229m`[38;2;0;0;226m~[38;2;0;0;218m@[38;2;0;0;225mg[38;2;0;0;217m_         [39m
 [38;2;0;0;0m       [38;2;1;0;213ma[38;2;0;0;222m@~[38;2;134;134;134m_[38;2;206;206;206mg[38;2;243;243;243m@[38;2;251;251;251m@[38;2;252;252;252m@@@@@@@@@@@[38;2;247;247;247m@[38;2;207;207;207mg[38;2;135;135;135m_[38;2;0;0;219m~[38;2;0;0;220m@[38;2;1;0;212mg        [39m
 [38;2;0;0;0m      [38;2;0;0;221mg[38;2;0;0;225mP [38;2;194;194;194my[38;2;246;246;246m@[38;2;252;252;252m@@@@@@@@@@@@@@@@[38;2;250;250;250m@[38;2;186;186;186my [38;2;0;0;219m4[38;2;0;0;218m$       [39m
 [38;2;0;0;0m     [38;2;1;0;206mj[38;2;0;0;220m@ [38;2;157;157;157mg[38;2;251;251;251m@[38;2;252;252;252m@[38;2;219;219;219m@[38;2;199;199;199m@[38;2;250;250;250m@[38;2;252;252;252m@@@@@@[38;2;250;250;250m@[38;2;191;191;191m@[38;2;228;228;228m@[38;2;251;251;251m@[38;2;252;252;252m@@@@[38;2;251;251;251m@[38;2;148;148;148mg [38;2;0;0;223mR[38;2;0;0;220mi      [39m
 [38;2;0;0;0m     [38;2;0;0;215m@[38;2;2;1;199m' [38;2;234;234;234m@[38;2;252;252;252m@[38;2;251;251;251m@[38;2;186;186;186my[38;2;129;129;129m_[38;2;87;87;87m`[38;2;218;218;218m~[38;2;170;170;170mP[38;2;220;220;220m@[38;2;251;251;251m@[38;2;252;252;252m@@[38;2;217;217;217m@[38;2;246;246;246m_ [38;2;110;110;110m~[38;2;246;246;246m~[38;2;193;193;193mR[38;2;245;245;245m@[38;2;252;252;252m@@[38;2;245;245;245m@  [38;2;0;0;224m$      [39m
 [38;2;0;0;0m     [38;2;0;0;226m@  [38;2;249;249;249m@[38;2;252;252;252m@@[38;2;251;251;251m@[38;2;211;211;211m@[38;2;141;141;141mF  [38;2;185;185;185m_[38;2;207;207;207m$[38;2;251;251;251m@[38;2;252;252;252m@@[38;2;246;246;246m@[38;2;176;176;176m@   [38;2;158;158;158my[38;2;247;247;247m@[38;2;252;252;252m@[38;2;251;251;251m@  [38;2;0;0;226m@      [39m
 [38;2;0;0;0m     [38;2;0;0;226m@  [38;2;249;249;249m@[38;2;252;252;252m@[38;2;251;251;251m@[38;2;160;160;160m_[38;2;100;100;100m_[38;2;164;164;164my[38;2;216;216;216mg[38;2;229;229;229m@[38;2;251;251;251m@[38;2;252;252;252m@@@[38;2;204;204;204m@ [38;2;200;200;200m_[38;2;195;195;195my[38;2;243;243;243mg[38;2;246;246;246m@[38;2;251;251;251m@[38;2;252;252;252m@@[38;2;251;251;251m@  [38;2;0;0;226m@      [39m
 [38;2;0;0;0m     [38;2;0;0;226m@  [38;2;249;249;249m@[38;2;252;252;252m@@[38;2;251;251;251m@@[38;2;252;252;252m@@@@@@@@[38;2;251;251;251m@@[38;2;252;252;252m@@@@@@[38;2;251;251;251m@  [38;2;0;0;226m@      [39m
 [38;2;0;0;0m     [38;2;0;0;226m@  [38;2;249;249;249m@[38;2;252;252;252m@@@@@@@@@@@@@@@@@@@@[38;2;251;251;251m@  [38;2;0;0;226m@      [39m
 [38;2;0;0;0m     [38;2;0;0;226m@  [38;2;249;249;249m@[38;2;252;252;252m@@@@@@@@@@@@@@@@@@@@[38;2;251;251;251m@  [38;2;0;0;227m@      [39m
 [38;2;0;0;0m     [38;2;0;0;226m@  [38;2;249;249;249m@[38;2;252;252;252m@@@@@@@@@@@@@@@@@@@@[38;2;251;251;251m@  [38;2;0;0;227m@      [39m
 [38;2;0;0;0m     [38;2;0;0;217m@[38;2;0;0;215m, [38;2;238;238;238m@[38;2;252;252;252m@@@@@@@@@@@@@@@@@@@@[38;2;247;247;247m@ [38;2;1;0;173mj[38;2;0;0;221m@      [39m
 [38;2;0;0;0m     [38;2;1;1;207m`[38;2;0;0;226m@[38;2;0;0;225m_[38;2;191;191;191m`[38;2;174;174;174mA[38;2;232;232;232m@[38;2;247;247;247m@[38;2;241;241;241m@[38;2;176;176;176m@[38;2;251;251;251m~~[38;2;145;145;145m5[38;2;203;203;203m@[38;2;246;246;246m@@[38;2;209;209;209m@[38;2;201;201;201mF[38;2;251;251;251m~~[38;2;198;198;198mR[38;2;241;241;241m@[38;2;247;247;247m@[38;2;234;234;234m@[38;2;211;211;211mP[38;2;137;137;137m~[38;2;0;0;223m_[38;2;0;0;224m$[38;2;0;0;232m'      [39m
 [38;2;0;0;0m      [38;2;2;2;201m`[38;2;0;1;212m?[38;2;0;0;218m@[38;2;0;0;220my[38;2;0;0;225m_[38;2;0;0;226m__[38;2;0;0;213my[38;2;0;0;227ma[38;2;0;0;219m@[38;2;0;0;224mg[38;2;0;0;225m_[38;2;0;0;226m__[38;2;0;0;225m_[38;2;0;0;224mg[38;2;0;0;218m@[38;2;0;0;227ma[38;2;0;0;212my[38;2;0;0;226m__[38;2;0;0;225m_[38;2;0;0;220my[38;2;0;0;226ms[38;2;0;0;214mF[38;2;1;1;216m'       [39m
 [38;2;0;0;0m         [38;2;0;0;222m`[38;2;0;0;225m~[38;2;0;0;231m~[38;2;0;0;230m~[38;2;0;0;232m`   [38;2;0;1;212m~[38;2;0;0;231m~~[38;2;0;0;213m~   [38;2;0;0;233m`[38;2;0;0;228m~[38;2;0;0;232m~[38;2;0;0;226m~[38;2;0;0;225m`          [39m
 [38;2;0;0;0m                                       [39m
 [38;2;0;0;0m                                       [39m
[?25h