[?25l[39m [38;2;0;0;0m              [38;2;0;0;229m_[38;2;0;0;225m_[38;2;1;1;211my[38;2;0;0;217ma[38;2;0;0;223maa[38;2;0;0;221my[38;2;1;1;211my[38;2;0;0;225m_[38;2;0;0;229m_               [39m
 [38;2;0;0;0m          [38;2;0;0;225m_[38;2;0;0;213ma[38;2;0;0;212m@[38;2;0;0;210mF[38;2;0;0;226m~[38;2;0;0;220m~[38;2;215;215;215m_[38;2;245;245;245m_[38;2;146;146;146myy[38;2;245;245;245m_[38;2;214;214;214m_[38;2;0;0;218m~[38;2;0;0;226m~[38;2;0;0;227m~[38;2;0;0;215m@[38;2;0;0;218my[38;2;0;0;225m_           [39m
 [38;2;0;0;0m        [38;2;0;0;226m_[38;2;0;0;228ma[38;2;0;0;210mF[38;2;1;0;218m`[38;2;156;156;156my[38;2;219;219;219ma[38;2;231;231;231m$[38;2;251;251;251m@@[38;2;252;252;252m@@@@[38;2;251;251;251m@@[38;2;226;226;226m@[38;2;210;210;210mg[38;2;146;146;146my[38;2;1;0;218m`[38;2;0;0;225m~[38;2;0;0;219m@[38;2;0;0;226m_         [39m
 [38;2;0;0;0m       [38;2;0;0;222mg[38;2;0;0;225mF [38;2;193;193;193my[38;2;231;231;231m@[38;2;251;251;251m@[38;2;252;252;252m@@@@@@@@@@@@@[38;2;239;239;239m@[38;2;187;187;187my [38;2;0;0;218m?[38;2;0;0;223mg        [39m
 [38;2;0;0;0m      [38;2;0;0;229mg[38;2;0;0;205mF [38;2;229;229;229mg[38;2;251;251;251m@[38;2;252;252;252m@@@@@@@@@@@@@@@@[38;2;251;251;251m@[38;2;203;203;203m@ [38;2;0;0;213m~[38;2;0;0;226m$       [39m
 [38;2;0;0;0m     [38;2;0;0;211mj[38;2;0;0;227mF [38;2;211;211;211mg[38;2;251;251;251m@@[38;2;193;193;193mF[38;2;250;250;250m~[38;2;188;188;188mR[38;2;243;243;243m@[38;2;251;251;251m@[38;2;252;252;252m@@@@@@@@@@@@[38;2;251;251;251m@[38;2;190;190;190m@ [38;2;0;0;217m?[38;2;0;0;220ml      [39m
 [38;2;0;0;0m     [38;2;0;0;219m@  [38;2;246;246;246m@[38;2;252;252;252m@[38;2;251;251;251m@[38;2;216;216;216m$[38;2;198;198;198my[38;2;210;210;210m_ [38;2;173;173;173m~[38;2;152;152;152mM[38;2;236;236;236m@[38;2;252;252;252m@[38;2;241;241;241m@[38;2;201;201;201mF[38;2;184;184;184mFFFFF[38;2;189;189;189mF[38;2;241;241;241m@[38;2;252;252;252m@[38;2;250;250;250m@  [38;2;0;0;226m$      [39m
 [38;2;0;0;0m     [38;2;0;0;226m@  [38;2;249;249;249m@[38;2;252;252;252m@[38;2;251;251;251m@[38;2;204;204;204m@[38;2;190;190;190mF[38;2;164;164;164m~ [38;2;218;218;218m_[38;2;207;207;207my[38;2;231;231;231m@[38;2;252;252;252m@[38;2;240;240;240m@[38;2;219;219;219my[38;2;208;208;208myyyyy[38;2;221;221;221my[38;2;238;238;238m@[38;2;252;252;252m@[38;2;251;251;251m@  [38;2;0;0;226m@      [39m
 [38;2;0;0;0m     [38;2;0;0;226m@  [38;2;249;249;249m@[38;2;252;252;252m@[38;2;251;251;251m@[38;2;201;201;201my[38;2;182;182;182my[38;2;228;228;228mg[38;2;238;238;238m@[38;2;251;251;251m@[38;2;252;252;252m@@@@@@@@@@@@@[38;2;251;251;251m@  [38;2;0;0;226m@      [39m
 [38;2;0;0;0m     [38;2;0;0;226m@  [38;2;249;249;249m@[38;2;252;252;252m@@@@@@@@@@@@@@@@@@@@[38;2;251;251;251m@  [38;2;0;0;226m@      [39m
 [38;2;0;0;0m     [38;2;0;0;226m@  [38;2;249;249;249m@[38;2;252;252;252m@@@@@@@@@@@@@@@@@@@@[38;2;251;251;251m@  [38;2;0;0;226m@      [39m
 [38;2;0;0;0m     [38;2;0;0;226m@  [38;2;249;249;249m@[38;2;252;252;252m@@@@@@@@@@@@@@@@@@@@[38;2;251;251;251m@  [38;2;0;0;227m@      [39m
 [38;2;0;0;0m     [38;2;0;0;226m@  [38;2;249;249;249m@[38;2;252;252;252m@@@@@@@@@@@@@@@@@@@@[38;2;251;251;251m@  [38;2;0;0;227m@      [39m
 [38;2;0;0;0m     [38;2;0;0;224m@  [38;2;246;246;246m@[38;2;252;252;252m@@@@@@@@@@@@@@@@@@@@[38;2;250;250;250m@  [38;2;0;0;225m@      [39m
 [38;2;0;0;0m     [38;2;1;1;207m4[38;2;0;0;222m$[38;2;0;0;205m,[38;2;179;179;179m~[38;2;204;204;204m@[38;2;251;251;251m@[38;2;252;252;252m@[38;2;251;251;251m@[38;2;233;233;233m@[38;2;217;217;217mF[38;2;192;192;192mF[38;2;168;168;168m@[38;2;249;249;249m@[38;2;251;251;251m@@[38;2;249;249;249m@[38;2;180;180;180m@[38;2;197;197;197mF[38;2;177;177;177mP[38;2;230;230;230m@[38;2;251;251;251m@[38;2;252;252;252m@[38;2;251;251;251m@[38;2;217;217;217m@[38;2;202;202;202m~ [38;2;0;0;225mg[38;2;0;0;223mF      [39m
 [38;2;0;0;0m      [38;2;0;0;230m~[38;2;0;0;227m@[38;2;0;0;221mg[38;2;0;0;226m_[38;2;0;0;228m_[38;2;206;206;206m`[38;2;138;138;138m`[38;2;0;0;226m_[38;2;0;0;216ma[38;2;0;0;228mg[38;2;0;0;226m_[38;2;0;0;228m_[38;2;190;190;190m`[38;2;192;192;192m`[38;2;0;0;228m_[38;2;0;0;226m_[38;2;0;0;227mg[38;2;0;0;219my[38;2;0;0;226m_[38;2;140;140;140m`[38;2;208;208;208m`[38;2;0;0;228m_[38;2;0;0;226m_[38;2;0;0;223ma[38;2;0;0;227m@[38;2;0;0;219mF       [39m
 [38;2;0;0;0m       [38;2;2;2;196m`[38;2;0;0;228m~[38;2;0;0;223m=[38;2;0;0;218m4R[38;2;0;0;219mP[38;2;0;0;230m=[38;2;0;0;227m~[38;2;0;0;230m~[38;2;0;0;226m~[38;2;0;0;229m=[38;2;0;0;216mR[38;2;1;0;217mR[38;2;0;0;229m=[38;2;0;0;226m~[38;2;0;0;229m~[38;2;0;0;227m~[38;2;0;0;228m=[38;2;0;0;214mR[38;2;1;0;218mR[38;2;0;0;219mP[38;2;0;0;224m=[38;2;0;0;228m~[38;2;2;2;201m`        [39m
 [38;2;0;0;0m                                       [39m
 [38;2;0;0;0m                                       [39m
[?25h