[?25l[39m [38;2;0;0;0m                 [38;2;0;0;207m_[38;2;0;0;223m_[38;2;0;0;222m_[38;2;0;0;197m_                  [39m
 [38;2;0;0;0m           [38;2;1;0;223m_[38;2;0;0;225m_g[38;2;0;0;217m@[38;2;0;0;227m@[38;2;0;0;228m@[38;2;0;0;227m@[38;2;0;0;224m@[38;2;0;0;225m@[38;2;0;0;228m@[38;2;0;0;227m@[38;2;0;0;226m@[38;2;0;0;227mg[38;2;0;0;219my[38;2;0;0;228m_             [39m
 [38;2;0;0;0m         [38;2;1;1;205my[38;2;0;0;217m@[38;2;0;0;224m@[38;2;0;0;210mP[38;2;0;0;227m~[38;2;109;109;109m_[38;2;247;247;247m_[38;2;170;170;170my[38;2;189;189;189my[38;2;196;196;196my[38;2;193;193;193my[38;2;177;177;177my[38;2;253;253;253m_[38;2;171;171;171m_[38;2;0;0;227m~[38;2;0;0;226m~[38;2;0;0;218mR[38;2;0;0;227m@[38;2;0;0;220mg[38;2;1;0;215m_          [39m
 [38;2;0;0;0m       [38;2;0;0;231m_[38;2;0;0;226m@[38;2;0;0;221mP[38;2;0;0;214m~[38;2;126;126;126my[38;2;203;203;203mg[38;2;223;223;223m@[38;2;252;252;252m@[38;2;251;251;251m@[38;2;252;252;252m@@@@@@[38;2;251;251;251m@[38;2;245;245;245m@[38;2;233;233;233mg[38;2;161;161;161my[38;2;1;0;201m`[38;2;0;0;225m~[38;2;0;0;227m@[38;2;0;0;218mg         [39m
 [38;2;0;0;0m      [38;2;0;0;220mg[38;2;0;0;218m@[38;2;0;0;213m'[38;2;118;118;118my[38;2;245;245;245mg[38;2;251;251;251m@[38;2;252;252;252m@@@@@@@@@@@@@@[38;2;236;236;236m@[38;2;162;162;163my [38;2;0;0;221m4[38;2;0;0;224m@[38;2;0;1;209m,       [39m
 [38;2;0;0;0m     [38;2;1;0;209mg[38;2;0;0;215m@ [38;2;181;181;181my[38;2;249;249;249m@[38;2;252;252;252m@@@@@@@@@@@@@@@@@[38;2;251;251;251m@[38;2;160;160;160m@ [38;2;0;0;220m?[38;2;0;0;224m$       [39m
 [38;2;0;0;0m     [38;2;0;0;235m@  [38;2;206;206;206m@[38;2;251;251;251m@[38;2;252;252;252m@@@@@@@@@@@@@@@@@@[38;2;251;251;251m@[38;2;158;158;158mL [38;2;0;0;230m$[38;2;0;0;220m,      [39m
 [38;2;0;0;0m     [38;2;0;0;228m@ [38;2;98;98;99m_ [38;2;115;115;115m`[38;2;239;239;239m~[38;2;217;217;217m@[38;2;252;252;252m@[38;2;221;221;221m@[38;2;251;251;251m~~~~~~~[38;2;228;228;228m@[38;2;252;252;252m@@@@@@@[38;2;211;211;211m$ [38;2;0;0;213m4[38;2;1;1;216m[      [39m
 [38;2;0;0;0m     [38;2;0;0;228m@  [38;2;140;140;140m_[38;2;179;179;179my[38;2;231;231;231mg[38;2;248;248;248m@[38;2;252;252;252m@[38;2;250;250;250m@[38;2;239;239;239mg[38;2;236;236;236mggggg[38;2;241;241;241mg[38;2;249;249;249m@[38;2;252;252;252m@@@@@@@[38;2;209;209;209m@ [38;2;0;0;208m4[38;2;1;1;217m[      [39m
 [38;2;0;0;0m     [38;2;0;0;229m@ [38;2;172;172;172m4[38;2;251;251;251m@[38;2;252;252;252m@@@@@@@@@@@@@@@@@@@@[38;2;215;215;215m@ [38;2;0;0;207m4[38;2;1;1;219m[      [39m
 [38;2;0;0;0m     [38;2;0;0;232m@ [38;2;168;168;168m4[38;2;251;251;251m@[38;2;252;252;252m@@@@@@@@@@@@@@@@@@@@[38;2;224;224;224m@ [38;2;0;1;202m4[38;2;0;0;222m[      [39m
 [38;2;0;0;0m     [38;2;0;0;235m@ [38;2;153;153;153m4[38;2;251;251;251m@[38;2;252;252;252m@@@@@@@@@@@@@@@@@@@@[38;2;234;234;234m@ [38;2;0;1;195m4[38;2;0;0;225m[      [39m
 [38;2;0;0;0m     [38;2;0;0;236m@ [38;2;136;136;136m4[38;2;251;251;251m@[38;2;252;252;252m@@@@@@@@@@@@@@@@@@@@[38;2;238;238;238m@ [38;2;0;0;188mJ[38;2;1;0;208m$      [39m
 [38;2;0;0;0m     [38;2;0;0;235m@ [38;2;95;95;95m4[38;2;251;251;251m@[38;2;252;252;252m@@@@@@@@@@@@@@@@@@@@[38;2;237;237;237m@ [38;2;0;0;192mj[38;2;1;0;211m$      [39m
 [38;2;0;0;0m     [38;2;0;0;211m~[38;2;0;0;218m$[38;2;0;0;192m,[38;2;153;153;153m7[38;2;177;177;177m#[38;2;239;239;239m@[38;2;251;251;251m@@[38;2;250;250;250m@[38;2;191;191;191m@[38;2;194;194;194mF[38;2;159;159;159m5[38;2;202;202;202m@[38;2;251;251;251m@@@[38;2;230;230;230m@[38;2;213;213;213mF[38;2;181;181;181mF[38;2;196;196;196mA[38;2;246;246;246m@[38;2;251;251;251m@[38;2;250;250;250m@[38;2;199;199;199m@[38;2;157;157;157m~[38;2;1;1;194m_[38;2;0;0;223m$[38;2;0;0;227m'      [39m
 [38;2;0;0;0m      [38;2;2;0;204m~[38;2;0;0;225m4[38;2;0;0;228ma[38;2;0;0;218my[38;2;0;0;227m_[38;2;134;134;134m`[38;2;176;176;176m`[38;2;0;0;228m_[38;2;0;0;225m_[38;2;0;0;226ma[38;2;0;0;221mg[38;2;0;0;225m_[38;2;0;0;227m_[38;2;183;183;183m`[38;2;110;110;110m`[38;2;0;0;226m_[38;2;0;0;216ma[38;2;0;0;228ma[38;2;0;0;208my[38;2;0;0;227m_[38;2;156;156;156m`[38;2;0;0;228m_[38;2;0;0;225m_[38;2;0;0;226ma[38;2;0;0;225mP[38;2;0;0;229m'       [39m
 [38;2;0;0;0m         [38;2;0;0;222m`[38;2;0;0;228m~[38;2;0;0;225m~~[38;2;0;0;226m~[38;2;0;0;220m~  [38;2;0;0;223m~[38;2;0;0;226m~[38;2;0;0;225m~~[38;2;0;0;229m~[38;2;1;0;215m` [38;2;0;0;230m`[38;2;0;0;227m~[38;2;0;0;225m~[38;2;0;0;226m~[38;2;0;0;225m~          [39m
 [38;2;0;0;0m                                       [39m
 [38;2;0;0;0m                                       [39m
[?25h