[?25l[39m [38;2;0;0;0m                                       [39m
 [38;2;0;0;0m              [38;2;0;0;216m_[38;2;0;0;226m_[38;2;0;0;227m_[38;2;0;0;225m_[38;2;1;1;202myy[38;2;0;0;224m_[38;2;0;0;227m_[38;2;0;0;226m_[38;2;0;0;215m_               [39m
 [38;2;0;0;0m           [38;2;0;0;224m_[38;2;0;0;228ma[38;2;0;0;226mP~[38;2;0;0;225m~[38;2;0;0;233m~[38;2;137;137;137m_[38;2;172;172;172m__[38;2;137;137;137m_[38;2;0;0;232m~[38;2;0;0;226m~[38;2;0;0;225m~[38;2;0;0;226m4[38;2;0;0;228ma[38;2;0;0;224m_[38;2;1;2;195m,           [39m
 [38;2;0;0;0m        [38;2;1;1;206m_[38;2;0;0;226ma[38;2;0;0;224mP~[38;2;185;185;185m_[38;2;201;201;201my[38;2;242;242;242mg[38;2;233;233;233m@[38;2;252;252;252m@@[38;2;251;251;251m@@@[38;2;252;252;252m@[38;2;236;236;236m@[38;2;242;242;242mg[38;2;200;200;200my[38;2;187;187;187m_[38;2;0;0;221m~[38;2;0;0;222m4[38;2;0;0;223mg[38;2;0;0;206m_         [39m
 [38;2;0;0;0m       [38;2;0;0;213my[38;2;0;0;229mP[38;2;1;0;207m'[38;2;150;150;150my[38;2;245;245;245mg[38;2;251;251;251m@[38;2;252;252;252m@@@@@@@@@@@@[38;2;251;251;251m@[38;2;208;208;208m@[38;2;135;135;135my[38;2;0;1;201m`[38;2;0;0;228m4[38;2;0;0;214my        [39m
 [38;2;0;0;0m      [38;2;0;0;219mg[38;2;0;0;223mF [38;2;204;204;204mg[38;2;251;251;251m@[38;2;252;252;252m@@@@@@@@@@@@@@@@[38;2;251;251;251m@[38;2;170;170;171m@ [38;2;0;0;227m~[38;2;0;0;215m$       [39m
 [38;2;0;0;0m     [38;2;1;0;202mj[38;2;0;0;231mF [38;2;190;190;190mg[38;2;251;251;251m@@[38;2;216;216;216mP[38;2;180;180;180mM[38;2;216;216;216m@[38;2;251;251;251m@[38;2;252;252;252m@@@@@@@@@@@@@[38;2;251;251;251m@[38;2;165;165;165m@ [38;2;0;0;219m4[38;2;0;0;215mi      [39m
 [38;2;0;0;0m     [38;2;0;0;216m@[38;2;0;0;180m[ [38;2;242;242;242m@[38;2;252;252;252m@[38;2;251;251;251m@[38;2;203;203;203mg[38;2;145;145;145my[38;2;72;72;72m_[38;2;151;151;151m`[38;2;244;244;244m~[38;2;188;188;188mA[38;2;248;248;248m@[38;2;252;252;252m@[38;2;248;248;248m@[38;2;174;174;174m@[38;2;217;217;217mPPPPP[38;2;201;201;201mR[38;2;250;250;250m@[38;2;252;252;252m@[38;2;248;248;248m@  [38;2;0;0;225m$      [39m
 [38;2;0;0;0m     [38;2;0;0;226m@  [38;2;249;249;249m@[38;2;252;252;252m@[38;2;251;251;251m@[38;2;235;235;235m@[38;2;222;222;222mF[38;2;209;209;209m~ [38;2;102;102;102m_[38;2;169;169;169my[38;2;213;213;213m@[38;2;252;252;252m@[38;2;229;229;229m@[38;2;179;179;179my[38;2;167;167;167myyyyy[38;2;184;184;184my[38;2;224;224;224m@[38;2;252;252;252m@[38;2;251;251;251m@  [38;2;0;0;226m@      [39m
 [38;2;0;0;0m     [38;2;0;0;226m@  [38;2;249;249;249m@[38;2;252;252;252m@[38;2;251;251;251m@[38;2;161;161;161my[38;2;252;252;252m_[38;2;213;213;213my[38;2;251;251;251mg@[38;2;252;252;252m@@@@@@@@@@@@@[38;2;251;251;251m@  [38;2;0;0;226m@      [39m
 [38;2;0;0;0m     [38;2;0;0;226m@  [38;2;249;249;249m@[38;2;252;252;252m@@@@@@@@@@@@@@@@@@@@[38;2;251;251;251m@  [38;2;0;0;226m@      [39m
 [38;2;0;0;0m     [38;2;0;0;226m@  [38;2;249;249;249m@[38;2;252;252;252m@@@@@@@@@@@@@@@@@@@@[38;2;251;251;251m@  [38;2;0;0;227m@      [39m
 [38;2;0;0;0m     [38;2;0;0;226m@  [38;2;249;249;249m@[38;2;252;252;252m@@@@@@@@@@@@@@@@@@@@[38;2;251;251;251m@  [38;2;0;0;227m@      [39m
 [38;2;0;0;0m     [38;2;0;0;226m@  [38;2;249;249;249m@[38;2;252;252;252m@@@@@@@@@@@@@@@@@@@@[38;2;251;251;251m@  [38;2;0;0;226m@      [39m
 [38;2;0;0;0m     [38;2;0;0;218m@  [38;2;242;242;242m@[38;2;252;252;252m@@@@@@@@@@@@@@@@@@@@[38;2;248;248;248m@  [38;2;0;0;222m@      [39m
 [38;2;0;0;0m     [38;2;1;1;209m`[38;2;0;0;225m@[38;2;0;0;211m_[38;2;141;141;141m~[38;2;170;170;170m@[38;2;245;245;245m@[38;2;251;251;251m@[38;2;249;249;249m@[38;2;205;205;205m@[38;2;190;190;190mF[38;2;251;251;251m~[38;2;178;178;178mP[38;2;230;230;230m@[38;2;251;251;251m@@[38;2;233;233;233m@[38;2;221;221;221mF[38;2;251;251;251m~[38;2;150;150;150mM[38;2;196;196;196m@[38;2;250;250;250m@[38;2;251;251;251m@[38;2;246;246;246m@[38;2;185;185;185m@[38;2;171;171;171m~[38;2;0;0;207m_[38;2;0;0;232ma[38;2;0;0;231m'      [39m
 [38;2;0;0;0m      [38;2;1;1;209m`[38;2;0;0;217m?[38;2;0;0;227ma[38;2;0;0;205my[38;2;0;0;225m_[38;2;0;0;223m_[38;2;0;0;225m_[38;2;0;0;226m_[38;2;0;0;225mg[38;2;0;0;223m@[38;2;0;0;221my[38;2;0;0;227m_[38;2;0;0;223m__[38;2;0;0;227m_[38;2;0;0;217ma[38;2;0;0;219m@[38;2;0;0;225mg[38;2;0;0;226m_[38;2;0;0;223m__[38;2;0;0;225m_[38;2;0;0;205my[38;2;0;0;228ma[38;2;0;0;217mP[38;2;0;0;225m'       [39m
 [38;2;0;0;0m         [38;2;2;1;200m~[38;2;0;0;226m~[38;2;0;0;227m~~[38;2;1;0;216m~  [38;2;1;0;214m`[38;2;0;0;223m~[38;2;0;0;227m~~[38;2;0;0;224m~[38;2;1;0;215m`  [38;2;2;1;212m~[38;2;0;0;227m~[38;2;0;0;226m~[38;2;0;0;225m~[38;2;2;1;204m~          [39m
 [38;2;0;0;0m                                       [39m
[?25h