[?25l[39m [38;2;0;0;0m              [38;2;0;0;229m_[38;2;0;0;225m_[38;2;1;1;208my[38;2;0;0;219my[38;2;0;0;221maa[38;2;0;0;220my[38;2;1;1;208my[38;2;0;0;225m_[38;2;0;0;229m_               [39m
 [38;2;0;0;0m          [38;2;0;0;224m_[38;2;0;0;216my[38;2;1;0;212m@[38;2;0;0;219m=[38;2;0;0;226m~[38;2;0;0;222m~[38;2;199;199;199m_[38;2;241;241;241m_[38;2;140;140;140my[38;2;139;139;139my[38;2;241;241;241m_[38;2;201;201;201m_[38;2;0;0;222m~[38;2;0;0;226m~[38;2;0;0;219m=[38;2;0;0;215m@[38;2;0;0;216my[38;2;0;0;224m_           [39m
 [38;2;0;0;0m        [38;2;0;0;224m_[38;2;0;0;228ma[38;2;0;0;212mF[38;2;1;0;224m`[38;2;150;150;150my[38;2;203;203;203mg[38;2;228;228;228m$[38;2;251;251;251m@@[38;2;252;252;252m@@@@[38;2;251;251;251m@@[38;2;220;220;220m@[38;2;203;203;203mg[38;2;140;140;140my[38;2;0;0;224m`[38;2;0;0;226m~[38;2;0;0;218m@[38;2;0;0;225m_         [39m
 [38;2;0;0;0m       [38;2;0;0;221mg[38;2;0;0;226mF [38;2;190;190;190my[38;2;227;227;227m@[38;2;251;251;251m@[38;2;252;252;252m@@@@@@@@@@@@@[38;2;237;237;237m@[38;2;183;183;183my [38;2;0;0;195mN[38;2;0;0;221mg        [39m
 [38;2;0;0;0m      [38;2;0;0;227mg[38;2;0;0;208mF [38;2;226;226;226mg[38;2;251;251;251m@[38;2;252;252;252m@@@@@@@@@@@@@@@@[38;2;251;251;251m@[38;2;200;200;200m@ [38;2;0;0;216m~[38;2;0;0;225m$       [39m
 [38;2;0;0;0m     [38;2;0;0;210mj[38;2;0;0;227mF [38;2;209;209;209mg[38;2;251;251;251m@@[38;2;206;206;206mF[38;2;173;173;173mT[38;2;203;203;203mR[38;2;247;247;247m@[38;2;251;251;251m@[38;2;252;252;252m@@@@@@@@@@@@[38;2;251;251;251m@[38;2;188;188;188m@ [38;2;0;0;218m?[38;2;0;0;219ml      [39m
 [38;2;0;0;0m     [38;2;0;0;219m@  [38;2;246;246;246m@[38;2;252;252;252m@[38;2;251;251;251m@[38;2;241;241;241mg[38;2;188;188;188my[38;2;186;186;186m_ [38;2;190;190;190m~[38;2;172;172;172mF[38;2;237;237;237m@[38;2;252;252;252m@[38;2;242;242;242m@[38;2;181;181;181mM[38;2;190;190;190mFFFFF[38;2;179;179;179mM[38;2;242;242;242m@[38;2;252;252;252m@[38;2;250;250;250m@  [38;2;0;0;226m$      [39m
 [38;2;0;0;0m     [38;2;0;0;226m@  [38;2;249;249;249m@[38;2;252;252;252m@@[38;2;202;202;202m@[38;2;188;188;188mF[38;2;163;163;163m~ [38;2;216;216;216m_[38;2;204;204;204my[38;2;229;229;229m@[38;2;252;252;252m@[38;2;239;239;239m@[38;2;215;215;215my[38;2;204;204;204myyyyy[38;2;217;217;217my[38;2;237;237;237m@[38;2;252;252;252m@[38;2;251;251;251m@  [38;2;0;0;226m@      [39m
 [38;2;0;0;0m     [38;2;0;0;226m@  [38;2;249;249;249m@[38;2;252;252;252m@[38;2;251;251;251m@[38;2;203;203;203my[38;2;185;185;185my[38;2;230;230;230mg[38;2;238;238;238m@[38;2;251;251;251m@[38;2;252;252;252m@@@@@@@@@@@@@[38;2;251;251;251m@  [38;2;0;0;226m@      [39m
 [38;2;0;0;0m     [38;2;0;0;226m@  [38;2;249;249;249m@[38;2;252;252;252m@@@@@@@@@@@@@@@@@@@@[38;2;251;251;251m@  [38;2;0;0;226m@      [39m
 [38;2;0;0;0m     [38;2;0;0;226m@  [38;2;249;249;249m@[38;2;252;252;252m@@@@@@@@@@@@@@@@@@@@[38;2;251;251;251m@  [38;2;0;0;226m@      [39m
 [38;2;0;0;0m     [38;2;0;0;226m@  [38;2;249;249;249m@[38;2;252;252;252m@@@@@@@@@@@@@@@@@@@@[38;2;251;251;251m@  [38;2;0;0;227m@      [39m
 [38;2;0;0;0m     [38;2;0;0;226m@  [38;2;249;249;249m@[38;2;252;252;252m@@@@@@@@@@@@@@@@@@@@[38;2;251;251;251m@  [38;2;0;0;227m@      [39m
 [38;2;0;0;0m     [38;2;0;0;225m@  [38;2;249;249;249m@[38;2;252;252;252m@@@@@@@@@@@@@@@@@@@@[38;2;251;251;251m@  [38;2;0;0;226m@      [39m
 [38;2;0;0;0m     [38;2;0;0;215m9[38;2;0;0;232mL [38;2;169;169;169m4[38;2;250;250;250m@[38;2;252;252;252m@@@[38;2;251;251;251m@[38;2;225;225;225m@[38;2;197;197;197m@[38;2;244;244;244m@[38;2;251;251;251m@[38;2;252;252;252m@@[38;2;251;251;251m@[38;2;244;244;244m@[38;2;196;196;196m@[38;2;222;222;222m@[38;2;251;251;251m@[38;2;252;252;252m@@@[38;2;251;251;251m@[38;2;222;222;222mF [38;2;0;0;218my[38;2;0;0;216m$      [39m
 [38;2;0;0;0m     [38;2;2;3;191m`[38;2;0;0;215m@[38;2;0;0;221m$[38;2;0;0;226m_[38;2;121;121;121m`[38;2;222;222;222m~[38;2;251;251;251m~[38;2;240;240;240m~[38;2;115;115;115m~[38;2;0;0;226m_[38;2;0;0;209my[38;2;0;0;226m_[38;2;181;181;181m~[38;2;247;247;247m~[38;2;249;249;249m~[38;2;201;201;201m~[38;2;0;0;226m_[38;2;0;0;209my[38;2;0;0;227m_[38;2;188;188;188m`[38;2;236;236;236m~[38;2;252;252;252m~[38;2;232;232;232m~[38;2;131;131;131m`[38;2;0;0;226m_[38;2;0;0;227mg[38;2;0;0;219m@[38;2;0;0;214m'      [39m
 [38;2;0;0;0m       [38;2;0;0;227m~[38;2;0;0;221m4[38;2;0;0;227m@[38;2;0;0;226m@@[38;2;0;0;227m@@[38;2;0;0;225mP[38;2;0;0;223m=[38;2;0;0;222m@[38;2;0;0;226m@[38;2;0;0;227m@@[38;2;0;0;226m@[38;2;0;0;221m@[38;2;0;0;224m=[38;2;0;0;226m4[38;2;0;0;228m@[38;2;0;0;227m@[38;2;0;0;226m@@[38;2;0;0;227m@[38;2;0;0;222mP[38;2;0;0;227m~        [39m
 [38;2;0;0;0m           [38;2;2;1;205m`      [38;2;2;1;198m``      [38;2;2;1;205m`            [39m
 [38;2;0;0;0m                                       [39m
[?25h