[?25l[39m [38;2;0;0;0m                                       [39m
 [38;2;0;0;0m              [38;2;0;0;226m_[38;2;0;0;227m_[38;2;1;1;202my[38;2;0;0;217my[38;2;0;0;216mg[38;2;0;1;215mg[38;2;0;0;218my[38;2;1;1;202my[38;2;0;0;227m_[38;2;0;0;228m_               [39m
 [38;2;0;0;0m          [38;2;0;0;217m_[38;2;1;0;212my[38;2;0;0;224ma[38;2;0;0;226m=[38;2;0;0;225m~[38;2;0;0;231m~[38;2;149;149;149m_[38;2;239;239;239m_[38;2;253;253;253m__[38;2;239;239;239m_[38;2;149;149;149m_[38;2;0;0;229m~[38;2;0;0;225m~[38;2;0;0;226m=[38;2;0;0;215m@[38;2;1;0;212my[38;2;0;0;217m_           [39m
 [38;2;0;0;0m        [38;2;0;0;221m_[38;2;0;0;228ma[38;2;0;0;216mF[38;2;0;0;203m~[38;2;138;138;138my[38;2;199;199;199mg[38;2;212;212;212m@[38;2;249;249;249m@[38;2;251;251;251m@@[38;2;252;252;252m@@[38;2;251;251;251m@@[38;2;250;250;250m@[38;2;219;219;219m@[38;2;199;199;199mg[38;2;232;232;232m_[38;2;0;0;226m`[38;2;0;0;212m?[38;2;0;0;218m$[38;2;0;0;222m_         [39m
 [38;2;0;0;0m       [38;2;0;0;218mg[38;2;0;0;228mF [38;2;180;180;180my[38;2;220;220;220m@[38;2;251;251;251m@[38;2;252;252;252m@@@@@@@@@@@@[38;2;251;251;251m@[38;2;233;233;233m@[38;2;172;172;172my [38;2;0;0;199mN[38;2;0;0;219mg        [39m
 [38;2;0;0;0m      [38;2;0;0;226mg[38;2;0;0;211mF [38;2;223;223;223mg[38;2;251;251;251m@[38;2;252;252;252m@@@@@@@@@@@@@@@@[38;2;251;251;251m@[38;2;195;195;195m@ [38;2;0;0;217m~[38;2;0;0;223m$       [39m
 [38;2;0;0;0m     [38;2;1;0;209mj[38;2;0;0;228mF [38;2;205;205;205mg[38;2;251;251;251m@@[38;2;213;213;213mF[38;2;150;150;150mM[38;2;181;181;181m@[38;2;250;250;250m@[38;2;252;252;252m@@@@@@@@@@@@@[38;2;251;251;251m@[38;2;184;184;184m@ [38;2;0;0;219m?[38;2;0;0;220mi      [39m
 [38;2;0;0;0m     [38;2;0;0;219m@[38;2;0;0;176m[ [38;2;245;245;245m@[38;2;252;252;252m@[38;2;251;251;251m@[38;2;234;234;234mg[38;2;182;182;182my[38;2;166;166;166m_ [38;2;208;208;208m~[38;2;182;182;182mF[38;2;242;242;242m@[38;2;252;252;252m@[38;2;244;244;244m@[38;2;187;187;187mM[38;2;201;201;201mFFFFF[38;2;184;184;184mM[38;2;244;244;244m@[38;2;252;252;252m@[38;2;250;250;250m@  [38;2;0;0;226m$      [39m
 [38;2;0;0;0m     [38;2;0;0;226m@  [38;2;249;249;249m@[38;2;252;252;252m@@[38;2;211;211;211m@[38;2;197;197;197mF[38;2;193;193;193m~ [38;2;201;201;201m_[38;2;196;196;196my[38;2;227;227;227m@[38;2;252;252;252m@[38;2;238;238;238m@[38;2;208;208;208my[38;2;197;197;197myyyyy[38;2;212;212;212my[38;2;234;234;234m@[38;2;252;252;252m@[38;2;251;251;251m@  [38;2;0;0;226m@      [39m
 [38;2;0;0;0m     [38;2;0;0;226m@  [38;2;249;249;249m@[38;2;252;252;252m@[38;2;251;251;251m@[38;2;196;196;196my[38;2;176;176;176my[38;2;226;226;226ma[38;2;233;233;233m@[38;2;251;251;251m@[38;2;252;252;252m@@@@@@@@@@@@@[38;2;251;251;251m@  [38;2;0;0;226m@      [39m
 [38;2;0;0;0m     [38;2;0;0;226m@  [38;2;249;249;249m@[38;2;252;252;252m@@@@@@@@@@@@@@@@@@@@[38;2;251;251;251m@  [38;2;0;0;226m@      [39m
 [38;2;0;0;0m     [38;2;0;0;226m@  [38;2;249;249;249m@[38;2;252;252;252m@@@@@@@@@@@@@@@@@@@@[38;2;251;251;251m@  [38;2;0;0;227m@      [39m
 [38;2;0;0;0m     [38;2;0;0;226m@  [38;2;249;249;249m@[38;2;252;252;252m@@@@@@@@@@@@@@@@@@@@[38;2;251;251;251m@  [38;2;0;0;227m@      [39m
 [38;2;0;0;0m     [38;2;0;0;226m@  [38;2;249;249;249m@[38;2;252;252;252m@@@@@@@@@@@@@@@@@@@@[38;2;251;251;251m@  [38;2;0;0;226m@      [39m
 [38;2;0;0;0m     [38;2;0;0;221m@  [38;2;245;245;245m@[38;2;252;252;252m@@@@@@@@@@@@@@@@@@@@[38;2;249;249;249m@  [38;2;0;0;223m@      [39m
 [38;2;0;0;0m     [38;2;1;0;213m`[38;2;0;0;225m$[38;2;0;0;210m,[38;2;170;170;170m~[38;2;197;197;197m@[38;2;251;251;251m@@[38;2;252;252;252m@[38;2;227;227;227m@[38;2;211;211;211mF[38;2;182;182;182mF[38;2;164;164;164m@[38;2;245;245;245m@[38;2;252;252;252m@@[38;2;245;245;245m@[38;2;174;174;174m@[38;2;185;185;185mF[38;2;172;172;172mP[38;2;222;222;222m@[38;2;252;252;252m@[38;2;251;251;251m@@[38;2;210;210;210m@[38;2;197;197;197m~ [38;2;0;0;230ma[38;2;0;0;231m'      [39m
 [38;2;0;0;0m      [38;2;1;0;217m`[38;2;0;0;225m4[38;2;0;0;226mg_[38;2;0;0;225m_[38;2;143;143;143m`[38;2;106;106;106m`[38;2;0;0;225m_[38;2;0;0;221ma[38;2;0;0;227ma[38;2;0;0;207my[38;2;0;0;225m_[38;2;136;136;136m``[38;2;0;0;225m_[38;2;0;0;206my[38;2;0;0;226ma[38;2;0;0;217mg[38;2;0;0;225m_[38;2;108;108;108m`[38;2;144;144;144m`[38;2;0;0;227m_[38;2;0;0;225m_[38;2;0;0;226mg[38;2;0;0;227mP[38;2;1;1;202m~       [39m
 [38;2;0;0;0m        [38;2;4;3;186m`[38;2;0;0;223m~[38;2;0;0;226m~~~~[38;2;2;0;204m` [38;2;1;2;202m~[38;2;0;0;226m~~~[38;2;0;0;227m~[38;2;2;1;206m~ [38;2;2;0;204m`[38;2;0;0;224m~[38;2;0;0;226m~~~[38;2;0;0;225m~[38;2;2;4;189m`         [39m
 [38;2;0;0;0m                                       [39m
[?25h