[?25l[39m [38;2;0;0;0m                                       [39m
 [38;2;0;0;0m              [38;2;0;0;227m_[38;2;0;0;226m__[38;2;1;0;211my[38;2;0;0;217myy[38;2;1;0;210my[38;2;0;0;225m_[38;2;0;0;226m_[38;2;0;0;227m_               [39m
 [38;2;0;0;0m          [38;2;0;1;207m_[38;2;1;1;206my[38;2;0;0;227ma[38;2;0;0;221mP[38;2;0;0;225m~[38;2;0;0;230m~[38;2;122;122;122m_[38;2;202;202;202m_[38;2;248;248;248m_[38;2;249;249;249m_[38;2;203;203;203m_[38;2;121;121;121m_[38;2;0;0;229m~[38;2;0;0;226m~[38;2;0;0;220m4[38;2;0;0;227ma[38;2;1;1;206my[38;2;1;1;208m_           [39m
 [38;2;0;0;0m        [38;2;0;0;216m_[38;2;0;0;228ma[38;2;0;0;220mF[38;2;0;0;214m~[38;2;223;223;223m_[38;2;187;187;187mg[38;2;250;250;250mg[38;2;245;245;245m@[38;2;252;252;252m@[38;2;251;251;251m@[38;2;252;252;252m@@[38;2;251;251;251m@[38;2;252;252;252m@[38;2;247;247;247m@[38;2;210;210;210m@[38;2;187;187;187mg[38;2;223;223;223m_[38;2;0;0;209m~[38;2;0;0;215m?[38;2;0;0;224mg[38;2;0;0;218m_         [39m
 [38;2;0;0;0m       [38;2;1;0;215mg[38;2;0;0;224mP[38;2;0;0;191m'[38;2;168;168;169my[38;2;222;222;222m$[38;2;251;251;251m@[38;2;252;252;252m@@@@@@@@@@@@[38;2;251;251;251m@[38;2;224;224;224m@[38;2;158;158;159my [38;2;0;0;219m4[38;2;0;0;215mg        [39m
 [38;2;0;0;0m      [38;2;0;0;224mg[38;2;0;0;216mF [38;2;217;217;217mg[38;2;251;251;251m@[38;2;252;252;252m@@@@@@@@@@@@@@@@[38;2;251;251;251m@[38;2;194;194;194m$ [38;2;0;0;222m~[38;2;0;0;221m$       [39m
 [38;2;0;0;0m     [38;2;1;0;206mj[38;2;0;0;230mF [38;2;201;201;201mg[38;2;251;251;251m@[38;2;252;252;252m@[38;2;249;249;249m@[38;2;187;187;187m@[38;2;205;205;205mF[38;2;183;183;183mF[38;2;199;199;199mF[38;2;193;193;193m@[38;2;252;252;252m@@@[38;2;251;251;251m@[38;2;219;219;219m@[38;2;218;218;218mF[38;2;187;187;187mF[38;2;189;189;189mF[38;2;190;190;190mR[38;2;244;244;244m@[38;2;252;252;252m@[38;2;251;251;251m@[38;2;178;178;178m@ [38;2;0;0;221m?[38;2;0;0;219mi      [39m
 [38;2;0;0;0m     [38;2;0;0;218m@[38;2;0;0;178m[ [38;2;244;244;244m@[38;2;252;252;252m@[38;2;219;219;219m@[38;2;119;119;119m`[38;2;182;182;182ma[38;2;162;162;162mF[38;2;146;146;146m5[38;2;133;133;133mM[38;2;161;161;161mg[38;2;127;127;127m~[38;2;244;244;244m@[38;2;250;250;250m@[38;2;129;129;129mF[38;2;184;184;184my[38;2;177;177;177mF[38;2;174;174;174mT[38;2;195;195;195mF[38;2;154;154;154mh [38;2;185;185;185m$[38;2;251;251;251m@[38;2;250;250;250m@  [38;2;0;0;225m$      [39m
 [38;2;0;0;0m     [38;2;0;0;226m@  [38;2;249;249;249m@[38;2;251;251;251m@[38;2;177;177;177m$[38;2;84;84;84m4[38;2;183;183;183mL [38;2;194;194;194mF [38;2;153;153;153m#[38;2;115;115;115m_[38;2;234;234;234m@[38;2;240;240;240m@ [38;2;194;194;194m$ [38;2;181;181;181m4 [38;2;104;104;104m4[38;2;86;86;86m~[38;2;200;200;200mg[38;2;251;251;251m@@  [38;2;0;0;226m@      [39m
 [38;2;0;0;0m     [38;2;0;0;226m@  [38;2;249;249;249m@[38;2;252;252;252m@[38;2;251;251;251m@[38;2;210;210;210my[38;2;194;194;194m_[38;2;145;145;145m?[38;2;170;170;170mF[38;2;174;174;174mM[38;2;219;219;219m@[38;2;251;251;251m@[38;2;252;252;252m@[38;2;251;251;251m@[38;2;197;197;197m@[38;2;244;244;244m_[38;2;150;150;150mT[38;2;168;168;168m=[38;2;201;201;201mF[38;2;213;213;213m$[38;2;244;244;244m@[38;2;251;251;251m@[38;2;252;252;252m@[38;2;251;251;251m@  [38;2;0;0;226m@      [39m
 [38;2;0;0;0m     [38;2;0;0;226m@  [38;2;249;249;249m@[38;2;252;252;252m@@@[38;2;251;251;251m@[38;2;252;252;252m@[38;2;249;249;249m@[38;2;252;252;252m@@@@@@@@[38;2;251;251;251m@@@[38;2;252;252;252m@@@[38;2;251;251;251m@  [38;2;0;0;226m@      [39m
 [38;2;0;0;0m     [38;2;0;0;226m@  [38;2;249;249;249m@[38;2;252;252;252m@@@@@@@@@@@@@@@@@@@@[38;2;251;251;251m@  [38;2;0;0;227m@      [39m
 [38;2;0;0;0m     [38;2;0;0;226m@  [38;2;249;249;249m@[38;2;252;252;252m@@@@@@@@@@@@@@@@@@@@[38;2;251;251;251m@  [38;2;0;0;227m@      [39m
 [38;2;0;0;0m     [38;2;0;0;226m@  [38;2;249;249;249m@[38;2;252;252;252m@@@@@@@@@@@@@@@@@@@@[38;2;251;251;251m@  [38;2;0;0;227m@      [39m
 [38;2;0;0;0m     [38;2;0;0;220m@  [38;2;245;245;245m@[38;2;252;252;252m@@@@@@@@@@@@@@@@@@@@[38;2;249;249;249m@  [38;2;0;0;223m@      [39m
 [38;2;0;0;0m     [38;2;1;1;212m`[38;2;0;0;226m$[38;2;0;0;212m,[38;2;165;165;165m~[38;2;192;192;192m@[38;2;251;251;251m@[38;2;252;252;252m@@[38;2;224;224;224m@[38;2;208;208;208mF[38;2;179;179;179mF[38;2;160;160;160m@[38;2;244;244;244m@[38;2;252;252;252m@@[38;2;244;244;244m@[38;2;171;171;171m@[38;2;183;183;183mF[38;2;167;167;167mP[38;2;219;219;219m@[38;2;252;252;252m@@[38;2;251;251;251m@[38;2;206;206;206m@[38;2;194;194;194m~ [38;2;0;0;230ma[38;2;0;0;232m'      [39m
 [38;2;0;0;0m      [38;2;1;0;217m`[38;2;0;0;223m4[38;2;0;0;225mg[38;2;0;0;226m__[38;2;138;138;138m`[38;2;0;0;226m_[38;2;0;0;225m_[38;2;0;0;223ma[38;2;0;0;226ma[38;2;0;0;209my[38;2;0;0;225m_[38;2;128;128;128m`[38;2;129;129;129m`[38;2;0;0;225m_[38;2;0;0;210my[38;2;0;0;226ma[38;2;0;0;220mg[38;2;0;0;225m_[38;2;0;0;226m_[38;2;138;138;138m`[38;2;0;0;226m__gP[38;2;0;0;231m'       [39m
 [38;2;0;0;0m         [38;2;0;0;221m~[38;2;0;0;227m~[38;2;0;0;225m~[38;2;0;0;226m~~[38;2;2;2;197m` [38;2;3;2;197m~[38;2;0;0;226m~~~~[38;2;2;1;199m~ [38;2;3;1;195m`[38;2;0;0;223m~[38;2;0;0;226m~~~[38;2;0;0;223m~[38;2;4;4;183m`         [39m
 [38;2;0;0;0m                                       [39m
[?25h