[?25l[39m [38;2;0;0;0m             [38;2;2;2;186m_[38;2;0;0;229m_[38;2;0;0;225m_[38;2;0;1;212my[38;2;0;0;217ma[38;2;0;0;224maa[38;2;0;0;221my[38;2;1;1;211my[38;2;0;0;225m_[38;2;0;0;229m_[38;2;2;2;185m_              [39m
 [38;2;0;0;0m          [38;2;0;0;225m_[38;2;0;0;214ma[38;2;0;0;212m@[38;2;0;0;210mF[38;2;0;0;226m~[38;2;0;0;219m~[38;2;216;216;216m_[38;2;245;245;245m_[38;2;147;147;147myy[38;2;245;245;245m_[38;2;216;216;216m_[38;2;0;0;218m~[38;2;0;0;226m~[38;2;0;0;227m~[38;2;0;0;215m@[38;2;0;0;219my[38;2;0;0;226m_           [39m
 [38;2;0;0;0m        [38;2;0;0;226m_[38;2;0;0;228ma[38;2;0;0;209mF[38;2;1;0;218m`[38;2;157;157;157my[38;2;220;220;220ma[38;2;231;231;231m$[38;2;251;251;251m@@[38;2;252;252;252m@@@@[38;2;251;251;251m@@[38;2;227;227;227m@[38;2;210;210;210mg[38;2;147;147;147my[38;2;1;0;217m`[38;2;0;0;226m~[38;2;0;0;219m@[38;2;0;0;226m_         [39m
 [38;2;0;0;0m       [38;2;0;0;222mg[38;2;0;0;225mF [38;2;193;193;193my[38;2;231;231;231m@[38;2;251;251;251m@[38;2;252;252;252m@@@@@@@@@@@@@[38;2;240;240;240m@[38;2;187;187;187my [38;2;0;0;218m?[38;2;0;0;223mg        [39m
 [38;2;0;0;0m      [38;2;0;0;229mg[38;2;0;0;204mF [38;2;229;229;229mg[38;2;251;251;251m@[38;2;252;252;252m@@@@@@@@@@@@@@@@[38;2;251;251;251m@[38;2;203;203;203m@ [38;2;0;0;213m~[38;2;0;0;226m$       [39m
 [38;2;0;0;0m     [38;2;0;0;211mj[38;2;0;0;226mF [38;2;211;211;211mg[38;2;251;251;251m@@[38;2;180;180;180mF[38;2;248;248;248m~[38;2;184;184;184mA[38;2;240;240;240m@[38;2;251;251;251m@[38;2;252;252;252m@@@@@@@@@@@@[38;2;251;251;251m@[38;2;191;191;191m@ [38;2;0;0;217m?[38;2;0;0;220ml      [39m
 [38;2;0;0;0m     [38;2;0;0;219m@  [38;2;246;246;246m@[38;2;252;252;252m@[38;2;251;251;251m@[38;2;212;212;212m@[38;2;206;206;206my[38;2;220;220;220m_ [38;2;164;164;164m~[38;2;142;142;142m5[38;2;236;236;236m@[38;2;252;252;252m@[38;2;241;241;241m@[38;2;176;176;176mM[38;2;183;183;183mFFFFF[38;2;189;189;189mF[38;2;240;240;240m@[38;2;252;252;252m@[38;2;250;250;250m@  [38;2;0;0;226m$      [39m
 [38;2;0;0;0m     [38;2;0;0;226m@  [38;2;249;249;249m@[38;2;252;252;252m@[38;2;251;251;251m@[38;2;212;212;212m@[38;2;198;198;198mF[38;2;176;176;176m~ [38;2;214;214;214m_[38;2;206;206;206my[38;2;231;231;231m@[38;2;252;252;252m@[38;2;241;241;241m@[38;2;219;219;219my[38;2;209;209;209myyyyy[38;2;188;188;188mg[38;2;238;238;238m@[38;2;252;252;252m@[38;2;251;251;251m@  [38;2;0;0;226m@      [39m
 [38;2;0;0;0m     [38;2;0;0;226m@  [38;2;249;249;249m@[38;2;252;252;252m@[38;2;251;251;251m@[38;2;193;193;193my[38;2;173;173;173my[38;2;222;222;222mg[38;2;235;235;235m@[38;2;251;251;251m@[38;2;252;252;252m@@@@@@@@@@@@@[38;2;251;251;251m@  [38;2;0;0;226m@      [39m
 [38;2;0;0;0m     [38;2;0;0;226m@  [38;2;249;249;249m@[38;2;252;252;252m@@@@@@@@@@@@@@@@@@@@[38;2;251;251;251m@  [38;2;0;0;226m@      [39m
 [38;2;0;0;0m     [38;2;0;0;226m@  [38;2;249;249;249m@[38;2;252;252;252m@@@@@@@@@@@@@@@@@@@@[38;2;251;251;251m@  [38;2;0;0;226m@      [39m
 [38;2;0;0;0m     [38;2;0;0;226m@  [38;2;249;249;249m@[38;2;252;252;252m@@@@@@@@@@@@@@@@@@@@[38;2;251;251;251m@  [38;2;0;0;227m@      [39m
 [38;2;0;0;0m     [38;2;0;0;226m@  [38;2;249;249;249m@[38;2;252;252;252m@@@@@@@@@@@@@@@@@@@@[38;2;251;251;251m@  [38;2;0;0;227m@      [39m
 [38;2;0;0;0m     [38;2;0;0;224m@  [38;2;248;248;248m@[38;2;252;252;252m@@@@@@@@@@@@@@@@@@@@[38;2;250;250;250m@  [38;2;0;0;226m@      [39m
 [38;2;0;0;0m     [38;2;0;0;211m4[38;2;0;0;220m$[38;2;0;0;191m,[38;2;190;190;190m~[38;2;222;222;222m@[38;2;251;251;251m@@@[38;2;243;243;243m@[38;2;219;219;219mP[38;2;203;203;203mF[38;2;186;186;186m@[38;2;250;250;250m@[38;2;251;251;251m@@@[38;2;196;196;196m@[38;2;207;207;207mF[38;2;187;187;187mA[38;2;241;241;241m@[38;2;251;251;251m@@@[38;2;231;231;231m@[38;2;152;152;152mF [38;2;0;0;223mg[38;2;0;0;225mF      [39m
 [38;2;0;0;0m      [38;2;0;0;221m?[38;2;0;0;227m@[38;2;0;0;215mg[38;2;0;0;226m_[38;2;171;171;171m`[38;2;149;149;149m~[38;2;203;203;203m`[38;2;0;0;227m_[38;2;0;0;212my[38;2;0;0;227mg[38;2;0;0;226m_[38;2;0;0;228m_[38;2;132;132;132m~[38;2;140;140;140m~[38;2;0;0;228m_[38;2;0;0;226m_[38;2;0;0;227mg[38;2;0;0;213my[38;2;0;0;227m_[38;2;204;204;204m`[38;2;152;152;152m~[38;2;177;177;177m`[38;2;0;0;226m_[38;2;0;0;217ma[38;2;0;0;226m@F       [39m
 [38;2;0;0;0m       [38;2;0;0;215m`[38;2;0;0;225m~[38;2;0;0;229m=[38;2;0;0;217m@[38;2;0;0;226m@[38;2;0;0;221m@[38;2;0;0;220mP[38;2;0;0;227m~[38;2;0;0;226m~[38;2;0;0;224m=[38;2;0;0;217mR[38;2;0;0;225m@@[38;2;0;0;217mR[38;2;0;0;224m=[38;2;0;0;227m~[38;2;0;0;226m~[38;2;0;0;221m4[38;2;0;0;222m@[38;2;0;0;227m@[38;2;0;0;218m@[38;2;0;0;229m=[38;2;0;0;226m~[38;2;0;0;223m'        [39m
 [38;2;0;0;0m                                       [39m
 [38;2;0;0;0m                                       [39m
[?25h