[?25l[39m [38;2;0;0;0m               [38;2;0;0;227m_[38;2;0;0;224m_[38;2;0;0;225m_[38;2;1;1;209my[38;2;0;0;214my[38;2;0;1;214my[38;2;1;1;206my[38;2;0;0;226m_[38;2;0;0;225m_[38;2;1;0;223m_              [39m
 [38;2;0;0;0m            [38;2;0;0;226m_gP~[38;2;0;0;228m~[38;2;0;0;216m~[38;2;192;192;192m_[38;2;234;234;234m_[38;2;235;235;235m_[38;2;231;231;231m_[38;2;143;143;143m_[38;2;0;0;228m~[38;2;0;0;225m~[38;2;0;0;222m=a[38;2;1;0;215my[38;2;0;0;228m_          [39m
 [38;2;0;0;0m          [38;2;1;0;205my[38;2;0;0;222m@[38;2;0;0;228m~ [38;2;169;169;169my[38;2;227;227;227mg@[38;2;251;251;251m@@[38;2;252;252;252m@@@[38;2;251;251;251m@@[38;2;224;224;224m@[38;2;227;227;227mg[38;2;179;179;179my[38;2;135;135;135m_[38;2;0;0;225m~[38;2;0;0;218mR[38;2;1;1;210my[38;2;3;2;188m,       [39m
 [38;2;0;0;0m         [38;2;0;0;227mg[38;2;0;0;223mF [38;2;193;193;193my[38;2;236;236;236m@[38;2;251;251;251m@[38;2;252;252;252m@@@@@@@@@@@@[38;2;251;251;251m@[38;2;210;210;210m$[38;2;129;129;129my[38;2;0;0;202m~[38;2;0;0;228m4[38;2;0;0;233m_      [39m
 [38;2;0;0;0m        [38;2;0;0;222mg[38;2;0;0;216mF [38;2;212;212;212mg[38;2;251;251;251m@[38;2;252;252;252m@@@@@@@@@@@@@@@@[38;2;251;251;251m@[38;2;182;182;182m@ [38;2;0;0;225m~[38;2;1;0;219m$     [39m
 [38;2;0;0;0m       [38;2;2;2;178mj[38;2;0;0;221m@ [38;2;160;160;160mg[38;2;251;251;251m@[38;2;252;252;252m@@@@@@@[38;2;251;251;251m@[38;2;177;177;177m@[38;2;157;157;157mM[38;2;179;179;179m@[38;2;248;248;248m@[38;2;251;251;251m@[38;2;252;252;252m@@@@@@[38;2;202;202;202m@ [38;2;0;0;209m?[38;2;1;1;203m$    [39m
 [38;2;0;0;0m       [38;2;1;0;211m4[38;2;1;0;207m[ [38;2;229;229;229m$[38;2;252;252;252m@@@@@@@@[38;2;251;251;251m@[38;2;205;205;205m@[38;2;186;186;186my[38;2;180;180;180m_ [38;2;198;198;198m~[38;2;174;174;174mF[38;2;225;225;225m@[38;2;252;252;252m@[38;2;251;251;251m@[38;2;176;176;176m@[38;2;211;211;211mFF  [38;2;0;0;235m$    [39m
 [38;2;0;0;0m       [38;2;1;0;216m4[38;2;0;0;199m[ [38;2;225;225;225m@[38;2;252;252;252m@@@@@@@@@[38;2;239;239;239m@[38;2;207;207;207mP[38;2;248;248;248m~ [38;2;107;107;107m_[38;2;166;166;166my[38;2;226;226;226mg[38;2;251;251;251m@[38;2;249;249;249m@[38;2;210;210;210my[38;2;186;186;186myy[38;2;89;89;89m, [38;2;0;0;237m$    [39m
 [38;2;0;0;0m       [38;2;0;0;219m4[38;2;0;0;194m[ [38;2;234;234;234m@[38;2;252;252;252m@@@@@@@@[38;2;251;251;251m@[38;2;204;204;204my[38;2;153;153;153my[38;2;216;216;216my[38;2;206;206;206m@[38;2;251;251;251m@[38;2;252;252;252m@@@@@@[38;2;251;251;251m@[38;2;124;124;124mL [38;2;0;0;236m$    [39m
 [38;2;0;0;0m       [38;2;1;0;220m@  [38;2;248;248;248m@[38;2;252;252;252m@@@@@@@@@@@@@@@@@@@@[38;2;251;251;251m@[38;2;68;68;68mL [38;2;0;0;228m@    [39m
 [38;2;0;0;0m       [38;2;0;0;234m@ [38;2;88;88;89m4[38;2;250;250;250m@[38;2;252;252;252m@@@@@@@@@@@@@@@@@@@@[38;2;246;246;246m@  [38;2;0;0;218m$    [39m
 [38;2;0;0;0m       [38;2;0;0;227m@ [38;2;157;157;157mg[38;2;251;251;251m@[38;2;252;252;252m@@@@@@@@@@@@@@@@@@@@[38;2;214;214;214m@ [38;2;0;0;216mJ[38;2;0;0;219m[    [39m
 [38;2;0;0;0m      [38;2;0;0;219mj[38;2;0;0;209m[ [38;2;222;222;222m$[38;2;252;252;252m@@@@@@@@@@@@@@@@@@@@[38;2;251;251;251m@[38;2;176;176;176mF [38;2;0;0;232m$[38;2;1;0;192m'    [39m
 [38;2;0;0;0m      [38;2;0;0;230m@ [38;2;77;77;77mu[38;2;250;250;250m@[38;2;252;252;252m@@@@@@@@@@@@@@@@@@@@[38;2;248;248;248m@[38;2;66;66;66m~ [38;2;0;0;220m@     [39m
 [38;2;0;0;0m      [38;2;0;0;235m@ [38;2;79;79;80m4[38;2;248;248;248m@[38;2;252;252;252m@@@@[38;2;251;251;251m@@@[38;2;252;252;252m@@@@@[38;2;251;251;251m@@[38;2;252;252;252m@@@@@[38;2;250;250;250m@[38;2;201;201;201mF [38;2;0;0;228mg[38;2;1;1;203mF     [39m
 [38;2;0;0;0m      [38;2;0;0;213m@[38;2;0;0;225mg[38;2;0;0;228m_[38;2;116;116;116m~[38;2;140;140;140m5[38;2;200;200;200mPP[38;2;181;181;181mF[38;2;163;163;163m~[38;2;0;0;232m_[38;2;188;188;188m`[38;2;245;245;245m~[38;2;193;193;193mP[38;2;205;205;205mP[38;2;200;200;200mF[38;2;230;230;230m~[38;2;123;123;123m`[38;2;107;107;107m`[38;2;214;214;214m~[38;2;171;171;171mP[38;2;204;204;204mP[38;2;194;194;194mP[38;2;164;164;164mF[38;2;175;175;175m`[38;2;0;0;226m_[38;2;0;0;229mg[38;2;0;0;221mF      [39m
 [38;2;0;0;0m       [38;2;0;0;229m~[38;2;0;0;220m@[38;2;0;0;226m@g[38;2;0;0;229mg[38;2;0;0;227mg[38;2;0;0;226mg[38;2;0;0;227m@[38;2;0;0;217m@[38;2;0;0;227m@[38;2;0;0;226mg[38;2;0;0;228mg[38;2;0;0;229mg[38;2;0;0;226mg@[38;2;0;0;217m@[38;2;0;0;226m@[38;2;0;0;223m@[38;2;0;0;227mg[38;2;0;0;229mg[38;2;0;0;227mg[38;2;0;0;219m@[38;2;0;0;225m@[38;2;0;0;214mP[38;2;1;1;200m~       [39m
 [38;2;0;0;0m         [38;2;1;1;210m`[38;2;1;0;219m~[38;2;0;0;225m~[38;2;1;0;223m~[38;2;0;0;226m`   [38;2;1;1;209m~[38;2;0;0;226m~[38;2;0;0;225m~[38;2;1;1;210m~   [38;2;1;0;226m`[38;2;0;0;222m~[38;2;0;0;225m~[38;2;0;0;221m~[38;2;0;0;219m`          [39m
 [38;2;0;0;0m                                       [39m
[?25h