[?25l[39m [38;2;0;0;0m                  [38;2;1;0;200m_[38;2;1;0;199m_                   [39m
 [38;2;0;0;0m            [38;2;0;0;226m_[38;2;1;0;216ma[38;2;0;0;227mg[38;2;0;0;224m@[38;2;0;0;227m@[38;2;0;0;228m@@@@[38;2;0;0;227m@[38;2;0;0;225m@[38;2;0;0;227mg[38;2;0;0;220my[38;2;0;0;226m_             [39m
 [38;2;0;0;0m         [38;2;0;0;229m_[38;2;0;0;226mg[38;2;0;0;227m@[38;2;0;0;226mP[38;2;0;0;225m~[38;2;0;0;228m~[38;2;191;191;191m_[38;2;146;146;146my[38;2;174;174;174my[38;2;187;187;187myy[38;2;174;174;174my[38;2;140;140;140my[38;2;190;190;190m_[38;2;0;0;226m~~4[38;2;0;0;227m@[38;2;0;0;226mg[38;2;0;0;228m_          [39m
 [38;2;0;0;0m       [38;2;1;1;202m_[38;2;0;0;226mg[38;2;0;0;220m@[38;2;0;0;228m~[38;2;95;95;95m_[38;2;193;193;193my[38;2;245;245;245mg[38;2;247;247;247m@[38;2;251;251;251m@[38;2;252;252;252m@@@@@@[38;2;251;251;251m@[38;2;249;249;249m@[38;2;245;245;245mg[38;2;191;191;191my[38;2;95;95;95m_[38;2;0;0;225m~[38;2;0;0;218m@[38;2;0;0;222m$[38;2;0;1;202m_        [39m
 [38;2;0;0;0m      [38;2;0;0;214m_[38;2;0;0;229m@[38;2;0;0;213mF [38;2;189;189;189mg[38;2;246;246;246m@[38;2;252;252;252m@@@@@@@@@@@@@@[38;2;249;249;249m@[38;2;188;188;188mg [38;2;0;0;226m~[38;2;0;0;229m@[38;2;0;0;217m_       [39m
 [38;2;0;0;0m      [38;2;0;0;231m@[38;2;1;0;202m~ [38;2;207;207;207m@[38;2;251;251;251m@[38;2;252;252;252m@@@@@@@@@@@@@@@@@[38;2;226;226;226m@[38;2;84;84;84m,[38;2;1;0;204m"[38;2;0;0;230m@[38;2;0;0;227m,      [39m
 [38;2;0;0;0m     [38;2;0;0;212mg[38;2;0;0;220mF [38;2;223;223;223mg[38;2;251;251;251m@@[38;2;215;215;215mF[38;2;151;151;151mM[38;2;182;182;182m@[38;2;250;250;250m@[38;2;252;252;252m@@@@@[38;2;228;228;228m@[38;2;172;172;172mF[38;2;170;170;170mP[38;2;221;221;221m@[38;2;251;251;251m@[38;2;252;252;252m@@@@[38;2;209;209;209m@ [38;2;0;0;206m?[38;2;0;0;216m$      [39m
 [38;2;0;0;0m     [38;2;0;0;225m@  [38;2;248;248;248m@[38;2;252;252;252m@[38;2;251;251;251m@[38;2;233;233;233mg[38;2;181;181;181my[38;2;164;164;164m_ [38;2;209;209;209m~[38;2;184;184;184mF[38;2;242;242;242m@[38;2;252;252;252m@@[38;2;244;244;244m@[38;2;195;195;195mg[38;2;139;139;139my[38;2;64;64;64m_[38;2;168;168;168m`[38;2;247;247;247m~[38;2;168;168;168m@[38;2;251;251;251m@[38;2;252;252;252m@[38;2;251;251;251m@  [38;2;0;0;225m@      [39m
 [38;2;0;0;0m     [38;2;0;0;226m@  [38;2;249;249;249m@[38;2;252;252;252m@@[38;2;211;211;211m@[38;2;198;198;198mF[38;2;195;195;195m~ [38;2;200;200;200m_[38;2;195;195;195my[38;2;226;226;226m@[38;2;252;252;252m@@[38;2;249;249;249m@[38;2;175;175;175m@[38;2;159;159;159mF[38;2;99;99;99m~ [38;2;146;146;146my[38;2;199;199;199mg[38;2;251;251;251m@[38;2;252;252;252m@[38;2;251;251;251m@  [38;2;0;0;226m@      [39m
 [38;2;0;0;0m     [38;2;0;0;226m@  [38;2;249;249;249m@[38;2;252;252;252m@[38;2;251;251;251m@[38;2;196;196;196my[38;2;176;176;176my[38;2;225;225;225ma[38;2;232;232;232m@[38;2;251;251;251m@[38;2;252;252;252m@@@@[38;2;233;233;233m$[38;2;168;168;168my[38;2;195;195;195my[38;2;247;247;247mg[38;2;249;249;249m@[38;2;252;252;252m@@@@[38;2;251;251;251m@  [38;2;0;0;226m@      [39m
 [38;2;0;0;0m     [38;2;0;0;226m@  [38;2;249;249;249m@[38;2;252;252;252m@@@@@@@@@@@@@@@@@@@@[38;2;251;251;251m@  [38;2;0;0;226m@      [39m
 [38;2;0;0;0m     [38;2;0;0;226m@  [38;2;249;249;249m@[38;2;252;252;252m@@@@@@@@@@@@@@@@@@@@[38;2;251;251;251m@  [38;2;0;0;227m@      [39m
 [38;2;0;0;0m     [38;2;0;0;226m@  [38;2;249;249;249m@[38;2;252;252;252m@@@@@@@@@@@@@@@@@@@@[38;2;251;251;251m@  [38;2;0;0;227m@      [39m
 [38;2;0;0;0m     [38;2;0;0;221m@  [38;2;246;246;246m@[38;2;252;252;252m@@@@@@@@@@@@@@@@@@@@[38;2;250;250;250m@  [38;2;0;0;224m@      [39m
 [38;2;0;0;0m     [38;2;1;0;213m`[38;2;0;0;224m$[38;2;0;0;205m,[38;2;180;180;180m~[38;2;204;204;204m@[38;2;251;251;251m@[38;2;252;252;252m@[38;2;251;251;251m@[38;2;233;233;233m@[38;2;217;217;217mF[38;2;192;192;192mF[38;2;168;168;168m@[38;2;249;249;249m@[38;2;251;251;251m@@[38;2;249;249;249m@[38;2;180;180;180m@[38;2;196;196;196mF[38;2;178;178;178mP[38;2;230;230;230m@[38;2;251;251;251m@[38;2;252;252;252m@[38;2;251;251;251m@[38;2;217;217;217m@[38;2;203;203;203m~ [38;2;0;0;230ma[38;2;1;1;197mF      [39m
 [38;2;0;0;0m      [38;2;1;0;199m~[38;2;0;0;227m4[38;2;0;0;221mg[38;2;0;0;225m_[38;2;0;0;228m_[38;2;206;206;206m`[38;2;140;140;140m`[38;2;0;0;226m_[38;2;0;0;215ma[38;2;0;0;228ma[38;2;0;0;226m_[38;2;0;0;227m_[38;2;192;192;192m`[38;2;191;191;191m`[38;2;0;0;228m_[38;2;0;0;226m_[38;2;0;0;228ma[38;2;0;0;219my[38;2;0;0;226m_[38;2;141;141;141m`[38;2;207;207;207m`[38;2;0;0;228m_[38;2;0;0;225m_[38;2;0;0;223ma[38;2;0;0;227mP[38;2;0;1;205m~       [39m
 [38;2;0;0;0m        [38;2;1;3;199m`[38;2;0;0;228m~[38;2;0;0;225m~[38;2;0;0;226m~[38;2;0;0;225m~[38;2;0;0;230m~[38;2;0;0;214m` [38;2;1;1;213m~[38;2;0;0;226m~[38;2;0;0;225m~[38;2;0;0;226m~~[38;2;0;0;214m~ `[38;2;0;0;227m~[38;2;0;0;225m~~~[38;2;0;0;227m~[38;2;2;2;205m`         [39m
 [38;2;0;0;0m                                       [39m
 [38;2;0;0;0m                                       [39m
[?25h