[?25l[39m [38;2;0;0;0m                                       [39m
 [38;2;0;0;0m             [38;2;0;0;228m_[38;2;0;0;225m_[38;2;0;0;219my[38;2;0;0;227ma[38;2;0;0;229ma[38;2;0;0;224maa[38;2;0;0;229ma[38;2;0;0;227ma[38;2;1;0;217mg[38;2;0;0;224m_[38;2;0;0;227m_              [39m
 [38;2;0;0;0m          [38;2;0;0;230m_[38;2;0;0;228ma[38;2;0;0;227mP[38;2;0;0;225m~[38;2;0;0;227m~[38;2;198;198;198m_[38;2;154;154;154my[38;2;180;180;180my[38;2;194;194;194my[38;2;196;196;196my[38;2;186;186;186my[38;2;163;163;163my[38;2;235;235;235m_[38;2;80;80;80m_[38;2;0;0;226m~=[38;2;0;0;228ma[38;2;0;0;225m_           [39m
 [38;2;0;0;0m        [38;2;0;0;229m_[38;2;0;0;217m@[38;2;0;0;229m~ [38;2;185;185;185my[38;2;243;243;243mg[38;2;246;246;246m@[38;2;251;251;251m@[38;2;252;252;252m@@@@@@[38;2;251;251;251m@@[38;2;220;220;220m@[38;2;184;184;184mg[38;2;175;175;175m_[38;2;0;0;219m~[38;2;0;0;229m4[38;2;0;0;220my         [39m
 [38;2;0;0;0m       [38;2;0;0;223mg[38;2;0;0;224mF [38;2;203;203;203my[38;2;243;243;243m@[38;2;252;252;252m@@@@@@@@@@@@@@[38;2;251;251;251m@[38;2;225;225;225mg[38;2;117;117;117m_[38;2;0;0;212m~[38;2;0;0;223m@[38;2;0;0;233m,       [39m
 [38;2;0;0;0m      [38;2;0;0;224mg[38;2;1;0;210mF [38;2;226;226;226mg[38;2;251;251;251m@[38;2;252;252;252m@@@@@@@@@@@@@@@@@[38;2;246;246;246m@[38;2;105;105;105my [38;2;0;0;225m@[38;2;0;0;224m,      [39m
 [38;2;0;0;0m     [38;2;2;1;187mj[38;2;0;0;215m@ [38;2;180;180;180mg[38;2;251;251;251m@[38;2;249;249;249m@[38;2;233;233;233m~[38;2;220;220;220m~[38;2;177;177;177mF[38;2;210;210;210m@[38;2;251;251;251m@[38;2;252;252;252m@@@@@@@@@@@@@[38;2;240;240;240m@ [38;2;2;2;186m`[38;2;0;0;223m$      [39m
 [38;2;0;0;0m     [38;2;1;0;213m4[38;2;1;0;204m[ [38;2;233;233;233m$[38;2;252;252;252m@@[38;2;231;231;231m@[38;2;206;206;206mg[38;2;138;138;138my [38;2;121;121;121m`[38;2;240;240;240m~[38;2;220;220;220m@[38;2;252;252;252m@[38;2;220;220;220m@[38;2;251;251;251m~[38;2;250;250;250m~~~~~[38;2;251;251;251m~[38;2;230;230;230m@[38;2;252;252;252m@[38;2;251;251;251m@[38;2;137;137;137mL [38;2;0;0;237m$      [39m
 [38;2;0;0;0m     [38;2;0;0;214m4[38;2;0;0;200m[ [38;2;224;224;224m@[38;2;252;252;252m@[38;2;251;251;251m@[38;2;223;223;223mF[38;2;227;227;227m~[38;2;64;64;64m`[38;2;151;151;151m_[38;2;180;180;180my[38;2;232;232;232mg[38;2;249;249;249m@[38;2;252;252;252m@[38;2;249;249;249m@[38;2;239;239;239mg[38;2;236;236;236mggggg[38;2;242;242;242mg[38;2;249;249;249m@[38;2;252;252;252m@[38;2;251;251;251m@[38;2;130;130;130mF [38;2;0;0;237m$      [39m
 [38;2;0;0;0m     [38;2;0;0;215m4[38;2;0;0;198m[ [38;2;226;226;226m@[38;2;252;252;252m@[38;2;251;251;251m@[38;2;209;209;209mg[38;2;207;207;207ma[38;2;229;229;229m$[38;2;251;251;251m@[38;2;252;252;252m@@@@@@@@@@@@@@@[38;2;126;126;127mF [38;2;0;0;237m$      [39m
 [38;2;0;0;0m     [38;2;1;0;217m4[38;2;0;0;197m[ [38;2;229;229;229m@[38;2;252;252;252m@@@@@@@@@@@@@@@@@@@@@[38;2;136;136;137mL [38;2;0;0;237m$      [39m
 [38;2;0;0;0m     [38;2;0;0;219m4[38;2;0;0;193m[ [38;2;233;233;233m@[38;2;252;252;252m@@@@@@@@@@@@@@@@@@@@[38;2;251;251;251m@[38;2;126;126;126mL [38;2;0;0;232m@      [39m
 [38;2;0;0;0m     [38;2;0;0;215mg  [38;2;240;240;240m@[38;2;252;252;252m@@@@@@@@@@@@@@@@@@@@[38;2;251;251;251m@[38;2;111;111;111mL [38;2;0;0;232m@      [39m
 [38;2;0;0;0m     [38;2;0;0;214m@  [38;2;245;245;245m@[38;2;252;252;252m@@@@@@@@@@@@@@@@@@@@[38;2;251;251;251m@[38;2;94;94;94mL [38;2;0;0;230m@      [39m
 [38;2;0;0;0m     [38;2;0;0;214m@  [38;2;242;242;242m@[38;2;252;252;252m@@@@@@@@@@@@@@@@@@@@[38;2;250;250;250m@  [38;2;0;0;227m@      [39m
 [38;2;0;0;0m     [38;2;1;1;210m`[38;2;0;0;223m@[38;2;0;0;209m,[38;2;161;161;161m~[38;2;197;197;197m@[38;2;251;251;251m@[38;2;249;249;249m@[38;2;186;186;186m@[38;2;190;190;190mF[38;2;189;189;189mF[38;2;215;215;215m@[38;2;252;252;252m@[38;2;251;251;251m@[38;2;252;252;252m@[38;2;222;222;222m@[38;2;207;207;207mF[38;2;183;183;183mF[38;2;173;173;173m@[38;2;248;248;248m@[38;2;251;251;251m@@[38;2;244;244;244m@[38;2;170;170;170m@[38;2;186;186;186mF[38;2;209;209;209m~ [38;2;0;0;227mg[38;2;1;1;200mF      [39m
 [38;2;0;0;0m      [38;2;1;0;216m`[38;2;0;0;226m4[38;2;0;0;225mg_[38;2;0;0;226m_[38;2;0;0;225m_[38;2;0;0;226m_[38;2;0;0;224mg[38;2;0;0;220mg[38;2;0;0;225m_[38;2;102;102;102m`[38;2;151;151;151m`[38;2;102;102;102m`[38;2;0;0;225m_[38;2;0;0;224ma[38;2;0;0;227ma[38;2;0;0;226m_[38;2;0;0;225m_[38;2;145;145;145m`[38;2;138;138;138m`[38;2;0;0;225m_[38;2;0;0;211my[38;2;0;0;226ma[38;2;0;0;228mg[38;2;0;0;229mP[38;2;1;1;205m~       [39m
 [38;2;0;0;0m        [38;2;2;4;189m`[38;2;0;0;224m~[38;2;0;0;226m~~[38;2;1;0;213m~ [38;2;3;1;201m`[38;2;0;0;225m~[38;2;0;0;227m~[38;2;0;0;226m~[38;2;0;0;227m~~[38;2;2;1;197m` [38;2;1;1;213m~[38;2;0;0;226m~~~~[38;2;2;1;201m~ [38;2;3;3;185m`         [39m
 [38;2;0;0;0m                                       [39m
[?25h