[?25l[39m [38;2;0;0;0m                                       [39m
 [38;2;0;0;0m            [38;2;1;1;203m_[38;2;0;0;225m_[38;2;0;0;214my[38;2;0;0;226ma[38;2;0;0;225ms[38;2;0;0;215m#[38;2;0;0;218m44[38;2;0;0;215m#[38;2;0;0;225ma[38;2;0;0;226ma[38;2;0;0;214my[38;2;0;0;225m_[38;2;1;1;203m_             [39m
 [38;2;0;0;0m          [38;2;1;0;207my[38;2;0;0;215m$[38;2;0;0;209mF[38;2;0;0;229m~[38;2;146;146;146m_[38;2;148;148;148my[38;2;188;188;188my[38;2;208;208;208my[38;2;220;220;220myy[38;2;208;208;208my[38;2;188;188;188my[38;2;141;141;141my[38;2;146;146;146m_[38;2;0;0;226m~~[38;2;0;0;218m@[38;2;1;1;207my[38;2;1;1;203m,          [39m
 [38;2;0;0;0m        [38;2;0;0;219my[38;2;0;0;228mP[38;2;0;0;218m~[38;2;193;193;193m_[38;2;199;199;199mg[38;2;227;227;227m@[38;2;251;251;251m@[38;2;252;252;252m@@@@@@@@[38;2;251;251;251m@[38;2;234;234;234m@[38;2;200;200;200mg[38;2;193;193;193m_[38;2;0;0;214m~[38;2;0;0;228m4[38;2;0;0;221my         [39m
 [38;2;0;0;0m       [38;2;0;0;223m@[38;2;0;0;217m~[38;2;102;102;102m_[38;2;224;224;224mg[38;2;251;251;251m@[38;2;252;252;252m@@@@@@@@@@@@@@[38;2;251;251;251m@[38;2;197;197;197m$[38;2;101;101;101m_[38;2;0;0;213m~[38;2;0;0;225m@[38;2;1;0;230m,       [39m
 [38;2;0;0;0m      [38;2;0;0;229m@[38;2;1;1;202m'[38;2;116;116;116m_[38;2;230;230;230m@[38;2;252;252;252m@@@@[38;2;251;251;251m@[38;2;252;252;252m@@@@@@@@[38;2;251;251;251m@@[38;2;252;252;252m@@@[38;2;241;241;241m@[38;2;116;116;116m_ [38;2;0;0;232m$[38;2;1;0;199m,      [39m
 [38;2;0;0;0m     [38;2;0;0;220mJ[38;2;0;0;212mF [38;2;212;212;212m$[38;2;252;252;252m@@[38;2;198;198;198m@[38;2;158;158;158mF[38;2;126;126;126mE[38;2;165;165;165my[38;2;130;130;130mZ[38;2;174;174;174mT[38;2;215;215;215m@[38;2;251;251;251m@[38;2;252;252;252m@[38;2;238;238;238m@[38;2;199;199;199mF[38;2;227;227;227m~[38;2;164;164;164my[38;2;141;141;141mZ[38;2;242;242;242m~[38;2;191;191;191mA[38;2;251;251;251m@[38;2;252;252;252m@[38;2;224;224;224m@ [38;2;0;0;210m"[38;2;1;0;209m$      [39m
 [38;2;0;0;0m     [38;2;0;0;224m@  [38;2;249;249;249m@[38;2;251;251;251m@[38;2;181;181;181m@ [38;2;218;218;218mF[38;2;103;103;103m~[38;2;135;135;135my[38;2;99;99;99m~[38;2;187;187;187m$ [38;2;229;229;229m@[38;2;245;245;245m@[38;2;64;64;64m"[38;2;166;166;166m$[38;2;168;168;168m~[38;2;150;150;150my[38;2;146;146;146m~[38;2;136;136;136m4[38;2;86;86;86mr[38;2;141;141;141m@[38;2;251;251;251m@@  [38;2;0;0;228m$      [39m
 [38;2;0;0;0m     [38;2;0;0;226m@  [38;2;249;249;249m@[38;2;252;252;252m@[38;2;197;197;197m@[38;2;66;66;66m"[38;2;156;156;156m@[38;2;222;222;222m_[38;2;231;231;231m_[38;2;235;235;235m_[38;2;220;220;220m_[38;2;192;192;192my[38;2;248;248;248m@[38;2;247;247;247m@[38;2;110;110;110m_[38;2;170;170;170m#[38;2;232;232;232m_[38;2;210;210;210m_[38;2;142;142;142my[38;2;216;216;216m_[38;2;142;142;142my[38;2;207;207;207m@[38;2;251;251;251m@@  [38;2;0;0;226m@      [39m
 [38;2;0;0;0m     [38;2;0;0;226m@  [38;2;249;249;249m@[38;2;252;252;252m@[38;2;251;251;251m@[38;2;221;221;221m@[38;2;204;204;204my[38;2;160;160;160my[38;2;135;135;135mZ[38;2;160;160;160mZ[38;2;249;249;249m@[38;2;252;252;252m@@@[38;2;249;249;249m@[38;2;200;200;200mg[38;2;174;174;174my[38;2;132;132;132mZ[38;2;140;140;140mZ[38;2;211;211;211m@[38;2;251;251;251m@[38;2;252;252;252m@@[38;2;251;251;251m@  [38;2;0;0;226m@      [39m
 [38;2;0;0;0m     [38;2;0;0;226m@  [38;2;249;249;249m@[38;2;252;252;252m@@@@@@@@@@@@@@@@@@@@[38;2;251;251;251m@  [38;2;0;0;226m@      [39m
 [38;2;0;0;0m     [38;2;0;0;226m@  [38;2;249;249;249m@[38;2;252;252;252m@@@@@@@@@@@@@@@@@@@@[38;2;251;251;251m@  [38;2;0;0;227m@      [39m
 [38;2;0;0;0m     [38;2;0;0;226m@  [38;2;249;249;249m@[38;2;252;252;252m@@@@@@@@@@@@@@@@@@@@[38;2;251;251;251m@  [38;2;0;0;227m@      [39m
 [38;2;0;0;0m     [38;2;0;0;226m@  [38;2;249;249;249m@[38;2;252;252;252m@@@@@@@@@@@@@@@@@@@@[38;2;251;251;251m@  [38;2;0;0;227m@      [39m
 [38;2;0;0;0m     [38;2;0;0;221m@  [38;2;245;245;245m@[38;2;252;252;252m@@@@@@@@@@@@@@@@@@@@[38;2;249;249;249m@  [38;2;0;0;223m@      [39m
 [38;2;0;0;0m     [38;2;1;0;212m`[38;2;0;0;225m$[38;2;0;0;210m,[38;2;168;168;168m~[38;2;195;195;195m@[38;2;251;251;251m@[38;2;252;252;252m@@[38;2;226;226;226m@[38;2;210;210;210mF[38;2;181;181;181mF[38;2;162;162;162m@[38;2;245;245;245m@[38;2;252;252;252m@@[38;2;245;245;245m@[38;2;173;173;173m@[38;2;184;184;184mF[38;2;170;170;170mP[38;2;221;221;221m@[38;2;252;252;252m@[38;2;251;251;251m@@[38;2;209;209;209m@[38;2;195;195;195m~ [38;2;0;0;230ma[38;2;2;1;194mF      [39m
 [38;2;0;0;0m      [38;2;0;0;218m`[38;2;0;0;225m4[38;2;0;0;226mg[38;2;0;0;225m_[38;2;0;0;226m_[38;2;140;140;140m`[38;2;101;101;101m`[38;2;0;0;225m_[38;2;0;0;222ma[38;2;0;0;227ma[38;2;0;0;208my[38;2;0;0;225m_[38;2;133;133;133m``[38;2;0;0;225m_[38;2;0;0;208my[38;2;0;0;226ma[38;2;0;0;218mg[38;2;0;0;225m_[38;2;103;103;103m`[38;2;142;142;142m`[38;2;0;0;226m_[38;2;0;0;227m_[38;2;0;0;226mg[38;2;0;0;228mP[38;2;1;1;202m~       [39m
 [38;2;0;0;0m        [38;2;2;3;188m`[38;2;0;0;223m~[38;2;0;0;226m~~~[38;2;0;0;227m~[38;2;2;0;206m` [38;2;1;1;205m~[38;2;0;0;226m~~~~[38;2;1;1;206m~ [38;2;2;0;206m`[38;2;0;0;224m~[38;2;0;0;227m~[38;2;0;0;226m~~[38;2;0;0;225m~[38;2;2;2;193m`         [39m
 [38;2;0;0;0m                                       [39m
[?25h