[?25l[39m [38;2;0;0;0m              [38;2;0;0;229m_[38;2;0;0;225m_[38;2;0;1;211my[38;2;0;0;217ma[38;2;0;0;224maa[38;2;0;0;216ma[38;2;1;1;211my[38;2;0;0;225m_[38;2;0;0;229m_               [39m
 [38;2;0;0;0m          [38;2;0;0;225m_[38;2;1;0;213ma[38;2;0;0;219m#[38;2;0;0;210mF[38;2;0;0;226m~[38;2;0;0;220m~[38;2;216;216;216m_[38;2;245;245;245m_[38;2;147;147;147myy[38;2;245;245;245m_[38;2;216;216;216m_[38;2;0;0;219m~[38;2;0;0;227m~~[38;2;0;0;214m@[38;2;0;0;218my[38;2;0;0;225m_           [39m
 [38;2;0;0;0m        [38;2;0;0;226m_[38;2;0;0;228ma[38;2;0;0;209mF[38;2;1;0;218m`[38;2;155;155;155my[38;2;219;219;219ma[38;2;231;231;231m$[38;2;251;251;251m@@[38;2;252;252;252m@@@@[38;2;251;251;251m@@[38;2;226;226;226m@[38;2;210;210;210mg[38;2;146;146;146my[38;2;1;0;218m`[38;2;0;0;226m~[38;2;0;0;218m@[38;2;0;0;225m_         [39m
 [38;2;0;0;0m       [38;2;0;0;222mg[38;2;0;0;225mF [38;2;193;193;193my[38;2;231;231;231m@[38;2;251;251;251m@[38;2;252;252;252m@@@@@@@@@@@@@[38;2;240;240;240m@[38;2;187;187;187my [38;2;0;0;218m?[38;2;0;0;223mg        [39m
 [38;2;0;0;0m      [38;2;0;0;228mg[38;2;0;0;205mF [38;2;229;229;229mg[38;2;251;251;251m@[38;2;252;252;252m@@@@@@@@@@@@@@@@[38;2;251;251;251m@[38;2;203;203;203m@ [38;2;0;0;212m~[38;2;0;0;226m$       [39m
 [38;2;0;0;0m     [38;2;0;0;211mj[38;2;0;0;226mF [38;2;211;211;211mg[38;2;251;251;251m@@[38;2;202;202;202mF[38;2;251;251;251m~[38;2;167;167;167m@[38;2;245;245;245m@[38;2;251;251;251m@[38;2;252;252;252m@@@@@@@@@@@@[38;2;251;251;251m@[38;2;190;190;190m@ [38;2;0;0;217m?[38;2;0;0;220ml      [39m
 [38;2;0;0;0m     [38;2;0;0;219m@  [38;2;246;246;246m@[38;2;252;252;252m@[38;2;251;251;251m@[38;2;243;243;243mg[38;2;192;192;192my[38;2;200;200;200m_ [38;2;179;179;179m~[38;2;153;153;153mM[38;2;236;236;236m@[38;2;252;252;252m@[38;2;241;241;241m@[38;2;177;177;177mM[38;2;184;184;184mFFFFF[38;2;189;189;189mF[38;2;241;241;241m@[38;2;252;252;252m@[38;2;250;250;250m@  [38;2;0;0;226m$      [39m
 [38;2;0;0;0m     [38;2;0;0;226m@  [38;2;249;249;249m@[38;2;252;252;252m@[38;2;251;251;251m@[38;2;198;198;198m@[38;2;181;181;181mF[38;2;153;153;153m~ [38;2;223;223;223m_[38;2;207;207;207my[38;2;231;231;231m@[38;2;252;252;252m@[38;2;240;240;240m@[38;2;219;219;219my[38;2;209;209;209my[38;2;208;208;208myyyy[38;2;221;221;221my[38;2;238;238;238m@[38;2;252;252;252m@[38;2;251;251;251m@  [38;2;0;0;226m@      [39m
 [38;2;0;0;0m     [38;2;0;0;226m@  [38;2;249;249;249m@[38;2;252;252;252m@[38;2;251;251;251m@[38;2;208;208;208my[38;2;189;189;189my[38;2;234;234;234mg[38;2;240;240;240m@[38;2;251;251;251m@[38;2;252;252;252m@@@@@@@@@@@@@[38;2;251;251;251m@  [38;2;0;0;226m@      [39m
 [38;2;0;0;0m     [38;2;0;0;226m@  [38;2;249;249;249m@[38;2;252;252;252m@@@@@@@@@@@@@@@@@@@@[38;2;251;251;251m@  [38;2;0;0;226m@      [39m
 [38;2;0;0;0m     [38;2;0;0;226m@  [38;2;249;249;249m@[38;2;252;252;252m@@@@@@@@@@@@@@@@@@@@[38;2;251;251;251m@  [38;2;0;0;226m@      [39m
 [38;2;0;0;0m     [38;2;0;0;226m@  [38;2;249;249;249m@[38;2;252;252;252m@@@@@@@@@@@@@@@@@@@@[38;2;251;251;251m@  [38;2;0;0;227m@      [39m
 [38;2;0;0;0m     [38;2;0;0;226m@  [38;2;249;249;249m@[38;2;252;252;252m@@@@@@@@@@@@@@@@@@@@[38;2;251;251;251m@  [38;2;0;0;227m@      [39m
 [38;2;0;0;0m     [38;2;0;0;225m@  [38;2;248;248;248m@[38;2;252;252;252m@@@@@@@@@@@@@@@@@@@@[38;2;250;250;250m@  [38;2;0;0;225m@      [39m
 [38;2;0;0;0m     [38;2;0;0;213m4[38;2;0;0;219m$ [38;2;151;151;151m7[38;2;230;230;230m@[38;2;251;251;251m@[38;2;252;252;252m@[38;2;251;251;251m@[38;2;245;245;245m@[38;2;228;228;228mP[38;2;193;193;193mP[38;2;197;197;197m@[38;2;251;251;251m@[38;2;252;252;252m@@[38;2;251;251;251m@[38;2;205;205;205m@[38;2;195;195;195mP[38;2;198;198;198mA[38;2;244;244;244m@[38;2;251;251;251m@[38;2;252;252;252m@[38;2;251;251;251m@[38;2;236;236;236m@[38;2;167;167;167mF [38;2;0;0;221mg[38;2;0;0;226mF      [39m
 [38;2;0;0;0m      [38;2;1;0;213m4[38;2;0;0;226m@[38;2;0;0;220my[38;2;0;0;227m_[38;2;200;200;200m`[38;2;181;181;181m~[38;2;135;135;135m~[38;2;0;0;227m_[38;2;0;0;208my[38;2;0;0;225mg[38;2;0;0;227m_[38;2;115;115;115m`[38;2;163;163;163m~[38;2;171;171;171m~[38;2;115;115;115m`[38;2;0;0;227m_[38;2;0;0;225mg[38;2;0;0;208my[38;2;0;0;227m_[38;2;123;123;123m~[38;2;185;185;185m~[38;2;107;107;107m~[38;2;0;0;227m_[38;2;0;0;218my[38;2;0;0;224m@[38;2;0;0;226mF       [39m
 [38;2;0;0;0m       [38;2;0;0;219m`[38;2;0;0;226m~[38;2;0;0;221m4[38;2;0;0;225m@[38;2;0;0;228m@[38;2;0;0;227m@[38;2;0;0;223mP[38;2;0;0;227m~[38;2;0;0;226m~[38;2;0;0;229m=[38;2;0;0;217m@[38;2;0;0;228m@@[38;2;0;0;217m@[38;2;0;0;229m=[38;2;0;0;226m~~[38;2;0;0;216mR[38;2;0;0;227m@[38;2;0;0;228m@[38;2;0;0;226m@[38;2;0;0;221mP[38;2;0;0;226m~[38;2;0;2;198m~        [39m
 [38;2;0;0;0m                                       [39m
 [38;2;0;0;0m                                       [39m
[?25h