[?25l[39m [38;2;0;0;0m              [38;2;1;1;207m_[38;2;0;0;228m_[38;2;0;0;225m__[38;2;1;1;204myy[38;2;0;0;225m__[38;2;0;0;228m_[38;2;1;1;209m_               [39m
 [38;2;0;0;0m           [38;2;0;0;223m_[38;2;0;0;228ma[38;2;0;0;223mP[38;2;0;0;228m~[38;2;0;0;227m~[38;2;0;0;225m~[38;2;141;141;141m_[38;2;210;210;210m__[38;2;141;141;141m_[38;2;0;0;224m~[38;2;0;0;227m~~[38;2;0;0;223m4[38;2;0;0;226ma[38;2;0;0;223m_[38;2;2;2;201m,           [39m
 [38;2;0;0;0m        [38;2;1;0;205m_[38;2;0;0;227ma[38;2;0;0;225mP[38;2;0;0;227m~[38;2;186;186;186m_[38;2;198;198;198my[38;2;245;245;245mg[38;2;234;234;234m@[38;2;251;251;251m@@@@@@[38;2;240;240;240m@[38;2;245;245;245mg[38;2;199;199;199my[38;2;186;186;186m_[38;2;0;0;222m~[38;2;0;0;223m4g[38;2;1;0;206m_         [39m
 [38;2;0;0;0m       [38;2;1;0;213my[38;2;0;0;228mP[38;2;1;0;206m'[38;2;149;149;149my[38;2;244;244;244mg[38;2;251;251;251m@[38;2;252;252;252m@@@@@@@@@@@@[38;2;251;251;251m@[38;2;210;210;210m@[38;2;137;137;137my[38;2;2;0;202m`[38;2;0;0;227m4[38;2;0;0;215my        [39m
 [38;2;0;0;0m      [38;2;0;0;218mg[38;2;0;0;223mF [38;2;203;203;203mg[38;2;251;251;251m@[38;2;252;252;252m@@@@@@@@@@@@@@@@[38;2;251;251;251m@[38;2;171;171;171m@ [38;2;0;0;211m?[38;2;0;0;215m$       [39m
 [38;2;0;0;0m     [38;2;1;0;200mj[38;2;0;0;232mF [38;2;190;190;190mg[38;2;251;251;251m@[38;2;252;252;252m@[38;2;251;251;251m@@[38;2;252;252;252m@@@@@@@@@@@@@@@[38;2;251;251;251m@[38;2;166;166;166m@ [38;2;0;0;219m4[38;2;0;0;215mi      [39m
 [38;2;0;0;0m     [38;2;0;0;215m@[38;2;0;0;181m[ [38;2;242;242;242m@[38;2;252;252;252m@[38;2;241;241;241m@[38;2;164;164;164m~[38;2;146;146;146m~[38;2;245;245;245m~[38;2;192;192;192mF[38;2;197;197;197m@[38;2;250;250;250m@[38;2;251;251;251m@[38;2;252;252;252m@@@@@@@@@@@[38;2;248;248;248m@  [38;2;0;0;224m$      [39m
 [38;2;0;0;0m     [38;2;0;0;225m@  [38;2;249;249;249m@[38;2;252;252;252m@@[38;2;243;243;243m@[38;2;246;246;246m=    [38;2;160;160;160m@[38;2;252;252;252m@[38;2;214;214;214m@[38;2;95;95;95m_    [38;2;63;63;63m_[38;2;105;105;105m_[38;2;216;216;216m$[38;2;252;252;252m@[38;2;251;251;251m@  [38;2;0;0;227m@      [39m
 [38;2;0;0;0m     [38;2;0;0;225m@  [38;2;249;249;249m@[38;2;252;252;252m@[38;2;241;241;241m@[38;2;231;231;231m_[38;2;234;234;234m_[38;2;185;185;185my[38;2;217;217;217mg[38;2;213;213;213m@[38;2;249;249;249m@[38;2;251;251;251m@[38;2;252;252;252m@@[38;2;251;251;251m@@@@@@@[38;2;252;252;252m@@[38;2;251;251;251m@  [38;2;0;0;227m@      [39m
 [38;2;0;0;0m     [38;2;0;0;225m@  [38;2;249;249;249m@[38;2;252;252;252m@@@@@@@@@@@@@@@@@@@@[38;2;251;251;251m@  [38;2;0;0;227m@      [39m
 [38;2;0;0;0m     [38;2;0;0;225m@  [38;2;249;249;249m@[38;2;252;252;252m@@@@@@@@@@@@@@@@@@@@[38;2;251;251;251m@  [38;2;0;0;227m@      [39m
 [38;2;0;0;0m     [38;2;0;0;225m@  [38;2;249;249;249m@[38;2;252;252;252m@@@@@@@@@@@@@@@@@@@@[38;2;251;251;251m@  [38;2;0;0;227m@      [39m
 [38;2;0;0;0m     [38;2;0;0;225m@  [38;2;249;249;249m@[38;2;252;252;252m@@@@@@@@@@@@@@@@@@@@[38;2;251;251;251m@  [38;2;0;0;227m@      [39m
 [38;2;0;0;0m     [38;2;0;0;225m@  [38;2;249;249;249m@[38;2;252;252;252m@@@@@@@@@@@@@@@@@@@@[38;2;251;251;251m@  [38;2;0;0;226m@      [39m
 [38;2;0;0;0m     [38;2;0;0;216m@[38;2;0;0;201mL [38;2;211;211;211m@[38;2;252;252;252m@@@@@[38;2;251;251;251m@[38;2;252;252;252m@@@@@@@@@@@@@[38;2;251;251;251m@[38;2;228;228;228m@ [38;2;0;0;201mj[38;2;0;0;221m@      [39m
 [38;2;0;0;0m     [38;2;2;1;211m`[38;2;0;0;229m@[38;2;0;0;205my [38;2;244;244;244m~[38;2;189;189;189mR[38;2;214;214;214mR[38;2;218;218;218mF[38;2;235;235;235m~[38;2;132;132;132m~[38;2;182;182;182m~[38;2;142;142;142m5[38;2;200;200;200mR[38;2;217;217;217mR[38;2;171;171;171m@[38;2;180;180;180mF[38;2;173;173;173m~[38;2;132;132;132m~[38;2;239;239;239m~[38;2;176;176;176mR[38;2;216;216;216mR[38;2;212;212;212mR[38;2;210;210;210mF[38;2;221;221;221m~[38;2;0;0;223m_[38;2;0;0;225m_[38;2;0;0;228m@[38;2;0;0;233m'      [39m
 [38;2;0;0;0m      [38;2;2;1;209m`[38;2;0;0;215m?[38;2;0;0;227m@[38;2;0;0;226mg[38;2;0;0;225mg[38;2;0;0;217ma[38;2;0;0;228mg[38;2;0;0;219m@[38;2;0;0;225m@[38;2;0;0;226m@[38;2;0;0;227mg[38;2;0;0;221mg[38;2;0;0;219my[38;2;0;0;225mg[38;2;0;0;226mg[38;2;0;0;227m@[38;2;0;0;226m@g[38;2;0;0;227mg[38;2;0;0;220mya[38;2;0;0;228mg[38;2;0;0;224m@[38;2;0;0;225m@[38;2;0;0;214mP[38;2;0;0;225m'       [39m
 [38;2;0;0;0m         [38;2;0;0;227m`[38;2;0;0;226m~[38;2;0;0;227m~[38;2;0;0;223m~[38;2;2;0;206m`  [38;2;2;1;208m~[38;2;0;0;226m~[38;2;0;0;227m~[38;2;0;0;226m~[38;2;0;0;228m`  [38;2;1;0;222m`[38;2;0;0;224m~[38;2;0;0;227m~~[38;2;0;0;221m~[38;2;1;2;192m`          [39m
 [38;2;0;0;0m                                       [39m
[?25h