[?25l[39m [38;2;0;0;0m                                       [39m
 [38;2;0;0;0m              [38;2;0;0;226m_[38;2;0;0;227m_[38;2;1;1;203my[38;2;1;0;216my[38;2;1;1;213ma[38;2;0;0;219my[38;2;1;1;211my[38;2;0;0;227m_[38;2;0;0;226m_[38;2;0;0;227m_               [39m
 [38;2;0;0;0m          [38;2;0;0;229m_[38;2;0;0;219ma@[38;2;0;0;221mP[38;2;0;0;226m~~[38;2;0;0;231m~[38;2;137;137;137m_[38;2;157;157;157m_[38;2;148;148;148m_[38;2;108;108;108m_[38;2;0;0;230m~[38;2;0;0;226m~[38;2;0;0;223m=[38;2;0;0;218m@[38;2;0;0;228mg[38;2;0;0;227m_            [39m
 [38;2;0;0;0m        [38;2;0;0;229m_[38;2;0;0;220m@[38;2;0;0;212mF[38;2;0;0;210m~[38;2;134;134;134my[38;2;186;186;186mg[38;2;248;248;248mg[38;2;238;238;238m@[38;2;252;252;252m@[38;2;251;251;251m@@@[38;2;252;252;252m@[38;2;250;250;250m@[38;2;223;223;223m@[38;2;220;220;220mg[38;2;168;168;168my[38;2;77;77;77m_[38;2;0;0;225m~[38;2;0;0;223mR[38;2;0;0;215mg[38;2;0;1;210m,         [39m
 [38;2;0;0;0m      [38;2;1;2;188m_[38;2;0;0;230mg[38;2;0;0;218mF [38;2;198;198;198my[38;2;227;227;227m@[38;2;251;251;251m@[38;2;252;252;252m@@@@@@@@@@@@[38;2;249;249;249m@[38;2;203;203;203mg[38;2;104;104;104m_[38;2;0;0;220m~[38;2;0;0;224m@[38;2;0;0;223m_        [39m
 [38;2;0;0;0m      [38;2;0;0;229m@[38;2;1;0;197m~[38;2;117;117;117m_[38;2;208;208;208m@[38;2;251;251;251m@[38;2;252;252;252m@@@@@@@@@@@@@@@@[38;2;247;247;247m@[38;2;141;141;141my [38;2;0;0;224mR[38;2;1;1;208mi       [39m
 [38;2;0;0;0m     [38;2;0;0;229mg[38;2;1;1;209m' [38;2;217;217;217m@[38;2;252;252;252m@[38;2;249;249;249m@[38;2;197;197;197mM[38;2;177;177;177mA[38;2;234;234;234m@[38;2;251;251;251m@[38;2;252;252;252m@@@@@@@@@@@@@[38;2;250;250;250m@[38;2;91;91;91mL [38;2;0;0;230m@       [39m
 [38;2;0;0;0m     [38;2;0;0;234m@ [38;2;135;135;135md[38;2;251;251;251m@[38;2;252;252;252m@[38;2;249;249;249m@[38;2;213;213;213my[38;2;231;231;231m_ [38;2;110;110;110m~[38;2;172;172;172mT[38;2;175;175;175m@[38;2;251;251;251m@[38;2;252;252;252m@[38;2;244;244;244m@[38;2;225;225;225mP[38;2;219;219;219mPPPPP[38;2;189;189;189m@[38;2;251;251;251m@[38;2;252;252;252m@[38;2;203;203;203m$ [38;2;0;0;208m5[38;2;1;1;212m[      [39m
 [38;2;0;0;0m     [38;2;0;0;230m@ [38;2;172;172;172m4[38;2;251;251;251m@[38;2;252;252;252m@@[38;2;228;228;228m@[38;2;217;217;217mF[38;2;171;171;171m~ [38;2;131;131;131m_[38;2;178;178;178my[38;2;235;235;235m@[38;2;251;251;251m@[38;2;219;219;219m$[38;2;166;166;166my[38;2;161;161;161myyyyy[38;2;190;190;190my[38;2;239;239;239m@[38;2;252;252;252m@[38;2;219;219;219m@ [38;2;1;0;205m4[38;2;1;0;221m[      [39m
 [38;2;0;0;0m     [38;2;0;0;232m@ [38;2;167;167;167m4[38;2;251;251;251m@[38;2;252;252;252m@[38;2;241;241;241m@[38;2;252;252;252m_[38;2;142;142;142my[38;2;219;219;219my[38;2;224;224;224m$[38;2;251;251;251m@[38;2;252;252;252m@@@@@@@@@@@@@[38;2;223;223;223m@ [38;2;0;0;202m4[38;2;1;0;222m[      [39m
 [38;2;0;0;0m     [38;2;0;0;233m@ [38;2;159;159;159m4[38;2;251;251;251m@[38;2;252;252;252m@@@@@@@@@@@@@@@@@@@@[38;2;231;231;231m@ [38;2;0;0;198m4[38;2;1;0;223m[      [39m
 [38;2;0;0;0m     [38;2;0;0;236m@ [38;2;146;146;146m4[38;2;251;251;251m@[38;2;252;252;252m@@@@@@@@@@@@@@@@@@@@[38;2;237;237;237m@ [38;2;0;0;194mJ[38;2;0;0;224m[      [39m
 [38;2;0;0;0m     [38;2;0;0;236m@ [38;2;131;131;131m4[38;2;251;251;251m@[38;2;252;252;252m@@@@@@@@@@@@@@@@@@@@[38;2;239;239;239m@ [38;2;0;0;187mJ[38;2;0;0;210m$      [39m
 [38;2;0;0;0m     [38;2;0;0;236m@ [38;2;108;108;108m4[38;2;251;251;251m@[38;2;252;252;252m@@@@@@@@@@@@@@@@@@@@[38;2;243;243;243m@  [38;2;0;0;217m$      [39m
 [38;2;0;0;0m     [38;2;0;0;220m@[38;2;0;0;216m, [38;2;230;230;230m@[38;2;252;252;252m@@@@@[38;2;251;251;251m@[38;2;252;252;252m@@@@@@@@[38;2;251;251;251m@[38;2;252;252;252m@@@@[38;2;251;251;251m@[38;2;213;213;213m@ [38;2;0;0;216mj[38;2;0;0;223mF      [39m
 [38;2;0;0;0m     [38;2;2;2;201m`[38;2;0;0;220m@[38;2;0;0;227m_[38;2;79;79;79m`[38;2;242;242;242m~[38;2;182;182;182mR[38;2;217;217;217mR[38;2;210;210;210mR[38;2;205;205;205mF[38;2;211;211;211m~[38;2;123;123;123m~[38;2;215;215;215m~[38;2;174;174;174mP[38;2;210;210;210mR[38;2;216;216;216mR[38;2;207;207;207mP[38;2;242;242;242m~[38;2;139;139;139m~[38;2;162;162;162m~[38;2;173;173;173mT[38;2;193;193;193mR[38;2;217;217;217mR[38;2;169;169;169m@F [38;2;0;0;208my[38;2;0;0;217m@[38;2;1;1;194m'      [39m
 [38;2;0;0;0m       [38;2;0;0;228m~[38;2;0;0;227m=[38;2;0;0;226mag[38;2;0;0;219mya[38;2;0;0;226mg[38;2;0;0;218mR[38;2;0;0;224m=[38;2;0;0;212m@[38;2;0;0;225mg[38;2;0;0;216mg[38;2;0;0;220my[38;2;0;0;227mg[38;2;0;0;224ma[38;2;0;0;225m=[38;2;0;0;222m4[38;2;0;0;227ma[38;2;0;0;224mg[38;2;0;0;220my[38;2;0;0;225mg[38;2;0;0;227ma[38;2;0;0;221mP[38;2;0;0;226m~        [39m
 [38;2;0;0;0m           [38;2;2;1;204m`[38;2;2;2;190m`     [38;2;3;1;191m`[38;2;3;1;204m`      [38;2;2;1;205m`            [39m
 [38;2;0;0;0m                                       [39m
[?25h