[?25l[39m [38;2;0;0;0m               [38;2;1;0;201m_[38;2;0;0;230m_[38;2;0;0;226m_[38;2;0;0;224m__[38;2;0;0;226m_[38;2;0;0;231m_[38;2;1;1;203m_                [39m
 [38;2;0;0;0m           [38;2;0;0;228m_[38;2;0;0;217my[38;2;0;0;224ma[38;2;0;0;221mP[38;2;0;0;228m~[38;2;0;0;225m~[38;2;0;0;229m~[38;2;0;0;230m~~[38;2;0;0;228m~[38;2;0;0;226m~[38;2;0;0;227m~[38;2;0;0;221m4[38;2;0;0;226ma[38;2;0;0;217my[38;2;0;0;229m_            [39m
 [38;2;0;0;0m         [38;2;0;0;212my[38;2;0;0;214m@[38;2;0;0;226m~[38;2;1;0;220m`[38;2;158;158;158my[38;2;219;219;219my[38;2;251;251;251mg[38;2;227;227;227m@[38;2;250;250;250m@[38;2;251;251;251m@@[38;2;250;250;250m@[38;2;233;233;233m@[38;2;251;251;251mg[38;2;219;219;219my[38;2;151;151;151my[38;2;0;0;217m`[38;2;0;0;226m~[38;2;0;0;222mR[38;2;0;0;213my[38;2;2;2;187m,         [39m
 [38;2;0;0;0m       [38;2;0;0;225m_[38;2;0;0;219m@[38;2;0;0;218m~[38;2;152;152;152m_[38;2;214;214;214mg[38;2;247;247;247m@[38;2;251;251;251m@[38;2;252;252;252m@@@@@@@@@@@[38;2;250;250;250m@[38;2;215;215;215mg[38;2;153;153;153m_[38;2;0;0;214m~[38;2;0;0;216m@[38;2;0;0;227m_        [39m
 [38;2;0;0;0m      [38;2;0;0;224mj[38;2;0;0;232mF [38;2;199;199;199my[38;2;248;248;248m@[38;2;252;252;252m@@@@@@@@@@@@@@@@[38;2;251;251;251m@[38;2;194;194;194my [38;2;0;0;202m5[38;2;0;0;222mL       [39m
 [38;2;0;0;0m     [38;2;2;1;183mj[38;2;0;0;220m@ [38;2;162;162;162mg[38;2;251;251;251m@@[38;2;207;207;207m@[38;2;183;183;183m@[38;2;247;247;247m@[38;2;251;251;251m@[38;2;252;252;252m@@@@@@@@@@@@@[38;2;251;251;251m@[38;2;135;135;135m@ [38;2;0;0;222mR[38;2;1;0;201mi      [39m
 [38;2;0;0;0m     [38;2;0;0;219mg[38;2;1;1;196m' [38;2;235;235;235m@[38;2;252;252;252m@[38;2;251;251;251m@[38;2;196;196;196my[38;2;178;178;178m_ [38;2;194;194;194m~[38;2;173;173;173mF[38;2;207;207;207m@[38;2;251;251;251m@[38;2;252;252;252m@[38;2;251;251;251m@[38;2;222;222;222m@[38;2;215;215;215m@@@@@[38;2;225;225;225m@[38;2;252;252;252m@@[38;2;246;246;246m@  [38;2;0;0;222m$      [39m
 [38;2;0;0;0m     [38;2;0;0;223m@  [38;2;250;250;250m@[38;2;252;252;252m@@[38;2;250;250;250m@[38;2;198;198;198m@[38;2;144;144;144mF  [38;2;212;212;212m_[38;2;208;208;208m$[38;2;251;251;251m@[38;2;218;218;218m@[38;2;245;245;245m_[38;2;234;234;234m_____[38;2;245;245;245m_[38;2;209;209;209m@[38;2;252;252;252m@[38;2;251;251;251m@  [38;2;0;0;227m@      [39m
 [38;2;0;0;0m     [38;2;0;0;223m@  [38;2;250;250;250m@[38;2;252;252;252m@[38;2;251;251;251m@[38;2;198;198;198m_[38;2;157;157;157m_[38;2;176;176;176my[38;2;228;228;228mg[38;2;237;237;237m@[38;2;251;251;251m@[38;2;252;252;252m@@@@@@@@@[38;2;251;251;251m@[38;2;252;252;252m@@[38;2;251;251;251m@  [38;2;0;0;227m@      [39m
 [38;2;0;0;0m     [38;2;0;0;223m@  [38;2;250;250;250m@[38;2;252;252;252m@@[38;2;251;251;251m@@[38;2;252;252;252m@@@@@@@@@@@@@@@@[38;2;251;251;251m@  [38;2;0;0;227m@      [39m
 [38;2;0;0;0m     [38;2;0;0;223m@  [38;2;250;250;250m@[38;2;252;252;252m@@@@@@@@@@@@@@@@@@@@[38;2;251;251;251m@  [38;2;0;0;227m@      [39m
 [38;2;0;0;0m     [38;2;0;0;223m@  [38;2;250;250;250m@[38;2;252;252;252m@@@@@@@@@@@@@@@@@@@@[38;2;251;251;251m@  [38;2;0;0;227m@      [39m
 [38;2;0;0;0m     [38;2;0;0;224m@  [38;2;249;249;249m@[38;2;252;252;252m@@@@@@@@@@@@@@@@@@@@[38;2;251;251;251m@  [38;2;0;0;227m@      [39m
 [38;2;0;0;0m     [38;2;0;0;224m@  [38;2;249;249;249m@[38;2;252;252;252m@@@@@@@@@@@@@@@@@@@@[38;2;251;251;251m@  [38;2;0;0;226m@      [39m
 [38;2;0;0;0m     [38;2;0;0;219m@[38;2;0;0;216m, [38;2;237;237;237m@[38;2;252;252;252m@@@@@@@@@@@@@@@@@@@@[38;2;245;245;245m@ [38;2;1;0;176mj[38;2;0;0;223m@      [39m
 [38;2;0;0;0m     [38;2;1;0;213m`[38;2;0;0;228m@_[38;2;177;177;177m`[38;2;168;168;168m#[38;2;224;224;224m@[38;2;236;236;236m@[38;2;190;190;190m@[38;2;174;174;174mF[38;2;239;239;239m~[38;2;250;250;250m~[38;2;182;182;182m@[38;2;236;236;236m@[38;2;241;241;241m@[38;2;218;218;218m@[38;2;213;213;213mF[38;2;243;243;243m~[38;2;245;245;245m~[38;2;173;173;173mA[38;2;224;224;224m@[38;2;243;243;243m@[38;2;233;233;233m@[38;2;176;176;176m@[38;2;251;251;251m~[38;2;129;129;129m~[38;2;0;0;225m_[38;2;0;0;223m@[38;2;0;0;232m'      [39m
 [38;2;0;0;0m      [38;2;1;0;216m`[38;2;0;0;221m4@[38;2;0;0;215mg[38;2;0;0;227m__[38;2;0;0;209my[38;2;0;0;227mg[38;2;0;0;228m@[38;2;0;0;227mg[38;2;0;0;210my[38;2;0;0;227m___[38;2;0;0;225ma[38;2;0;0;223m@[38;2;0;0;221m@[38;2;0;0;215mg[38;2;0;0;227m___[38;2;0;0;216my[38;2;0;0;226mg[38;2;0;0;227m@[38;2;0;0;224mP[38;2;0;0;230m'       [39m
 [38;2;0;0;0m         [38;2;0;0;221m~[38;2;0;0;226m~[38;2;0;0;227m~[38;2;0;0;226m~[38;2;0;0;219m` [38;2;0;0;218m`[38;2;0;0;225m~[38;2;0;0;226m~~~[38;2;1;0;212m~  [38;2;0;0;218m~[38;2;0;0;226m~~~~[38;2;1;1;203m`          [39m
 [38;2;0;0;0m                                       [39m
[?25h