[?25l[39m [38;2;0;0;0m             [38;2;0;0;225m__[38;2;1;0;213my[38;2;0;0;226ma[38;2;0;0;229ma[38;2;0;0;226maa[38;2;0;0;229ma[38;2;0;0;224mg[38;2;1;0;213my[38;2;0;0;225m__              [39m
 [38;2;0;0;0m          [38;2;0;0;229m_[38;2;0;0;226ma[38;2;0;0;225mP[38;2;0;0;226m~[38;2;0;0;224m~[38;2;186;186;186m_[38;2;141;141;141my[38;2;167;167;167my[38;2;182;182;182myy[38;2;166;166;166my[38;2;248;248;248m_[38;2;186;186;186m_[38;2;0;0;223m~[38;2;0;0;225m~[38;2;0;0;226m4[38;2;0;0;224mg[38;2;0;0;229m_           [39m
 [38;2;0;0;0m        [38;2;0;0;231m_[38;2;0;0;218m@[38;2;0;0;229m~[38;2;86;86;86m_[38;2;186;186;186my[38;2;245;245;245mg[38;2;247;247;247m@[38;2;251;251;251m@[38;2;252;252;252m@@@@@@[38;2;251;251;251m@[38;2;250;250;250m@[38;2;245;245;245mg[38;2;183;183;183my[38;2;86;86;86m_[38;2;0;0;225m~[38;2;0;0;219m@[38;2;0;0;231m_         [39m
 [38;2;0;0;0m       [38;2;0;0;228mg[38;2;0;0;215mF [38;2;188;188;188mg[38;2;245;245;245m@[38;2;252;252;252m@@@@@@@@@@@@@@[38;2;249;249;249m@[38;2;186;186;186mg [38;2;0;0;226m~[38;2;0;0;225m$[38;2;0;0;203m,       [39m
 [38;2;0;0;0m      [38;2;0;0;232mg[38;2;0;0;204m~ [38;2;212;212;212m$[38;2;251;251;251m@[38;2;239;239;239m@[38;2;231;231;231m@[38;2;251;251;251m@[38;2;252;252;252m@@@@@@@@@@@@@@[38;2;223;223;223m@[38;2;81;81;82m,[38;2;1;0;205m"[38;2;0;0;230m$       [39m
 [38;2;0;0;0m     [38;2;0;0;217mj[38;2;0;0;221mF [38;2;221;221;221mg[38;2;251;251;251m@[38;2;250;250;250m@[38;2;147;147;147my [38;2;200;200;200m`[38;2;246;246;246m~[38;2;167;167;167m@[38;2;246;246;246m@[38;2;251;251;251m@[38;2;252;252;252m@[38;2;251;251;251m@@@@@@@@@[38;2;252;252;252m@[38;2;206;206;206m@ [38;2;0;0;208m?[38;2;0;0;221m[      [39m
 [38;2;0;0;0m     [38;2;0;0;222m@  [38;2;248;248;248m@[38;2;252;252;252m@@[38;2;251;251;251m@[38;2;242;242;242m@[38;2;211;211;211m=   [38;2;198;198;198m$[38;2;251;251;251m@[38;2;213;213;213m@       [38;2;217;217;217m$[38;2;252;252;252m@[38;2;251;251;251m@  [38;2;0;0;227m$      [39m
 [38;2;0;0;0m     [38;2;0;0;226m@  [38;2;249;249;249m@[38;2;252;252;252m@[38;2;251;251;251m@[38;2;187;187;187m~ [38;2;203;203;203m_[38;2;201;201;201my[38;2;247;247;247mg[38;2;250;250;250m@[38;2;252;252;252m@@@@@@@@@@@@[38;2;251;251;251m@  [38;2;0;0;226m@      [39m
 [38;2;0;0;0m     [38;2;0;0;225m@  [38;2;249;249;249m@[38;2;252;252;252m@@[38;2;247;247;247m@[38;2;240;240;240m@[38;2;251;251;251m@[38;2;252;252;252m@@@@@@@@@@@@@@@[38;2;251;251;251m@  [38;2;0;0;226m@      [39m
 [38;2;0;0;0m     [38;2;0;0;225m@  [38;2;249;249;249m@[38;2;252;252;252m@@@@@@@@@@@@@@@@@@@@[38;2;251;251;251m@  [38;2;0;0;226m@      [39m
 [38;2;0;0;0m     [38;2;0;0;225m@  [38;2;249;249;249m@[38;2;252;252;252m@@@@@@@@@@@@@@@@@@@@[38;2;251;251;251m@  [38;2;0;0;226m@      [39m
 [38;2;0;0;0m     [38;2;0;0;225m@  [38;2;249;249;249m@[38;2;252;252;252m@@@@@@@@@@@@@@@@@@@@[38;2;251;251;251m@  [38;2;0;0;226m@      [39m
 [38;2;0;0;0m     [38;2;0;0;225m@  [38;2;249;249;249m@[38;2;252;252;252m@@@@@@@@@@@@@@@@@@@@[38;2;251;251;251m@  [38;2;0;0;226m@      [39m
 [38;2;0;0;0m     [38;2;0;0;224m@  [38;2;245;245;245m@[38;2;252;252;252m@@@@@@@@@@@@@@@@@@@@[38;2;248;248;248m@  [38;2;0;0;224m@      [39m
 [38;2;0;0;0m     [38;2;1;1;205m?[38;2;0;0;225m$[38;2;0;0;213m,[38;2;164;164;164m~[38;2;183;183;183m@[38;2;249;249;249m@[38;2;251;251;251m@@[38;2;217;217;217m@[38;2;204;204;204mF[38;2;175;175;175mT[38;2;180;180;180m#[38;2;242;242;242m@[38;2;251;251;251m@@[38;2;243;243;243m@[38;2;214;214;214mP[38;2;163;163;163mF[38;2;154;154;154m5[38;2;209;209;209m@[38;2;251;251;251m@@[38;2;250;250;250m@[38;2;196;196;196m@[38;2;184;184;184m~[38;2;1;1;192m_[38;2;0;0;228mg[38;2;0;0;219mF      [39m
 [38;2;0;0;0m      [38;2;0;0;228m~[38;2;0;0;225m@g[38;2;0;0;226m_[38;2;0;0;227m_[38;2;115;115;115m`[38;2;0;0;227m_[38;2;0;0;226m_[38;2;0;0;223ma[38;2;0;0;226mg[38;2;0;0;215my[38;2;0;0;226m_[38;2;0;0;228m__[38;2;0;0;227m_[38;2;0;0;214my[38;2;0;0;226mg[38;2;0;0;221mg[38;2;0;0;226m_[38;2;0;0;228m_[38;2;113;113;113m`[38;2;0;0;227m_[38;2;0;0;226m_[38;2;0;0;225mg[38;2;0;0;226m@[38;2;0;0;225m~       [39m
 [38;2;0;0;0m        [38;2;0;0;225m~[38;2;0;0;226m~[38;2;0;0;229m=[38;2;0;0;231m==[38;2;0;0;227m~[38;2;0;0;228m~[38;2;0;0;212m~[38;2;0;0;227m~[38;2;1;0;217m=[38;2;0;0;232m==[38;2;0;0;217m=[38;2;0;0;227m~[38;2;0;1;208m~[38;2;0;0;226m~~[38;2;0;0;232m=[38;2;0;0;231m=[38;2;0;0;229m=[38;2;0;0;226m~[38;2;0;0;223m~         [39m
 [38;2;0;0;0m                                       [39m
 [38;2;0;0;0m                                       [39m
[?25h