[?25l[39m [38;2;0;0;0m                                       [39m
 [38;2;0;0;0m             [38;2;0;0;228m_[38;2;0;0;225m_[38;2;1;0;214mg[38;2;0;0;227ma[38;2;0;0;229ma[38;2;0;0;223maa[38;2;0;0;229ma[38;2;0;0;226ma[38;2;0;0;222my[38;2;0;0;225m_[38;2;0;0;227m_              [39m
 [38;2;0;0;0m          [38;2;0;0;228m_a[38;2;0;0;225mP~[38;2;0;0;222m~[38;2;219;219;219m_[38;2;160;160;160my[38;2;183;183;183my[38;2;195;195;195myy[38;2;184;184;184my[38;2;157;157;157my[38;2;219;219;219m_[38;2;0;0;220m~[38;2;0;0;226m~[38;2;0;0;225m4[38;2;0;0;228ma_           [39m
 [38;2;0;0;0m        [38;2;1;1;206my[38;2;0;0;216m@[38;2;0;0;227m~[38;2;119;119;119m_[38;2;202;202;202my[38;2;248;248;248mg[38;2;250;250;250m@[38;2;251;251;251m@[38;2;252;252;252m@@@@@@[38;2;251;251;251m@@[38;2;210;210;210m@[38;2;201;201;201my[38;2;119;119;119m_[38;2;0;0;223m~[38;2;0;0;222mR[38;2;1;1;207my         [39m
 [38;2;0;0;0m       [38;2;0;0;232ma[38;2;0;0;229m~ [38;2;198;198;198mg[38;2;249;249;249m@[38;2;252;252;252m@@@@@@@@@@@@@@[38;2;250;250;250m@[38;2;198;198;198mg[38;2;67;67;67m,[38;2;0;0;224m~[38;2;0;0;227m$[38;2;0;0;215m,       [39m
 [38;2;0;0;0m      [38;2;0;0;224m@[38;2;1;0;194m~[38;2;90;90;91m_[38;2;214;214;214m@[38;2;252;252;252m@@@@@@@@@@@@@@@@@@[38;2;231;231;231m@[38;2;91;91;91m_[38;2;1;1;204m`[38;2;0;0;231m$       [39m
 [38;2;0;0;0m     [38;2;0;0;219mjF [38;2;199;199;199m$[38;2;252;252;252m@[38;2;251;251;251m@[38;2;235;235;235m~[38;2;218;218;218m~[38;2;173;173;173mF[38;2;206;206;206m@[38;2;251;251;251m@[38;2;252;252;252m@@@@@@@@@@@@@[38;2;213;213;213m@ [38;2;0;0;204m?[38;2;1;0;203m$      [39m
 [38;2;0;0;0m     [38;2;0;0;222m@  [38;2;249;249;249m@[38;2;252;252;252m@@[38;2;235;235;235m@[38;2;210;210;210mg[38;2;146;146;146my [38;2;104;104;104m`[38;2;237;237;237m~[38;2;213;213;213m@[38;2;252;252;252m@[38;2;226;226;226m@[38;2;251;251;251m~~~~~~~[38;2;224;224;224m@[38;2;252;252;252m@[38;2;251;251;251m@  [38;2;0;0;228m$      [39m
 [38;2;0;0;0m     [38;2;0;0;225m@  [38;2;249;249;249m@[38;2;252;252;252m@@[38;2;227;227;227mF[38;2;230;230;230m~[38;2;79;79;79m`[38;2;136;136;136m_[38;2;177;177;177my[38;2;229;229;229mg[38;2;247;247;247m@[38;2;252;252;252m@[38;2;250;250;250m@[38;2;240;240;240mg[38;2;235;235;235mg[38;2;236;236;236mgggg[38;2;241;241;241mg[38;2;248;248;248m@[38;2;252;252;252m@[38;2;251;251;251m@  [38;2;0;0;227m@      [39m
 [38;2;0;0;0m     [38;2;0;0;225m@  [38;2;249;249;249m@[38;2;252;252;252m@[38;2;251;251;251m@[38;2;215;215;215mg[38;2;228;228;228my[38;2;225;225;225m$[38;2;251;251;251m@[38;2;252;252;252m@@@@@@@@@@@@@@[38;2;251;251;251m@  [38;2;0;0;227m@      [39m
 [38;2;0;0;0m     [38;2;0;0;225m@  [38;2;249;249;249m@[38;2;252;252;252m@@@@@@@@@@@@@@@@@@@@[38;2;251;251;251m@  [38;2;0;0;227m@      [39m
 [38;2;0;0;0m     [38;2;0;0;225m@  [38;2;249;249;249m@[38;2;252;252;252m@@@@@@@@@@@@@@@@@@@@[38;2;251;251;251m@  [38;2;0;0;226m@      [39m
 [38;2;0;0;0m     [38;2;0;0;225m@  [38;2;249;249;249m@[38;2;252;252;252m@@@@@@@@@@@@@@@@@@@@[38;2;251;251;251m@  [38;2;0;0;227m@      [39m
 [38;2;0;0;0m     [38;2;0;0;226m@  [38;2;249;249;249m@[38;2;252;252;252m@@@@@@@@@@@@@@@@@@@@[38;2;251;251;251m@  [38;2;0;0;226m@      [39m
 [38;2;0;0;0m     [38;2;0;0;221m@  [38;2;246;246;246m@[38;2;252;252;252m@@@@@@@@@@@@@@@@@@@@[38;2;249;249;249m@  [38;2;0;0;223m@      [39m
 [38;2;0;0;0m     [38;2;1;0;213m`[38;2;0;0;225m$[38;2;0;0;208m,[38;2;172;172;172m~[38;2;200;200;200m@[38;2;251;251;251m@@[38;2;252;252;252m@[38;2;229;229;229m@[38;2;213;213;213mF[38;2;183;183;183mF[38;2;166;166;166m@[38;2;246;246;246m@[38;2;251;251;251m@@[38;2;246;246;246m@[38;2;176;176;176m@[38;2;187;187;187mF[38;2;192;192;192mF[38;2;225;225;225m@[38;2;252;252;252m@[38;2;251;251;251m@@[38;2;213;213;213m@[38;2;199;199;199m~ [38;2;0;0;230ma[38;2;0;0;231m'      [39m
 [38;2;0;0;0m      [38;2;0;0;218m`[38;2;0;0;226m4[38;2;0;0;225mg[38;2;0;0;227m__[38;2;147;147;147m`[38;2;113;113;113m`[38;2;0;0;225m_[38;2;0;0;220ma[38;2;0;0;227ma[38;2;0;0;205my[38;2;0;0;225m_[38;2;141;141;141m``[38;2;0;0;225m_[38;2;0;0;206my[38;2;0;0;224mg[38;2;0;0;215mg[38;2;0;0;225m_[38;2;115;115;115m`[38;2;150;150;150m`[38;2;0;0;228m_[38;2;0;0;227m_[38;2;0;0;225mg[38;2;0;0;229mP[38;2;1;1;203m~       [39m
 [38;2;0;0;0m        [38;2;3;3;190m`[38;2;0;0;223m~[38;2;0;0;226m~~~~[38;2;2;0;209m` [38;2;1;1;208m~[38;2;0;0;226m~~[38;2;0;0;225m~[38;2;0;0;226m~[38;2;1;1;206m~ [38;2;2;0;207m`[38;2;0;0;225m~[38;2;0;0;227m~[38;2;0;0;226m~~~[38;2;2;3;195m`         [39m
 [38;2;0;0;0m                                       [39m
[?25h