[?25l[39m [38;2;0;0;0m                  [38;2;1;0;198m_[38;2;1;0;199m_                   [39m
 [38;2;0;0;0m            [38;2;0;0;226m_[38;2;1;0;216ma[38;2;0;0;227mg[38;2;0;0;224m@[38;2;0;0;227m@[38;2;0;0;229m@[38;2;0;0;228m@@@[38;2;0;0;227m@[38;2;0;0;225m@[38;2;0;0;227mg[38;2;1;0;213mg[38;2;0;0;226m_             [39m
 [38;2;0;0;0m         [38;2;0;0;229m_[38;2;0;0;226mg[38;2;0;0;228m@[38;2;0;0;226mP[38;2;0;0;225m~[38;2;0;0;229m~[38;2;190;190;190m_[38;2;146;146;146my[38;2;174;174;174my[38;2;187;187;187myy[38;2;174;174;174my[38;2;140;140;140my[38;2;192;192;192m_[38;2;0;0;225m~[38;2;0;0;226m~4[38;2;0;0;227m@[38;2;0;0;226mg[38;2;0;0;229m_          [39m
 [38;2;0;0;0m       [38;2;1;1;202m_[38;2;0;0;226mg[38;2;0;0;220m@[38;2;0;0;228m~[38;2;95;95;95m_[38;2;193;193;193my[38;2;245;245;245mg[38;2;246;246;246m@[38;2;251;251;251m@[38;2;252;252;252m@@@@@@[38;2;251;251;251m@[38;2;249;249;249m@[38;2;245;245;245mg[38;2;191;191;191my[38;2;95;95;95m_[38;2;0;0;225m~[38;2;0;0;217m@[38;2;0;0;222m$[38;2;1;1;201m_        [39m
 [38;2;0;0;0m      [38;2;0;0;216m_[38;2;0;0;229m@[38;2;0;0;213mF [38;2;189;189;189mg[38;2;246;246;246m@[38;2;252;252;252m@@@@@@@@@@@@@@[38;2;249;249;249m@[38;2;188;188;188mg [38;2;0;0;226m~[38;2;0;0;229m@[38;2;0;0;215m_       [39m
 [38;2;0;0;0m      [38;2;0;0;231m@[38;2;1;0;201m~ [38;2;207;207;207m@[38;2;251;251;251m@[38;2;252;252;252m@@@@@@@@@@@@@@@@@[38;2;227;227;227m@[38;2;84;84;84m,[38;2;1;0;202m"[38;2;0;0;230m@[38;2;0;0;227m,      [39m
 [38;2;0;0;0m     [38;2;0;0;212mg[38;2;0;0;220mF [38;2;223;223;223mg[38;2;251;251;251m@@[38;2;243;243;243m~[38;2;229;229;229m~[38;2;166;166;166mP[38;2;216;216;216m@[38;2;251;251;251m@[38;2;252;252;252m@@@@@@@@@@@@@[38;2;209;209;209m@ [38;2;0;0;207m?[38;2;0;0;216m$      [39m
 [38;2;0;0;0m     [38;2;0;0;225m@  [38;2;249;249;249m@[38;2;252;252;252m@[38;2;251;251;251m@[38;2;226;226;226m@[38;2;199;199;199mg[38;2;134;134;134my [38;2;152;152;152m`[38;2;244;244;244m~[38;2;217;217;217m@[38;2;252;252;252m@[38;2;228;228;228m@[38;2;252;252;252m~~~~~~[38;2;251;251;251m~[38;2;228;228;228m@[38;2;252;252;252m@[38;2;251;251;251m@  [38;2;0;0;225m@      [39m
 [38;2;0;0;0m     [38;2;0;0;226m@  [38;2;249;249;249m@[38;2;252;252;252m@[38;2;251;251;251m@[38;2;212;212;212mP[38;2;239;239;239m~[38;2;117;117;117m`[38;2;102;102;102m_[38;2;168;168;168my[38;2;220;220;220mg[38;2;245;245;245m@[38;2;252;252;252m@[38;2;249;249;249m@[38;2;236;236;236mg[38;2;231;231;231mggggg[38;2;237;237;237mg[38;2;247;247;247m@[38;2;252;252;252m@[38;2;251;251;251m@  [38;2;0;0;226m@      [39m
 [38;2;0;0;0m     [38;2;0;0;226m@  [38;2;249;249;249m@[38;2;252;252;252m@[38;2;251;251;251m@[38;2;202;202;202mg[38;2;219;219;219my[38;2;251;251;251mg@[38;2;252;252;252m@@@@@@@@@@@@@@[38;2;251;251;251m@  [38;2;0;0;226m@      [39m
 [38;2;0;0;0m     [38;2;0;0;226m@  [38;2;249;249;249m@[38;2;252;252;252m@@@@@@@@@@@@@@@@@@@@[38;2;251;251;251m@  [38;2;0;0;226m@      [39m
 [38;2;0;0;0m     [38;2;0;0;226m@  [38;2;249;249;249m@[38;2;252;252;252m@@@@@@@@@@@@@@@@@@@@[38;2;251;251;251m@  [38;2;0;0;227m@      [39m
 [38;2;0;0;0m     [38;2;0;0;226m@  [38;2;249;249;249m@[38;2;252;252;252m@@@@@@@@@@@@@@@@@@@@[38;2;251;251;251m@  [38;2;0;0;227m@      [39m
 [38;2;0;0;0m     [38;2;0;0;222m@  [38;2;246;246;246m@[38;2;252;252;252m@@@@@@@@@@@@@@@@@@@@[38;2;250;250;250m@  [38;2;0;0;224m@      [39m
 [38;2;0;0;0m     [38;2;0;0;214m`[38;2;0;0;224m$[38;2;0;0;205m,[38;2;180;180;180m~[38;2;204;204;204m@[38;2;251;251;251m@[38;2;252;252;252m@[38;2;251;251;251m@[38;2;233;233;233m@[38;2;218;218;218mF[38;2;192;192;192mF[38;2;168;168;168m@[38;2;249;249;249m@[38;2;251;251;251m@@[38;2;249;249;249m@[38;2;180;180;180m@[38;2;196;196;196mF[38;2;177;177;177mP[38;2;230;230;230m@[38;2;251;251;251m@[38;2;252;252;252m@[38;2;251;251;251m@[38;2;217;217;217m@[38;2;203;203;203m~ [38;2;0;0;230ma[38;2;0;0;231m'      [39m
 [38;2;0;0;0m      [38;2;0;1;198m~[38;2;0;0;226m4[38;2;0;0;221mg[38;2;0;0;225m_[38;2;0;0;228m_[38;2;205;205;205m`[38;2;138;138;138m`[38;2;0;0;226m_[38;2;0;0;214ma[38;2;0;0;228ma[38;2;0;0;226m_[38;2;0;0;228m_[38;2;193;193;193m`[38;2;192;192;192m`[38;2;0;0;228m_[38;2;0;0;226m_[38;2;0;0;228ma[38;2;0;0;219my[38;2;0;0;226m_[38;2;141;141;141m`[38;2;208;208;208m`[38;2;0;0;228m_[38;2;0;0;225m_[38;2;0;0;223ma[38;2;0;0;227mP[38;2;0;1;206m~       [39m
 [38;2;0;0;0m        [38;2;1;2;198m`[38;2;0;0;227m~[38;2;0;0;225m~[38;2;0;0;226m~[38;2;0;0;225m~[38;2;0;0;230m~[38;2;0;0;214m` [38;2;0;1;214m~[38;2;0;0;226m~[38;2;0;0;225m~[38;2;0;0;226m~~[38;2;0;1;213m~ [38;2;1;0;211m`[38;2;0;0;227m~[38;2;0;0;225m~~~[38;2;0;0;228m~[38;2;1;2;203m`         [39m
 [38;2;0;0;0m                                       [39m
 [38;2;0;0;0m                                       [39m
[?25h