[?25l[39m [38;2;0;0;0m                  [38;2;2;0;200m_[38;2;2;0;199m_                   [39m
 [38;2;0;0;0m            [38;2;0;0;226m_[38;2;0;0;216ma[38;2;0;0;227ma[38;2;0;0;219mP[38;2;0;0;225m=[38;2;0;0;228m~~~[38;2;0;0;229m~[38;2;0;0;225m=[38;2;0;0;214mR[38;2;0;0;228ma[38;2;1;0;213mg[38;2;0;0;226m_             [39m
 [38;2;0;0;0m         [38;2;0;0;228m_[38;2;0;0;229ma[38;2;0;0;222mP[38;2;0;0;229m~[38;2;140;140;140m_[38;2;168;168;168my[38;2;212;212;212my[38;2;235;235;235mg[38;2;252;252;252mg[38;2;222;222;222m$[38;2;223;223;223m$[38;2;252;252;252mg[38;2;235;235;235mg[38;2;212;212;212my[38;2;163;163;163my[38;2;139;139;139m_[38;2;0;0;226m~[38;2;0;0;221m4[38;2;0;0;228ma[38;2;0;0;229m_          [39m
 [38;2;0;0;0m       [38;2;1;0;202m_[38;2;0;0;229ma[38;2;0;0;212mF [38;2;188;188;188my[38;2;205;205;205m@[38;2;251;251;251m@[38;2;252;252;252m@@@@@@@@@@[38;2;251;251;251m@[38;2;216;216;216m@[38;2;184;184;184my [38;2;0;0;227m~[38;2;0;0;223m$[38;2;2;1;202m_        [39m
 [38;2;0;0;0m      [38;2;0;0;214m_[38;2;0;0;219m@[38;2;1;0;198m'[38;2;141;141;141my[38;2;222;222;222m@[38;2;251;251;251m@[38;2;252;252;252m@@@@@@@@@@@@@@@[38;2;235;235;235m@[38;2;125;125;125my [38;2;0;0;226m#[38;2;0;0;214m_       [39m
 [38;2;0;0;0m      [38;2;0;0;229m@ [38;2;147;147;148my[38;2;248;248;248m@[38;2;252;252;252m@@[38;2;251;251;251m@@@@@[38;2;252;252;252m@@@@@[38;2;251;251;251m@@@@[38;2;252;252;252m@@[38;2;251;251;251m@[38;2;132;132;132my [38;2;0;0;224m@[38;2;0;0;225m,      [39m
 [38;2;0;0;0m     [38;2;1;0;214mg[38;2;0;0;195mF [38;2;220;220;220m@[38;2;252;252;252m@[38;2;251;251;251m@[38;2;224;224;224mF[38;2;192;192;192m~[38;2;175;175;175mw[38;2;182;182;182ma[38;2;169;169;169mw[38;2;198;198;198m~[38;2;191;191;191mR[38;2;252;252;252m@[38;2;251;251;251m@[38;2;207;207;207m@[38;2;234;234;234m~[38;2;164;164;164my[38;2;177;177;177ma[38;2;183;183;183my[38;2;114;114;114my[38;2;143;143;143mM[38;2;245;245;245m@[38;2;252;252;252m@[38;2;239;239;239m@  [38;2;0;0;217m$      [39m
 [38;2;0;0;0m     [38;2;0;0;225m@  [38;2;249;249;249m@[38;2;251;251;251m@[38;2;166;166;166m@[38;2;83;83;83mu[38;2;187;187;187mF [38;2;172;172;172my [38;2;198;198;198m$ [38;2;222;222;222m@[38;2;240;240;240m@ [38;2;186;186;186m$[38;2;66;66;66m~[38;2;162;162;162mg [38;2;130;130;130m4[38;2;107;107;107mL[38;2;159;159;159m9[38;2;252;252;252m@[38;2;251;251;251m@  [38;2;0;0;226m@      [39m
 [38;2;0;0;0m     [38;2;0;0;226m@  [38;2;249;249;249m@[38;2;252;252;252m@[38;2;217;217;217m@[38;2;76;76;76m_[38;2;150;150;150m$[38;2;152;152;152my[38;2;188;188;188my[38;2;189;189;189my[38;2;166;166;166my[38;2;204;204;204mg[38;2;251;251;251m@@[38;2;127;127;127my[38;2;143;143;143m4[38;2;170;170;170mw[38;2;162;162;162my[38;2;198;198;198my[38;2;162;162;162my[38;2;200;200;200my[38;2;233;233;233m@[38;2;252;252;252m@[38;2;251;251;251m@  [38;2;0;0;226m@      [39m
 [38;2;0;0;0m     [38;2;0;0;226m@  [38;2;249;249;249m@[38;2;252;252;252m@@[38;2;249;249;249m@[38;2;235;235;235mg[38;2;207;207;207my[38;2;195;195;195my[38;2;215;215;215my[38;2;250;250;250m@[38;2;252;252;252m@@@[38;2;251;251;251m@[38;2;219;219;219m$[38;2;220;220;220my[38;2;197;197;197my[38;2;198;198;198my[38;2;220;220;220m@[38;2;251;251;251m@[38;2;252;252;252m@@[38;2;251;251;251m@  [38;2;0;0;226m@      [39m
 [38;2;0;0;0m     [38;2;0;0;226m@  [38;2;249;249;249m@[38;2;252;252;252m@@@@@@@@@@@@@@@@@@@@[38;2;251;251;251m@  [38;2;0;0;226m@      [39m
 [38;2;0;0;0m     [38;2;0;0;226m@  [38;2;249;249;249m@[38;2;252;252;252m@@@@@@@@@@@@@@@@@@@@[38;2;251;251;251m@  [38;2;0;0;227m@      [39m
 [38;2;0;0;0m     [38;2;0;0;226m@  [38;2;249;249;249m@[38;2;252;252;252m@@@@@@@@@@@@@@@@@@@@[38;2;251;251;251m@  [38;2;0;0;227m@      [39m
 [38;2;0;0;0m     [38;2;0;0;226m@  [38;2;249;249;249m@[38;2;252;252;252m@@@@@@@@@@@@@@@@@@@@[38;2;251;251;251m@  [38;2;0;0;227m@      [39m
 [38;2;0;0;0m     [38;2;0;0;220m@  [38;2;243;243;243m@[38;2;252;252;252m@@@@@@@@@@@@@@@@@@@@[38;2;248;248;248m@  [38;2;0;0;223m@      [39m
 [38;2;0;0;0m     [38;2;1;0;212m`[38;2;0;0;224m@[38;2;1;0;206m_[38;2;148;148;148m~[38;2;174;174;174m@[38;2;247;247;247m@[38;2;251;251;251m@[38;2;250;250;250m@[38;2;209;209;209m@[38;2;194;194;194mF[38;2;174;174;174mT[38;2;170;170;170mA[38;2;233;233;233m@[38;2;251;251;251m@@[38;2;235;235;235m@[38;2;223;223;223mF[38;2;162;162;162mF[38;2;155;155;155mM[38;2;201;201;201m@[38;2;250;250;250m@[38;2;252;252;252m@[38;2;248;248;248m@[38;2;190;190;190m@[38;2;176;176;176m~[38;2;1;0;202m_[38;2;0;0;230mg[38;2;2;1;194mF      [39m
 [38;2;0;0;0m      [38;2;0;0;218m`[38;2;0;0;225m4[38;2;0;0;227mg[38;2;0;0;225m___[38;2;0;0;223m_[38;2;0;0;227m_[38;2;0;0;225mg[38;2;0;0;222m@[38;2;0;0;218my[38;2;0;0;226m_[38;2;0;0;223m__[38;2;0;0;226m_[38;2;0;0;215ma[38;2;0;0;218m@[38;2;0;0;225mg[38;2;0;0;227m_[38;2;0;0;223m_[38;2;0;0;225m__[38;2;0;0;227m_[38;2;0;0;228mg[38;2;0;0;227mP[38;2;1;1;202m~       [39m
 [38;2;0;0;0m        [38;2;2;3;189m`[38;2;0;0;224m~[38;2;0;0;226m~[38;2;0;0;227m~~~[38;2;2;0;209m` [38;2;1;1;207m~[38;2;0;0;227m~~~~[38;2;1;1;207m~ [38;2;1;0;210m`[38;2;0;0;224m~[38;2;0;0;227m~~[38;2;0;0;226m~[38;2;0;0;225m~[38;2;3;2;194m`         [39m
 [38;2;0;0;0m                                       [39m
[?25h