[?25l[39m [38;2;0;0;0m               [38;2;0;0;231m_[38;2;0;0;226m_[38;2;1;1;207my[38;2;0;0;218mya[38;2;1;0;216ma[38;2;0;0;217my[38;2;1;1;203my[38;2;0;0;224m_[38;2;0;0;231m_              [39m
 [38;2;0;0;0m            [38;2;0;0;226m_g[38;2;0;0;225mP~[38;2;0;0;227m~[38;2;89;89;89m_[38;2;231;231;231m_[38;2;245;245;245m_[38;2;249;249;249m_[38;2;243;243;243m_[38;2;226;226;226m_[38;2;0;0;219m~[38;2;0;0;227m~~[38;2;0;0;213mR[38;2;0;0;218mg[38;2;0;0;227m_          [39m
 [38;2;0;0;0m          [38;2;0;0;231m_[38;2;0;0;223m@[38;2;0;0;229m~ [38;2;174;174;174my[38;2;235;235;235mg[38;2;238;238;238m@[38;2;251;251;251m@[38;2;252;252;252m@@@@[38;2;251;251;251m@@[38;2;246;246;246m@[38;2;249;249;249mg[38;2;205;205;205my[38;2;210;210;210m_[38;2;0;0;224m~4[38;2;0;0;216mg[38;2;1;1;205m_       [39m
 [38;2;0;0;0m         [38;2;0;0;221mg[38;2;0;0;228mF [38;2;184;184;184my[38;2;233;233;233m@[38;2;251;251;251m@[38;2;252;252;252m@@@@@@@@@@@@[38;2;251;251;251m@[38;2;226;226;226m@[38;2;181;181;181my[38;2;1;1;189m`[38;2;0;0;219m?[38;2;0;0;218mg      [39m
 [38;2;0;0;0m        [38;2;0;0;228mj[38;2;0;0;227mF [38;2;192;192;192mg[38;2;251;251;251m@[38;2;252;252;252m@@@@@@@@@@@@@@@@@[38;2;221;221;221m@[38;2;118;118;118m_[38;2;0;0;210m"[38;2;0;0;228m$[38;2;1;0;210m,    [39m
 [38;2;0;0;0m        [38;2;0;0;233m@ [38;2;132;132;133my[38;2;251;251;251m@[38;2;252;252;252m@@@@@@@@@@[38;2;223;223;223m@[38;2;250;250;250m~[38;2;163;163;163m5[38;2;219;219;219m@[38;2;251;251;251m@[38;2;252;252;252m@@@@[38;2;238;238;238m@ [38;2;2;1;198m`[38;2;0;0;226m$    [39m
 [38;2;0;0;0m       [38;2;2;2;190mJ[38;2;0;0;221mF [38;2;179;179;179m$[38;2;252;252;252m@@@@@@@@@@@[38;2;247;247;247m@[38;2;203;203;203mg[38;2;149;149;149my [38;2;161;161;161m`[38;2;241;241;241m~[38;2;192;192;192mA[38;2;251;251;251m@@[38;2;205;205;205m@[38;2;105;105;106mF [38;2;0;0;230m$    [39m
 [38;2;0;0;0m       [38;2;2;2;196mJ[38;2;1;0;218m[ [38;2;199;199;199m$[38;2;252;252;252m@@@@@@@@@@@[38;2;249;249;249m@[38;2;223;223;223mP[38;2;251;251;251m~[38;2;91;91;91m~[38;2;66;66;66m_[38;2;149;149;149my[38;2;200;200;200mg[38;2;251;251;251m@@[38;2;201;201;201m$[38;2;118;118;119mw [38;2;0;0;224m$    [39m
 [38;2;0;0;0m       [38;2;2;1;204mJ[38;2;1;0;215m[ [38;2;215;215;215m$[38;2;252;252;252m@@@@@@@@@@@[38;2;222;222;222m@[38;2;170;170;170my[38;2;207;207;207my[38;2;246;246;246mg[38;2;249;249;249m@[38;2;251;251;251m@[38;2;252;252;252m@@@[38;2;251;251;251m@[38;2;138;138;138m@ [38;2;0;0;230m$    [39m
 [38;2;0;0;0m       [38;2;1;0;211m4[38;2;0;0;206m[ [38;2;232;232;232m$[38;2;252;252;252m@@@@@@@@@@@@@@@@@@@@[38;2;251;251;251m@[38;2;151;151;151mF [38;2;0;0;235m$    [39m
 [38;2;0;0;0m       [38;2;0;0;218m@  [38;2;246;246;246m@[38;2;252;252;252m@@@@@@@@@@@@@@@@@@@@[38;2;251;251;251m@[38;2;68;68;69mF [38;2;0;0;228m@    [39m
 [38;2;0;0;0m       [38;2;0;0;235m@ [38;2;131;131;131my[38;2;251;251;251m@[38;2;252;252;252m@@@@@@@@@@@@@@@@@@@@[38;2;238;238;238m@ [38;2;0;0;199mj[38;2;0;0;224mF    [39m
 [38;2;0;0;0m      [38;2;1;0;205mj[38;2;0;0;223mF [38;2;195;195;195m$[38;2;252;252;252m@@@@@@@@@@@@@@@@@@@@[38;2;251;251;251m@[38;2;153;153;154m@ [38;2;0;0;231mg[38;2;0;0;224m'    [39m
 [38;2;0;0;0m      [38;2;0;0;221m@  [38;2;246;246;246m@[38;2;252;252;252m@@@@@@@@@@@@@@@@@@@@[38;2;250;250;250m@[38;2;91;91;91m~ [38;2;0;0;225m@     [39m
 [38;2;0;0;0m      [38;2;0;0;233m@[38;2;0;0;217m, [38;2;216;216;216m@[38;2;235;235;235m@[38;2;239;239;239m@[38;2;251;251;251m@[38;2;252;252;252m@@@[38;2;251;251;251m@[38;2;245;245;245m@[38;2;228;228;228m@[38;2;249;249;249m@[38;2;252;252;252m@@@@[38;2;250;250;250m@[38;2;231;231;231m@[38;2;244;244;244m@[38;2;251;251;251m@@[38;2;243;243;243m@[38;2;162;162;162mF [38;2;0;0;229mg[38;2;1;1;207mF     [39m
 [38;2;0;0;0m      [38;2;0;0;222m?[38;2;0;0;226m@[38;2;0;0;206my[38;2;0;0;226m_[38;2;0;0;227m__[38;2;125;125;125m~[38;2;247;247;247m~[38;2;164;164;164mF[38;2;250;250;250m~[38;2;162;162;162m~[38;2;0;0;227m_[38;2;0;0;226m_[38;2;0;0;196m_[38;2;230;230;230m~[38;2;176;176;176mT[38;2;159;159;159mF[38;2;229;229;229m~[38;2;0;0;224m_[38;2;0;0;226m_[38;2;0;0;224m_[38;2;167;167;167m~[38;2;220;220;220m~[38;2;0;0;226m_[38;2;0;0;216my[38;2;0;0;226m@[38;2;0;0;211mF      [39m
 [38;2;0;0;0m       [38;2;0;0;223m~[38;2;0;0;224m4[38;2;0;0;225m@[38;2;0;0;228m=[38;2;0;0;223m@[38;2;0;0;226m@@[38;2;0;0;225m@[38;2;0;0;226m@[38;2;0;0;227m@[38;2;0;0;224mP[38;2;0;0;227m4[38;2;0;0;226m@[38;2;0;0;227m@[38;2;0;0;225m@[38;2;0;0;226m@@[38;2;0;0;218m@[38;2;0;0;228m=[38;2;0;0;227m@[38;2;0;0;226m@@[38;2;0;0;214m@[38;2;0;0;228m~[38;2;0;0;212m'       [39m
 [38;2;0;0;0m             [38;2;1;0;225m``[38;2;1;1;206m`    [38;2;0;1;219m`[38;2;0;0;226m`[38;2;0;1;225m`    [38;2;4;2;185m`           [39m
 [38;2;0;0;0m                                       [39m
[?25h