[?25l[39m [38;2;0;0;0m                [38;2;0;0;222m_[38;2;0;0;232m_[38;2;0;0;229m__[38;2;0;0;233m_[38;2;1;0;222m_                 [39m
 [38;2;0;0;0m           [38;2;0;0;227m_[38;2;1;1;207my[38;2;0;0;227mg[38;2;0;0;224m@[38;2;0;0;227m@[38;2;0;0;224m@[38;2;0;0;219mR[38;2;0;0;220mP[38;2;0;0;216mR[38;2;0;0;219mR[38;2;0;0;225m@[38;2;0;0;227m@[38;2;0;0;225m@[38;2;0;0;227mg[38;2;0;1;207my[38;2;0;0;228m_            [39m
 [38;2;0;0;0m         [38;2;0;0;229m_[38;2;0;0;218m@[38;2;0;0;224m@[38;2;0;0;210mF[38;2;0;0;229m~[38;2;147;147;147m_[38;2;148;148;148my[38;2;188;188;188my[38;2;208;208;208my[38;2;221;221;221my[38;2;220;220;220my[38;2;208;208;208my[38;2;188;188;188my[38;2;141;141;141my[38;2;147;147;147m_[38;2;0;0;226m~~[38;2;0;0;224m@[38;2;0;0;223m@[38;2;0;0;229m_          [39m
 [38;2;0;0;0m       [38;2;0;0;221m_[38;2;0;0;223m@[38;2;0;0;226mP[38;2;0;0;217m~[38;2;193;193;193m_[38;2;199;199;199mg[38;2;227;227;227m@[38;2;251;251;251m@[38;2;252;252;252m@@@@@@@@[38;2;251;251;251m@[38;2;234;234;234m@[38;2;199;199;199mg[38;2;194;194;194m_[38;2;0;0;215m~[38;2;0;0;226m4[38;2;0;0;225m@[38;2;0;0;222m_        [39m
 [38;2;0;0;0m      [38;2;0;0;218mj[38;2;0;0;228m@[38;2;0;0;219m~[38;2;101;101;101m_[38;2;224;224;224mg[38;2;251;251;251m@[38;2;252;252;252m@@@@@@@@@@@@@@[38;2;251;251;251m@[38;2;197;197;197m$[38;2;101;101;101m_[38;2;0;0;215m~[38;2;0;0;226m@[38;2;0;0;214mL       [39m
 [38;2;0;0;0m      [38;2;0;0;231m@[38;2;1;1;204m'[38;2;115;115;115m_[38;2;230;230;230m@[38;2;252;252;252m@[38;2;251;251;251m@@[38;2;252;252;252m@@@@@@@@@@@@@@@[38;2;241;241;241m@[38;2;116;116;116m_ [38;2;0;0;228m@[38;2;0;0;234m,      [39m
 [38;2;0;0;0m     [38;2;0;0;216mg[38;2;0;0;212mF [38;2;212;212;212m$[38;2;252;252;252m@[38;2;251;251;251m@[38;2;193;193;193m~[38;2;142;142;142m~[38;2;247;247;247m~[38;2;198;198;198mR[38;2;247;247;247m@[38;2;251;251;251m@[38;2;252;252;252m@@@@@@@@@@@@[38;2;224;224;224m@ [38;2;0;0;208m"[38;2;0;0;219m$      [39m
 [38;2;0;0;0m     [38;2;0;0;225m@  [38;2;249;249;249m@[38;2;252;252;252m@@[38;2;251;251;251m@[38;2;241;241;241mg[38;2;165;165;165mw  [38;2;185;185;185m~[38;2;201;201;201m@[38;2;251;251;251m@[38;2;217;217;217m@[38;2;235;235;235m~[38;2;219;219;219m~[38;2;218;218;218m~~~~[38;2;236;236;236m~[38;2;214;214;214m@[38;2;252;252;252m@[38;2;251;251;251m@  [38;2;0;0;226m@      [39m
 [38;2;0;0;0m     [38;2;0;0;226m@  [38;2;249;249;249m@[38;2;252;252;252m@[38;2;251;251;251m@[38;2;201;201;201mF[38;2;178;178;178m~ [38;2;224;224;224m_[38;2;205;205;205my[38;2;247;247;247mg[38;2;250;250;250m@[38;2;252;252;252m@[38;2;251;251;251m@[38;2;215;215;215m@[38;2;252;252;252mggggg[38;2;212;212;212m@[38;2;252;252;252m@@[38;2;251;251;251m@  [38;2;0;0;226m@      [39m
 [38;2;0;0;0m     [38;2;0;0;226m@  [38;2;249;249;249m@[38;2;252;252;252m@[38;2;251;251;251m@[38;2;248;248;248mg[38;2;242;242;242mg[38;2;241;241;241m@[38;2;251;251;251m@[38;2;252;252;252m@@@@@@@@@@@@@@[38;2;251;251;251m@  [38;2;0;0;226m@      [39m
 [38;2;0;0;0m     [38;2;0;0;226m@  [38;2;249;249;249m@[38;2;252;252;252m@@@@@@@@@@@@@@@@@@@@[38;2;251;251;251m@  [38;2;0;0;226m@      [39m
 [38;2;0;0;0m     [38;2;0;0;226m@  [38;2;249;249;249m@[38;2;252;252;252m@@@@@@@@@@@@@@@@@@@@[38;2;251;251;251m@  [38;2;0;0;227m@      [39m
 [38;2;0;0;0m     [38;2;0;0;226m@  [38;2;249;249;249m@[38;2;252;252;252m@@@@@@@@@@@@@@@@@@@@[38;2;251;251;251m@  [38;2;0;0;227m@      [39m
 [38;2;0;0;0m     [38;2;0;0;219m@  [38;2;243;243;243m@[38;2;252;252;252m@@@@@@@@@@@@@@@@@@@@[38;2;248;248;248m@  [38;2;0;0;222m@      [39m
 [38;2;0;0;0m     [38;2;1;1;211m`[38;2;0;0;224m@[38;2;0;0;214m,[38;2;150;150;150m~[38;2;175;175;175m@[38;2;248;248;248m@[38;2;251;251;251m@[38;2;250;250;250m@[38;2;212;212;212m@[38;2;199;199;199mF[38;2;173;173;173mT[38;2;171;171;171mA[38;2;238;238;238m@[38;2;251;251;251m@@[38;2;239;239;239m@[38;2;205;205;205mP[38;2;173;173;173mT[38;2;147;147;147m5[38;2;203;203;203m@[38;2;250;250;250m@[38;2;251;251;251m@[38;2;249;249;249m@[38;2;191;191;191m@[38;2;179;179;179m~[38;2;1;0;198m_[38;2;0;0;232ma'      [39m
 [38;2;0;0;0m      [38;2;1;1;210m`[38;2;0;0;215m4[38;2;0;0;226ma[38;2;0;0;225m_[38;2;0;0;226m_[38;2;0;0;229m_[38;2;0;0;227m_[38;2;0;0;225m_a[38;2;0;0;218m@y[38;2;0;0;226m_[38;2;0;0;228m__[38;2;0;0;226m_[38;2;0;0;217my[38;2;0;0;226ma[38;2;0;0;222mg[38;2;0;0;225m_[38;2;0;0;227m_[38;2;0;0;229m_[38;2;0;0;226m_[38;2;0;0;225m_[38;2;0;0;227ma[38;2;0;0;221mP[38;2;0;0;228m'       [39m
 [38;2;0;0;0m         [38;2;1;1;212m~[38;2;0;0;229m~[38;2;0;0;226m~[38;2;0;0;227m~[38;2;0;0;222m~  `[38;2;0;0;228m~[38;2;0;0;226m~~[38;2;0;0;230m~[38;2;0;0;222m`  [38;2;0;0;220m~[38;2;0;0;228m~[38;2;0;0;226m~[38;2;0;0;229m~[38;2;0;1;212m~          [39m
 [38;2;0;0;0m                                       [39m
 [38;2;0;0;0m                                       [39m
[?25h