[?25l[39m [38;2;0;0;0m                                       [39m
 [38;2;0;0;0m            [38;2;0;0;228m_[38;2;1;1;207my[38;2;0;0;228ma[38;2;0;0;218m#[38;2;0;0;220mP[38;2;0;0;225m=[38;2;0;0;217m=[38;2;0;0;218m=[38;2;0;0;226m=[38;2;0;0;229m=[38;2;0;0;210m@[38;2;0;0;226ma[38;2;0;1;208my[38;2;0;0;228m_             [39m
 [38;2;0;0;0m         [38;2;0;0;221m_[38;2;0;0;224ma[38;2;0;0;228mP[38;2;0;0;225m~[38;2;0;0;234m`[38;2;246;246;246m_[38;2;191;191;191my[38;2;200;200;200ma[38;2;239;239;239mg[38;2;252;252;252mgg[38;2;239;239;239mg[38;2;193;193;193mg[38;2;192;192;192my[38;2;247;247;247m_[38;2;0;0;232m`[38;2;0;0;226m~[38;2;0;0;229m4[38;2;0;0;222mg[38;2;0;0;219m_          [39m
 [38;2;0;0;0m        [38;2;0;0;226mg[38;2;0;0;220mF[38;2;1;0;202m`[38;2;168;168;168my[38;2;240;240;240mg[38;2;249;249;249m@[38;2;251;251;251m@[38;2;252;252;252m@@@@@@@@@[38;2;251;251;251m@[38;2;240;240;240mg[38;2;160;160;160my[38;2;1;0;202m`[38;2;0;0;215m?[38;2;0;0;225mg[38;2;1;0;223m,        [39m
 [38;2;0;0;0m      [38;2;0;0;206m_[38;2;0;0;224m@[38;2;1;1;209m'[38;2;110;110;110my[38;2;204;204;204m@[38;2;251;251;251m@[38;2;252;252;252m@@@@@@@@@@@@@@[38;2;251;251;251m@[38;2;222;222;222m@[38;2;170;170;170m_[38;2;1;1;203m`[38;2;0;0;219m@[38;2;1;0;207m_       [39m
 [38;2;0;0;0m      [38;2;0;0;230m@ [38;2;128;128;128my[38;2;245;245;245m@[38;2;252;252;252m@@@@@@@@@@@@@@@@@@[38;2;250;250;250m@[38;2;111;111;112my [38;2;0;0;225m@[38;2;0;0;217m,      [39m
 [38;2;0;0;0m     [38;2;1;0;211mg[38;2;0;0;201mF [38;2;227;227;227m$[38;2;252;252;252m@[38;2;251;251;251m@[38;2;252;252;252m@@@@@@[38;2;251;251;251m@[38;2;252;252;252m@@@@@@@@@@@[38;2;234;234;234m@  [38;2;0;0;215m$      [39m
 [38;2;0;0;0m     [38;2;0;0;224m@  [38;2;250;250;250m@[38;2;251;251;251m@[38;2;152;152;152m@      [38;2;154;154;154m_[38;2;248;248;248m@[38;2;212;212;212m@      [38;2;68;68;68m_[38;2;215;215;215m$[38;2;252;252;252m@[38;2;251;251;251m@  [38;2;0;0;228m$      [39m
 [38;2;0;0;0m     [38;2;0;0;225m@  [38;2;249;249;249m@[38;2;252;252;252m@[38;2;251;251;251m@[38;2;249;249;249m@@[38;2;250;250;250m@[38;2;251;251;251m@@[38;2;252;252;252m@[38;2;251;251;251m@[38;2;252;252;252m@@@@@@@@@@@[38;2;251;251;251m@  [38;2;0;0;226m@      [39m
 [38;2;0;0;0m     [38;2;0;0;225m@  [38;2;249;249;249m@[38;2;252;252;252m@@@@@@@@@@@@@@@@@@@@[38;2;251;251;251m@  [38;2;0;0;226m@      [39m
 [38;2;0;0;0m     [38;2;0;0;225m@  [38;2;250;250;250m@[38;2;252;252;252m@@@@@@@@@@@@@@@@@@@@[38;2;251;251;251m@  [38;2;0;0;226m@      [39m
 [38;2;0;0;0m     [38;2;0;0;225m@  [38;2;250;250;250m@[38;2;252;252;252m@@@@@@@@@@@@@@@@@@@@[38;2;251;251;251m@  [38;2;0;0;226m@      [39m
 [38;2;0;0;0m     [38;2;0;0;225m@  [38;2;249;249;249m@[38;2;252;252;252m@@@@@@@@@@@@@@@@@@@@[38;2;251;251;251m@  [38;2;0;0;226m@      [39m
 [38;2;0;0;0m     [38;2;0;0;225m@  [38;2;249;249;249m@[38;2;252;252;252m@@@@@@@@@@@@@@@@@@@@[38;2;251;251;251m@  [38;2;0;0;226m@      [39m
 [38;2;0;0;0m     [38;2;0;0;212m@[38;2;0;0;224mL [38;2;189;189;189mR[38;2;251;251;251m@[38;2;252;252;252m@@@@[38;2;250;250;250m@[38;2;246;246;246m@[38;2;251;251;251m@[38;2;252;252;252m@@@@[38;2;251;251;251m@[38;2;246;246;246m@[38;2;249;249;249m@[38;2;252;252;252m@@@@[38;2;251;251;251m@[38;2;184;184;184m@ [38;2;0;0;226mj[38;2;0;0;217m@      [39m
 [38;2;0;0;0m     [38;2;1;1;204m`[38;2;0;0;225m@[38;2;0;0;220mg[38;2;0;0;227m_[38;2;162;162;162m~[38;2;176;176;176mT[38;2;190;190;190mT[38;2;182;182;182mF[38;2;225;225;225m~[38;2;0;0;222m_[38;2;0;0;226m_[38;2;155;155;155m`[38;2;242;242;242m~[38;2;181;181;181mF[38;2;187;187;187mF[38;2;248;248;248m~[38;2;156;156;156m`[38;2;0;0;226m_[38;2;0;0;223m_[38;2;204;204;204m~[38;2;166;166;166mF[38;2;187;187;187mF[38;2;172;172;172mF[38;2;183;183;183m~[38;2;0;0;227m_[38;2;0;0;222ma[38;2;0;0;226m@[38;2;0;0;227m'      [39m
 [38;2;0;0;0m       [38;2;0;0;228m~[38;2;0;0;216m@[38;2;0;0;226m@[38;2;0;0;222m@[38;2;0;0;226mgg@[38;2;0;0;224m@[38;2;0;0;222m4[38;2;0;0;227m@[38;2;0;0;226m@gg[38;2;0;0;225m@[38;2;0;0;228m@[38;2;0;0;223mP[38;2;0;0;224m@[38;2;0;0;226m@[38;2;0;0;219m@[38;2;0;0;226mg[38;2;0;0;220m@[38;2;0;0;226m@[38;2;0;0;217m@[38;2;0;0;229m~        [39m
 [38;2;0;0;0m          [38;2;0;0;227m`[38;2;2;1;213m~[38;2;3;1;199m~[38;2;4;1;193m`   [38;2;1;0;224m`[38;2;4;1;207m~[38;2;1;1;210m~[38;2;1;0;223m`   [38;2;1;1;190m`[38;2;0;0;227m`[38;2;2;1;214m~[38;2;0;0;227m`           [39m
 [38;2;0;0;0m                                       [39m
[?25h