[?25l[39m [38;2;0;0;0m                                       [39m
 [38;2;0;0;0m              [38;2;0;0;227m_[38;2;0;0;226m_[38;2;0;0;225m_[38;2;0;0;211my[38;2;0;0;219my[38;2;0;0;221my[38;2;0;0;215my[38;2;1;1;200my[38;2;0;0;226m_[38;2;0;0;227m_               [39m
 [38;2;0;0;0m          [38;2;2;2;187m_[38;2;0;0;225m_[38;2;0;0;227ma[38;2;0;0;224mP[38;2;0;0;225m~[38;2;0;0;229m~[38;2;117;117;117m_[38;2;207;207;207m_[38;2;252;252;252m_[38;2;253;253;253m_[38;2;233;233;233m_[38;2;150;150;150m_[38;2;0;0;230m~[38;2;0;0;225m~[38;2;0;0;224m=[38;2;0;0;217m@y[38;2;0;0;226m_           [39m
 [38;2;0;0;0m        [38;2;1;1;195m_[38;2;0;0;224ma[38;2;0;0;225mP[38;2;0;0;222m~[38;2;190;190;190m_[38;2;209;209;209my[38;2;247;247;247mg[38;2;242;242;242m@[38;2;252;252;252m@[38;2;251;251;251m@[38;2;252;252;252m@@[38;2;251;251;251m@@@[38;2;224;224;224m@[38;2;213;213;213mg[38;2;150;150;150my[38;2;0;0;219m`[38;2;0;0;226m~[38;2;0;0;219m@[38;2;0;0;229m_         [39m
 [38;2;0;0;0m       [38;2;0;0;213mj[38;2;0;0;231mP[38;2;1;1;211m'[38;2;126;126;127my[38;2;244;244;244mg[38;2;251;251;251m@[38;2;252;252;252m@@@@@@@@@@@@@[38;2;244;244;244m@[38;2;200;200;200my [38;2;0;0;227m~[38;2;0;0;223m$[38;2;1;0;212m,       [39m
 [38;2;0;0;0m      [38;2;0;0;222mj[38;2;0;0;232mF [38;2;180;180;180mg[38;2;251;251;251m@[38;2;252;252;252m@@@@@@@@@@@@@@@@@[38;2;225;225;225m@[38;2;104;104;104m_[38;2;0;0;200m"[38;2;0;0;230m$[38;2;1;0;201m,      [39m
 [38;2;0;0;0m      [38;2;0;0;229m@ [38;2;158;158;158my[38;2;251;251;251m@[38;2;233;233;233m@[38;2;178;178;178mF[38;2;172;172;172mP[38;2;222;222;222m@[38;2;251;251;251m@[38;2;252;252;252m@@@@@@@@@@@@@@[38;2;228;228;228m@ [38;2;0;0;206m"[38;2;0;0;218m$      [39m
 [38;2;0;0;0m     [38;2;0;0;211mJ[38;2;1;0;212m[ [38;2;220;220;220m$[38;2;252;252;252m@[38;2;246;246;246m@[38;2;193;193;193mg[38;2;136;136;136my [38;2;178;178;178m`[38;2;247;247;247m~[38;2;168;168;168m@[38;2;251;251;251m@@[38;2;212;212;212m@[38;2;205;205;205mF[38;2;204;204;204mFFFFF[38;2;178;178;178m@[38;2;252;252;252m@@[38;2;251;251;251m@[38;2;138;138;138mL [38;2;0;0;236m$      [39m
 [38;2;0;0;0m     [38;2;1;0;211m4[38;2;0;0;204m[ [38;2;233;233;233m$[38;2;252;252;252m@[38;2;249;249;249m@[38;2;182;182;182m@[38;2;169;169;169mF[38;2;113;113;113m~ [38;2;137;137;137my[38;2;191;191;191mg[38;2;250;250;250m@[38;2;251;251;251m@[38;2;195;195;195m$[38;2;193;193;193my[38;2;192;192;192myyyyy[38;2;199;199;199mg[38;2;251;251;251m@[38;2;252;252;252m@[38;2;251;251;251m@[38;2;143;143;143mF [38;2;0;0;235m$      [39m
 [38;2;0;0;0m     [38;2;0;0;211m4[38;2;0;0;203m[ [38;2;234;234;234m$[38;2;252;252;252m@[38;2;219;219;219m@[38;2;163;163;163my[38;2;190;190;190my[38;2;244;244;244mg[38;2;248;248;248m@[38;2;252;252;252m@@@@@@@@@@@@@@[38;2;251;251;251m@[38;2;141;141;141mF [38;2;0;0;237m$      [39m
 [38;2;0;0;0m     [38;2;0;0;213m4[38;2;0;0;201m[ [38;2;222;222;222m@[38;2;252;252;252m@@@@@@@@@@@@@@@@@@@@@[38;2;135;135;135mF [38;2;0;0;236m$      [39m
 [38;2;0;0;0m     [38;2;0;0;216m4[38;2;0;0;197m[ [38;2;228;228;228m@[38;2;252;252;252m@@@@@@@@@@@@@@@@@@@@@[38;2;123;123;124mF [38;2;0;0;237m$      [39m
 [38;2;0;0;0m     [38;2;0;0;220m4[38;2;0;0;190m[ [38;2;235;235;235m@[38;2;252;252;252m@@@@@@@@@@@@@@@@@@@@[38;2;251;251;251m@[38;2;121;121;122mL [38;2;0;0;232m@      [39m
 [38;2;0;0;0m     [38;2;0;0;212m$  [38;2;242;242;242m@[38;2;252;252;252m@@@@@@@@@@@@@@@@@@@@[38;2;251;251;251m@[38;2;102;102;103mL [38;2;0;0;231m@      [39m
 [38;2;0;0;0m     [38;2;0;0;212m@[38;2;0;0;214m, [38;2;239;239;239m@[38;2;252;252;252m@@@@@@@@@@@@@@@@@@@@[38;2;250;250;250m@[38;2;65;65;66m~ [38;2;0;0;227m@      [39m
 [38;2;0;0;0m     [38;2;1;1;210m`[38;2;0;0;224m@[38;2;0;0;212m,[38;2;155;155;155m~[38;2;191;191;191m@[38;2;251;251;251m@[38;2;219;219;219m@[38;2;205;205;205mF[38;2;181;181;181mF[38;2;169;169;169m@[38;2;247;247;247m@[38;2;251;251;251m@[38;2;252;252;252m@[38;2;243;243;243m@[38;2;215;215;215mP[38;2;183;183;183mF[38;2;175;175;175mP[38;2;227;227;227m@[38;2;252;252;252m@[38;2;251;251;251m@@[38;2;203;203;203m@[38;2;195;195;195mF[38;2;162;162;162mM[38;2;208;208;208m~ [38;2;0;0;229ma[38;2;1;1;198mF      [39m
 [38;2;0;0;0m      [38;2;1;0;216m`[38;2;0;0;223m4[38;2;0;0;226mg_[38;2;0;0;223m_[38;2;0;0;227m_[38;2;0;0;224ma[38;2;0;0;227ma_[38;2;0;0;225m_[38;2;136;136;136m`[38;2;128;128;128m`[38;2;0;0;225m_[38;2;0;0;212my[38;2;0;0;226ma[38;2;0;0;220my[38;2;0;0;225m_[38;2;112;112;112m`[38;2;142;142;142m`[38;2;0;0;226m__a[38;2;0;0;225ma[38;2;0;0;224mg[38;2;0;0;227mP[38;2;1;1;203m~       [39m
 [38;2;0;0;0m         [38;2;0;0;222m~[38;2;0;0;226m~~[38;2;3;3;186m` [38;2;2;1;209m~[38;2;0;0;226m~~[38;2;0;0;225m~[38;2;0;0;226m~[38;2;0;0;227m` [38;2;0;0;213m`[38;2;0;0;225m~[38;2;0;0;227m~[38;2;0;0;226m~~[38;2;0;0;222m~  [38;2;3;3;191m`         [39m
 [38;2;0;0;0m                                       [39m
[?25h