[?25l[39m [38;2;0;0;0m                                       [39m
 [38;2;0;0;0m             [38;2;0;0;228m_[38;2;0;0;227m_[38;2;0;0;215my[38;2;0;0;224mg[38;2;0;0;230ma[38;2;0;0;229maa[38;2;0;0;230ma[38;2;0;0;223mg[38;2;0;0;216my[38;2;0;0;226m_[38;2;0;0;228m_              [39m
 [38;2;0;0;0m          [38;2;0;0;230m_[38;2;0;0;228ma[38;2;0;0;226mP[38;2;0;0;224m~[38;2;0;0;229m~[38;2;188;188;188m_[38;2;145;145;145my[38;2;174;174;174my[38;2;187;187;187myy[38;2;174;174;174my[38;2;141;141;141my[38;2;194;194;194m_[38;2;0;0;226m~[38;2;0;0;225m~[38;2;0;0;227m4[38;2;0;0;228ma_           [39m
 [38;2;0;0;0m        [38;2;0;0;230m_[38;2;0;0;217m@[38;2;0;0;228m~[38;2;90;90;90m_[38;2;191;191;191my[38;2;244;244;244mg[38;2;246;246;246m@[38;2;251;251;251m@[38;2;252;252;252m@@@@@@[38;2;251;251;251m@[38;2;249;249;249m@[38;2;214;214;214m$[38;2;194;194;194my[38;2;102;102;102m_[38;2;0;0;224m~[38;2;0;0;216m@[38;2;0;0;231m_         [39m
 [38;2;0;0;0m       [38;2;0;0;229mg[38;2;0;0;214mF [38;2;185;185;185mg[38;2;246;246;246m@[38;2;252;252;252m@@@@@@@@@@@@@@[38;2;250;250;250m@[38;2;193;193;193mg [38;2;0;0;225m~[38;2;0;0;227m$[38;2;1;0;215m,       [39m
 [38;2;0;0;0m      [38;2;0;0;231mg[38;2;1;0;203m~ [38;2;212;212;212m$[38;2;251;251;251m@[38;2;252;252;252m@@@@@@@@@@@@@@@@@[38;2;230;230;230m@[38;2;90;90;91m_[38;2;1;0;205m`[38;2;0;0;231m$       [39m
 [38;2;0;0;0m     [38;2;0;0;214mj[38;2;0;0;222mF [38;2;219;219;219mg[38;2;251;251;251m@[38;2;252;252;252m@@[38;2;247;247;247m@[38;2;239;239;239m~[38;2;234;234;234m~[38;2;174;174;174mP[38;2;224;224;224m@[38;2;251;251;251m@[38;2;252;252;252m@@@@@@@@@@@[38;2;214;214;214m@ [38;2;0;0;202m?[38;2;1;1;204m$      [39m
 [38;2;0;0;0m     [38;2;0;0;217m@  [38;2;247;247;247m@[38;2;252;252;252m@@@[38;2;251;251;251m@[38;2;219;219;219m@[38;2;190;190;190mg[38;2;122;122;122my [38;2;185;185;185m`[38;2;248;248;248m~[38;2;231;231;231m@[38;2;252;252;252m@[38;2;218;218;218m@[38;2;252;252;252m~~~~~~[38;2;251;251;251m~[38;2;236;236;236m@  [38;2;0;0;229m$      [39m
 [38;2;0;0;0m     [38;2;0;0;221m@  [38;2;250;250;250m@[38;2;252;252;252m@@@[38;2;250;250;250m@[38;2;225;225;225mF[38;2;233;233;233m~[38;2;87;87;87m`[38;2;126;126;126m_[38;2;175;175;175my[38;2;227;227;227mg[38;2;248;248;248m@[38;2;252;252;252m@[38;2;246;246;246m@[38;2;234;234;234mg[38;2;232;232;232mggggg[38;2;238;238;238mg[38;2;249;249;249m@  [38;2;0;0;227m@      [39m
 [38;2;0;0;0m     [38;2;0;0;222m@  [38;2;250;250;250m@[38;2;252;252;252m@@@[38;2;251;251;251m@[38;2;193;193;193mg[38;2;223;223;223my$[38;2;251;251;251m@[38;2;252;252;252m@@@@@@@@@@@@[38;2;251;251;251m@  [38;2;0;0;227m@      [39m
 [38;2;0;0;0m     [38;2;0;0;222m@  [38;2;250;250;250m@[38;2;252;252;252m@@@@@@@@@@@@@@@@@@@@[38;2;251;251;251m@  [38;2;0;0;227m@      [39m
 [38;2;0;0;0m     [38;2;0;0;223m@  [38;2;250;250;250m@[38;2;252;252;252m@@@@@@@@@@@@@@@@@@@@[38;2;251;251;251m@  [38;2;0;0;227m@      [39m
 [38;2;0;0;0m     [38;2;0;0;222m@  [38;2;250;250;250m@[38;2;252;252;252m@@@@@@@@@@@@@@@@@@@@[38;2;251;251;251m@  [38;2;0;0;227m@      [39m
 [38;2;0;0;0m     [38;2;0;0;224m@  [38;2;250;250;250m@[38;2;252;252;252m@@@@@@@@@@@@@@@@@@@@[38;2;251;251;251m@  [38;2;0;0;227m@      [39m
 [38;2;0;0;0m     [38;2;0;0;220m@  [38;2;246;246;246m@[38;2;252;252;252m@@@@@@@@@@@@@@@@@@@@[38;2;249;249;249m@  [38;2;0;0;223m@      [39m
 [38;2;0;0;0m     [38;2;1;0;213m`[38;2;0;0;224m$[38;2;0;0;207m,[38;2;173;173;173m~[38;2;188;188;188mF[38;2;178;178;178mP[38;2;227;227;227m@[38;2;251;251;251m@@[38;2;252;252;252m@[38;2;213;213;213m@[38;2;201;201;201mF[38;2;164;164;164mM[38;2;186;186;186m@[38;2;250;250;250m@[38;2;251;251;251m@[38;2;252;252;252m@[38;2;239;239;239m@[38;2;208;208;208mP[38;2;184;184;184mF[38;2;177;177;177mA[38;2;238;238;238m@[38;2;251;251;251m@[38;2;213;213;213m@[38;2;201;201;201m~ [38;2;0;0;230ma[38;2;0;0;231m'      [39m
 [38;2;0;0;0m      [38;2;0;0;219m`[38;2;0;0;226m4[38;2;0;0;227mg[38;2;0;0;226ma[38;2;0;0;222my[38;2;0;0;225m_[38;2;119;119;119m`[38;2;154;154;154m`[38;2;0;0;227m_[38;2;0;0;225m_a[38;2;0;0;226mg__[38;2;148;148;148m`[38;2;132;132;132m`[38;2;0;0;225m_[38;2;0;0;215my[38;2;0;0;226ma[38;2;0;0;214my[38;2;0;0;225m_[38;2;0;0;226m_[38;2;0;0;227m_[38;2;0;0;224mg[38;2;0;0;229mP[38;2;2;1;203m~       [39m
 [38;2;0;0;0m        [38;2;3;4;197m` [38;2;2;0;215m`[38;2;0;0;226m~[38;2;0;0;227m~[38;2;0;0;226m~~~  [38;2;1;0;217m~[38;2;0;0;226m~~~~` [38;2;0;0;227m`[38;2;0;0;225m~[38;2;0;0;226m~[38;2;0;0;225m~[38;2;4;2;193m`         [39m
 [38;2;0;0;0m                                       [39m
[?25h