[?25l[39m [38;2;0;0;0m              [38;2;0;0;229m_[38;2;0;0;224m_[38;2;0;0;227m_[38;2;1;1;210my[38;2;0;0;215my[38;2;0;0;216my[38;2;1;1;210my[38;2;0;0;227m_[38;2;0;0;224m_[38;2;0;0;227m_               [39m
 [38;2;0;0;0m          [38;2;0;0;210m_[38;2;1;1;208my[38;2;0;0;227mg[38;2;0;0;226m@[38;2;0;0;220mP[38;2;0;0;227m~[38;2;0;0;226m~[38;2;0;0;229m~[38;2;0;0;230m~[38;2;0;0;229m~[38;2;0;0;228m~[38;2;0;0;226m~[38;2;0;0;227m~[38;2;0;0;220m4[38;2;0;0;225m@[38;2;0;0;227mg[38;2;0;0;208my[38;2;0;0;209m_           [39m
 [38;2;0;0;0m        [38;2;0;0;218m_[38;2;0;0;226mg[38;2;0;0;217m@[38;2;0;0;227m~[38;2;1;0;220m`[38;2;158;158;158my[38;2;219;219;219my[38;2;251;251;251mg[38;2;227;227;227m@[38;2;250;250;250m@[38;2;251;251;251m@@[38;2;250;250;250m@[38;2;233;233;233m@[38;2;251;251;251mg[38;2;219;219;219my[38;2;151;151;151my[38;2;0;0;219m`[38;2;0;0;226m~[38;2;0;0;222mR[38;2;0;0;225mg[38;2;0;0;218m_         [39m
 [38;2;0;0;0m       [38;2;0;0;215ma[38;2;0;0;220m@[38;2;0;0;218m~[38;2;152;152;152m_[38;2;215;215;215mg[38;2;247;247;247m@[38;2;251;251;251m@[38;2;252;252;252m@@@@@@@@@@@[38;2;250;250;250m@[38;2;215;215;215mg[38;2;153;153;153m_[38;2;0;0;214m~[38;2;0;0;216m@[38;2;0;0;214mg        [39m
 [38;2;0;0;0m      [38;2;0;0;221mg[38;2;0;0;230mF [38;2;200;200;200my[38;2;248;248;248m@[38;2;252;252;252m@@@@@@@@@@@@@@@@[38;2;251;251;251m@[38;2;193;193;193my [38;2;0;0;203m5[38;2;0;0;220m$       [39m
 [38;2;0;0;0m     [38;2;1;0;207mj[38;2;0;0;218m@ [38;2;163;163;163mg[38;2;251;251;251m@@[38;2;209;209;209m@[38;2;186;186;186m@[38;2;248;248;248m@[38;2;251;251;251m@[38;2;252;252;252m@@@@@[38;2;249;249;249m@[38;2;207;207;207mR[38;2;218;218;218m@[38;2;251;251;251m@[38;2;252;252;252m@@@@[38;2;251;251;251m@[38;2;133;133;134m@ [38;2;0;0;221mR[38;2;0;0;220mi      [39m
 [38;2;0;0;0m     [38;2;0;0;215m@[38;2;1;1;197m' [38;2;236;236;236m@[38;2;252;252;252m@[38;2;251;251;251m@[38;2;194;194;194my[38;2;170;170;170m_ [38;2;198;198;198m~[38;2;176;176;176mF[38;2;210;210;210m@[38;2;251;251;251m@[38;2;252;252;252m@@[38;2;221;221;221m@[38;2;146;146;146my [38;2;161;161;161m`[38;2;241;241;241m~[38;2;179;179;179mR[38;2;240;240;240m@[38;2;252;252;252m@@[38;2;246;246;246m@  [38;2;0;0;224m$      [39m
 [38;2;0;0;0m     [38;2;0;0;226m@  [38;2;249;249;249m@[38;2;252;252;252m@@[38;2;250;250;250m@[38;2;201;201;201m@[38;2;144;144;144mF  [38;2;206;206;206m_[38;2;208;208;208m$[38;2;251;251;251m@[38;2;252;252;252m@@[38;2;243;243;243m@[38;2;220;220;220mP  [38;2;70;70;70m_[38;2;169;169;169my[38;2;247;247;247m@[38;2;252;252;252m@[38;2;251;251;251m@  [38;2;0;0;226m@      [39m
 [38;2;0;0;0m     [38;2;0;0;226m@  [38;2;249;249;249m@[38;2;252;252;252m@[38;2;250;250;250m@[38;2;192;192;192m_[38;2;147;147;147m_[38;2;174;174;174my[38;2;226;226;226mg[38;2;236;236;236m@[38;2;251;251;251m@[38;2;252;252;252m@@@[38;2;206;206;206m@[38;2;112;112;112m_[38;2;223;223;223m_[38;2;205;205;205my[38;2;246;246;246mg[38;2;249;249;249m@[38;2;251;251;251m@[38;2;252;252;252m@@[38;2;251;251;251m@  [38;2;0;0;226m@      [39m
 [38;2;0;0;0m     [38;2;0;0;226m@  [38;2;249;249;249m@[38;2;252;252;252m@@[38;2;251;251;251m@@[38;2;252;252;252m@@@@@@@@[38;2;251;251;251m@@[38;2;252;252;252m@@@@@@[38;2;251;251;251m@  [38;2;0;0;226m@      [39m
 [38;2;0;0;0m     [38;2;0;0;226m@  [38;2;249;249;249m@[38;2;252;252;252m@@@@@@@@@@@@@@@@@@@@[38;2;251;251;251m@  [38;2;0;0;226m@      [39m
 [38;2;0;0;0m     [38;2;0;0;226m@  [38;2;249;249;249m@[38;2;252;252;252m@@@@@@@@@@@@@@@@@@@@[38;2;251;251;251m@  [38;2;0;0;227m@      [39m
 [38;2;0;0;0m     [38;2;0;0;226m@  [38;2;249;249;249m@[38;2;252;252;252m@@@@@@@@@@@@@@@@@@@@[38;2;251;251;251m@  [38;2;0;0;227m@      [39m
 [38;2;0;0;0m     [38;2;0;0;217m@[38;2;0;0;215m, [38;2;238;238;238m@[38;2;252;252;252m@@@@@@@@@@@@@@@@@@@@[38;2;246;246;246m@ [38;2;1;0;173mj[38;2;0;0;221m@      [39m
 [38;2;0;0;0m     [38;2;1;1;208m`[38;2;0;0;227m@[38;2;0;0;225m_[38;2;190;190;190m`[38;2;173;173;173mA[38;2;231;231;231m@[38;2;247;247;247m@[38;2;241;241;241m@[38;2;176;176;176m@[38;2;251;251;251m~~[38;2;144;144;144m5[38;2;202;202;202m@[38;2;246;246;246m@@[38;2;208;208;208m@[38;2;201;201;201mF[38;2;251;251;251m~~[38;2;197;197;197mR[38;2;241;241;241m@[38;2;247;247;247m@[38;2;233;233;233m@[38;2;210;210;210mP[38;2;135;135;135m~[38;2;0;0;223m_[38;2;0;0;225m$[38;2;0;0;232m'      [39m
 [38;2;0;0;0m      [38;2;2;2;202m`[38;2;0;0;213m?[38;2;0;0;218m@[38;2;0;0;220my[38;2;0;0;226m___[38;2;0;0;213my[38;2;0;0;227ma[38;2;0;0;220m@[38;2;0;0;224mg[38;2;0;0;225m_[38;2;0;0;226m__[38;2;0;0;225m_[38;2;0;0;224mg[38;2;0;0;219m@[38;2;0;0;227ma[38;2;0;0;213my[38;2;0;0;226m___[38;2;0;0;220my[38;2;0;0;224ma[38;2;0;0;214mF[38;2;1;1;216m'       [39m
 [38;2;0;0;0m         [38;2;0;0;225m`[38;2;0;0;227m~[38;2;0;0;231m~[38;2;0;0;230m~[38;2;0;0;234m`   [38;2;0;0;215m~[38;2;0;0;231m~[38;2;0;0;232m~[38;2;0;0;215m~   [38;2;0;0;234m`[38;2;0;0;229m~[38;2;0;0;232m~[38;2;0;0;228m~[38;2;0;0;226m`          [39m
 [38;2;0;0;0m                                       [39m
 [38;2;0;0;0m                                       [39m
[?25h