[?25l[39m [38;2;0;0;0m                 [38;2;0;0;224m_[38;2;0;0;234m__[38;2;0;0;222m_                  [39m
 [38;2;0;0;0m           [38;2;1;0;209m_[38;2;0;0;226m_[38;2;0;0;223mg[38;2;0;0;217m@[38;2;0;0;227m@[38;2;0;0;228m@[38;2;0;0;224m@[38;2;0;0;223mRR[38;2;0;0;224m@[38;2;0;0;228m@[38;2;0;0;226m@[38;2;0;0;220m@[38;2;0;0;224mg[38;2;0;0;226m_[38;2;1;0;208m_            [39m
 [38;2;0;0;0m         [38;2;0;0;231m_[38;2;0;0;227mg@[38;2;0;0;219mP[38;2;0;0;226m~[38;2;81;81;81m_[38;2;239;239;239m_[38;2;171;171;171my[38;2;192;192;192my[38;2;200;200;200myy[38;2;192;192;192my[38;2;169;169;169my[38;2;239;239;239m_[38;2;80;80;80m_[38;2;0;0;226m~=[38;2;0;0;227m@g[38;2;0;0;230m_          [39m
 [38;2;0;0;0m       [38;2;0;0;214m_[38;2;0;0;217m@[38;2;0;0;228mP[38;2;0;0;225m~[38;2;148;148;148m_[38;2;210;210;210my[38;2;209;209;209m@[38;2;251;251;251m@@[38;2;252;252;252m@@@@@@[38;2;251;251;251m@@[38;2;218;218;218m@[38;2;209;209;209my[38;2;148;148;148m_[38;2;0;0;223m~[38;2;0;0;220mR[38;2;0;0;222m@[38;2;0;0;214m_        [39m
 [38;2;0;0;0m      [38;2;1;0;209mj[38;2;0;0;229m@[38;2;0;0;226m~ [38;2;207;207;207mg[38;2;251;251;251m@[38;2;252;252;252m@@@@@@@@@@@@@@[38;2;251;251;251m@[38;2;207;207;207mg[38;2;78;78;78m,[38;2;0;0;222m~[38;2;0;0;228m@[38;2;0;0;222m_       [39m
 [38;2;0;0;0m      [38;2;0;0;231m@[38;2;1;1;209m'[38;2;99;99;100m_[38;2;219;219;219m@[38;2;252;252;252m@@@@@@@@@@@@@@@@@@[38;2;234;234;234m@[38;2;99;99;100m_[38;2;2;1;198m`[38;2;0;0;229m@[38;2;0;0;232m,      [39m
 [38;2;0;0;0m     [38;2;0;0;214mg[38;2;0;0;216mF [38;2;204;204;204m$[38;2;252;252;252m@[38;2;251;251;251m@[38;2;180;180;180mF[38;2;249;249;249m~[38;2;175;175;175mA[38;2;235;235;235m@[38;2;251;251;251m@[38;2;252;252;252m@@@@[38;2;215;215;215m@[38;2;248;248;248m~[38;2;177;177;177mT[38;2;182;182;182m@[38;2;250;250;250m@[38;2;252;252;252m@@@@[38;2;217;217;217m@ [38;2;0;0;201m?[38;2;0;0;218m$      [39m
 [38;2;0;0;0m     [38;2;0;0;225m@  [38;2;249;249;249m@[38;2;252;252;252m@[38;2;251;251;251m@[38;2;212;212;212m@[38;2;210;210;210my[38;2;217;217;217m_ [38;2;115;115;115m~[38;2;173;173;173mT[38;2;227;227;227m@[38;2;252;252;252m@@[38;2;251;251;251m@[38;2;233;233;233mg[38;2;181;181;181my[38;2;98;98;98m_ [38;2;211;211;211m~[38;2;179;179;179mM[38;2;251;251;251m@[38;2;252;252;252m@[38;2;251;251;251m@  [38;2;0;0;225m@      [39m
 [38;2;0;0;0m     [38;2;0;0;226m@  [38;2;249;249;249m@[38;2;252;252;252m@[38;2;251;251;251m@[38;2;182;182;182m@[38;2;158;158;158mF[38;2;118;118;118m~ [38;2;145;145;145my[38;2;194;194;194mg[38;2;240;240;240m@[38;2;252;252;252m@@[38;2;242;242;242m@[38;2;213;213;213mF[38;2;228;228;228m~[38;2;68;68;68m`[38;2;152;152;152m_[38;2;180;180;180my[38;2;234;234;234mg[38;2;251;251;251m@[38;2;252;252;252m@[38;2;251;251;251m@  [38;2;0;0;226m@      [39m
 [38;2;0;0;0m     [38;2;0;0;226m@  [38;2;249;249;249m@[38;2;252;252;252m@@[38;2;219;219;219my[38;2;203;203;203my[38;2;247;247;247mg[38;2;249;249;249m@[38;2;252;252;252m@@@@@[38;2;230;230;230m@[38;2;197;197;197my[38;2;193;193;193mg[38;2;215;215;215m@[38;2;251;251;251m@[38;2;252;252;252m@@@@[38;2;251;251;251m@  [38;2;0;0;226m@      [39m
 [38;2;0;0;0m     [38;2;0;0;226m@  [38;2;249;249;249m@[38;2;252;252;252m@@@@@@@@@@@@@@@@@@@@[38;2;251;251;251m@  [38;2;0;0;226m@      [39m
 [38;2;0;0;0m     [38;2;0;0;226m@  [38;2;249;249;249m@[38;2;252;252;252m@@@@@@@@@@@@@@@@@@@@[38;2;251;251;251m@  [38;2;0;0;227m@      [39m
 [38;2;0;0;0m     [38;2;0;0;226m@  [38;2;249;249;249m@[38;2;252;252;252m@@@@@@@@@@@@@@@@@@@@[38;2;251;251;251m@  [38;2;0;0;227m@      [39m
 [38;2;0;0;0m     [38;2;0;0;221m@  [38;2;245;245;245m@[38;2;252;252;252m@@@@@@@@@@@@@@@@@@@@[38;2;249;249;249m@  [38;2;0;0;223m@      [39m
 [38;2;0;0;0m     [38;2;1;0;211m`[38;2;0;0;225m$[38;2;0;0;211m,[38;2;169;169;169m~[38;2;188;188;188m@[38;2;250;250;250m@[38;2;251;251;251m@@[38;2;223;223;223m@[38;2;209;209;209mF[38;2;170;170;170mF[38;2;188;188;188mA[38;2;244;244;244m@[38;2;251;251;251m@@[38;2;245;245;245m@[38;2;221;221;221mP[38;2;174;174;174mF[38;2;167;167;167mM[38;2;217;217;217m@[38;2;251;251;251m@@[38;2;250;250;250m@[38;2;204;204;204m@[38;2;192;192;192m~ [38;2;0;0;231ma[38;2;0;0;232m'      [39m
 [38;2;0;0;0m      [38;2;1;0;214m`[38;2;0;0;221m4[38;2;0;0;224mg[38;2;0;0;225m_[38;2;0;0;228m_[38;2;146;146;146m`[38;2;0;0;228m_[38;2;0;0;225m_[38;2;0;0;222ma[38;2;0;0;228ma[38;2;0;0;212my[38;2;0;0;226m_[38;2;126;126;126m`[38;2;125;125;125m`[38;2;0;0;226m_[38;2;0;0;212my[38;2;0;0;227ma[38;2;0;0;219mg[38;2;0;0;225m_[38;2;0;0;228m_[38;2;150;150;150m`[38;2;0;0;229m_[38;2;0;0;225m_[38;2;0;0;224mg[38;2;0;0;225mP[38;2;0;0;230m'       [39m
 [38;2;0;0;0m         [38;2;1;0;221m~[38;2;0;0;226m~[38;2;0;0;224m~[38;2;0;0;225m~[38;2;0;0;229m~[38;2;2;2;195m` [38;2;0;0;229m`[38;2;0;0;228m~[38;2;0;0;224m~[38;2;0;0;225m~[38;2;0;0;230m~[38;2;2;2;198m~ [38;2;2;2;193m`[38;2;0;0;226m~[38;2;0;0;225m~[38;2;0;0;224m~[38;2;0;0;226m~[38;2;0;0;222m~          [39m
 [38;2;0;0;0m                                       [39m
 [38;2;0;0;0m                                       [39m
[?25h