[?25l[39m [38;2;0;0;0m             [38;2;1;1;204m_[38;2;0;0;226m_[38;2;0;0;227m_[38;2;0;0;216my[38;2;0;0;222mg[38;2;0;0;227mgg[38;2;0;0;222mg[38;2;0;0;217my[38;2;0;0;227m_[38;2;0;0;226m_[38;2;1;1;206m_              [39m
 [38;2;0;0;0m          [38;2;0;0;228m_[38;2;0;0;220ma[38;2;0;0;222m@[38;2;0;0;225mP[38;2;0;0;226m~[38;2;0;0;227m~[38;2;0;0;228m~[38;2;0;0;218m~[38;2;138;138;138m_[38;2;137;137;137m_[38;2;0;0;218m~[38;2;0;0;228m~[38;2;0;0;227m~[38;2;0;0;226m~[38;2;0;0;219mR[38;2;0;0;224m@[38;2;0;0;216mg[38;2;0;0;228m_           [39m
 [38;2;0;0;0m        [38;2;0;0;230m_[38;2;0;0;229mg[38;2;0;0;226mP[38;2;0;0;230m~[38;2;154;154;154m_[38;2;187;187;187my[38;2;234;234;234mg[38;2;232;232;232m$[38;2;250;250;250m@[38;2;251;251;251m@@@@@[38;2;225;225;225m@[38;2;234;234;234mg[38;2;186;186;186my[38;2;154;154;154m_[38;2;0;0;225m~[38;2;0;0;226m4[38;2;0;0;222m@[38;2;0;0;229m_         [39m
 [38;2;0;0;0m       [38;2;0;0;222mg[38;2;0;0;228mP[38;2;0;0;215m`[38;2;135;135;135my[38;2;238;238;238mg[38;2;251;251;251m@[38;2;252;252;252m@@@@@@@@@@@@[38;2;251;251;251m@[38;2;211;211;211m$[38;2;214;214;214m_[38;2;0;0;214m`[38;2;0;0;227m4[38;2;0;0;216m$        [39m
 [38;2;0;0;0m      [38;2;0;0;227mg[38;2;0;0;226mF [38;2;194;194;194mg[38;2;251;251;251m@[38;2;252;252;252m@@@@@@@@@@@@@@@@[38;2;251;251;251m@[38;2;191;191;191mg [38;2;0;0;216m?[38;2;0;0;226m$       [39m
 [38;2;0;0;0m     [38;2;1;0;214mj[38;2;0;0;230mF [38;2;183;183;183mg[38;2;251;251;251m@@[38;2;244;244;244m~[38;2;233;233;233m~[38;2;181;181;181mF[38;2;213;213;213m@[38;2;251;251;251m@[38;2;252;252;252m@@@@@@@@@@@@[38;2;251;251;251m@[38;2;161;161;161m$ [38;2;0;0;215m5[38;2;0;0;221ml      [39m
 [38;2;0;0;0m     [38;2;0;0;218m@[38;2;0;0;194m' [38;2;241;241;241m@[38;2;252;252;252m@@[38;2;234;234;234m@[38;2;205;205;205mg[38;2;144;144;144my [38;2;154;154;154m`[38;2;238;238;238m~[38;2;216;216;216m@[38;2;252;252;252m@[38;2;227;227;227m@[38;2;251;251;251m~~~~~~~[38;2;226;226;226m@[38;2;252;252;252m@[38;2;248;248;248m@  [38;2;0;0;225m$      [39m
 [38;2;0;0;0m     [38;2;0;0;226m@  [38;2;249;249;249m@[38;2;252;252;252m@[38;2;251;251;251m@[38;2;232;232;232mF[38;2;244;244;244m~[38;2;64;64;64m`[38;2;130;130;130m_[38;2;174;174;174my[38;2;221;221;221mg[38;2;246;246;246m@[38;2;252;252;252m@[38;2;251;251;251m@[38;2;236;236;236mg[38;2;226;226;226mggggg[38;2;239;239;239mg[38;2;247;247;247m@[38;2;252;252;252m@[38;2;251;251;251m@  [38;2;0;0;226m@      [39m
 [38;2;0;0;0m     [38;2;0;0;225m@  [38;2;249;249;249m@[38;2;252;252;252m@@[38;2;217;217;217mg[38;2;198;198;198mg[38;2;212;212;212m@[38;2;251;251;251m@[38;2;252;252;252m@@@@@@@@@@@@@@[38;2;251;251;251m@  [38;2;0;0;226m@      [39m
 [38;2;0;0;0m     [38;2;0;0;225m@  [38;2;249;249;249m@[38;2;252;252;252m@@@@@@@@@@@@@@@@@@@@[38;2;251;251;251m@  [38;2;0;0;226m@      [39m
 [38;2;0;0;0m     [38;2;0;0;225m@  [38;2;249;249;249m@[38;2;252;252;252m@@@@@@@@@@@@@@@@@@@@[38;2;251;251;251m@  [38;2;0;0;226m@      [39m
 [38;2;0;0;0m     [38;2;0;0;225m@  [38;2;249;249;249m@[38;2;252;252;252m@@@@@@@@@@@@@@@@@@@@[38;2;251;251;251m@  [38;2;0;0;226m@      [39m
 [38;2;0;0;0m     [38;2;0;0;225m@  [38;2;249;249;249m@[38;2;252;252;252m@@@@@@@@@@@@@@@@@@@@[38;2;251;251;251m@  [38;2;0;0;226m@      [39m
 [38;2;0;0;0m     [38;2;0;0;218m@[38;2;0;0;215m, [38;2;239;239;239m@[38;2;252;252;252m@@@@@@@@@@@@@@@@@@@@[38;2;246;246;246m@ [38;2;0;0;175mj[38;2;0;0;220m@      [39m
 [38;2;0;0;0m     [38;2;1;1;208m`[38;2;0;0;226m@[38;2;0;0;224m_[38;2;194;194;194m`[38;2;175;175;175mA[38;2;232;232;232m@[38;2;247;247;247m@[38;2;241;241;241m@[38;2;176;176;176m@[38;2;251;251;251m~~[38;2;144;144;144m5[38;2;202;202;202m@[38;2;246;246;246m@@[38;2;208;208;208m@[38;2;201;201;201mF[38;2;251;251;251m~~[38;2;197;197;197mR[38;2;240;240;240m@[38;2;247;247;247m@[38;2;233;233;233m@[38;2;209;209;209mP[38;2;133;133;133m~[38;2;0;0;223m_[38;2;0;0;224m$[38;2;0;0;232m'      [39m
 [38;2;0;0;0m      [38;2;1;2;204m`[38;2;0;1;213m?[38;2;0;0;218m@[38;2;0;0;219my[38;2;0;0;226m___[38;2;0;0;212my[38;2;0;0;227ma[38;2;0;0;221m@[38;2;0;0;223mg[38;2;0;0;225m_[38;2;0;0;226m__[38;2;0;0;225m_[38;2;0;0;224mg[38;2;0;0;219m@[38;2;0;0;228ma[38;2;0;0;213my[38;2;0;0;226m___[38;2;0;0;220my[38;2;0;0;224ma[38;2;0;0;213mF[38;2;0;0;216m'       [39m
 [38;2;0;0;0m         [38;2;1;0;225m`[38;2;0;0;227m~[38;2;0;0;232m~[38;2;0;0;230m~[38;2;0;0;233m`   [38;2;0;0;215m~[38;2;0;0;231m~[38;2;0;0;232m~[38;2;0;0;217m~   [38;2;0;0;232m`[38;2;0;0;229m~[38;2;0;0;232m~[38;2;0;0;227m~[38;2;0;0;225m`          [39m
 [38;2;0;0;0m                                       [39m
 [38;2;0;0;0m                                       [39m
[?25h