[?25l[39m [38;2;0;0;0m              [38;2;2;1;197m_[38;2;0;0;231m_[38;2;0;0;224m_[38;2;0;0;225m_[38;2;0;0;227m_[38;2;0;0;225m_[38;2;0;0;224m_[38;2;0;0;232m_[38;2;1;1;199m_                [39m
 [38;2;0;0;0m          [38;2;0;0;227m_[38;2;1;1;210my[38;2;0;0;227mg[38;2;0;0;226m@[38;2;0;0;224m@[38;2;0;0;222mP[38;2;0;0;229m=[38;2;0;0;219m=[38;2;0;0;217m=[38;2;0;0;222m=[38;2;0;0;229m=[38;2;0;0;219mR[38;2;0;0;228m@[38;2;0;0;226m@g[38;2;0;0;225m_[38;2;2;1;195m_            [39m
 [38;2;0;0;0m        [38;2;1;1;205my[38;2;0;0;220m@[38;2;0;0;226mP[38;2;0;0;225m~[38;2;0;0;220m~[38;2;236;236;236m_[38;2;184;184;184my[38;2;219;219;219my[38;2;232;232;232mg[38;2;252;252;252mgg[38;2;246;246;246mg[38;2;205;205;205mg[38;2;201;201;201my[38;2;144;144;144my[38;2;104;104;104m_[38;2;0;0;226m~[38;2;0;0;223m4[38;2;0;0;227m@[38;2;0;0;223mg[38;2;1;1;205m_          [39m
 [38;2;0;0;0m      [38;2;0;0;229m_[38;2;0;0;226m@[38;2;0;0;221mF[38;2;0;0;217m`[38;2;161;161;162my[38;2;235;235;235mg[38;2;247;247;247m@[38;2;251;251;251m@[38;2;252;252;252m@@@@@@@@@[38;2;251;251;251m@[38;2;205;205;205m@[38;2;168;168;168my [38;2;0;0;226m~[38;2;0;0;228m@[38;2;0;0;208my         [39m
 [38;2;0;0;0m     [38;2;1;0;212mg[38;2;0;0;220m@[38;2;1;1;208m'[38;2;127;127;127my[38;2;206;206;206m@[38;2;251;251;251m@[38;2;252;252;252m@@@@@@@@@@@@@@[38;2;251;251;251m@[38;2;221;221;221m@[38;2;147;147;147m_[38;2;2;1;201m`[38;2;0;0;221m@[38;2;0;0;224mL        [39m
 [38;2;0;0;0m    [38;2;1;0;210mj[38;2;0;0;224m@ [38;2;161;161;161my[38;2;249;249;249m@[38;2;252;252;252m@@@@@@@@@@@@@@@@@@[38;2;247;247;247m@[38;2;116;116;116m_ [38;2;0;0;228m@[38;2;0;0;229m,       [39m
 [38;2;0;0;0m    [38;2;0;0;225m@[38;2;1;1;199m' [38;2;236;236;236m@[38;2;252;252;252m@@@[38;2;251;251;251m@@@@@@@[38;2;252;252;252m@@@@@@@@@@[38;2;216;216;216m@ [38;2;0;0;200m4[38;2;0;0;211m$       [39m
 [38;2;0;0;0m    [38;2;0;0;235m@  [38;2;196;196;196m`[38;2;232;232;232m$[38;2;251;251;251m@[38;2;177;177;177m@[38;2;141;141;141m`[38;2;131;131;131m`````[38;2;221;221;221m`[38;2;228;228;228m@[38;2;252;252;252m@@@@@@@@@[38;2;245;245;245m@  [38;2;0;0;218m$       [39m
 [38;2;0;0;0m    [38;2;0;0;234m@ [38;2;72;72;72mu[38;2;240;240;240m@[38;2;252;252;252m@@[38;2;251;251;251m@[38;2;242;242;242m@[38;2;240;240;240m@@@@@[38;2;246;246;246m@[38;2;251;251;251m@[38;2;252;252;252m@@@@@@@@@[38;2;248;248;248m@  [38;2;0;0;220m$       [39m
 [38;2;0;0;0m    [38;2;0;0;231m@  [38;2;250;250;250m@[38;2;252;252;252m@@@@@@@@@@@@@@@@@@@@[38;2;251;251;251m@  [38;2;0;0;225m$       [39m
 [38;2;0;0;0m    [38;2;0;0;221m@  [38;2;249;249;249m@[38;2;252;252;252m@@@@@@@@@@@@@@@@@@@@[38;2;251;251;251m@[38;2;65;65;66mL [38;2;0;0;229m@       [39m
 [38;2;0;0;0m    [38;2;0;0;217m4[38;2;0;0;213m, [38;2;231;231;231m@[38;2;252;252;252m@@@@@@@@@@@@@@@@@@@@[38;2;251;251;251m@[38;2;138;138;138mL [38;2;0;0;236m$       [39m
 [38;2;0;0;0m    [38;2;2;1;199m4[38;2;1;0;212m[ [38;2;215;215;215m$[38;2;252;252;252m@@@@@@@@@@@@@@@@@@@@[38;2;251;251;251m@[38;2;135;135;135m@ [38;2;0;0;229m$[38;2;1;0;190m,      [39m
 [38;2;0;0;0m     [38;2;0;0;224m@ [38;2;182;182;182m4[38;2;251;251;251m@[38;2;252;252;252m@@@@@@@@@@@@@@@@@@@[38;2;251;251;251m@[38;2;160;160;160m@ [38;2;0;0;219m0[38;2;0;0;204m|      [39m
 [38;2;0;0;0m     [38;2;0;0;228m~[38;2;0;0;218mg[38;2;0;0;198m,[38;2;165;165;165m7[38;2;188;188;188m@[38;2;247;247;247m@[38;2;245;245;245m@[38;2;177;177;177m@[38;2;252;252;252m~~[38;2;168;168;168mA[38;2;233;233;233m@[38;2;250;250;250m@[38;2;249;249;249m@[38;2;215;215;215m@[38;2;199;199;199mF[38;2;252;252;252m~[38;2;141;141;141m5[38;2;197;197;197m@[38;2;248;248;248m@[38;2;250;250;250m@[38;2;239;239;239m@[38;2;212;212;212mP[38;2;252;252;252m~[38;2;70;70;71m~[38;2;0;0;229m_[38;2;0;0;223m@       [39m
 [38;2;0;0;0m      [38;2;2;1;201m~[38;2;0;0;217m4[38;2;0;0;225ma[38;2;0;0;206my[38;2;0;0;226m__[38;2;0;0;205my[38;2;0;0;227ma[38;2;0;0;219m@[38;2;0;0;215mg[38;2;0;0;225m_[38;2;0;0;226m__[38;2;0;0;225m_[38;2;0;0;222ma[38;2;0;0;219m@[38;2;0;0;225ma_[38;2;0;0;226m_[38;2;0;0;227m_[38;2;0;0;226m_[38;2;0;0;214my[38;2;0;0;224ma[38;2;0;0;219m@[38;2;0;0;211mF        [39m
 [38;2;0;0;0m         [38;2;0;0;233m`[38;2;0;0;231m~[38;2;0;0;233m~[38;2;0;2;202m~  [38;2;1;1;200m`[38;2;1;0;222m~[38;2;0;0;231m~[38;2;0;0;230m~[38;2;0;0;222m~[38;2;1;2;201m`  [38;2;0;0;233m`[38;2;0;0;231m~[38;2;0;0;230m~~[38;2;0;0;233m`           [39m
 [38;2;0;0;0m                                       [39m
 [38;2;0;0;0m                                       [39m
[?25h