[?25l[39m [38;2;0;0;0m              [38;2;0;0;229m_[38;2;0;0;226m_[38;2;1;1;211my[38;2;0;0;217ma[38;2;0;0;223mgg[38;2;0;0;221my[38;2;1;1;210my[38;2;0;0;226m_[38;2;0;0;229m_               [39m
 [38;2;0;0;0m          [38;2;0;0;225m_[38;2;0;0;214ma[38;2;0;0;217m@P[38;2;0;0;225m~[38;2;0;0;227m~[38;2;132;132;132m_[38;2;232;232;232m_[38;2;240;240;240m__[38;2;232;232;232m_[38;2;132;132;132m_[38;2;0;0;227m~[38;2;0;0;226m~=[38;2;0;0;220m@[38;2;0;0;217my[38;2;0;0;226m_           [39m
 [38;2;0;0;0m        [38;2;0;0;226m_[38;2;0;0;227mg[38;2;0;0;217mF[38;2;1;0;208m~[38;2;228;228;228m_[38;2;218;218;218my[38;2;252;252;252mg[38;2;249;249;249m@[38;2;251;251;251m@[38;2;252;252;252m@@@@[38;2;251;251;251m@[38;2;250;250;250m@[38;2;223;223;223m$[38;2;218;218;218my[38;2;229;229;229m_[38;2;0;0;205m~[38;2;0;0;212m?[38;2;0;0;220m@[38;2;0;0;226m_         [39m
 [38;2;0;0;0m       [38;2;0;0;221mg[38;2;0;0;227mF [38;2;179;179;179my[38;2;216;216;216m@[38;2;251;251;251m@[38;2;252;252;252m@@@@@@@@@@@@[38;2;251;251;251m@[38;2;228;228;228m@[38;2;171;171;171my [38;2;0;0;201m#[38;2;0;0;222mg        [39m
 [38;2;0;0;0m      [38;2;0;0;227mg[38;2;0;0;214mF [38;2;218;218;218mg[38;2;251;251;251m@[38;2;252;252;252m@@@@@@@@@@@@@@@@[38;2;251;251;251m@[38;2;198;198;198m$ [38;2;0;0;219m~[38;2;0;0;225m$       [39m
 [38;2;0;0;0m     [38;2;0;0;211mj[38;2;0;0;229mF [38;2;203;203;203mg[38;2;251;251;251m@@[38;2;219;219;219mF[38;2;153;153;153mM[38;2;188;188;188m@[38;2;250;250;250m@[38;2;251;251;251m@[38;2;252;252;252m@@@@@@@@@@@@[38;2;251;251;251m@[38;2;181;181;181m@ [38;2;0;0;220m?l      [39m
 [38;2;0;0;0m     [38;2;0;0;219m@[38;2;0;0;176m[ [38;2;245;245;245m@[38;2;252;252;252m@[38;2;251;251;251m@[38;2;231;231;231mg[38;2;176;176;176my[38;2;130;130;130m_[38;2;85;85;85m`[38;2;217;217;217m~[38;2;170;170;170mP[38;2;242;242;242m@[38;2;252;252;252m@[38;2;245;245;245m@[38;2;218;218;218mF[38;2;207;207;207mFFFFF[38;2;177;177;177m#[38;2;245;245;245m@[38;2;252;252;252m@[38;2;250;250;250m@  [38;2;0;0;226m$      [39m
 [38;2;0;0;0m     [38;2;0;0;226m@  [38;2;249;249;249m@[38;2;252;252;252m@[38;2;251;251;251m@[38;2;213;213;213m@[38;2;203;203;203mF[38;2;194;194;194m~ [38;2;186;186;186m_[38;2;192;192;192my[38;2;223;223;223m@[38;2;252;252;252m@[38;2;235;235;235m@[38;2;205;205;205my[38;2;195;195;195myyyyy[38;2;208;208;208my[38;2;231;231;231m@[38;2;252;252;252m@[38;2;251;251;251m@  [38;2;0;0;226m@      [39m
 [38;2;0;0;0m     [38;2;0;0;226m@  [38;2;249;249;249m@[38;2;252;252;252m@[38;2;251;251;251m@[38;2;191;191;191my[38;2;170;170;170my[38;2;216;216;216mg[38;2;229;229;229m@[38;2;251;251;251m@[38;2;252;252;252m@@@@@@@@@@@@@[38;2;251;251;251m@  [38;2;0;0;226m@      [39m
 [38;2;0;0;0m     [38;2;0;0;226m@  [38;2;249;249;249m@[38;2;252;252;252m@@@@@@@@@@@@@@@@@@@@[38;2;251;251;251m@  [38;2;0;0;226m@      [39m
 [38;2;0;0;0m     [38;2;0;0;226m@  [38;2;249;249;249m@[38;2;252;252;252m@@@@@@@@@@@@@@@@@@@@[38;2;251;251;251m@  [38;2;0;0;226m@      [39m
 [38;2;0;0;0m     [38;2;0;0;226m@  [38;2;249;249;249m@[38;2;252;252;252m@@@@@@@@@@@@@@@@@@@@[38;2;251;251;251m@  [38;2;0;0;227m@      [39m
 [38;2;0;0;0m     [38;2;0;0;226m@  [38;2;249;249;249m@[38;2;252;252;252m@@@@@@@@@@@@@@@@@@@@[38;2;251;251;251m@  [38;2;0;0;227m@      [39m
 [38;2;0;0;0m     [38;2;0;0;221m@[38;2;0;0;217m, [38;2;241;241;241m@[38;2;252;252;252m@@@@@@@@@@@@@@@@@@@@[38;2;247;247;247m@  [38;2;0;0;224m@      [39m
 [38;2;0;0;0m     [38;2;1;0;213m`[38;2;0;0;226m@[38;2;0;0;218m_[38;2;111;111;111m~[38;2;188;188;188mA[38;2;240;240;240m@[38;2;249;249;249m@[38;2;246;246;246m@[38;2;188;188;188m@[38;2;168;168;168mF[38;2;252;252;252m~[38;2;165;165;165mM[38;2;219;219;219m@[38;2;248;248;248m@@[38;2;222;222;222m@[38;2;212;212;212mF[38;2;252;252;252m~[38;2;173;173;173mT[38;2;177;177;177m@[38;2;246;246;246m@[38;2;250;250;250m@[38;2;242;242;242m@[38;2;169;169;169m@[38;2;152;152;152m~[38;2;0;0;216m_[38;2;0;0;230mg[38;2;1;1;203mF      [39m
 [38;2;0;0;0m      [38;2;1;0;204m~[38;2;0;0;226m4[38;2;0;0;227mg[38;2;0;0;215my[38;2;0;0;226m___[38;2;0;0;206my[38;2;0;0;226mg@[38;2;0;0;219mg[38;2;0;0;226m____[38;2;0;0;221ma[38;2;0;0;223m@[38;2;0;0;226mg[38;2;0;0;207my[38;2;0;0;226m___[38;2;0;0;214my[38;2;0;0;227mgP[38;2;0;0;210m~       [39m
 [38;2;0;0;0m        [38;2;1;1;209m`[38;2;0;0;228m~[38;2;0;0;225m~[38;2;0;0;227m~[38;2;0;0;226m~[38;2;0;0;229m~[38;2;0;0;220m` [38;2;2;0;220m~[38;2;0;0;226m~~~~[38;2;1;0;220m~ [38;2;2;0;221m`[38;2;0;0;227m~[38;2;0;0;226m~[38;2;0;0;227m~[38;2;0;0;225m~[38;2;0;0;229m~[38;2;1;1;212m`         [39m
 [38;2;0;0;0m                                       [39m
 [38;2;0;0;0m                                       [39m
[?25h