[?25l[39m [38;2;0;0;0m                                       [39m
 [38;2;0;0;0m              [38;2;2;0;204m_[38;2;0;0;226m__[38;2;0;0;225m_[38;2;1;1;202myy[38;2;0;0;225m_[38;2;0;0;226m_[38;2;0;0;227m_[38;2;0;0;223m_               [39m
 [38;2;0;0;0m           [38;2;0;0;226m_g[38;2;0;0;225mP[38;2;0;0;227m~[38;2;0;0;225m~[38;2;0;0;232m~[38;2;128;128;128m_[38;2;167;167;167m_[38;2;175;175;175m_[38;2;145;145;145m_[38;2;0;0;231m~[38;2;0;0;227m~[38;2;0;0;226m~[38;2;0;0;223m4[38;2;0;0;228ma[38;2;0;1;203my[38;2;0;1;210m_           [39m
 [38;2;0;0;0m         [38;2;0;0;215ma[38;2;0;0;228mP[38;2;0;0;226m~[38;2;123;123;123m_[38;2;186;186;186my[38;2;233;233;233mg[38;2;226;226;226m@[38;2;251;251;251m@[38;2;252;252;252m@[38;2;251;251;251m@@@[38;2;252;252;252m@[38;2;242;242;242m@[38;2;247;247;247mg[38;2;215;215;215my[38;2;225;225;225m_[38;2;0;0;210m~[38;2;0;0;213m?[38;2;0;0;227ma[38;2;0;0;224m_         [39m
 [38;2;0;0;0m       [38;2;0;0;224m_[38;2;0;0;219m@[38;2;0;0;210m~[38;2;164;164;164m_[38;2;226;226;226mg[38;2;251;251;251m@[38;2;252;252;252m@@@@@@@@@@@@[38;2;251;251;251m@[38;2;231;231;231m@[38;2;181;181;181my [38;2;0;0;218m?[38;2;0;0;223mg        [39m
 [38;2;0;0;0m      [38;2;0;0;215mj[38;2;0;0;227mP [38;2;191;191;191my[38;2;248;248;248m@[38;2;252;252;252m@@@@@@@@@@@@@@@@[38;2;251;251;251m@[38;2;210;210;210m@[38;2;79;79;79m,[38;2;0;0;205m~[38;2;0;0;229m$       [39m
 [38;2;0;0;0m      [38;2;0;0;231m@ [38;2;147;147;147my[38;2;250;250;250m@[38;2;190;190;190m@[38;2;193;193;193mF[38;2;198;198;198m@[38;2;251;251;251m@[38;2;252;252;252m@@@@@@@@@@@@@@@[38;2;219;219;219m@ [38;2;0;0;206m~[38;2;0;0;214m$      [39m
 [38;2;0;0;0m     [38;2;0;0;211mJ[38;2;1;0;213m[ [38;2;215;215;215m$[38;2;251;251;251m@[38;2;188;188;188m@[38;2;167;167;167my[38;2;121;121;121m_[38;2;71;71;71m`[38;2;230;230;230m~[38;2;179;179;179mP[38;2;240;240;240m@[38;2;252;252;252m@[38;2;251;251;251m@[38;2;188;188;188m@[38;2;217;217;217mPPPPP[38;2;200;200;200mA[38;2;242;242;242m@[38;2;252;252;252m@@[38;2;251;251;251m@[38;2;130;130;130mL [38;2;0;0;236m$      [39m
 [38;2;0;0;0m     [38;2;1;0;210m4[38;2;0;0;204m[ [38;2;233;233;233m$[38;2;252;252;252m@[38;2;243;243;243m@[38;2;170;170;170m@[38;2;152;152;152mF  [38;2;151;151;151my[38;2;225;225;225mg[38;2;251;251;251m@[38;2;246;246;246m@[38;2;191;191;191my[38;2;166;166;166myyyyy[38;2;175;175;175my[38;2;231;231;231mg[38;2;252;252;252m@@[38;2;251;251;251m@[38;2;143;143;143mF [38;2;0;0;236m$      [39m
 [38;2;0;0;0m     [38;2;0;0;212m4[38;2;0;0;202m[ [38;2;234;234;234m$[38;2;251;251;251m@[38;2;191;191;191my[38;2;253;253;253m_[38;2;200;200;200my[38;2;249;249;249mg[38;2;250;250;250m@[38;2;252;252;252m@@@@@@@@@@@@@@@[38;2;140;140;140mF [38;2;0;0;236m$      [39m
 [38;2;0;0;0m     [38;2;0;0;213m4[38;2;0;0;200m[ [38;2;222;222;222m@[38;2;252;252;252m@@@@@@@@@@@@@@@@@@@@@[38;2;135;135;135mF [38;2;0;0;236m$      [39m
 [38;2;0;0;0m     [38;2;0;0;216m4[38;2;0;0;197m[ [38;2;228;228;228m@[38;2;252;252;252m@@@@@@@@@@@@@@@@@@@@@[38;2;124;124;124mF [38;2;0;0;236m$      [39m
 [38;2;0;0;0m     [38;2;0;0;220m4[38;2;0;0;190m[ [38;2;235;235;235m@[38;2;252;252;252m@@@@@@@@@@@@@@@@@@@@[38;2;251;251;251m@[38;2;122;122;122mL [38;2;0;0;232m@      [39m
 [38;2;0;0;0m     [38;2;0;0;212m$  [38;2;242;242;242m@[38;2;252;252;252m@@@@@@@@@@@@@@@@@@@@[38;2;251;251;251m@[38;2;102;102;103mL [38;2;0;0;231m@      [39m
 [38;2;0;0;0m     [38;2;0;0;210m@[38;2;0;0;217m, [38;2;235;235;235m@[38;2;252;252;252m@@@@@@@@@@@@@@@@@@@@[38;2;249;249;249m@[38;2;65;65;66m~ [38;2;0;0;226m@      [39m
 [38;2;0;0;0m     [38;2;2;1;206m`[38;2;0;0;226m@[38;2;0;0;212m_[38;2;124;124;124m~[38;2;167;167;167m@[38;2;228;228;228m@[38;2;218;218;218mF[38;2;173;173;173mT[38;2;154;154;154mM[38;2;201;201;201m@[38;2;250;250;250m@[38;2;251;251;251m@[38;2;245;245;245m@[38;2;183;183;183m@[38;2;175;175;175mF[38;2;173;173;173mT[38;2;160;160;160m@[38;2;241;241;241m@[38;2;251;251;251m@@[38;2;219;219;219m@[38;2;203;203;203mF[38;2;251;251;251m~[38;2;180;180;180mF[38;2;184;184;184m~[38;2;1;0;203m_[38;2;0;0;231ma[38;2;1;1;202m~      [39m
 [38;2;0;0;0m      [38;2;2;1;208m`[38;2;0;0;216m?[38;2;0;0;227ma[38;2;0;0;206my[38;2;0;0;227m_[38;2;0;0;219ma[38;2;0;0;222m@[38;2;0;0;225mg[38;2;0;0;226m_[38;2;0;0;225m_[38;2;0;0;223m_[38;2;0;0;225m_[38;2;0;0;206my[38;2;0;0;226ma[38;2;0;0;227ma[38;2;0;0;210my[38;2;0;0;225m_[38;2;0;0;223m__[38;2;0;0;227m_[38;2;0;0;223mg[38;2;0;0;225m@g[38;2;0;0;227ma[38;2;0;0;218mP[38;2;0;0;227m'       [39m
 [38;2;0;0;0m         [38;2;2;1;201m~[38;2;0;0;224m~[38;2;2;0;208m`  [38;2;1;0;216m~[38;2;0;0;226m~[38;2;0;0;227m~[38;2;0;0;226m~[38;2;2;2;198m~  [38;2;0;0;227m`[38;2;0;0;225m~[38;2;0;0;227m~~[38;2;0;0;221m~[38;2;3;2;193m` [38;2;3;1;192m`          [39m
 [38;2;0;0;0m                                       [39m
[?25h