[?25l[39m [38;2;0;0;0m               [38;2;0;0;222m_[38;2;0;0;226m__[38;2;1;1;202my[38;2;1;1;208my[38;2;1;1;206my[38;2;0;0;226m_[38;2;0;0;225m_[38;2;0;0;228m_[38;2;2;0;209m_              [39m
 [38;2;0;0;0m            [38;2;0;0;226m_gP~[38;2;0;0;228m~[38;2;0;0;223m~[38;2;144;144;144m_[38;2;224;224;224m_[38;2;232;232;232m_[38;2;198;198;198m_[38;2;0;0;221m~[38;2;0;0;228m~[38;2;0;0;227m~[38;2;0;0;226m=[38;2;0;0;225ma[38;2;1;1;205my[38;2;0;0;221m_          [39m
 [38;2;0;0;0m          [38;2;1;0;206my[38;2;0;0;221m@[38;2;0;0;228m~ [38;2;168;168;168my[38;2;229;229;229ma[38;2;219;219;219m@[38;2;251;251;251m@@@[38;2;252;252;252m@[38;2;251;251;251m@@[38;2;250;250;250m@[38;2;226;226;226m$[38;2;204;204;204mg[38;2;162;162;162my[38;2;80;80;80m_[38;2;0;0;226m~[38;2;0;0;213m@[38;2;0;0;229m_        [39m
 [38;2;0;0;0m         [38;2;0;0;228mg[38;2;0;0;220mF [38;2;198;198;198my[38;2;236;236;236m@[38;2;251;251;251m@[38;2;252;252;252m@@@@@@@@@@@@[38;2;251;251;251m@[38;2;223;223;223mg[38;2;180;180;180m_[38;2;0;0;216m~[38;2;0;0;222mR[38;2;0;0;227m_      [39m
 [38;2;0;0;0m        [38;2;0;0;229mg[38;2;0;0;206mF [38;2;224;224;224mg[38;2;251;251;251m@[38;2;252;252;252m@@@@@@@@@@@@@@@@[38;2;251;251;251m@[38;2;186;186;186mg [38;2;0;0;220m?[38;2;1;0;209mg     [39m
 [38;2;0;0;0m       [38;2;1;1;201mj[38;2;0;0;230mF [38;2;191;191;191mg[38;2;251;251;251m@[38;2;252;252;252m@@@@@@[38;2;251;251;251m@[38;2;212;212;212m@[38;2;192;192;192mF[38;2;204;204;204mR[38;2;247;247;247m@[38;2;251;251;251m@[38;2;252;252;252m@@@@@@[38;2;251;251;251m@[38;2;170;170;170m@ [38;2;0;0;210m5[38;2;0;0;217mi    [39m
 [38;2;0;0;0m       [38;2;0;0;217mg[38;2;0;0;191m[ [38;2;235;235;235m@[38;2;252;252;252m@@@@@@@@[38;2;220;220;220m@[38;2;191;191;191my[38;2;194;194;194m_ [38;2;186;186;186m~[38;2;154;154;154mM[38;2;212;212;212m@[38;2;251;251;251m@@[38;2;205;205;205m@[38;2;204;204;204mPP[38;2;203;203;203mP  [38;2;0;0;229m$    [39m
 [38;2;0;0;0m       [38;2;0;0;217m@  [38;2;248;248;248m@[38;2;252;252;252m@@@@@@@@[38;2;249;249;249m@[38;2;180;180;180m@[38;2;166;166;166mF[38;2;68;68;68m~ [38;2;133;133;133my[38;2;197;197;197mg[38;2;251;251;251m@[38;2;252;252;252m@[38;2;214;214;214my[38;2;177;177;177myyy  [38;2;0;0;230m@    [39m
 [38;2;0;0;0m       [38;2;0;0;222m@  [38;2;249;249;249m@[38;2;252;252;252m@@@@@@@[38;2;251;251;251m@[38;2;178;178;178m@[38;2;247;247;247m_[38;2;195;195;195my[38;2;241;241;241mg[38;2;246;246;246m@[38;2;251;251;251m@[38;2;252;252;252m@@@@@@[38;2;251;251;251m@  [38;2;0;0;227m@    [39m
 [38;2;0;0;0m       [38;2;0;0;232m@ [38;2;67;67;68m4[38;2;249;249;249m@[38;2;252;252;252m@@@@@@@@@@@@@@@@@@@@[38;2;250;250;250m@  [38;2;0;0;223m$    [39m
 [38;2;0;0;0m       [38;2;0;0;236m@ [38;2;125;125;125m4[38;2;251;251;251m@[38;2;252;252;252m@@@@@@@@@@@@@@@@@@@@[38;2;239;239;239m@ [38;2;0;1;194mj[38;2;1;1;208m$    [39m
 [38;2;0;0;0m      [38;2;2;2;178mj[38;2;0;0;217m@ [38;2;185;185;185mg[38;2;251;251;251m@[38;2;252;252;252m@@@@@@@@@@@@@@@@@@@@[38;2;190;190;190m@ [38;2;0;0;215ma[38;2;1;1;207m[    [39m
 [38;2;0;0;0m      [38;2;1;0;209mg[38;2;0;0;198mF [38;2;221;221;221m@[38;2;252;252;252m@@@@@@@@@@@@@@@@@@@@[38;2;251;251;251m@[38;2;148;148;148mF [38;2;0;0;234m$     [39m
 [38;2;0;0;0m      [38;2;0;0;233m@ [38;2;97;97;97mu[38;2;250;250;250m@[38;2;252;252;252m@@@@@@@@@@@@@@@@@@@@[38;2;246;246;246m@ [38;2;0;0;175mj[38;2;0;0;217m$     [39m
 [38;2;0;0;0m      [38;2;0;0;233m@ [38;2;112;112;112m4[38;2;250;250;250m@[38;2;252;252;252m@@@@[38;2;251;251;251m@@[38;2;252;252;252m@@@@@@@@@@@@@[38;2;251;251;251m@[38;2;207;207;207mF [38;2;0;0;228mg[38;2;1;1;197mF     [39m
 [38;2;0;0;0m      [38;2;0;0;218m@[38;2;0;0;220mg[38;2;0;0;210m_[38;2;168;168;168m~[38;2;177;177;177mP[38;2;199;199;199mR[38;2;210;210;210mF[38;2;231;231;231m~[38;2;102;102;102m~[38;2;133;133;133m~[38;2;171;171;171mT[38;2;188;188;188mR[38;2;210;210;210mRP[38;2;170;170;170mF[38;2;154;154;154m~[38;2;197;197;197m`[38;2;224;224;224m~[38;2;185;185;185mP[38;2;206;206;206mR[38;2;199;199;199mR[38;2;201;201;201mF[38;2;213;213;213m~[38;2;174;174;174m`[38;2;0;0;226m_[38;2;0;0;229mg[38;2;0;0;222mF      [39m
 [38;2;0;0;0m       [38;2;0;0;228m~[38;2;0;0;225m@[38;2;0;0;221m@[38;2;0;0;228mg[38;2;0;0;226mg[38;2;0;0;227mg[38;2;0;0;225m@[38;2;0;0;223m@[38;2;0;0;227m@g[38;2;0;0;226mg[38;2;0;0;222mg[38;2;0;0;228mg[38;2;0;0;226mg[38;2;0;0;225m@[38;2;0;0;226m@[38;2;0;0;219m@[38;2;0;0;228mg[38;2;0;0;222mg[38;2;0;0;227mgg@[38;2;0;0;225m@[38;2;0;0;219mP[38;2;1;1;206m~       [39m
 [38;2;0;0;0m         [38;2;1;0;224m`[38;2;0;0;224m~[38;2;0;0;226m~[38;2;2;0;212m~   [38;2;0;1;213m~[38;2;0;0;226m~~[38;2;0;0;224m~[38;2;1;0;220m`  [38;2;1;0;228m`[38;2;0;0;224m~[38;2;0;0;227m~~[38;2;2;2;202m~           [39m
 [38;2;0;0;0m                                       [39m
[?25h