[?25l[39m [38;2;0;0;0m                                       [39m
 [38;2;0;0;0m            [38;2;0;0;228m_[38;2;1;1;208my[38;2;0;0;227ma[38;2;0;0;217m#[38;2;0;0;220mP[38;2;0;0;226m=[38;2;0;0;217m=[38;2;0;0;218m=[38;2;0;0;226m=[38;2;0;0;228m=[38;2;0;0;209m@[38;2;0;0;226ma[38;2;1;1;208my[38;2;0;0;228m_             [39m
 [38;2;0;0;0m         [38;2;0;0;220m_[38;2;0;0;225ma[38;2;0;0;228mP[38;2;0;0;226m~[38;2;0;0;232m`[38;2;247;247;247m_[38;2;192;192;192my[38;2;201;201;201ma[38;2;240;240;240mg[38;2;252;252;252mgg[38;2;241;241;241mg[38;2;193;193;193mg[38;2;192;192;192my[38;2;247;247;247m_[38;2;0;0;232m`[38;2;0;0;226m~[38;2;0;0;229m4[38;2;0;0;220mg[38;2;0;0;221m_          [39m
 [38;2;0;0;0m       [38;2;3;2;185m_[38;2;0;0;225mg[38;2;0;0;220mF[38;2;1;0;199m`[38;2;169;169;169my[38;2;240;240;240mg[38;2;249;249;249m@[38;2;251;251;251m@[38;2;252;252;252m@@@@@@@@@[38;2;251;251;251m@[38;2;240;240;240mg[38;2;161;161;161my[38;2;1;0;199m`[38;2;0;0;215m?[38;2;0;0;225mg[38;2;0;0;224m,        [39m
 [38;2;0;0;0m      [38;2;0;0;205m_[38;2;0;0;222m@[38;2;1;0;208m'[38;2;110;110;111my[38;2;204;204;204m@[38;2;251;251;251m@[38;2;252;252;252m@@@@@@@@@@@@@@[38;2;251;251;251m@[38;2;222;222;222m@[38;2;171;171;171m_[38;2;1;1;201m`[38;2;0;0;219m@[38;2;0;0;204m_       [39m
 [38;2;0;0;0m      [38;2;0;0;230m@ [38;2;128;128;129my[38;2;245;245;245m@[38;2;252;252;252m@@@@[38;2;251;251;251m@@[38;2;252;252;252m@@@@@@[38;2;251;251;251m@@@@[38;2;252;252;252m@@[38;2;250;250;250m@[38;2;113;113;113my [38;2;0;0;226m@[38;2;0;0;218m,      [39m
 [38;2;0;0;0m     [38;2;1;0;211mg[38;2;0;0;202mF [38;2;227;227;227m$[38;2;252;252;252m@[38;2;251;251;251m@[38;2;236;236;236mF[38;2;221;221;221m~[38;2;164;164;164my[38;2;195;195;195my[38;2;149;149;149my[38;2;230;230;230m~[38;2;182;182;182m@[38;2;251;251;251m@@[38;2;218;218;218m@[38;2;247;247;247m~[38;2;162;162;162my[38;2;177;177;177my[38;2;182;182;182my~[38;2;155;155;155m5[38;2;249;249;249m@[38;2;252;252;252m@[38;2;234;234;234m@ [38;2;1;0;181m?[38;2;0;0;215m$      [39m
 [38;2;0;0;0m     [38;2;0;0;225m@  [38;2;250;250;250m@[38;2;251;251;251m@[38;2;177;177;177m$[38;2;78;78;78mu[38;2;202;202;202mF [38;2;163;163;163my [38;2;198;198;198m$ [38;2;224;224;224m@[38;2;241;241;241m@ [38;2;181;181;181m$[38;2;107;107;107m`[38;2;178;178;178my[38;2;90;90;90m`[38;2;131;131;131m4[38;2;99;99;99mL[38;2;162;162;162m9[38;2;251;251;251m@@  [38;2;0;0;225m@      [39m
 [38;2;0;0;0m     [38;2;0;0;226m@  [38;2;249;249;249m@[38;2;252;252;252m@[38;2;211;211;211m@ [38;2;156;156;156m$[38;2;147;147;147my[38;2;169;169;169my[38;2;170;170;170my[38;2;148;148;148my[38;2;188;188;188mg[38;2;250;250;250m@@[38;2;168;168;168m_[38;2;161;161;161m4[38;2;159;159;159my[38;2;144;144;144my[38;2;181;181;181my[38;2;143;143;143my[38;2;184;184;184my[38;2;226;226;226m@[38;2;252;252;252m@[38;2;251;251;251m@  [38;2;0;0;226m@      [39m
 [38;2;0;0;0m     [38;2;0;0;226m@  [38;2;249;249;249m@[38;2;252;252;252m@@[38;2;245;245;245m@[38;2;211;211;211mg[38;2;194;194;194my[38;2;181;181;181my[38;2;202;202;202my[38;2;249;249;249m@[38;2;252;252;252m@@@[38;2;251;251;251m@[38;2;243;243;243mg[38;2;205;205;205my[38;2;183;183;183my[38;2;185;185;185my[38;2;215;215;215m@[38;2;251;251;251m@[38;2;252;252;252m@@[38;2;251;251;251m@  [38;2;0;0;226m@      [39m
 [38;2;0;0;0m     [38;2;0;0;226m@  [38;2;249;249;249m@[38;2;252;252;252m@@@@@@@@@@@@@@@@@@@@[38;2;251;251;251m@  [38;2;0;0;226m@      [39m
 [38;2;0;0;0m     [38;2;0;0;226m@  [38;2;249;249;249m@[38;2;252;252;252m@@@@@@@@@@@@@@@@@@@@[38;2;251;251;251m@  [38;2;0;0;227m@      [39m
 [38;2;0;0;0m     [38;2;0;0;226m@  [38;2;249;249;249m@[38;2;252;252;252m@@@@@@@@@@@@@@@@@@@@[38;2;251;251;251m@  [38;2;0;0;227m@      [39m
 [38;2;0;0;0m     [38;2;0;0;226m@  [38;2;249;249;249m@[38;2;252;252;252m@@@@@@@@@@@@@@@@@@@@[38;2;251;251;251m@  [38;2;0;0;227m@      [39m
 [38;2;0;0;0m     [38;2;0;0;221m@  [38;2;244;244;244m@[38;2;252;252;252m@@@@@@@@@@@@@@@@@@@@[38;2;249;249;249m@  [38;2;0;0;223m@      [39m
 [38;2;0;0;0m     [38;2;1;0;212m`[38;2;0;0;223m@[38;2;0;0;214m,[38;2;157;157;157m~[38;2;183;183;183m@[38;2;249;249;249m@[38;2;252;252;252m@[38;2;251;251;251m@[38;2;217;217;217m@[38;2;201;201;201mF[38;2;169;169;169mF[38;2;179;179;179mA[38;2;239;239;239m@[38;2;252;252;252m@@[38;2;240;240;240m@[38;2;211;211;211mP[38;2;173;173;173mF[38;2;163;163;163mM[38;2;210;210;210m@[38;2;251;251;251m@[38;2;252;252;252m@[38;2;250;250;250m@[38;2;198;198;198m@[38;2;184;184;184m~[38;2;1;0;196m_[38;2;0;0;229mg[38;2;2;1;194mF      [39m
 [38;2;0;0;0m      [38;2;0;0;218m`[38;2;0;0;225m4[38;2;0;0;227mg[38;2;0;0;225m__[38;2;115;115;115m`[38;2;0;0;223m_[38;2;0;0;227m_[38;2;0;0;224ma[38;2;0;0;219m@[38;2;0;0;214my[38;2;0;0;226m_[38;2;104;104;104m``[38;2;0;0;226m_[38;2;0;0;214my[38;2;0;0;226ma[38;2;0;0;223mg[38;2;0;0;227m_[38;2;0;0;225m_[38;2;119;119;119m`[38;2;0;0;223m_[38;2;0;0;227m_[38;2;0;0;228mg[38;2;0;0;227mP[38;2;1;1;203m~       [39m
 [38;2;0;0;0m        [38;2;2;3;190m`[38;2;0;0;224m~[38;2;0;0;226m~[38;2;0;0;227m~~~[38;2;1;0;209m` [38;2;1;1;206m~[38;2;0;0;227m~~~[38;2;0;0;226m~[38;2;1;1;209m~ [38;2;2;0;209m`[38;2;0;0;224m~[38;2;0;0;227m~~[38;2;0;0;226m~[38;2;0;0;225m~[38;2;2;2;195m`         [39m
 [38;2;0;0;0m                                       [39m
[?25h