[?25l[39m [38;2;0;0;0m               [38;2;0;0;217m_[38;2;0;0;230m_[38;2;0;0;224m_[38;2;0;0;225m___[38;2;0;0;230m_[38;2;0;0;218m_                [39m
 [38;2;0;0;0m           [38;2;0;0;229m_[38;2;0;0;217ma[38;2;0;0;226mg[38;2;0;0;227m@[38;2;0;0;225m@[38;2;0;0;222mP[38;2;0;0;230m=[38;2;0;0;228m==[38;2;0;0;230m=[38;2;0;0;216mR[38;2;0;0;225m@[38;2;0;0;227m@[38;2;0;0;218m@[38;2;0;0;214mg[38;2;0;0;229m_            [39m
 [38;2;0;0;0m         [38;2;1;0;211ma[38;2;0;0;225m@[38;2;0;0;227mP[38;2;0;0;225m~[38;2;0;0;216m~[38;2;230;230;230m_[38;2;181;181;181my[38;2;214;214;214myg[38;2;239;239;239mgg[38;2;214;214;214mgy[38;2;181;181;181my[38;2;230;230;230m_[38;2;0;0;215m~[38;2;0;0;226m~[38;2;0;0;219mR[38;2;0;0;226m@[38;2;0;0;216my[38;2;1;1;202m,         [39m
 [38;2;0;0;0m       [38;2;0;0;229m_[38;2;0;0;227m@[38;2;0;0;223mF[38;2;0;0;216m`[38;2;150;150;150my[38;2;232;232;232mg[38;2;245;245;245m@[38;2;251;251;251m@[38;2;252;252;252m@@@@@@@@[38;2;251;251;251m@[38;2;249;249;249m@[38;2;232;232;232mg[38;2;140;140;140my[38;2;0;0;216m`[38;2;0;0;217m?[38;2;0;0;227m@[38;2;0;0;229m_        [39m
 [38;2;0;0;0m      [38;2;0;0;227mj[38;2;0;0;225m@[38;2;0;0;199m~[38;2;152;152;152m_[38;2;244;244;244mg[38;2;251;251;251m@[38;2;252;252;252m@@@@@@@@@@@@@@[38;2;251;251;251m@[38;2;213;213;213m@[38;2;151;151;151m_[38;2;0;0;214m`[38;2;0;0;222m@[38;2;0;0;225mL       [39m
 [38;2;0;0;0m     [38;2;2;1;189mj[38;2;0;0;230m@[38;2;0;0;191m'[38;2;115;115;116my[38;2;243;243;243m@[38;2;252;252;252m@[38;2;250;250;250m@[38;2;247;247;247m@[38;2;251;251;251m@[38;2;252;252;252m@@@@@@@@@@@@@@[38;2;249;249;249m@[38;2;99;99;100my [38;2;0;0;225m@[38;2;0;1;206mi      [39m
 [38;2;0;0;0m     [38;2;0;0;219mg[38;2;0;0;205mF [38;2;223;223;223m$[38;2;252;252;252m@[38;2;250;250;250m@[38;2;207;207;207m_ [38;2;171;171;171m~[38;2;140;140;140m5[38;2;195;195;195m@[38;2;251;251;251m@[38;2;252;252;252m@@@[38;2;251;251;251m@[38;2;252;252;252m@@@@@[38;2;251;251;251m@[38;2;252;252;252m@@[38;2;232;232;232m@ [38;2;0;0;187m?[38;2;0;0;221m$      [39m
 [38;2;0;0;0m     [38;2;0;0;225m@  [38;2;250;250;250m@[38;2;252;252;252m@@[38;2;251;251;251m@[38;2;239;239;239m@[38;2;191;191;191m=   [38;2;202;202;202m$[38;2;251;251;251m@[38;2;211;211;211m@[38;2;68;68;68m~     [38;2;98;98;98m`[38;2;215;215;215m$[38;2;252;252;252m@[38;2;251;251;251m@  [38;2;0;0;225m@      [39m
 [38;2;0;0;0m     [38;2;0;0;225m@  [38;2;249;249;249m@[38;2;252;252;252m@[38;2;251;251;251m@[38;2;222;222;222m~ [38;2;172;172;172m_[38;2;185;185;185my[38;2;236;236;236mg[38;2;242;242;242m@[38;2;251;251;251m@[38;2;252;252;252m@@[38;2;250;250;250m@[38;2;248;248;248m@@@@@[38;2;250;250;250m@[38;2;251;251;251m@[38;2;252;252;252m@[38;2;251;251;251m@  [38;2;0;0;226m@      [39m
 [38;2;0;0;0m     [38;2;0;0;225m@  [38;2;249;249;249m@[38;2;252;252;252m@@[38;2;244;244;244m@[38;2;230;230;230m@[38;2;251;251;251m@[38;2;252;252;252m@@@@@@@@@@@@@@@[38;2;251;251;251m@  [38;2;0;0;226m@      [39m
 [38;2;0;0;0m     [38;2;0;0;225m@  [38;2;249;249;249m@[38;2;252;252;252m@@@@@@@@@@@@@@@@@@@@[38;2;251;251;251m@  [38;2;0;0;226m@      [39m
 [38;2;0;0;0m     [38;2;0;0;225m@  [38;2;249;249;249m@[38;2;252;252;252m@@@@@@@@@@@@@@@@@@@@[38;2;251;251;251m@  [38;2;0;0;226m@      [39m
 [38;2;0;0;0m     [38;2;0;0;225m@  [38;2;249;249;249m@[38;2;252;252;252m@@@@@@@@@@@@@@@@@@@@[38;2;251;251;251m@  [38;2;0;0;226m@      [39m
 [38;2;0;0;0m     [38;2;0;0;219m@  [38;2;243;243;243m@[38;2;252;252;252m@@@@@@@@@@@@@@@@@@@@[38;2;247;247;247m@  [38;2;0;0;224m$      [39m
 [38;2;0;0;0m     [38;2;1;1;210m`[38;2;0;0;225m@[38;2;0;0;209m_[38;2;136;136;136m~[38;2;200;200;200mR[38;2;246;246;246m@[38;2;252;252;252m@[38;2;249;249;249m@[38;2;202;202;202m@[38;2;185;185;185mF[38;2;252;252;252m~[38;2;171;171;171m5[38;2;231;231;231m@[38;2;251;251;251m@@[38;2;233;233;233m@[38;2;219;219;219mF[38;2;252;252;252m~[38;2;178;178;178mT[38;2;190;190;190m@[38;2;248;248;248m@[38;2;252;252;252m@[38;2;246;246;246m@[38;2;181;181;181m@[38;2;164;164;164m~[38;2;0;0;207m_[38;2;0;0;231ma'      [39m
 [38;2;0;0;0m      [38;2;1;1;209m`[38;2;0;1;209m4[38;2;0;0;226ma[38;2;0;0;208my[38;2;0;0;226m__[38;2;0;0;227m_[38;2;0;0;225m_[38;2;0;0;226ma[38;2;0;0;220m@[38;2;0;0;222my[38;2;0;0;225m_[38;2;0;0;227m__[38;2;0;0;225m_[38;2;0;0;217ma@[38;2;0;0;223mg[38;2;0;0;225m_[38;2;0;0;226m___[38;2;0;0;209my[38;2;0;0;227ma[38;2;0;0;215mP[38;2;0;0;224m'       [39m
 [38;2;0;0;0m         [38;2;0;0;232m`[38;2;0;0;230m~[38;2;0;0;227m~[38;2;0;0;230m~[38;2;1;0;212m~  [38;2;0;1;209m`[38;2;0;0;226m~[38;2;0;0;229m~[38;2;0;0;228m~~[38;2;0;1;210m`  [38;2;1;1;209m~[38;2;0;0;229m~[38;2;0;0;227m~[38;2;0;0;231m~[38;2;1;2;199m~          [39m
 [38;2;0;0;0m                                       [39m
 [38;2;0;0;0m                                       [39m
[?25h