[?25l[39m [38;2;0;0;0m                 [38;2;0;0;224m_[38;2;0;0;234m__[38;2;0;0;224m_                  [39m
 [38;2;0;0;0m           [38;2;1;0;206m_[38;2;0;0;224m_g[38;2;0;0;218m#[38;2;0;0;228m=~[38;2;0;0;226m~[38;2;0;0;225m~[38;2;0;0;224m~[38;2;0;0;227m~[38;2;0;0;228m~=[38;2;0;0;211m@[38;2;0;0;223mg[38;2;0;0;225m_[38;2;2;0;211m_            [39m
 [38;2;0;0;0m         [38;2;0;0;230m_[38;2;0;0;228ma[38;2;0;0;214mF[38;2;0;0;226m~[38;2;195;195;195m_[38;2;183;183;183my[38;2;212;212;212ma[38;2;252;252;252mg[38;2;230;230;230m$[38;2;226;226;226m@[38;2;227;227;227m@[38;2;232;232;232m$[38;2;252;252;252mg[38;2;208;208;208mg[38;2;186;186;186my[38;2;208;208;208m_[38;2;0;0;221m~[38;2;0;0;226m~[38;2;0;0;217m@[38;2;0;0;230m_          [39m
 [38;2;0;0;0m       [38;2;1;0;209m_[38;2;1;0;217m@[38;2;0;0;230m~ [38;2;205;205;205my[38;2;221;221;221m@[38;2;251;251;251m@[38;2;252;252;252m@@@@@@@@@@[38;2;251;251;251m@[38;2;236;236;236m@[38;2;207;207;207my[38;2;85;85;85m_[38;2;0;0;225m~[38;2;0;0;221m@[38;2;0;0;215m_        [39m
 [38;2;0;0;0m      [38;2;0;0;217m_[38;2;0;0;216m@ [38;2;158;158;159my[38;2;234;234;234m@[38;2;252;252;252m@@@@@@@@@@@@@@@@[38;2;247;247;247m@[38;2;165;165;165my [38;2;0;0;227m4[38;2;0;0;225m_       [39m
 [38;2;0;0;0m      [38;2;0;0;229m@ [38;2;152;152;152my[38;2;249;249;249m@[38;2;251;251;251m@[38;2;241;241;241m@[38;2;232;232;232m@[38;2;251;251;251m@[38;2;252;252;252m@@@@@@@@@@@@@@[38;2;251;251;251m@[38;2;158;158;158my [38;2;0;0;224m0[38;2;0;0;232m,      [39m
 [38;2;0;0;0m     [38;2;1;0;210mg[38;2;1;0;197mF [38;2;231;231;231m$[38;2;252;252;252m@[38;2;251;251;251m@[38;2;153;153;153my [38;2;94;94;94m~[38;2;243;243;243m~[38;2;185;185;185mR[38;2;242;242;242m@[38;2;251;251;251m@[38;2;252;252;252m@[38;2;251;251;251m@[38;2;252;252;252m@@@@@@@@@[38;2;245;245;245m@  [38;2;0;0;223m$      [39m
 [38;2;0;0;0m     [38;2;0;0;220m@  [38;2;250;250;250m@[38;2;252;252;252m@@[38;2;251;251;251m@[38;2;237;237;237m@[38;2;200;200;200m=  [38;2;100;100;100m_[38;2;199;199;199m$[38;2;251;251;251m@[38;2;218;218;218m@[38;2;144;144;144m_[38;2;119;119;119m_____[38;2;149;149;149m_[38;2;215;215;215m$[38;2;252;252;252m@[38;2;251;251;251m@[38;2;66;66;66mL [38;2;0;0;228m@      [39m
 [38;2;0;0;0m     [38;2;0;0;220m@  [38;2;250;250;250m@[38;2;252;252;252m@[38;2;251;251;251m@[38;2;163;163;163m~ [38;2;234;234;234m_[38;2;213;213;213my[38;2;249;249;249mg[38;2;250;250;250m@[38;2;252;252;252m@@@@[38;2;251;251;251m@@@@@@[38;2;252;252;252m@@[38;2;251;251;251m@[38;2;67;67;67mL [38;2;0;0;229m@      [39m
 [38;2;0;0;0m     [38;2;0;0;220m@  [38;2;250;250;250m@[38;2;252;252;252m@@[38;2;251;251;251m@[38;2;250;250;250m@[38;2;251;251;251m@[38;2;252;252;252m@@@@@@@@@@@@@@@[38;2;251;251;251m@[38;2;64;64;64mL [38;2;0;0;229m@      [39m
 [38;2;0;0;0m     [38;2;0;0;221m@  [38;2;250;250;250m@[38;2;252;252;252m@@@@@@@@@@@@@@@@@@@@[38;2;251;251;251m@  [38;2;0;0;228m@      [39m
 [38;2;0;0;0m     [38;2;0;0;221m@  [38;2;250;250;250m@[38;2;252;252;252m@@@@@@@@@@@@@@@@@@@@[38;2;251;251;251m@  [38;2;0;0;227m@      [39m
 [38;2;0;0;0m     [38;2;0;0;222m@  [38;2;250;250;250m@[38;2;252;252;252m@@@@@@@@@@@@@@@@@@@@[38;2;251;251;251m@  [38;2;0;0;228m@      [39m
 [38;2;0;0;0m     [38;2;0;0;223m@  [38;2;250;250;250m@[38;2;252;252;252m@@@@@@@@@@@@@@@@@@@@[38;2;251;251;251m@  [38;2;0;0;227m@      [39m
 [38;2;0;0;0m     [38;2;0;0;219m@  [38;2;241;241;241m@[38;2;252;252;252m@@@@@@@@@@@@@@@@@@@@[38;2;248;248;248m@  [38;2;0;0;224m@      [39m
 [38;2;0;0;0m     [38;2;1;0;213m`[38;2;0;0;225m@[38;2;0;0;215m_[38;2;132;132;132m~[38;2;165;165;165m@[38;2;243;243;243m@[38;2;248;248;248m@[38;2;203;203;203m@[38;2;188;188;188mF[38;2;251;251;251m~[38;2;163;163;163m5[38;2;223;223;223m@[38;2;251;251;251m@@[38;2;231;231;231m@[38;2;220;220;220mF[38;2;251;251;251m~[38;2;159;159;159mF[38;2;187;187;187m@[38;2;247;247;247m@[38;2;251;251;251m@[38;2;245;245;245m@[38;2;187;187;187m@[38;2;174;174;174mF[38;2;167;167;167m~[38;2;1;0;212m_[38;2;0;0;230mg[38;2;1;1;194mF      [39m
 [38;2;0;0;0m      [38;2;1;0;218m`[38;2;0;0;225m4[38;2;0;0;227mg[38;2;0;0;208my[38;2;0;0;225m_[38;2;0;0;226m_[38;2;0;0;227m_[38;2;0;0;226mg@[38;2;0;0;218mg[38;2;0;0;227m_[38;2;0;0;225m__[38;2;0;0;227m_[38;2;0;0;219ma[38;2;0;0;220m@[38;2;0;0;227mg_[38;2;0;0;226m_[38;2;0;0;223m_[38;2;0;0;225m_[38;2;0;0;206my[38;2;0;0;227mg[38;2;0;0;226m@[38;2;0;0;227mP[38;2;1;1;201m~       [39m
 [38;2;0;0;0m        [38;2;2;4;188m`[38;2;0;0;224m~[38;2;0;0;226m~[38;2;0;0;227m~~[38;2;0;0;210m` [38;2;3;1;200m~[38;2;0;0;226m~[38;2;0;0;227m~[38;2;0;0;226m~~[38;2;1;1;208m~ [38;2;2;1;203m`[38;2;0;0;224m~[38;2;0;0;227m~~[38;2;0;0;226m~~[38;2;2;2;196m`          [39m
 [38;2;0;0;0m                                       [39m
[?25h