[?25l[39m [38;2;0;0;0m              [38;2;0;0;229m_[38;2;0;0;226m_[38;2;1;1;210my[38;2;0;0;215ma[38;2;0;0;221mg[38;2;0;0;222mg[38;2;0;0;221my[38;2;0;1;210my[38;2;0;0;226m_[38;2;0;0;228m_[38;2;2;2;186m_              [39m
 [38;2;0;0;0m          [38;2;0;0;224m_[38;2;1;0;211ma[38;2;0;0;217m@[38;2;0;0;222mP[38;2;0;0;225m~[38;2;0;0;228m~[38;2;0;0;216m~[38;2;217;217;217m_[38;2;235;235;235m__[38;2;221;221;221m_[38;2;92;92;92m_[38;2;0;0;228m~[38;2;0;0;226m~=[38;2;0;0;222m@[38;2;0;0;219my[38;2;0;0;228m_           [39m
 [38;2;0;0;0m        [38;2;0;0;222m_[38;2;0;0;228mg[38;2;0;0;219mP~[38;2;205;205;205m_[38;2;207;207;207my[38;2;250;250;250mg[38;2;245;245;245m@[38;2;251;251;251m@@[38;2;252;252;252m@@[38;2;251;251;251m@@[38;2;250;250;250m@[38;2;251;251;251mg[38;2;214;214;214my[38;2;225;225;225m_[38;2;0;0;210m~[38;2;0;0;213m?[38;2;0;0;221m@[38;2;0;0;228m_         [39m
 [38;2;0;0;0m       [38;2;0;0;217mg[38;2;0;0;226mP[38;2;0;0;202m'[38;2;156;156;157my[38;2;203;203;203m@[38;2;251;251;251m@[38;2;252;252;252m@@@@@@@@@@@@[38;2;251;251;251m@[38;2;227;227;227m@[38;2;173;173;173my [38;2;0;0;199m#[38;2;1;0;217m$        [39m
 [38;2;0;0;0m      [38;2;0;0;223mg[38;2;0;0;222mF [38;2;204;204;204mg[38;2;251;251;251m@[38;2;252;252;252m@@@@@@@@@@@@@@@@[38;2;251;251;251m@[38;2;203;203;203m$ [38;2;0;0;217m~[38;2;0;0;228m$       [39m
 [38;2;0;0;0m     [38;2;1;1;200mj[38;2;0;0;213m@ [38;2;181;181;181mg[38;2;251;251;251m@[38;2;252;252;252m@@@@@@@@@@@@@@@@@@[38;2;251;251;251m@[38;2;191;191;191m@ [38;2;0;0;214m?[38;2;1;1;202m$      [39m
 [38;2;0;0;0m     [38;2;1;0;218mg[38;2;0;0;192m[ [38;2;234;234;234m@[38;2;252;252;252m@@@@@@@@@@@@@@@@@@@@[38;2;251;251;251m@[38;2;72;72;72mW [38;2;0;0;230m$      [39m
 [38;2;0;0;0m     [38;2;0;0;217m@  [38;2;248;248;248m@[38;2;252;252;252m@@@@@@@@@@@@@@@@@@@@[38;2;251;251;251m@[38;2;82;82;83mL [38;2;0;0;230m@      [39m
 [38;2;0;0;0m     [38;2;0;0;217m@  [38;2;248;248;248m@[38;2;252;252;252m@@@@@@@@@@@@@@@@@@@@[38;2;251;251;251m@[38;2;82;82;83mL [38;2;0;0;231m@      [39m
 [38;2;0;0;0m     [38;2;0;0;217m@  [38;2;248;248;248m@[38;2;252;252;252m@@@@@@@@@@@@@@@@@@@@[38;2;251;251;251m@[38;2;80;80;80mL [38;2;0;0;230m@      [39m
 [38;2;0;0;0m     [38;2;0;0;217m@  [38;2;248;248;248m@[38;2;252;252;252m@@@@@@@@@@@@@@@@@@@@[38;2;251;251;251m@[38;2;77;77;77mL [38;2;0;0;230m@      [39m
 [38;2;0;0;0m     [38;2;0;0;218m@  [38;2;249;249;249m@[38;2;252;252;252m@@@@@@@@@@@@@@@@@@@@[38;2;251;251;251m@[38;2;73;73;73mL [38;2;0;0;230m@      [39m
 [38;2;0;0;0m     [38;2;0;0;220m@  [38;2;250;250;250m@[38;2;252;252;252m@@@@@@@@@@@@@@@@@@@@[38;2;251;251;251m@[38;2;67;67;67mL [38;2;0;0;229m@      [39m
 [38;2;0;0;0m     [38;2;0;0;216m@, [38;2;237;237;237m@[38;2;252;252;252m@@@@@@@@@@@@@@@@@@@@[38;2;248;248;248m@  [38;2;0;0;225m@      [39m
 [38;2;0;0;0m     [38;2;1;1;211m`[38;2;0;0;228m@[38;2;0;0;221m_[38;2;195;195;195m`[38;2;173;173;173m5[38;2;231;231;231m@[38;2;248;248;248m@[38;2;246;246;246m@[38;2;199;199;199m@[38;2;181;181;181mF[38;2;251;251;251m~[38;2;179;179;179mT[38;2;195;195;195m@[38;2;247;247;247m@[38;2;248;248;248m@[38;2;228;228;228m@[38;2;220;220;220mF[38;2;252;252;252m~~[38;2;191;191;191mA[38;2;239;239;239m@[38;2;248;248;248m@[38;2;240;240;240m@[38;2;221;221;221mP[38;2;152;152;152m~[38;2;0;0;219m_[38;2;0;0;230mg[38;2;1;1;199mF      [39m
 [38;2;0;0;0m      [38;2;1;0;217m`[38;2;0;0;222m4@[38;2;0;0;220my[38;2;0;0;226m___[38;2;0;0;227m_[38;2;0;0;226mg[38;2;0;0;228m@[38;2;0;0;225mg[38;2;0;0;227m_[38;2;0;0;226m___[38;2;0;0;220ma@[38;2;0;0;226mg[38;2;0;0;215my[38;2;0;0;226m___[38;2;0;0;216my[38;2;0;0;227mg[38;2;0;0;225mP[38;2;0;1;204m~       [39m
 [38;2;0;0;0m         [38;2;0;0;222m~[38;2;0;0;226m~[38;2;0;0;225m~~[38;2;0;0;230m~[38;2;0;0;221m` [38;2;0;0;227m`[38;2;0;0;228m~[38;2;0;0;225m~~[38;2;0;0;226m~[38;2;0;0;217m~  [38;2;0;0;225m~[38;2;0;0;226m~[38;2;0;0;225m~~[38;2;0;0;227m~[38;2;3;2;193m`         [39m
 [38;2;0;0;0m                                       [39m
 [38;2;0;0;0m                                       [39m
[?25h