[?25l[39m [38;2;0;0;0m               [38;2;2;0;203m_[38;2;0;0;232m_[38;2;0;0;226m_[38;2;0;0;224m__[38;2;0;0;226m_[38;2;0;0;231m_[38;2;1;0;204m_                [39m
 [38;2;0;0;0m           [38;2;0;0;228m_[38;2;0;0;217my[38;2;0;0;224ma[38;2;0;0;222mP[38;2;0;0;228m~[38;2;0;0;225m~[38;2;0;0;228m~[38;2;0;0;230m~~[38;2;0;0;229m~[38;2;0;0;226m~[38;2;0;0;227m~[38;2;0;0;221m4[38;2;0;0;226ma[38;2;0;0;217my[38;2;0;0;230m_            [39m
 [38;2;0;0;0m         [38;2;0;0;212my[38;2;0;0;214m@[38;2;0;0;226m~[38;2;1;0;220m`[38;2;158;158;158my[38;2;219;219;219my[38;2;251;251;251mg[38;2;228;228;228m@[38;2;250;250;250m@[38;2;251;251;251m@@[38;2;250;250;250m@[38;2;232;232;232m@[38;2;251;251;251mg[38;2;219;219;219my[38;2;151;151;151my[38;2;1;0;218m`[38;2;0;0;226m~[38;2;0;0;221mR[38;2;0;0;213my          [39m
 [38;2;0;0;0m       [38;2;0;0;226m_[38;2;0;0;219m@[38;2;0;0;218m~[38;2;153;153;153m_[38;2;214;214;214mg[38;2;247;247;247m@[38;2;251;251;251m@[38;2;252;252;252m@@@@@@@@@@@[38;2;250;250;250m@[38;2;214;214;214mg[38;2;153;153;153m_[38;2;0;0;214m~[38;2;0;0;216m@[38;2;0;0;225m_        [39m
 [38;2;0;0;0m      [38;2;0;0;224mj[38;2;0;0;232mF [38;2;200;200;200my[38;2;248;248;248m@[38;2;252;252;252m@@@@@@@@@@@@@@@@[38;2;251;251;251m@[38;2;193;193;193my [38;2;0;0;203m5[38;2;0;0;221mL       [39m
 [38;2;0;0;0m     [38;2;2;1;184mj[38;2;0;0;219m@ [38;2;163;163;163mg[38;2;251;251;251m@@[38;2;207;207;207m@[38;2;183;183;183m@[38;2;247;247;247m@[38;2;251;251;251m@[38;2;252;252;252m@@@@@@@@@@@@@[38;2;251;251;251m@[38;2;134;134;134m@ [38;2;0;0;223mR[38;2;1;1;201mi      [39m
 [38;2;0;0;0m     [38;2;0;0;220mg[38;2;1;1;197m' [38;2;236;236;236m@[38;2;252;252;252m@[38;2;251;251;251m@[38;2;196;196;196my[38;2;179;179;179m_ [38;2;194;194;194m~[38;2;174;174;174mF[38;2;207;207;207m@[38;2;251;251;251m@[38;2;252;252;252m@[38;2;251;251;251m@[38;2;222;222;222m@[38;2;215;215;215m@@@@@[38;2;225;225;225m@[38;2;252;252;252m@@[38;2;246;246;246m@  [38;2;0;0;222m$      [39m
 [38;2;0;0;0m     [38;2;0;0;226m@  [38;2;249;249;249m@[38;2;252;252;252m@@[38;2;250;250;250m@[38;2;198;198;198m@[38;2;144;144;144mF  [38;2;212;212;212m_[38;2;209;209;209m$[38;2;251;251;251m@[38;2;218;218;218m@[38;2;244;244;244m_[38;2;234;234;234m_____[38;2;246;246;246m_[38;2;210;210;210m@[38;2;252;252;252m@[38;2;251;251;251m@  [38;2;0;0;226m@      [39m
 [38;2;0;0;0m     [38;2;0;0;226m@  [38;2;249;249;249m@[38;2;252;252;252m@[38;2;250;250;250m@[38;2;199;199;199m_[38;2;157;157;157m_[38;2;177;177;177my[38;2;228;228;228mg[38;2;237;237;237m@[38;2;251;251;251m@[38;2;252;252;252m@@@@@@@@@@@@[38;2;251;251;251m@  [38;2;0;0;226m@      [39m
 [38;2;0;0;0m     [38;2;0;0;226m@  [38;2;249;249;249m@[38;2;252;252;252m@@[38;2;251;251;251m@@[38;2;252;252;252m@@@@@@@@@@@@@@@@[38;2;251;251;251m@  [38;2;0;0;226m@      [39m
 [38;2;0;0;0m     [38;2;0;0;226m@  [38;2;249;249;249m@[38;2;252;252;252m@@@@@@@@@@@@@@@@@@@@[38;2;251;251;251m@  [38;2;0;0;226m@      [39m
 [38;2;0;0;0m     [38;2;0;0;226m@  [38;2;249;249;249m@[38;2;252;252;252m@@@@@@@@@@@@@@@@@@@@[38;2;251;251;251m@  [38;2;0;0;227m@      [39m
 [38;2;0;0;0m     [38;2;0;0;226m@  [38;2;249;249;249m@[38;2;252;252;252m@@@@@@@@@@@@@@@@@@@@[38;2;251;251;251m@  [38;2;0;0;227m@      [39m
 [38;2;0;0;0m     [38;2;0;0;225m@  [38;2;249;249;249m@[38;2;252;252;252m@@@@@@@@@@@@@@@@@@@@[38;2;251;251;251m@  [38;2;0;0;226m@      [39m
 [38;2;0;0;0m     [38;2;0;0;220m@[38;2;0;0;217m, [38;2;236;236;236m@[38;2;252;252;252m@@@@@@@@@@@@@@@@@@@@[38;2;245;245;245m@ [38;2;1;0;176mj[38;2;0;0;222m@      [39m
 [38;2;0;0;0m     [38;2;1;1;213m`[38;2;0;0;228m@_[38;2;177;177;177m`[38;2;167;167;167m#[38;2;223;223;223m@[38;2;242;242;242m@[38;2;232;232;232m@[38;2;174;174;174m@[38;2;251;251;251m~[38;2;239;239;239m~[38;2;140;140;140m5[38;2;200;200;200m@[38;2;239;239;239m@@[38;2;206;206;206m@[38;2;195;195;195mF[38;2;240;240;240m~[38;2;248;248;248m~[38;2;163;163;163m@[38;2;231;231;231m@[38;2;243;243;243m@[38;2;227;227;227m@[38;2;224;224;224mF[38;2;132;132;132m~[38;2;0;0;226m_[38;2;0;0;223m@[38;2;0;0;232m'      [39m
 [38;2;0;0;0m      [38;2;1;0;217m`[38;2;0;0;221m4[38;2;0;0;222m@[38;2;0;0;217mg[38;2;0;0;227m___[38;2;0;0;215my[38;2;0;0;226mg[38;2;0;0;227m@g[38;2;0;0;203my[38;2;0;0;227m__[38;2;0;0;203my[38;2;0;0;227mg@g[38;2;0;0;215my[38;2;0;0;227m___[38;2;0;0;220ma[38;2;0;0;226mg[38;2;0;0;224mP[38;2;1;1;199m~       [39m
 [38;2;0;0;0m         [38;2;0;0;219m~[38;2;0;0;227m~[38;2;0;0;226m~~[38;2;0;0;225m~[38;2;2;2;196m` [38;2;0;0;228m`[38;2;0;0;226m~[38;2;0;0;227m~[38;2;0;0;226m~~[38;2;0;0;228m` [38;2;3;1;194m`[38;2;0;0;223m~[38;2;0;0;226m~~~[38;2;0;0;221m~          [39m
 [38;2;0;0;0m                                       [39m
[?25h