[?25l[39m [38;2;0;0;0m               [38;2;1;0;218m_[38;2;0;0;230m_[38;2;0;0;224m_[38;2;0;0;225m__[38;2;0;0;224m_[38;2;0;0;231m_[38;2;1;0;218m_                [39m
 [38;2;0;0;0m           [38;2;0;0;229m_[38;2;0;0;217ma[38;2;0;0;223ms[38;2;0;0;218mP[38;2;0;0;227m~[38;2;0;0;226m~[38;2;0;0;230m~[38;2;0;0;227m~[38;2;0;0;228m~[38;2;0;0;230m~[38;2;0;0;227m~[38;2;0;0;226m~[38;2;0;0;227m=[38;2;1;0;213m@[38;2;1;0;214mg[38;2;0;0;229m_            [39m
 [38;2;0;0;0m         [38;2;0;0;216my[38;2;0;0;227mP[38;2;0;0;226m~[38;2;85;85;85m_[38;2;168;168;168my[38;2;197;197;197mg[38;2;252;252;252mg[38;2;238;238;238m@[38;2;250;250;250m@[38;2;251;251;251m@@@[38;2;242;242;242m@[38;2;252;252;252mg[38;2;197;197;197mg[38;2;163;163;163my[38;2;85;85;85m_[38;2;0;0;225m~[38;2;0;0;221mR[38;2;0;0;217my[38;2;1;1;200m,         [39m
 [38;2;0;0;0m       [38;2;0;0;227m_[38;2;0;0;217m@[38;2;1;0;212m~[38;2;168;168;168m_[38;2;222;222;222mg[38;2;249;249;249m@[38;2;252;252;252m@@@@@@@@@@@@[38;2;251;251;251m@[38;2;223;223;223mg[38;2;168;168;168m_[38;2;0;0;208m~[38;2;0;0;223mR[38;2;0;0;227m_        [39m
 [38;2;0;0;0m      [38;2;0;0;226mj[38;2;0;0;231mF [38;2;177;177;177mg[38;2;250;250;250m@[38;2;252;252;252m@@@@@@@@@@@@@@@@[38;2;251;251;251m@[38;2;173;173;173mg [38;2;0;0;200m5[38;2;0;0;225mL       [39m
 [38;2;0;0;0m     [38;2;2;1;188mj[38;2;0;0;218m@ [38;2;168;168;168mg[38;2;251;251;251m@@[38;2;200;200;200m@[38;2;201;201;201mR[38;2;244;244;244m@[38;2;251;251;251m@[38;2;252;252;252m@@@@@@@@@@@@@[38;2;251;251;251m@[38;2;140;140;140m@ [38;2;0;0;221mR[38;2;1;1;204mi      [39m
 [38;2;0;0;0m     [38;2;0;0;221mg[38;2;1;1;195m' [38;2;237;237;237m@[38;2;252;252;252m@[38;2;251;251;251m@[38;2;203;203;203my_ [38;2;173;173;173m~[38;2;150;150;150mM[38;2;196;196;196m@[38;2;252;252;252m@@@[38;2;214;214;214m@[38;2;205;205;205m@@@@[38;2;206;206;206m@[38;2;216;216;216m@[38;2;251;251;251m@[38;2;252;252;252m@[38;2;246;246;246m@  [38;2;0;0;223m$      [39m
 [38;2;0;0;0m     [38;2;0;0;226m@  [38;2;249;249;249m@[38;2;252;252;252m@@[38;2;249;249;249m@[38;2;189;189;189m@[38;2;146;146;146mF  [38;2;227;227;227m_[38;2;199;199;199m@[38;2;251;251;251m@[38;2;220;220;220m@[38;2;253;253;253m_[38;2;254;254;254m_____[38;2;252;252;252m_[38;2;212;212;212m@[38;2;252;252;252m@[38;2;251;251;251m@  [38;2;0;0;226m@      [39m
 [38;2;0;0;0m     [38;2;0;0;226m@  [38;2;249;249;249m@[38;2;252;252;252m@[38;2;250;250;250m@[38;2;222;222;222m_[38;2;196;196;196m_[38;2;184;184;184my[38;2;235;235;235mg[38;2;242;242;242m@[38;2;251;251;251m@[38;2;252;252;252m@@@@@@@@@@@@[38;2;251;251;251m@  [38;2;0;0;226m@      [39m
 [38;2;0;0;0m     [38;2;0;0;226m@  [38;2;249;249;249m@[38;2;252;252;252m@@[38;2;251;251;251m@@[38;2;252;252;252m@@@@@@@@@@@@@@@@[38;2;251;251;251m@  [38;2;0;0;226m@      [39m
 [38;2;0;0;0m     [38;2;0;0;226m@  [38;2;249;249;249m@[38;2;252;252;252m@@@@@@@@@@@@@@@@@@@@[38;2;251;251;251m@  [38;2;0;0;226m@      [39m
 [38;2;0;0;0m     [38;2;0;0;226m@  [38;2;249;249;249m@[38;2;252;252;252m@@@@@@@@@@@@@@@@@@@@[38;2;251;251;251m@  [38;2;0;0;227m@      [39m
 [38;2;0;0;0m     [38;2;0;0;226m@  [38;2;249;249;249m@[38;2;252;252;252m@@@@@@@@@@@@@@@@@@@@[38;2;251;251;251m@  [38;2;0;0;227m@      [39m
 [38;2;0;0;0m     [38;2;0;0;226m@  [38;2;249;249;249m@[38;2;252;252;252m@@@@@@@@@@@@@@@@@@@@[38;2;251;251;251m@  [38;2;0;0;226m@      [39m
 [38;2;0;0;0m     [38;2;0;0;220m@[38;2;0;0;217m, [38;2;234;234;234m@[38;2;252;252;252m@@@@@@@@@@@@@@@@@@@@[38;2;244;244;244m@ [38;2;1;0;179mj[38;2;0;0;222m@      [39m
 [38;2;0;0;0m     [38;2;1;1;213m`[38;2;0;0;228m@[38;2;0;0;229m_[38;2;162;162;162m`[38;2;171;171;171mP[38;2;216;216;216m@[38;2;236;236;236m@[38;2;228;228;228m@[38;2;166;166;166m@[38;2;247;247;247m~[38;2;232;232;232m~[38;2;177;177;177mT[38;2;190;190;190m@[38;2;234;234;234m@@[38;2;197;197;197m@[38;2;188;188;188mF[38;2;233;233;233m~[38;2;244;244;244m~[38;2;181;181;181mR[38;2;226;226;226m@[38;2;236;236;236m@[38;2;221;221;221m@[38;2;220;220;220mF[38;2;122;122;122m~[38;2;0;0;229m_[38;2;0;0;224m@[38;2;0;0;233m'      [39m
 [38;2;0;0;0m      [38;2;1;0;216m`[38;2;0;0;219m4[38;2;0;0;224m@[38;2;0;0;222mg[38;2;0;0;227m___[38;2;0;0;218ma[38;2;0;0;226mg[38;2;0;0;228m@g[38;2;0;0;208my[38;2;0;0;227m__[38;2;0;0;209my[38;2;0;0;227mg[38;2;0;0;228m@[38;2;0;0;220m$[38;2;0;0;219my[38;2;0;0;227m___[38;2;0;0;224ma[38;2;0;0;220m@[38;2;0;0;222mP[38;2;2;2;198m~       [39m
 [38;2;0;0;0m         [38;2;0;0;218m~[38;2;0;0;227m~~[38;2;0;0;226m~[38;2;0;0;224m~[38;2;3;2;191m` [38;2;0;0;226m`~[38;2;0;0;227m~~[38;2;0;0;226m~` [38;2;3;2;189m`[38;2;0;0;223m~[38;2;0;0;227m~~~[38;2;1;0;219m~          [39m
 [38;2;0;0;0m                                       [39m
[?25h