[?25l[39m [38;2;0;0;0m              [38;2;0;0;227m_[38;2;0;0;224m_[38;2;0;0;226m_[38;2;1;1;210my[38;2;0;0;216myy[38;2;1;1;211my[38;2;0;0;226m_[38;2;0;0;224m_[38;2;0;0;228m_               [39m
 [38;2;0;0;0m          [38;2;0;0;211m_[38;2;1;1;207my[38;2;0;0;225ma[38;2;0;0;220mP[38;2;0;0;226m~[38;2;0;0;228m~[38;2;109;109;109m_[38;2;228;228;228m_[38;2;237;237;237m__[38;2;228;228;228m_[38;2;108;108;108m_[38;2;0;0;227m~[38;2;0;0;225m~[38;2;0;0;226m=[38;2;0;0;227ma[38;2;0;1;208my[38;2;1;0;210m_           [39m
 [38;2;0;0;0m        [38;2;0;0;217m_[38;2;0;0;230ma[38;2;0;0;220mF[38;2;1;0;212m~[38;2;223;223;223m_[38;2;215;215;215my[38;2;251;251;251mg[38;2;248;248;248m@[38;2;251;251;251m@[38;2;252;252;252m@@@@[38;2;251;251;251m@[38;2;250;250;250m@[38;2;219;219;219m$[38;2;215;215;215my[38;2;223;223;223m_[38;2;0;0;211m~[38;2;0;0;214m?[38;2;0;0;229ma[38;2;0;0;217m_         [39m
 [38;2;0;0;0m       [38;2;1;0;214mg[38;2;0;0;228mF[38;2;1;0;191m'[38;2;175;175;175my[38;2;213;213;213m@[38;2;251;251;251m@[38;2;252;252;252m@@@@@@@@@@@@[38;2;251;251;251m@[38;2;226;226;226m@[38;2;166;166;166my [38;2;0;0;203m#[38;2;0;0;216mg        [39m
 [38;2;0;0;0m      [38;2;0;0;224mg[38;2;0;0;216mF [38;2;216;216;216mg[38;2;251;251;251m@[38;2;252;252;252m@@@@@@@@@@@@@@@@[38;2;251;251;251m@[38;2;195;195;195m$ [38;2;0;0;221m~$       [39m
 [38;2;0;0;0m     [38;2;1;0;206mj[38;2;0;0;229mF [38;2;201;201;201mg[38;2;251;251;251m@[38;2;252;252;252m@@@@@@@@@@@@@@@@@@[38;2;251;251;251m@[38;2;178;178;178m@ [38;2;0;0;221m?[38;2;0;0;220mi      [39m
 [38;2;0;0;0m     [38;2;0;0;217m@[38;2;0;0;177m[ [38;2;244;244;244m@[38;2;252;252;252m@[38;2;243;243;243m@[38;2;195;195;195mF[38;2;194;194;194mF[38;2;195;195;195mR[38;2;208;208;208m@[38;2;245;245;245m@[38;2;252;252;252m@[38;2;251;251;251m@[38;2;252;252;252m@@[38;2;251;251;251m@@@@@@@[38;2;252;252;252m@@[38;2;249;249;249m@  [38;2;0;0;225m$      [39m
 [38;2;0;0;0m     [38;2;0;0;226m@  [38;2;249;249;249m@[38;2;252;252;252m@[38;2;244;244;244m@[38;2;127;127;127m=     [38;2;145;145;145m3[38;2;251;251;251m@[38;2;211;211;211m@[38;2;76;76;76m~[38;2;70;70;70m`````[38;2;115;115;115m`[38;2;215;215;215m$[38;2;252;252;252m@[38;2;251;251;251m@  [38;2;0;0;226m@      [39m
 [38;2;0;0;0m     [38;2;0;0;226m@  [38;2;249;249;249m@[38;2;252;252;252m@[38;2;236;236;236m@[38;2;190;190;190my[38;2;196;196;196my[38;2;204;204;204mg[38;2;241;241;241mg[38;2;216;216;216m@[38;2;242;242;242m@[38;2;252;252;252m@@@[38;2;249;249;249m@[38;2;246;246;246m@@@@@[38;2;249;249;249m@[38;2;251;251;251m@[38;2;252;252;252m@[38;2;251;251;251m@  [38;2;0;0;226m@      [39m
 [38;2;0;0;0m     [38;2;0;0;226m@  [38;2;249;249;249m@[38;2;252;252;252m@@@@@@@@@@@@@@@@@@@@[38;2;251;251;251m@  [38;2;0;0;226m@      [39m
 [38;2;0;0;0m     [38;2;0;0;226m@  [38;2;249;249;249m@[38;2;252;252;252m@@@@@@@@@@@@@@@@@@@@[38;2;251;251;251m@  [38;2;0;0;226m@      [39m
 [38;2;0;0;0m     [38;2;0;0;226m@  [38;2;249;249;249m@[38;2;252;252;252m@@@@@@@@@@@@@@@@@@@@[38;2;251;251;251m@  [38;2;0;0;227m@      [39m
 [38;2;0;0;0m     [38;2;0;0;226m@  [38;2;249;249;249m@[38;2;252;252;252m@@@@@@@@@@@@@@@@@@@@[38;2;251;251;251m@  [38;2;0;0;227m@      [39m
 [38;2;0;0;0m     [38;2;0;0;225m@  [38;2;249;249;249m@[38;2;252;252;252m@@@@@@@@@@@@@@@@@@@@[38;2;251;251;251m@  [38;2;0;0;226m@      [39m
 [38;2;0;0;0m     [38;2;0;0;214m@[38;2;0;0;218mL [38;2;178;178;178m@[38;2;251;251;251m@[38;2;252;252;252m@@@@[38;2;251;251;251m@@@[38;2;252;252;252m@@@@[38;2;251;251;251m@@@[38;2;252;252;252m@@@@[38;2;251;251;251m@[38;2;204;204;204m@ [38;2;0;0;219mj[38;2;0;0;220m@      [39m
 [38;2;0;0;0m     [38;2;2;2;207m`[38;2;0;0;227m@[38;2;0;0;219my_[38;2;198;198;198m~[38;2;178;178;178mF[38;2;195;195;195mP[38;2;201;201;201mF[38;2;242;242;242m~[38;2;125;125;125m`[38;2;0;0;228m_[38;2;137;137;137m~[38;2;176;176;176mT[38;2;188;188;188mP[38;2;191;191;191mP[38;2;179;179;179mF[38;2;152;152;152m~[38;2;0;0;228m_[38;2;118;118;118m`[38;2;234;234;234m~[38;2;169;169;169mP[38;2;196;196;196mPF[38;2;227;227;227m~[38;2;0;0;218m_[38;2;0;0;213ma[38;2;0;0;227m@[38;2;0;0;231m'      [39m
 [38;2;0;0;0m      [38;2;3;2;191m`[38;2;0;0;227m~[38;2;0;0;222m@[38;2;0;0;226m@g[38;2;0;0;227mg[38;2;0;0;226mg[38;2;0;0;222m@[38;2;0;0;226m@[38;2;0;0;220mR[38;2;0;0;226m@g[38;2;0;0;227mgg[38;2;0;0;226mg[38;2;0;0;227m@[38;2;0;0;220mR[38;2;0;0;226m@[38;2;0;0;224m@[38;2;0;0;226mg[38;2;0;0;227mg[38;2;0;0;226mg[38;2;0;0;225m@[38;2;0;0;223m@[38;2;1;1;207mF[38;2;1;1;202m'       [39m
 [38;2;0;0;0m         [38;2;2;1;208m`[38;2;1;1;214m~[38;2;0;0;225m~[38;2;0;0;220m~[38;2;1;0;220m`   [38;2;0;0;228m`[38;2;0;0;223m~~[38;2;2;2;198m~   [38;2;0;0;220m`[38;2;1;0;218m~[38;2;1;0;225m~[38;2;1;0;217m~[38;2;1;1;209m`          [39m
 [38;2;0;0;0m                                       [39m
[?25h