[?25l[39m [38;2;0;0;0m               [38;2;1;1;202m_[38;2;0;0;233m_[38;2;0;0;226m_[38;2;0;0;224m__[38;2;0;0;226m_[38;2;0;0;233m_[38;2;1;1;204m_                [39m
 [38;2;0;0;0m           [38;2;0;0;228m_[38;2;1;0;212ma[38;2;0;0;226mg[38;2;0;0;227m@[38;2;0;0;228m@[38;2;0;0;219mRP[38;2;0;0;230m==[38;2;0;0;229m=[38;2;0;0;219mR[38;2;0;0;228m@[38;2;0;0;227m@g[38;2;0;0;217my[38;2;0;0;230m_            [39m
 [38;2;0;0;0m         [38;2;1;0;212my[38;2;0;0;224m@[38;2;0;0;215m@[38;2;0;0;225m~[38;2;0;0;223m~[38;2;213;213;213m_[38;2;174;174;174my[38;2;206;206;206my[38;2;205;205;205ma[38;2;221;221;221mg[38;2;222;222;222mg[38;2;197;197;197mg[38;2;206;206;206my[38;2;173;173;173my[38;2;212;212;212m_[38;2;0;0;221m~[38;2;0;0;226m~[38;2;0;0;221mR[38;2;0;0;225m@[38;2;0;0;213my[38;2;2;1;190m,         [39m
 [38;2;0;0;0m       [38;2;0;0;228m_[38;2;0;0;225m@[38;2;0;0;221mP[38;2;0;0;200m~[38;2;138;138;139my[38;2;224;224;224mg[38;2;241;241;241m@[38;2;251;251;251m@[38;2;252;252;252m@@@@@@@@[38;2;251;251;251m@[38;2;246;246;246m@[38;2;224;224;224mg_[38;2;0;0;222m`[38;2;0;0;219m4[38;2;0;0;227m@[38;2;0;0;228m_        [39m
 [38;2;0;0;0m      [38;2;0;0;224mj[38;2;0;0;226m@[38;2;0;0;206m~[38;2;134;134;134m_[38;2;240;240;240mg[38;2;251;251;251m@[38;2;252;252;252m@@@@@@@@@@@@@@[38;2;251;251;251m@[38;2;205;205;205m@[38;2;134;134;134m_[38;2;0;0;208m"[38;2;0;0;223m@L       [39m
 [38;2;0;0;0m     [38;2;2;1;185mj[38;2;0;0;231m@[38;2;0;0;194m'[38;2;106;106;106my[38;2;240;240;240m@[38;2;252;252;252m@[38;2;251;251;251m@@[38;2;252;252;252m@@@@@@@@[38;2;251;251;251m@@[38;2;252;252;252m@@@@@[38;2;247;247;247m@[38;2;135;135;135m_ [38;2;0;0;226m@[38;2;1;0;203mi      [39m
 [38;2;0;0;0m     [38;2;0;0;217mg[38;2;0;0;207mF [38;2;220;220;220m$[38;2;252;252;252m@[38;2;251;251;251m@[38;2;191;191;191m~[38;2;139;139;139m~[38;2;247;247;247m~[38;2;197;197;197mR[38;2;247;247;247m@[38;2;251;251;251m@[38;2;252;252;252m@@@[38;2;201;201;201m@[38;2;128;128;128m~[38;2;196;196;196m~[38;2;173;173;173mF[38;2;206;206;206m@[38;2;251;251;251m@[38;2;252;252;252m@@@[38;2;230;230;230m@ [38;2;2;0;204m`[38;2;0;0;220m$      [39m
 [38;2;0;0;0m     [38;2;0;0;226m@  [38;2;250;250;250m@[38;2;252;252;252m@@[38;2;251;251;251m@[38;2;242;242;242mg[38;2;166;166;166mw  [38;2;180;180;180m~[38;2;200;200;200m@[38;2;251;251;251m@[38;2;252;252;252m@@[38;2;233;233;233m@[38;2;205;205;205mg[38;2;81;81;81mw [38;2;106;106;106m`[38;2;238;238;238m~[38;2;248;248;248m@[38;2;252;252;252m@[38;2;251;251;251m@  [38;2;0;0;226m@      [39m
 [38;2;0;0;0m     [38;2;0;0;226m@  [38;2;249;249;249m@[38;2;252;252;252m@[38;2;251;251;251m@[38;2;199;199;199mF[38;2;174;174;174m~ [38;2;225;225;225m_[38;2;207;207;207my[38;2;247;247;247mg[38;2;251;251;251m@[38;2;252;252;252m@@[38;2;222;222;222m@[38;2;243;243;243m~[38;2;150;150;150m`[38;2;78;78;78m_[38;2;160;160;160my[38;2;212;212;212mg[38;2;228;228;228m@[38;2;251;251;251m@[38;2;252;252;252m@[38;2;251;251;251m@  [38;2;0;0;226m@      [39m
 [38;2;0;0;0m     [38;2;0;0;226m@  [38;2;249;249;249m@[38;2;252;252;252m@[38;2;251;251;251m@[38;2;248;248;248mg[38;2;243;243;243mg[38;2;242;242;242m@[38;2;251;251;251m@[38;2;252;252;252m@@@@@[38;2;249;249;249m@[38;2;237;237;237mg[38;2;251;251;251mg[38;2;250;250;250m@[38;2;252;252;252m@@@@@[38;2;251;251;251m@  [38;2;0;0;226m@      [39m
 [38;2;0;0;0m     [38;2;0;0;226m@  [38;2;249;249;249m@[38;2;252;252;252m@@@@@@@@@@@@@@@@@@@@[38;2;251;251;251m@  [38;2;0;0;226m@      [39m
 [38;2;0;0;0m     [38;2;0;0;226m@  [38;2;249;249;249m@[38;2;252;252;252m@@@@@@@@@@@@@@@@@@@@[38;2;251;251;251m@  [38;2;0;0;227m@      [39m
 [38;2;0;0;0m     [38;2;0;0;226m@  [38;2;249;249;249m@[38;2;252;252;252m@@@@@@@@@@@@@@@@@@@@[38;2;251;251;251m@  [38;2;0;0;227m@      [39m
 [38;2;0;0;0m     [38;2;0;0;219m@  [38;2;242;242;242m@[38;2;252;252;252m@@@@@@@@@@@@@@@@@@@@[38;2;248;248;248m@  [38;2;0;0;222m@      [39m
 [38;2;0;0;0m     [38;2;1;1;208m`[38;2;0;0;224m@[38;2;0;0;209m_[38;2;133;133;133m~[38;2;198;198;198mR[38;2;245;245;245m@[38;2;252;252;252m@[38;2;248;248;248m@[38;2;201;201;201m@[38;2;185;185;185mF[38;2;252;252;252m~[38;2;171;171;171m5[38;2;231;231;231m@[38;2;251;251;251m@@[38;2;233;233;233m@[38;2;220;220;220mF[38;2;252;252;252m~[38;2;177;177;177mT[38;2;190;190;190m@[38;2;248;248;248m@[38;2;252;252;252m@[38;2;246;246;246m@[38;2;182;182;182m@[38;2;166;166;166m~[38;2;1;0;205m_[38;2;0;0;232ma'      [39m
 [38;2;0;0;0m      [38;2;1;1;208m`[38;2;0;0;217m?[38;2;0;0;227ma[38;2;0;0;209my[38;2;0;0;226m_[38;2;0;0;227m_[38;2;0;0;226m_[38;2;0;0;225m_[38;2;0;0;226ma[38;2;0;0;220m@[38;2;0;0;222my[38;2;0;0;225m_[38;2;0;0;227m__[38;2;0;0;225m_[38;2;0;0;222my[38;2;0;0;217m@[38;2;0;0;223mg[38;2;0;0;225m_[38;2;0;0;227m_[38;2;0;0;226m__[38;2;0;0;207my[38;2;0;0;227ma[38;2;0;0;217mP[38;2;0;0;225m'       [39m
 [38;2;0;0;0m         [38;2;0;0;232m`[38;2;0;0;230m~[38;2;0;0;227m~[38;2;0;0;230m~[38;2;0;0;210m~  [38;2;0;1;208m`[38;2;0;0;225m~[38;2;0;0;229m~[38;2;0;0;228m~~[38;2;1;1;211m`  [38;2;1;1;209m~[38;2;0;0;229m~[38;2;0;0;227m~[38;2;0;0;230m~[38;2;1;1;200m~          [39m
 [38;2;0;0;0m                                       [39m
 [38;2;0;0;0m                                       [39m
[?25h