[?25l[39m [38;2;0;0;0m              [38;2;0;0;230m_[38;2;0;0;225m_[38;2;1;1;204my[38;2;0;0;217my[38;2;0;0;221my[38;2;1;0;215ma[38;2;0;0;217my[38;2;1;1;204my[38;2;0;0;225m_[38;2;0;0;229m_               [39m
 [38;2;0;0;0m          [38;2;0;0;220m_[38;2;0;0;214my[38;2;0;0;225ms[38;2;0;0;222m=[38;2;0;0;226m~[38;2;0;0;225m~[38;2;174;174;174m_[38;2;237;237;237m_[38;2;246;246;246m_[38;2;247;247;247m_[38;2;237;237;237m_[38;2;173;173;173m_[38;2;0;0;224m~[38;2;0;0;226m~[38;2;0;0;222m=[38;2;0;0;214m@[38;2;0;1;214my[38;2;0;0;220m_           [39m
 [38;2;0;0;0m        [38;2;0;0;222m_[38;2;0;0;230ma[38;2;0;0;215mF[38;2;1;0;200m~[38;2;142;142;142my[38;2;194;194;194mg[38;2;223;223;223m$[38;2;251;251;251m@@[38;2;252;252;252m@@@@[38;2;251;251;251m@@[38;2;229;229;229m$[38;2;195;195;195mg[38;2;240;240;240m_[38;2;0;0;229m`[38;2;0;0;210m?[38;2;0;0;220m$[38;2;0;0;222m_         [39m
 [38;2;0;0;0m       [38;2;0;0;219mg[38;2;0;0;227mF [38;2;186;186;186my[38;2;222;222;222m@[38;2;251;251;251m@[38;2;252;252;252m@@@@@@@@@@@@[38;2;251;251;251m@[38;2;233;233;233m@[38;2;178;178;178my [38;2;0;0;197mN[38;2;1;0;220mg        [39m
 [38;2;0;0;0m      [38;2;0;0;226mg[38;2;0;0;210mF [38;2;223;223;223mg[38;2;251;251;251m@[38;2;252;252;252m@@@@@@@@@@@@@@@@[38;2;251;251;251m@[38;2;196;196;196m@ [38;2;0;0;217m~[38;2;0;0;225m$       [39m
 [38;2;0;0;0m     [38;2;1;0;208mj[38;2;0;0;228mF [38;2;207;207;207mg[38;2;251;251;251m@[38;2;245;245;245m@[38;2;199;199;199mF[38;2;187;187;187mF[38;2;202;202;202mR[38;2;231;231;231m@[38;2;251;251;251m@@[38;2;252;252;252m@@@@@@@@@@@[38;2;251;251;251m@[38;2;185;185;185m@ [38;2;0;0;218m?[38;2;0;0;221mi      [39m
 [38;2;0;0;0m     [38;2;0;0;218m@  [38;2;246;246;246m@[38;2;252;252;252m@[38;2;250;250;250m@[38;2;203;203;203ma[38;2;105;105;105mw  [38;2;78;78;78m`[38;2;156;156;156m~[38;2;176;176;176m5[38;2;251;251;251m@[38;2;214;214;214m@[38;2;209;209;209m~[38;2;194;194;194m~~~~~[38;2;204;204;204m~[38;2;211;211;211m@[38;2;252;252;252m@[38;2;250;250;250m@  [38;2;0;0;226m$      [39m
 [38;2;0;0;0m     [38;2;0;0;226m@  [38;2;249;249;249m@[38;2;252;252;252m@[38;2;232;232;232m@[38;2;156;156;156m_[38;2;176;176;176m_[38;2;150;150;150my[38;2;199;199;199my[38;2;219;219;219mg[38;2;252;252;252mg[38;2;250;250;250m@[38;2;252;252;252m@[38;2;251;251;251m@[38;2;219;219;219m@[38;2;228;228;228m$$$$$[38;2;231;231;231m$[38;2;252;252;252m@@[38;2;251;251;251m@  [38;2;0;0;226m@      [39m
 [38;2;0;0;0m     [38;2;0;0;225m@  [38;2;249;249;249m@[38;2;252;252;252m@@[38;2;251;251;251m@@[38;2;252;252;252m@@@@@@@@@@@@@@@@[38;2;251;251;251m@  [38;2;0;0;226m@      [39m
 [38;2;0;0;0m     [38;2;0;0;225m@  [38;2;249;249;249m@[38;2;252;252;252m@@@@@@@@@@@@@@@@@@@@[38;2;251;251;251m@  [38;2;0;0;226m@      [39m
 [38;2;0;0;0m     [38;2;0;0;225m@  [38;2;250;250;250m@[38;2;252;252;252m@@@@@@@@@@@@@@@@@@@@[38;2;251;251;251m@  [38;2;0;0;226m@      [39m
 [38;2;0;0;0m     [38;2;0;0;225m@  [38;2;249;249;249m@[38;2;252;252;252m@@@@@@@@@@@@@@@@@@@@[38;2;251;251;251m@  [38;2;0;0;226m@      [39m
 [38;2;0;0;0m     [38;2;0;0;225m@  [38;2;249;249;249m@[38;2;252;252;252m@@@@@@@@@@@@@@@@@@@@[38;2;251;251;251m@  [38;2;0;0;226m@      [39m
 [38;2;0;0;0m     [38;2;0;0;225m@  [38;2;249;249;249m@[38;2;252;252;252m@@@@@@@@@@@@@@@@@@@@[38;2;251;251;251m@  [38;2;0;0;225m@      [39m
 [38;2;0;0;0m     [38;2;1;0;209m9[38;2;0;0;216m$ [38;2;161;161;161m7[38;2;238;238;238m@[38;2;251;251;251m@[38;2;252;252;252m@[38;2;251;251;251m@[38;2;248;248;248m@[38;2;181;181;181m@[38;2;209;209;209mP[38;2;206;206;206m@[38;2;251;251;251m@[38;2;252;252;252m@@[38;2;251;251;251m@[38;2;212;212;212m@P[38;2;202;202;202mR[38;2;247;247;247m@[38;2;251;251;251m@[38;2;252;252;252m@[38;2;251;251;251m@[38;2;240;240;240m@[38;2;179;179;179mF [38;2;0;0;221mg[38;2;0;0;226mF      [39m
 [38;2;0;0;0m      [38;2;0;0;219m4[38;2;0;0;225m@[38;2;0;0;216my[38;2;0;0;228m_[38;2;125;125;125m~[38;2;211;211;211m~[38;2;171;171;171m~[38;2;0;0;227m_[38;2;0;0;226m_[38;2;0;0;222mg[38;2;0;0;226m_[38;2;158;158;158m`[38;2;194;194;194m~[38;2;202;202;202m~[38;2;161;161;161m`[38;2;0;0;226m_[38;2;0;0;225ma[38;2;0;0;226m_[38;2;0;0;228m_[38;2;153;153;153m~[38;2;212;212;212m~[38;2;138;138;138m~[38;2;0;0;228m_[38;2;0;0;215my[38;2;0;0;222m@[38;2;0;0;224mP       [39m
 [38;2;0;0;0m       [38;2;1;1;203m~[38;2;0;0;225m~[38;2;0;0;215mR[38;2;0;0;228m@[38;2;0;0;227m@@[38;2;0;0;214m@[38;2;0;0;218m=[38;2;0;0;226m~[38;2;0;0;230m=[38;2;0;0;224m@[38;2;0;0;228m@@[38;2;0;0;224m@[38;2;0;0;220mP[38;2;0;0;226m~~[38;2;0;0;213m@[38;2;0;0;228m@@@[38;2;0;0;224mP[38;2;0;0;225m~[38;2;0;1;208m~        [39m
 [38;2;0;0;0m                                       [39m
 [38;2;0;0;0m                                       [39m
[?25h