[?25l[39m [38;2;0;0;0m                                       [39m
 [38;2;0;0;0m            [38;2;2;2;186m_[38;2;0;0;226m_[38;2;1;1;209my[38;2;0;0;223mg[38;2;0;0;227mgg[38;2;0;0;219m@@[38;2;0;0;227mgg[38;2;0;0;223mg[38;2;1;1;208my[38;2;0;0;226m_              [39m
 [38;2;0;0;0m          [38;2;1;1;202my[38;2;0;0;227mg[38;2;0;0;225m@[38;2;0;0;226m=~[38;2;0;0;231m~[38;2;150;150;150m_[38;2;240;240;240m_[38;2;253;253;253m__[38;2;237;237;237m_[38;2;148;148;148m_[38;2;0;0;229m~[38;2;0;0;226m~=[38;2;0;0;225m@[38;2;0;0;228mg[38;2;0;0;227m_           [39m
 [38;2;0;0;0m        [38;2;1;0;214my[38;2;0;0;228m@[38;2;0;0;215mF[38;2;0;0;202m~[38;2;140;140;140my[38;2;201;201;201mg[38;2;213;213;213m@[38;2;249;249;249m@[38;2;251;251;251m@@[38;2;252;252;252m@@[38;2;251;251;251m@@[38;2;250;250;250m@[38;2;218;218;218m@[38;2;198;198;198mg[38;2;231;231;231m_[38;2;0;0;208m"[38;2;0;0;212m?[38;2;0;0;228m@[38;2;0;0;214my         [39m
 [38;2;0;0;0m       [38;2;0;0;220m@[38;2;0;0;226mF [38;2;183;183;183my[38;2;221;221;221m@[38;2;251;251;251m@[38;2;252;252;252m@@@@@@@@@@@@[38;2;251;251;251m@[38;2;231;231;231m@[38;2;169;169;169my [38;2;0;0;199m#[38;2;0;0;227m$[38;2;0;0;225m,       [39m
 [38;2;0;0;0m      [38;2;0;0;226m@[38;2;0;0;211mF [38;2;225;225;225mg[38;2;251;251;251m@[38;2;252;252;252m@@@@@@@@@@@@@@@@[38;2;251;251;251m@[38;2;199;199;199m$ [38;2;0;0;219m~[38;2;0;0;227m@       [39m
 [38;2;0;0;0m     [38;2;0;0;221mJ[38;2;0;0;226mF [38;2;94;94;94m7[38;2;188;188;188mR[38;2;244;244;244m@[38;2;251;251;251m@[38;2;252;252;252m@@@@@@@@@@@@@@@@[38;2;251;251;251m@[38;2;180;180;180m@ [38;2;0;0;219m?[38;2;1;1;204m$      [39m
 [38;2;0;0;0m     [38;2;0;0;223m@  [38;2;200;200;200my[38;2;210;210;210m_ [38;2;163;163;163m~[38;2;180;180;180mT[38;2;216;216;216m@[38;2;252;252;252m@[38;2;250;250;250m@[38;2;213;213;213mP[38;2;200;200;200mFFFFFF[38;2;224;224;224m@[38;2;252;252;252m@@@@@[38;2;249;249;249m@  [38;2;0;0;223m@      [39m
 [38;2;0;0;0m     [38;2;0;0;227m@  [38;2;215;215;215mF[38;2;228;228;228m~ [38;2;142;142;142m_[38;2;179;179;179my[38;2;239;239;239mg[38;2;251;251;251m@[38;2;250;250;250m@[38;2;219;219;219my[38;2;197;197;197myyyyy[38;2;202;202;202my[38;2;204;204;204m@[38;2;252;252;252m@@@@@[38;2;251;251;251m@  [38;2;0;0;225m@      [39m
 [38;2;0;0;0m     [38;2;0;0;227m@  [38;2;167;167;167my[38;2;189;189;189mg[38;2;227;227;227m$[38;2;251;251;251m@[38;2;252;252;252m@@@@@@@@@@@@@@@@@[38;2;251;251;251m@  [38;2;0;0;225m@      [39m
 [38;2;0;0;0m     [38;2;0;0;227m@  [38;2;249;249;249m@[38;2;252;252;252m@@@@@@@@@@@@@@@@@@@@[38;2;251;251;251m@  [38;2;0;0;225m@      [39m
 [38;2;0;0;0m     [38;2;0;0;226m@  [38;2;249;249;249m@[38;2;252;252;252m@@@@@@@@@@@@@@@@@@@@[38;2;251;251;251m@  [38;2;0;0;226m@      [39m
 [38;2;0;0;0m     [38;2;0;0;226m@  [38;2;249;249;249m@[38;2;252;252;252m@@@@@@@@@@@@@@@@@@@@[38;2;251;251;251m@  [38;2;0;0;226m@      [39m
 [38;2;0;0;0m     [38;2;0;0;224m@  [38;2;249;249;249m@[38;2;252;252;252m@@@@@@@@@@@@@@@@@@@@[38;2;251;251;251m@  [38;2;0;0;228m$      [39m
 [38;2;0;0;0m     [38;2;0;0;206m?[38;2;0;0;216mg [38;2;156;156;156m4[38;2;193;193;193m@[38;2;190;190;190m@[38;2;247;247;247m@[38;2;251;251;251m@[38;2;252;252;252m@@[38;2;251;251;251m@[38;2;220;220;220m@[38;2;211;211;211mR[38;2;230;230;230m@[38;2;251;251;251m@[38;2;252;252;252m@@[38;2;251;251;251m@[38;2;244;244;244m@[38;2;217;217;217mR[38;2;201;201;201m@[38;2;250;250;250m@[38;2;252;252;252m@[38;2;248;248;248m@[38;2;214;214;214mF [38;2;0;0;223my[38;2;0;0;218mF      [39m
 [38;2;0;0;0m      [38;2;0;0;226m~[38;2;0;0;219m@[38;2;0;0;225m____[38;2;196;196;196m~[38;2;241;241;241m~[38;2;233;233;233m~[38;2;111;111;111m~[38;2;0;0;226m_[38;2;0;0;217my[38;2;0;0;227m_[38;2;129;129;129m~[38;2;234;234;234m~[38;2;241;241;241m~[38;2;195;195;195m~[38;2;0;0;226m_[38;2;0;0;211my[38;2;0;0;226m_[38;2;110;110;110m`[38;2;206;206;206m~[38;2;0;0;223m_[38;2;0;0;225m_a[38;2;0;0;227m~       [39m
 [38;2;0;0;0m        [38;2;0;0;225m~[38;2;0;0;216m~[38;2;0;0;221m~[38;2;0;0;226m~[38;2;0;0;227m=[38;2;0;0;232m==[38;2;0;0;227m~[38;2;0;0;229m~[38;2;1;0;207m~[38;2;0;0;226m~~[38;2;0;0;232m=[38;2;0;0;231m=[38;2;0;0;225m=[38;2;0;0;226m~[38;2;1;0;214m~[38;2;0;0;222m~[38;2;0;0;226m~[38;2;0;0;228m=[38;2;0;0;226m~[38;2;0;0;224m~         [39m
 [38;2;0;0;0m                                       [39m
 [38;2;0;0;0m                                       [39m
[?25h