[?25l[39m [38;2;0;0;0m             [38;2;0;0;229m_[38;2;0;0;225m_[38;2;0;0;216my[38;2;0;0;228mg[38;2;0;0;227mgaag[38;2;0;0;229mg[38;2;0;0;216my[38;2;0;0;225m_[38;2;0;0;229m_              [39m
 [38;2;0;0;0m          [38;2;0;0;228m_[38;2;0;0;227mg[38;2;0;0;215m@[38;2;0;0;226m~[38;2;0;0;228m~[38;2;0;0;210m~[38;2;233;233;233m_[38;2;145;145;145my[38;2;157;157;157myy[38;2;143;143;143my[38;2;234;234;234m_[38;2;0;0;206m~[38;2;0;0;227m~[38;2;0;0;226m~[38;2;0;0;222mR[38;2;0;0;226mg[38;2;0;0;228m_           [39m
 [38;2;0;0;0m        [38;2;0;0;230m_[38;2;0;0;224m@[38;2;0;0;226m~[38;2;1;1;204m`[38;2;168;168;168my[38;2;225;225;225mg[38;2;231;231;231m@[38;2;251;251;251m@[38;2;252;252;252m@@@@@@[38;2;251;251;251m@[38;2;238;238;238m@[38;2;225;225;225mg[38;2;161;161;161my[38;2;1;1;204m`[38;2;0;0;225m~@[38;2;0;0;230m_         [39m
 [38;2;0;0;0m       [38;2;0;0;229mg[38;2;0;0;222mF [38;2;201;201;201my[38;2;236;236;236m@[38;2;251;251;251m@[38;2;252;252;252m@@@@@@@@@@@@@[38;2;244;244;244m@[38;2;196;196;196my [38;2;0;0;214m?[38;2;0;0;226m$[38;2;0;0;207m,       [39m
 [38;2;0;0;0m      [38;2;0;0;222m@[38;2;0;0;214m~ [38;2;235;235;235mg[38;2;251;251;251m@@@@[38;2;252;252;252m@@@@@@@@@@@@@@[38;2;211;211;211m@[38;2;67;67;67m,[38;2;0;0;206m~[38;2;0;0;230m$       [39m
 [38;2;0;0;0m     [38;2;0;0;218mj[38;2;0;0;225mF [38;2;214;214;214mg[38;2;251;251;251m@@[38;2;210;210;210m_ [38;2;169;169;169m~[38;2;140;140;140m5[38;2;195;195;195m@[38;2;250;250;250m@[38;2;252;252;252m@@@[38;2;251;251;251m@@@@@@@[38;2;252;252;252m@@[38;2;196;196;196m@ [38;2;0;0;213m?[38;2;1;1;202m$      [39m
 [38;2;0;0;0m     [38;2;0;0;221m@  [38;2;247;247;247m@[38;2;252;252;252m@@[38;2;251;251;251m@[38;2;240;240;240m@[38;2;200;200;200m=  [38;2;109;109;109m`[38;2;202;202;202m$[38;2;251;251;251m@[38;2;212;212;212m@[38;2;139;139;139m`[38;2;118;118;118m`````[38;2;149;149;149m`[38;2;216;216;216m$[38;2;252;252;252m@[38;2;250;250;250m@  [38;2;0;0;227m$      [39m
 [38;2;0;0;0m     [38;2;0;0;226m@  [38;2;249;249;249m@[38;2;252;252;252m@[38;2;251;251;251m@[38;2;225;225;225m~ [38;2;166;166;166m_[38;2;185;185;185my[38;2;236;236;236mg[38;2;243;243;243m@[38;2;251;251;251m@[38;2;252;252;252m@@@@@@@@@[38;2;251;251;251m@[38;2;252;252;252m@[38;2;251;251;251m@  [38;2;0;0;226m@      [39m
 [38;2;0;0;0m     [38;2;0;0;225m@  [38;2;249;249;249m@[38;2;252;252;252m@@[38;2;243;243;243m@[38;2;232;232;232m@[38;2;251;251;251m@[38;2;252;252;252m@@@@@@@@@@@@@@@[38;2;251;251;251m@  [38;2;0;0;226m@      [39m
 [38;2;0;0;0m     [38;2;0;0;225m@  [38;2;249;249;249m@[38;2;252;252;252m@@@@@@@@@@@@@@@@@@@@[38;2;251;251;251m@  [38;2;0;0;226m@      [39m
 [38;2;0;0;0m     [38;2;0;0;225m@  [38;2;249;249;249m@[38;2;252;252;252m@@@@@@@@@@@@@@@@@@@@[38;2;251;251;251m@  [38;2;0;0;226m@      [39m
 [38;2;0;0;0m     [38;2;0;0;225m@  [38;2;249;249;249m@[38;2;252;252;252m@@@@@@@@@@@@@@@@@@@@[38;2;251;251;251m@  [38;2;0;0;226m@      [39m
 [38;2;0;0;0m     [38;2;0;0;225m@  [38;2;249;249;249m@[38;2;252;252;252m@@@@@@@@@@@@@@@@@@@@[38;2;251;251;251m@  [38;2;0;0;226m@      [39m
 [38;2;0;0;0m     [38;2;0;0;220m@[38;2;0;0;214m, [38;2;240;240;240m@[38;2;252;252;252m@@@@@@@@@@@@@@@@@@@@[38;2;247;247;247m@ [38;2;0;0;172mj[38;2;0;0;222m@      [39m
 [38;2;0;0;0m     [38;2;1;0;213m`[38;2;0;0;226m@[38;2;0;0;221m_[38;2;202;202;202m`[38;2;180;180;180mA[38;2;236;236;236m@[38;2;248;248;248m@[38;2;244;244;244m@[38;2;181;181;181m@[38;2;173;173;173mT[38;2;252;252;252m~[38;2;150;150;150m5[38;2;209;209;209m@[38;2;247;247;247m@@[38;2;214;214;214m@[38;2;205;205;205mF[38;2;252;252;252m~[38;2;251;251;251m~[38;2;202;202;202mR[38;2;243;243;243m@[38;2;248;248;248m@[38;2;237;237;237m@[38;2;214;214;214mP[38;2;140;140;140m~[38;2;0;0;222m_[38;2;0;0;221m@[38;2;0;0;232m'      [39m
 [38;2;0;0;0m      [38;2;0;0;217m`[38;2;0;0;221m4[38;2;0;0;218m@[38;2;0;0;217my[38;2;0;0;226m___[38;2;0;0;211my[38;2;0;0;227mg[38;2;0;0;228m@[38;2;0;0;222mg[38;2;0;0;227m_[38;2;0;0;226m__[38;2;0;0;227m_[38;2;0;0;223ma[38;2;0;0;225m@[38;2;0;0;227mg[38;2;0;0;211my[38;2;0;0;226m___[38;2;0;0;218my[38;2;0;0;227mg[38;2;0;0;222mP[38;2;1;2;198m~       [39m
 [38;2;0;0;0m         [38;2;0;0;224m~[38;2;0;0;226m~[38;2;0;0;225m~[38;2;0;0;226m~[38;2;0;0;229m~[38;2;2;2;195m` [38;2;0;0;228m`[38;2;0;0;229m~[38;2;0;0;225m~~[38;2;0;0;230m~[38;2;0;0;228m` [38;2;4;2;193m`[38;2;0;0;225m~[38;2;0;0;226m~[38;2;0;0;224m~[38;2;0;0;226m~[38;2;0;0;223m~          [39m
 [38;2;0;0;0m                                       [39m
 [38;2;0;0;0m                                       [39m
[?25h