[?25l[39m [38;2;0;0;0m                                       [39m
 [38;2;0;0;0m            [38;2;0;0;228m_[38;2;0;1;213my[38;2;0;0;228ma[38;2;0;0;217m#[38;2;0;0;229m=[38;2;0;0;218m=[38;2;0;0;228m~[38;2;0;0;229m~[38;2;0;0;215m=[38;2;0;0;229m=[38;2;0;0;215mR[38;2;0;0;228ma[38;2;0;0;217my[38;2;0;0;227m_             [39m
 [38;2;0;0;0m         [38;2;0;0;222m_[38;2;0;0;226ma[38;2;0;0;228mP[38;2;0;0;226m~[38;2;86;86;86m_[38;2;146;146;146my[38;2;200;200;200my[38;2;219;219;219ma[38;2;251;251;251mg[38;2;252;252;252mggg[38;2;219;219;219mg[38;2;205;205;205my[38;2;153;153;153my[38;2;122;122;122m_[38;2;0;0;225m~4[38;2;0;0;226ma[38;2;0;0;228m_          [39m
 [38;2;0;0;0m        [38;2;0;0;225mg[38;2;0;0;221mF[38;2;2;0;195m`[38;2;170;170;170my[38;2;241;241;241mg[38;2;250;250;250m@[38;2;252;252;252m@@@@@@@@@@[38;2;251;251;251m@[38;2;213;213;213m@[38;2;183;183;183my [38;2;0;0;227m~[38;2;0;0;223m$[38;2;1;0;204m_        [39m
 [38;2;0;0;0m      [38;2;0;1;199m_[38;2;0;0;224m@[38;2;1;0;211m'[38;2;157;157;157m_[38;2;245;245;245mg[38;2;251;251;251m@[38;2;252;252;252m@@@@@@@@@@@@@@@[38;2;237;237;237m@[38;2;137;137;137my [38;2;0;0;231m4[38;2;0;0;219m_       [39m
 [38;2;0;0;0m      [38;2;0;0;230m@[38;2;1;0;191m'[38;2;105;105;106my[38;2;243;243;243m@[38;2;252;252;252m@[38;2;251;251;251m@[38;2;248;248;248m@[38;2;251;251;251m@[38;2;252;252;252m@@@@@@@@@@@@@@[38;2;251;251;251m@[38;2;151;151;151my [38;2;0;0;224mB[38;2;0;0;232m,      [39m
 [38;2;0;0;0m     [38;2;0;0;216mJ[38;2;1;0;210m[ [38;2;213;213;213m$[38;2;252;252;252m@[38;2;251;251;251m@[38;2;205;205;205m_ [38;2;171;171;171m~[38;2;140;140;140m5[38;2;195;195;195m@[38;2;251;251;251m@[38;2;252;252;252m@@@[38;2;251;251;251m@@@@@@@[38;2;252;252;252m@@[38;2;245;245;245m@  [38;2;0;0;224m$      [39m
 [38;2;0;0;0m     [38;2;0;0;213m$  [38;2;243;243;243m@[38;2;252;252;252m@@[38;2;251;251;251m@[38;2;240;240;240m@[38;2;197;197;197m*   [38;2;194;194;194m$[38;2;251;251;251m@[38;2;217;217;217m@[38;2;80;80;80m~[38;2;67;67;67m`````[38;2;104;104;104m`[38;2;209;209;209m$[38;2;251;251;251m@@[38;2;95;95;95mL [38;2;0;0;230m@      [39m
 [38;2;0;0;0m     [38;2;0;0;213m$  [38;2;244;244;244m@[38;2;252;252;252m@@[38;2;228;228;228m~ [38;2;154;154;154m_[38;2;181;181;181my[38;2;232;232;232mg[38;2;240;240;240m@[38;2;252;252;252m@@@[38;2;250;250;250m@[38;2;247;247;247m@@@@@[38;2;249;249;249m@[38;2;251;251;251m@[38;2;252;252;252m@[38;2;251;251;251m@[38;2;98;98;99mL [38;2;0;0;231m@      [39m
 [38;2;0;0;0m     [38;2;0;0;213m$  [38;2;245;245;245m@[38;2;252;252;252m@@[38;2;244;244;244m@[38;2;226;226;226m@[38;2;251;251;251m@[38;2;252;252;252m@@@@@@@@@@@@@@@[38;2;251;251;251m@[38;2;96;96;96mL [38;2;0;0;230m@      [39m
 [38;2;0;0;0m     [38;2;0;0;214m@  [38;2;246;246;246m@[38;2;252;252;252m@@@@@@@@@@@@@@@@@@@@[38;2;251;251;251m@[38;2;91;91;92mL [38;2;0;0;231m@      [39m
 [38;2;0;0;0m     [38;2;0;0;216m@  [38;2;247;247;247m@[38;2;252;252;252m@@@@@@@@@@@@@@@@@@@@[38;2;251;251;251m@[38;2;85;85;85mL [38;2;0;0;231m@      [39m
 [38;2;0;0;0m     [38;2;0;0;218m@  [38;2;249;249;249m@[38;2;252;252;252m@@@@@@@@@@@@@@@@@@@@[38;2;251;251;251m@[38;2;76;76;77mL [38;2;0;0;230m@      [39m
 [38;2;0;0;0m     [38;2;0;0;220m@  [38;2;250;250;250m@[38;2;252;252;252m@@@@@@@@@@@@@@@@@@@@[38;2;251;251;251m@[38;2;67;67;67mL [38;2;0;0;229m@      [39m
 [38;2;0;0;0m     [38;2;0;0;218m@  [38;2;242;242;242m@[38;2;252;252;252m@@@@@@@@@@@@@@@@@@@@[38;2;249;249;249m@  [38;2;0;0;225m@      [39m
 [38;2;0;0;0m     [38;2;1;1;212m`[38;2;0;0;225m@[38;2;0;0;214m,[38;2;149;149;149m~[38;2;178;178;178m@[38;2;248;248;248m@[38;2;250;250;250m@[38;2;205;205;205m@[38;2;192;192;192mF[38;2;164;164;164mF[38;2;179;179;179mR[38;2;240;240;240m@[38;2;252;252;252m@[38;2;251;251;251m@[38;2;234;234;234m@[38;2;221;221;221mF[38;2;165;165;165mF[38;2;164;164;164mM[38;2;215;215;215m@[38;2;251;251;251m@[38;2;252;252;252m@[38;2;248;248;248m@[38;2;188;188;188m@[38;2;183;183;183mF[38;2;184;184;184m~[38;2;1;0;197m_[38;2;0;0;229mg[38;2;1;1;197mF      [39m
 [38;2;0;0;0m      [38;2;1;0;218m`[38;2;0;0;226m4[38;2;0;0;227mg[38;2;0;0;225m___[38;2;0;0;227m_[38;2;0;0;226mg[38;2;0;0;218m@[38;2;0;0;212my[38;2;0;0;225m_[38;2;97;97;97m`[38;2;0;0;223m_[38;2;0;0;226m_[38;2;0;0;217ma[38;2;0;0;220m@[38;2;0;0;221mg[38;2;0;0;227m_[38;2;0;0;225m_[38;2;110;110;110m`[38;2;0;0;225m_[38;2;0;0;226m_[38;2;0;0;227mg[38;2;0;0;220m@[38;2;0;0;227mP[38;2;1;1;202m~       [39m
 [38;2;0;0;0m        [38;2;2;3;191m`[38;2;0;0;224m~[38;2;0;0;227m~~[38;2;0;0;226m~[38;2;2;2;195m` [38;2;1;0;213m~[38;2;0;0;226m~[38;2;0;0;227m~~[38;2;0;0;226m~[38;2;2;1;201m~ [38;2;0;0;221m`[38;2;0;0;226m~~[38;2;0;0;227m~[38;2;0;0;226m~[38;2;0;0;225m~[38;2;4;4;184m`          [39m
 [38;2;0;0;0m                                       [39m
[?25h