[?25l[39m [38;2;0;0;0m             [38;2;3;2;184m_[38;2;0;0;229m_[38;2;0;0;225m_[38;2;1;1;211my[38;2;0;0;217ma[38;2;0;0;225ma[38;2;0;0;224ma[38;2;0;0;222my[38;2;1;1;211my[38;2;0;0;225m_[38;2;0;0;228m_               [39m
 [38;2;0;0;0m          [38;2;0;0;225m_[38;2;1;0;214ma[38;2;0;0;219m#[38;2;0;0;210mF[38;2;0;0;226m~[38;2;0;0;219m~[38;2;214;214;214m_[38;2;245;245;245m_[38;2;147;147;147my[38;2;146;146;146my[38;2;245;245;245m_[38;2;215;215;215m_[38;2;0;0;219m~[38;2;0;0;226m~[38;2;0;0;227m~[38;2;0;0;215m@[38;2;0;0;218my[38;2;0;0;225m_           [39m
 [38;2;0;0;0m        [38;2;0;0;226m_[38;2;0;0;228ma[38;2;0;0;210mF[38;2;1;0;218m`[38;2;156;156;156my[38;2;219;219;219ma[38;2;231;231;231m$[38;2;251;251;251m@@[38;2;252;252;252m@@@@[38;2;251;251;251m@@[38;2;226;226;226m@[38;2;210;210;210mg[38;2;146;146;146my[38;2;1;0;218m`[38;2;0;0;225m~[38;2;0;0;219m@[38;2;0;0;226m_         [39m
 [38;2;0;0;0m       [38;2;0;0;222mg[38;2;0;0;225mF [38;2;193;193;193my[38;2;231;231;231m@[38;2;251;251;251m@[38;2;252;252;252m@@@@@@@@@@@@@[38;2;240;240;240m@[38;2;187;187;187my [38;2;0;0;218m?[38;2;0;0;222mg        [39m
 [38;2;0;0;0m      [38;2;0;0;228mg[38;2;0;0;205mF [38;2;228;228;228mg[38;2;251;251;251m@[38;2;252;252;252m@@@@@@@@@@@@@@@@[38;2;251;251;251m@[38;2;202;202;202m@ [38;2;0;0;213m~[38;2;0;0;226m$       [39m
 [38;2;0;0;0m     [38;2;0;0;211mj[38;2;0;0;227mF [38;2;211;211;211mg[38;2;251;251;251m@@[38;2;216;216;216mF[38;2;150;150;150mM[38;2;184;184;184m@[38;2;249;249;249m@[38;2;251;251;251m@[38;2;252;252;252m@@@@[38;2;228;228;228m@[38;2;171;171;171mF[38;2;167;167;167m5[38;2;224;224;224m@[38;2;251;251;251m@[38;2;252;252;252m@@@[38;2;251;251;251m@[38;2;190;190;190m@ [38;2;0;0;217m?[38;2;0;0;220ml      [39m
 [38;2;0;0;0m     [38;2;0;0;219m@  [38;2;246;246;246m@[38;2;252;252;252m@[38;2;251;251;251m@[38;2;233;233;233mg[38;2;179;179;179my[38;2;144;144;144m_[38;2;72;72;72m`[38;2;211;211;211m~[38;2;166;166;166mP[38;2;241;241;241m@[38;2;252;252;252m@@[38;2;245;245;245m@[38;2;192;192;192mg[38;2;247;247;247m_ [38;2;100;100;100m~[38;2;244;244;244m~[38;2;171;171;171m@[38;2;251;251;251m@[38;2;252;252;252m@[38;2;250;250;250m@  [38;2;0;0;226m$      [39m
 [38;2;0;0;0m     [38;2;0;0;226m@  [38;2;249;249;249m@[38;2;252;252;252m@[38;2;251;251;251m@[38;2;211;211;211m@[38;2;200;200;200mF[38;2;189;189;189m~ [38;2;193;193;193m_[38;2;195;195;195my[38;2;224;224;224m@[38;2;252;252;252m@@[38;2;249;249;249m@[38;2;172;172;172m@[38;2;251;251;251m~[38;2;141;141;141m` [38;2;143;143;143my[38;2;197;197;197mg[38;2;251;251;251m@[38;2;252;252;252m@[38;2;251;251;251m@  [38;2;0;0;226m@      [39m
 [38;2;0;0;0m     [38;2;0;0;226m@  [38;2;249;249;249m@[38;2;252;252;252m@[38;2;251;251;251m@[38;2;194;194;194my[38;2;173;173;173my[38;2;220;220;220mg[38;2;231;231;231m@[38;2;251;251;251m@[38;2;252;252;252m@@@@[38;2;220;220;220m@[38;2;163;163;163my[38;2;199;199;199my[38;2;244;244;244mg[38;2;247;247;247m@[38;2;251;251;251m@[38;2;252;252;252m@@@[38;2;251;251;251m@  [38;2;0;0;226m@      [39m
 [38;2;0;0;0m     [38;2;0;0;226m@  [38;2;249;249;249m@[38;2;252;252;252m@@@@@@@@@@@@@@@@@@@@[38;2;251;251;251m@  [38;2;0;0;226m@      [39m
 [38;2;0;0;0m     [38;2;0;0;226m@  [38;2;249;249;249m@[38;2;252;252;252m@@@@@@@@@@@@@@@@@@@@[38;2;251;251;251m@  [38;2;0;0;226m@      [39m
 [38;2;0;0;0m     [38;2;0;0;226m@  [38;2;249;249;249m@[38;2;252;252;252m@@@@@@@@@@@@@@@@@@@@[38;2;251;251;251m@  [38;2;0;0;227m@      [39m
 [38;2;0;0;0m     [38;2;0;0;226m@  [38;2;249;249;249m@[38;2;252;252;252m@@@@@@@@@@@@@@@@@@@@[38;2;251;251;251m@  [38;2;0;0;227m@      [39m
 [38;2;0;0;0m     [38;2;0;0;225m@  [38;2;247;247;247m@[38;2;252;252;252m@@@@@@@@@@@@@@@@@@@@[38;2;249;249;249m@  [38;2;0;0;226m@      [39m
 [38;2;0;0;0m     [38;2;1;1;208m4[38;2;0;0;222m$[38;2;0;0;204m,[38;2;181;181;181m~[38;2;205;205;205m@[38;2;251;251;251m@[38;2;252;252;252m@[38;2;251;251;251m@[38;2;220;220;220m@[38;2;210;210;210mF[38;2;160;160;160m5[38;2;185;185;185m@[38;2;250;250;250m@[38;2;251;251;251m@@[38;2;245;245;245m@[38;2;219;219;219mP[38;2;192;192;192mF[38;2;180;180;180m#[38;2;241;241;241m@[38;2;251;251;251m@@@[38;2;203;203;203m@[38;2;202;202;202m~ [38;2;0;0;225mg[38;2;0;0;223mF      [39m
 [38;2;0;0;0m      [38;2;0;0;230m~[38;2;0;0;227m@[38;2;0;0;221mg[38;2;0;0;226m_[38;2;0;0;228m_[38;2;205;205;205m`[38;2;104;104;104m`[38;2;0;0;226m_[38;2;0;0;222ma[38;2;0;0;226mg_[38;2;0;0;228m_[38;2;202;202;202m`[38;2;176;176;176m`[38;2;0;0;227m_[38;2;0;0;212my[38;2;0;0;228mg[38;2;0;0;213my[38;2;0;0;227m_[38;2;169;169;169m`[38;2;206;206;206m`[38;2;0;0;228m_[38;2;0;0;226m_[38;2;0;0;224mg[38;2;0;0;227m@[38;2;0;0;219mF       [39m
 [38;2;0;0;0m       [38;2;1;3;197m`[38;2;0;0;228m~[38;2;0;0;224m=[38;2;0;0;218m4R[38;2;0;0;219mP[38;2;0;0;226m=[38;2;0;0;227m~[38;2;0;0;228m~[38;2;0;0;227m~=[38;2;0;0;217mR[38;2;0;0;215mR[38;2;0;0;230m=[38;2;0;0;226m~[38;2;0;0;228m~[38;2;0;0;226m~[38;2;0;0;230m=[38;2;0;0;215mR[38;2;0;0;218mR[38;2;0;0;217mP[38;2;1;0;216m=[38;2;0;0;229m~[38;2;1;2;201m`        [39m
 [38;2;0;0;0m                                       [39m
 [38;2;0;0;0m                                       [39m
[?25h