[?25l[39m [38;2;0;0;0m                                       [39m
 [38;2;0;0;0m             [38;2;1;0;224m_[38;2;0;0;225m_[38;2;1;1;203my[38;2;1;0;215ma[38;2;0;0;222mg[38;2;0;0;224mgg[38;2;0;0;221mg[38;2;0;0;218my[38;2;0;0;227m__[38;2;3;1;195m_              [39m
 [38;2;0;0;0m          [38;2;0;0;230m_[38;2;0;0;226ma[38;2;0;0;227m@[38;2;0;0;220mP[38;2;0;0;226m~[38;2;0;0;227m~[38;2;96;96;96m_[38;2;159;159;159m_[38;2;197;197;197m_[38;2;187;187;187m_[38;2;139;139;139m_[38;2;0;0;230m~[38;2;0;0;225m~[38;2;0;0;226m~[38;2;0;0;225m4[38;2;0;0;222m@[38;2;0;0;216my[38;2;0;0;218m_           [39m
 [38;2;0;0;0m        [38;2;1;1;206my[38;2;0;0;224m@[38;2;0;0;214mF[38;2;0;0;210m~[38;2;133;133;133my[38;2;189;189;189mg[38;2;249;249;249mg[38;2;241;241;241m@[38;2;252;252;252m@[38;2;251;251;251m@@@@[38;2;252;252;252m@[38;2;233;233;233m@[38;2;235;235;235mg[38;2;188;188;188my[38;2;136;136;136m_[38;2;0;0;225m~[38;2;0;0;227m4[38;2;0;0;219m$[38;2;0;0;216m_         [39m
 [38;2;0;0;0m      [38;2;1;2;187m_[38;2;0;0;230mg[38;2;0;0;222mF [38;2;193;193;193my[38;2;224;224;224m@[38;2;251;251;251m@[38;2;252;252;252m@@@@@@@@@@@@[38;2;251;251;251m@[38;2;228;228;228mg[38;2;169;169;169m_[38;2;0;0;203m~[38;2;0;0;225mR[38;2;1;0;214my        [39m
 [38;2;0;0;0m      [38;2;0;0;229m@[38;2;1;0;209m~[38;2;88;88;89m_[38;2;239;239;239mg[38;2;251;251;251m@[38;2;252;252;252m@@@@@@@@@@@@@@@@[38;2;251;251;251m@[38;2;183;183;183my [38;2;0;0;221m4[38;2;1;1;206m$       [39m
 [38;2;0;0;0m     [38;2;0;0;222mg[38;2;0;0;209mF [38;2;211;211;211m$[38;2;252;252;252m@[38;2;248;248;248m@[38;2;190;190;190mM[38;2;179;179;179mP[38;2;224;224;224m@[38;2;251;251;251m@[38;2;252;252;252m@@@@@@@@@@@@@[38;2;251;251;251m@[38;2;154;154;154mL [38;2;0;0;228m$[38;2;0;0;225m,      [39m
 [38;2;0;0;0m     [38;2;0;0;237m@ [38;2;102;102;102m4[38;2;251;251;251m@[38;2;252;252;252m@[38;2;250;250;250m@[38;2;192;192;192mg[38;2;243;243;243m_ [38;2;188;188;188m`[38;2;248;248;248m~[38;2;163;163;163m@[38;2;251;251;251m@[38;2;252;252;252m@[38;2;242;242;242m@[38;2;219;219;219mP[38;2;214;214;214mPPPPP[38;2;177;177;177m@[38;2;251;251;251m@[38;2;252;252;252m@[38;2;225;225;225m@ [38;2;1;0;198m4[38;2;1;1;203m$      [39m
 [38;2;0;0;0m     [38;2;0;0;237m@ [38;2;136;136;136m4[38;2;251;251;251m@[38;2;252;252;252m@@[38;2;220;220;220m@[38;2;209;209;209mF[38;2;182;182;182m~ [38;2;167;167;167m_[38;2;187;187;187my[38;2;236;236;236m@[38;2;252;252;252m@[38;2;225;225;225m$[38;2;179;179;179my[38;2;173;173;173myyyyy[38;2;199;199;199my[38;2;240;240;240m@[38;2;252;252;252m@[38;2;238;238;238m@ [38;2;0;0;191mJ[38;2;1;1;208m$      [39m
 [38;2;0;0;0m     [38;2;0;0;236m@ [38;2;133;133;133m4[38;2;251;251;251m@[38;2;252;252;252m@[38;2;243;243;243m@[38;2;149;149;149my[38;2;158;158;158my[38;2;197;197;197mg[38;2;218;218;218m@[38;2;251;251;251m@[38;2;252;252;252m@@@@@@@@@@@@@[38;2;238;238;238m@ [38;2;0;0;189mJ[38;2;1;0;209m$      [39m
 [38;2;0;0;0m     [38;2;0;0;237m@ [38;2;129;129;129m4[38;2;252;252;252m@@@@@@@@@@@@@@@@@@@@@[38;2;239;239;239m@ [38;2;0;0;185mJ[38;2;1;0;210m$      [39m
 [38;2;0;0;0m     [38;2;0;0;237m@ [38;2;118;118;118m4[38;2;252;252;252m@@@@@@@@@@@@@@@@@@@@@[38;2;241;241;241m@  [38;2;1;0;214m$      [39m
 [38;2;0;0;0m     [38;2;0;0;236m@ [38;2;103;103;103m4[38;2;251;251;251m@[38;2;252;252;252m@@@@@@@@@@@@@@@@@@@@[38;2;244;244;244m@  [38;2;0;0;219m$      [39m
 [38;2;0;0;0m     [38;2;0;0;234m@ [38;2;86;86;86m4[38;2;250;250;250m@[38;2;252;252;252m@@@@@@@@@@@@@@@@@@@@[38;2;248;248;248m@  [38;2;0;0;221m$      [39m
 [38;2;0;0;0m     [38;2;1;0;214m9[38;2;0;0;210mL [38;2;185;185;185m@[38;2;251;251;251m@[38;2;252;252;252m@@@@[38;2;251;251;251m@[38;2;248;248;248m@[38;2;251;251;251m@[38;2;252;252;252m@@@@[38;2;251;251;251m@[38;2;249;249;249m@[38;2;251;251;251m@[38;2;252;252;252m@@@@[38;2;251;251;251m@[38;2;181;181;181m@ [38;2;0;0;227mj[38;2;0;0;221mF      [39m
 [38;2;0;0;0m      [38;2;0;0;219m4[38;2;0;0;222my[38;2;0;0;226m_[38;2;181;181;181m~[38;2;168;168;168mF[38;2;198;198;198mF[38;2;192;192;192mF[38;2;237;237;237m~[38;2;0;0;205m_[38;2;0;0;226m_[38;2;183;183;183m`[38;2;246;246;246m~[38;2;189;189;189mF[38;2;198;198;198mF[38;2;166;166;166mF[38;2;133;133;133m~[38;2;0;0;227m_[38;2;0;0;216m_[38;2;216;216;216m~[38;2;176;176;176mF[38;2;198;198;198mF[38;2;184;184;184mF[38;2;196;196;196m~[38;2;0;0;224m_[38;2;0;0;222ma[38;2;0;0;227mF       [39m
 [38;2;0;0;0m       [38;2;0;0;221m`[38;2;0;0;225m~[38;2;0;0;221m4[38;2;0;0;225ma[38;2;0;0;228ma[38;2;0;0;227ma[38;2;0;0;216mR[38;2;0;0;227m~[38;2;0;0;226m~[38;2;0;0;228m=[38;2;1;0;212m@[38;2;0;0;228maa[38;2;0;0;219m#[38;2;0;0;229m=[38;2;0;0;225m~[38;2;0;0;226m~[38;2;1;0;214mR[38;2;0;0;227ma[38;2;0;0;228ma[38;2;0;0;224ma[38;2;0;0;221mP[38;2;0;0;226m~'        [39m
 [38;2;0;0;0m                                       [39m
 [38;2;0;0;0m                                       [39m
[?25h