[?25l[39m [38;2;0;0;0m                                       [39m
 [38;2;0;0;0m              [38;2;0;0;223m_[38;2;0;0;226m__[38;2;1;1;202my[38;2;1;1;208my[38;2;1;1;209my[38;2;1;1;202my[38;2;0;0;226m_[38;2;0;0;227m_[38;2;0;0;223m_               [39m
 [38;2;0;0;0m          [38;2;1;2;195m_[38;2;0;0;225m_[38;2;0;0;227mgP[38;2;0;0;226m~[38;2;0;0;225m~[38;2;0;0;231m~[38;2;120;120;120m_[38;2;149;149;149m_[38;2;148;148;148m_[38;2;120;120;120m_[38;2;0;0;231m~[38;2;0;0;225m~[38;2;0;0;226m~4g[38;2;0;0;225m_[38;2;2;2;195m_           [39m
 [38;2;0;0;0m        [38;2;0;0;212m_[38;2;0;0;225mg[38;2;0;0;226mP[38;2;0;0;225m~[38;2;168;168;168m_[38;2;194;194;194my[38;2;237;237;237mg[38;2;228;228;228m@[38;2;251;251;251m@[38;2;252;252;252m@[38;2;251;251;251m@@[38;2;252;252;252m@[38;2;251;251;251m@[38;2;232;232;232m@[38;2;237;237;237mg[38;2;193;193;193my[38;2;169;169;169m_[38;2;0;0;222m~[38;2;0;0;225m4[38;2;0;0;224mg[38;2;1;0;211m_         [39m
 [38;2;0;0;0m       [38;2;0;0;216my[38;2;0;0;229mP[38;2;1;1;211m'[38;2;139;139;139my[38;2;244;244;244mg[38;2;251;251;251m@[38;2;252;252;252m@@@@@@@@@@@@[38;2;251;251;251m@[38;2;215;215;215m$_[38;2;1;1;209m`[38;2;0;0;229m4[38;2;0;0;218my        [39m
 [38;2;0;0;0m      [38;2;0;0;221mg[38;2;0;0;224mF [38;2;198;198;198mg[38;2;251;251;251m@[38;2;252;252;252m@@@@@@@@@@@@@@@@[38;2;251;251;251m@[38;2;164;164;164m@ [38;2;0;0;214m?[38;2;0;0;217m$       [39m
 [38;2;0;0;0m     [38;2;1;0;203mj[38;2;0;0;231mF [38;2;186;186;186mg[38;2;251;251;251m@@[38;2;224;224;224mP[38;2;171;171;171m#[38;2;223;223;223m@[38;2;251;251;251m@[38;2;252;252;252m@@@@@@@@@@@@@[38;2;251;251;251m@[38;2;165;165;165m$ [38;2;0;0;220m4[38;2;0;0;217mi      [39m
 [38;2;0;0;0m     [38;2;0;0;216m@[38;2;0;0;182m[ [38;2;241;241;241m@[38;2;252;252;252m@@[38;2;196;196;196mg[38;2;243;243;243m_ [38;2;184;184;184m`[38;2;248;248;248m~[38;2;191;191;191mR[38;2;250;250;250m@[38;2;252;252;252m@[38;2;250;250;250m@[38;2;206;206;206mR[38;2;221;221;221mPPPPP[38;2;179;179;179m@[38;2;250;250;250m@[38;2;252;252;252m@[38;2;248;248;248m@  [38;2;0;0;225m$      [39m
 [38;2;0;0;0m     [38;2;0;0;225m@  [38;2;249;249;249m@[38;2;252;252;252m@[38;2;251;251;251m@[38;2;238;238;238m@[38;2;210;210;210mP[38;2;149;149;149mT [38;2;78;78;78m_[38;2;162;162;162my[38;2;211;211;211m@[38;2;252;252;252m@[38;2;227;227;227m@[38;2;170;170;170my[38;2;158;158;158myyyyy[38;2;176;176;176my[38;2;221;221;221m@[38;2;252;252;252m@[38;2;251;251;251m@  [38;2;0;0;227m@      [39m
 [38;2;0;0;0m     [38;2;0;0;225m@  [38;2;249;249;249m@[38;2;252;252;252m@[38;2;251;251;251m@[38;2;151;151;151my[38;2;252;252;252m_[38;2;206;206;206my[38;2;250;250;250mg[38;2;251;251;251m@[38;2;252;252;252m@@@@@@@@@@@@@[38;2;251;251;251m@  [38;2;0;0;227m@      [39m
 [38;2;0;0;0m     [38;2;0;0;225m@  [38;2;249;249;249m@[38;2;252;252;252m@@@@@@@@@@@@@@@@@@@@[38;2;251;251;251m@  [38;2;0;0;227m@      [39m
 [38;2;0;0;0m     [38;2;0;0;225m@  [38;2;249;249;249m@[38;2;252;252;252m@@@@@@@@@@@@@@@@@@@@[38;2;251;251;251m@  [38;2;0;0;226m@      [39m
 [38;2;0;0;0m     [38;2;0;0;225m@  [38;2;249;249;249m@[38;2;252;252;252m@@@@@@@@@@@@@@@@@@@@[38;2;251;251;251m@  [38;2;0;0;227m@      [39m
 [38;2;0;0;0m     [38;2;0;0;225m@  [38;2;249;249;249m@[38;2;252;252;252m@@@@@@@@@@@@@@@@@@@@[38;2;251;251;251m@  [38;2;0;0;226m@      [39m
 [38;2;0;0;0m     [38;2;0;0;212m@[38;2;1;0;217m, [38;2;231;231;231m@[38;2;252;252;252m@@@@@@@@@@@@@@@@@@@@[38;2;243;243;243m@ [38;2;0;0;182mj[38;2;0;0;220m$      [39m
 [38;2;0;0;0m     [38;2;2;2;202m`[38;2;0;0;225m@[38;2;0;0;229m_[38;2;143;143;143m`[38;2;158;158;158m5[38;2;207;207;207m@[38;2;231;231;231m@[38;2;221;221;221m@[38;2;208;208;208mP[38;2;243;243;243m~[38;2;227;227;227m~[38;2;249;249;249m~[38;2;180;180;180m@[38;2;229;229;229m@[38;2;230;230;230m@[38;2;188;188;188m@[38;2;178;178;178mF[38;2;228;228;228m~[38;2;240;240;240m~[38;2;176;176;176mA[38;2;219;219;219m@[38;2;232;232;232m@[38;2;213;213;213m@[38;2;215;215;215mF[38;2;154;154;154m`[38;2;0;0;229m_[38;2;0;0;225m$[38;2;0;0;227m'      [39m
 [38;2;0;0;0m       [38;2;0;0;228m~[38;2;0;0;214m@[38;2;0;0;225mg[38;2;0;0;204my[38;2;0;0;227m_[38;2;0;0;226m_[38;2;0;0;222ma[38;2;0;0;224ms[38;2;0;0;222m4[38;2;0;0;228ma[38;2;0;0;214my[38;2;0;0;227m__[38;2;0;0;214my[38;2;0;0;228ma[38;2;0;0;223mP[38;2;0;0;217m@[38;2;0;0;219mg[38;2;0;0;226m_[38;2;0;0;227m_[38;2;0;0;202my[38;2;0;0;225mg[38;2;0;0;213m@[38;2;0;0;229m~        [39m
 [38;2;0;0;0m          [38;2;0;0;227m`[38;2;1;1;212m~[38;2;2;1;201m~[38;2;2;2;193m`   [38;2;0;0;222m`[38;2;1;1;208m~[38;2;1;1;209m~[38;2;0;0;223m`   [38;2;3;2;192m`[38;2;0;0;227m`[38;2;1;1;215m~[38;2;0;0;227m`           [39m
 [38;2;0;0;0m                                       [39m
[?25h