[?25l[39m [38;2;0;0;0m                                       [39m
 [38;2;0;0;0m             [38;2;0;0;222m_[38;2;0;0;225m_[38;2;1;1;205my[38;2;0;0;219ma[38;2;0;0;223mg[38;2;0;0;226mg[38;2;0;0;227mg[38;2;0;0;223mg[38;2;0;0;216mg[38;2;1;1;205my[38;2;0;0;226m_[38;2;0;0;222m_              [39m
 [38;2;0;0;0m          [38;2;0;0;230m_[38;2;0;0;225ma[38;2;0;0;226m@[38;2;0;0;223mP[38;2;0;0;227m~[38;2;0;0;226m~[38;2;85;85;85m_[38;2;157;157;157m_[38;2;206;206;206m__[38;2;158;158;158m_[38;2;85;85;85m_[38;2;0;0;227m~[38;2;0;0;226m~[38;2;0;0;224m4[38;2;0;0;227m@[38;2;0;0;221mg[38;2;0;0;229m_           [39m
 [38;2;0;0;0m        [38;2;0;0;230m_[38;2;0;0;219m@P[38;2;0;0;220m~[38;2;205;205;205m_[38;2;209;209;209my[38;2;245;245;245mg[38;2;238;238;238m@[38;2;252;252;252m@[38;2;251;251;251m@@@@[38;2;252;252;252m@[38;2;241;241;241m@[38;2;245;245;245mg[38;2;209;209;209my[38;2;205;205;205m_[38;2;0;0;217m~4[38;2;0;0;224m@[38;2;0;0;230m_         [39m
 [38;2;0;0;0m       [38;2;0;0;225mgP[38;2;0;0;202m'[38;2;158;158;158my[38;2;246;246;246mg[38;2;251;251;251m@[38;2;252;252;252m@@@@@@@@@@@@[38;2;251;251;251m@[38;2;214;214;214m@[38;2;146;146;146my[38;2;2;1;193m`[38;2;0;0;223m4[38;2;0;0;225mg[38;2;0;2;191m,       [39m
 [38;2;0;0;0m      [38;2;0;0;229mg[38;2;0;0;221mF [38;2;210;210;210mg[38;2;251;251;251m@[38;2;252;252;252m@@@@@@@@@@@@@@@@[38;2;251;251;251m@[38;2;178;178;178m@ [38;2;0;0;209m?[38;2;0;0;227m$       [39m
 [38;2;0;0;0m     [38;2;0;0;215mj[38;2;0;0;229mF [38;2;195;195;195mg[38;2;251;251;251m@[38;2;252;252;252m@@[38;2;251;251;251m@[38;2;249;249;249m@[38;2;240;240;240m@[38;2;251;251;251m@@[38;2;252;252;252m@@@@[38;2;251;251;251m@[38;2;252;252;252m@[38;2;241;241;241m@[38;2;246;246;246m@[38;2;251;251;251m@[38;2;252;252;252m@@[38;2;251;251;251m@[38;2;171;171;171m@ [38;2;0;0;209m5[38;2;0;0;219m[      [39m
 [38;2;0;0;0m     [38;2;0;0;220m@[38;2;0;0;180m[ [38;2;243;243;243m@[38;2;252;252;252m@[38;2;248;248;248m@[38;2;192;192;192mF[38;2;157;157;157my[38;2;174;174;174ma[38;2;220;220;220ma[38;2;151;151;151ma[38;2;155;155;155m_[38;2;163;163;163m5[38;2;251;251;251m@[38;2;252;252;252m@[38;2;178;178;178m@[38;2;163;163;163m~[38;2;155;155;155ma[38;2;199;199;199ma[38;2;193;193;193ma[38;2;133;133;133my[38;2;230;230;230m~[38;2;237;237;237m@[38;2;252;252;252m@[38;2;249;249;249m@  [38;2;0;0;223m@      [39m
 [38;2;0;0;0m     [38;2;0;0;226m@  [38;2;249;249;249m@[38;2;251;251;251m@[38;2;168;168;168m$[38;2;82;82;82m4[38;2;160;160;160mF [38;2;192;192;192ms [38;2;198;198;198m$ [38;2;221;221;221m@[38;2;238;238;238m@ [38;2;194;194;194m$ [38;2;206;206;206ma [38;2;131;131;131m4[38;2;114;114;114mL[38;2;156;156;156mg[38;2;252;252;252m@[38;2;251;251;251m@  [38;2;0;0;226m@      [39m
 [38;2;0;0;0m     [38;2;0;0;226m@  [38;2;249;249;249m@[38;2;252;252;252m@[38;2;228;228;228m@[38;2;156;156;156m_[38;2;184;184;184m=[38;2;169;169;169mw[38;2;185;185;185my[38;2;190;190;190my[38;2;197;197;197my[38;2;234;234;234mg[38;2;251;251;251m@@[38;2;169;169;169my[38;2;142;142;142m7[38;2;139;139;139ma[38;2;159;159;159my[38;2;213;213;213ma[38;2;194;194;194my[38;2;190;190;190mg[38;2;244;244;244m@[38;2;252;252;252m@[38;2;251;251;251m@  [38;2;0;0;226m@      [39m
 [38;2;0;0;0m     [38;2;0;0;226m@  [38;2;249;249;249m@[38;2;252;252;252m@@[38;2;251;251;251m@[38;2;215;215;215m@[38;2;226;226;226mg[38;2;211;211;211mg[38;2;227;227;227mg[38;2;251;251;251m@[38;2;252;252;252m@@@[38;2;251;251;251m@[38;2;236;236;236m@g[38;2;214;214;214mg[38;2;215;215;215mg[38;2;229;229;229m@[38;2;252;252;252m@@@[38;2;251;251;251m@  [38;2;0;0;226m@      [39m
 [38;2;0;0;0m     [38;2;0;0;226m@  [38;2;249;249;249m@[38;2;252;252;252m@@@@@@@@@@@@@@@@@@@@[38;2;251;251;251m@  [38;2;0;0;227m@      [39m
 [38;2;0;0;0m     [38;2;0;0;226m@  [38;2;249;249;249m@[38;2;252;252;252m@@@@@@@@@@@@@@@@@@@@[38;2;251;251;251m@  [38;2;0;0;227m@      [39m
 [38;2;0;0;0m     [38;2;0;0;226m@  [38;2;249;249;249m@[38;2;252;252;252m@@@@@@@@@@@@@@@@@@@@[38;2;251;251;251m@  [38;2;0;0;226m@      [39m
 [38;2;0;0;0m     [38;2;1;0;211m4[38;2;0;0;224mL [38;2;220;220;220m4[38;2;251;251;251m@[38;2;252;252;252m@@@@[38;2;250;250;250m@[38;2;246;246;246m@[38;2;251;251;251m@[38;2;252;252;252m@@@@[38;2;251;251;251m@[38;2;246;246;246m@[38;2;249;249;249m@[38;2;252;252;252m@@@@[38;2;251;251;251m@[38;2;186;186;186m@ [38;2;0;0;225mjF      [39m
 [38;2;0;0;0m      [38;2;0;0;221m?g[38;2;0;0;227m_[38;2;160;160;160m~[38;2;175;175;175mT[38;2;190;190;190mT[38;2;181;181;181mF[38;2;224;224;224m~[38;2;0;0;221m_[38;2;0;0;226m_[38;2;156;156;156m`[38;2;243;243;243m~[38;2;181;181;181mF[38;2;187;187;187mF[38;2;248;248;248m~[38;2;156;156;156m`[38;2;0;0;226m_[38;2;0;0;223m_[38;2;204;204;204m~[38;2;167;167;167mF[38;2;188;188;188mF[38;2;173;173;173mF[38;2;186;186;186m~[38;2;0;0;227m_[38;2;0;0;224ma[38;2;0;0;226mF       [39m
 [38;2;0;0;0m       [38;2;1;1;215m`[38;2;0;0;225m~[38;2;0;0;228m=[38;2;0;0;212m@[38;2;0;0;226ma[38;2;0;0;212m@[38;2;0;0;221mP[38;2;0;0;227m~~[38;2;0;0;223m=[38;2;0;0;215mR[38;2;0;0;225ma[38;2;0;0;224ma[38;2;0;0;220mP[38;2;0;0;224m=[38;2;0;0;226m~[38;2;0;0;227m~[38;2;0;0;221m4[38;2;0;0;214m@[38;2;0;0;227ma[38;2;0;0;218m#[38;2;0;0;228m=[38;2;0;0;226m~[38;2;0;0;221m'        [39m
 [38;2;0;0;0m                                       [39m
 [38;2;0;0;0m                                       [39m
[?25h