[?25l[39m [38;2;0;0;0m                                       [39m
 [38;2;0;0;0m              [38;2;0;0;218m_[38;2;0;0;225m_[38;2;0;0;226m_[38;2;0;0;224m_[38;2;1;1;204myy[38;2;0;0;225m_[38;2;0;0;226m_[38;2;0;0;225m_[38;2;0;0;220m_               [39m
 [38;2;0;0;0m          [38;2;1;3;187m_[38;2;0;0;224m_[38;2;0;0;228ma[38;2;0;0;226mP~~[38;2;0;0;231m~[38;2;143;143;143m_[38;2;182;182;182m__[38;2;142;142;142m_[38;2;0;0;231m~[38;2;0;0;226m~[38;2;0;0;225m~4[38;2;0;0;228ma[38;2;0;0;224m_[38;2;1;2;200m,           [39m
 [38;2;0;0;0m        [38;2;0;1;205m_[38;2;0;0;226ma[38;2;0;0;223mP~[38;2;192;192;192m_[38;2;203;203;203my[38;2;243;243;243mg[38;2;234;234;234m@[38;2;252;252;252m@[38;2;251;251;251m@@@@[38;2;252;252;252m@[38;2;238;238;238m@[38;2;243;243;243mg[38;2;203;203;203my[38;2;192;192;192m_[38;2;0;0;220m~[38;2;0;0;221m4[38;2;0;0;223mg[38;2;1;0;207m_         [39m
 [38;2;0;0;0m       [38;2;0;0;214my[38;2;0;0;228mP[38;2;1;0;205m'[38;2;152;152;152my[38;2;245;245;245mg[38;2;251;251;251m@[38;2;252;252;252m@@@@@@@@@@@@[38;2;251;251;251m@[38;2;210;210;210m@[38;2;138;138;138my[38;2;2;0;201m`[38;2;0;0;227m4[38;2;0;0;215my        [39m
 [38;2;0;0;0m      [38;2;0;0;220mg[38;2;0;0;222mF [38;2;205;205;205mg[38;2;251;251;251m@[38;2;252;252;252m@@@@@@@@@@@@@@@@[38;2;251;251;251m@[38;2;172;172;173m@ [38;2;0;0;211m?[38;2;0;0;216m$       [39m
 [38;2;0;0;0m     [38;2;1;0;203mj[38;2;0;0;231mF [38;2;192;192;192mg[38;2;251;251;251m@[38;2;252;252;252m@[38;2;251;251;251m@[38;2;210;210;210m@[38;2;204;204;204mP[38;2;209;209;209mF[38;2;202;202;202mP[38;2;217;217;217m@[38;2;251;251;251m@[38;2;252;252;252m@@[38;2;251;251;251m@[38;2;235;235;235m@[38;2;223;223;223mP[38;2;211;211;211mF[38;2;186;186;186mM[38;2;187;187;187m@[38;2;250;250;250m@[38;2;252;252;252m@[38;2;251;251;251m@[38;2;166;166;167m@ [38;2;0;0;219m4[38;2;0;0;215mi      [39m
 [38;2;0;0;0m     [38;2;0;0;216m@[38;2;0;0;181m[ [38;2;242;242;242m@[38;2;252;252;252m@[38;2;228;228;228m@[38;2;132;132;132m~[38;2;179;179;179ma[38;2;172;172;172mF[38;2;171;171;171m5[38;2;143;143;143mM[38;2;149;149;149mg[38;2;172;172;172m~[38;2;246;246;246m@[38;2;251;251;251m@[38;2;165;165;165mF[38;2;172;172;172my[38;2;191;191;191m=[38;2;152;152;152m5[38;2;204;204;204mF[38;2;140;140;140ma[38;2;97;97;97m`[38;2;192;192;192m@[38;2;251;251;251m@[38;2;248;248;248m@  [38;2;0;0;225m$      [39m
 [38;2;0;0;0m     [38;2;0;0;226m@  [38;2;249;249;249m@[38;2;251;251;251m@[38;2;171;171;171m$[38;2;90;90;90m4[38;2;170;170;170mL [38;2;145;145;145m@ [38;2;172;172;172m#[38;2;78;78;78m_[38;2;231;231;231m@[38;2;238;238;238m@ [38;2;198;198;198m$ [38;2;202;202;202m4 [38;2;115;115;115m4[38;2;81;81;81mF[38;2;193;193;193mg[38;2;251;251;251m@@  [38;2;0;0;226m@      [39m
 [38;2;0;0;0m     [38;2;0;0;226m@  [38;2;249;249;249m@[38;2;252;252;252m@[38;2;250;250;250m@[38;2;194;194;194my[38;2;179;179;179m~[38;2;176;176;176m=[38;2;246;246;246m=[38;2;247;247;247m=[38;2;252;252;252mg[38;2;247;247;247m@[38;2;252;252;252m@[38;2;251;251;251m@[38;2;184;184;184m@[38;2;211;211;211m_[38;2;146;146;146m?[38;2;234;234;234m=[38;2;203;203;203mP[38;2;232;232;232mg[38;2;226;226;226m@[38;2;251;251;251m@[38;2;252;252;252m@[38;2;251;251;251m@  [38;2;0;0;226m@      [39m
 [38;2;0;0;0m     [38;2;0;0;226m@  [38;2;249;249;249m@[38;2;252;252;252m@@@[38;2;251;251;251m@[38;2;245;245;245m@[38;2;234;234;234m@[38;2;242;242;242m@[38;2;252;252;252m@@@@@[38;2;251;251;251m@@[38;2;236;236;236m@[38;2;235;235;235m@[38;2;252;252;252m@@@@[38;2;251;251;251m@  [38;2;0;0;226m@      [39m
 [38;2;0;0;0m     [38;2;0;0;226m@  [38;2;249;249;249m@[38;2;252;252;252m@@@@@@@@@@@@@@@@@@@@[38;2;251;251;251m@  [38;2;0;0;227m@      [39m
 [38;2;0;0;0m     [38;2;0;0;226m@  [38;2;249;249;249m@[38;2;252;252;252m@@@@@@@@@@@@@@@@@@@@[38;2;251;251;251m@  [38;2;0;0;227m@      [39m
 [38;2;0;0;0m     [38;2;0;0;226m@  [38;2;249;249;249m@[38;2;252;252;252m@@@@@@@@@@@@@@@@@@@@[38;2;251;251;251m@  [38;2;0;0;226m@      [39m
 [38;2;0;0;0m     [38;2;0;0;219m@  [38;2;243;243;243m@[38;2;252;252;252m@@@@@@@@@@@@@@@@@@@@[38;2;248;248;248m@  [38;2;0;0;222m@      [39m
 [38;2;0;0;0m     [38;2;2;1;210m`[38;2;0;0;224m@[38;2;1;0;206m_[38;2;148;148;148m~[38;2;174;174;174m@[38;2;247;247;247m@[38;2;251;251;251m@[38;2;250;250;250m@[38;2;209;209;209m@[38;2;194;194;194mF[38;2;174;174;174mT[38;2;170;170;170mA[38;2;233;233;233m@[38;2;251;251;251m@@[38;2;235;235;235m@[38;2;223;223;223mF[38;2;162;162;162mF[38;2;155;155;155mM[38;2;202;202;202m@[38;2;250;250;250m@[38;2;252;252;252m@[38;2;248;248;248m@[38;2;190;190;190m@[38;2;176;176;176m~[38;2;1;0;203m_[38;2;0;0;232ma'      [39m
 [38;2;0;0;0m      [38;2;1;1;210m`[38;2;1;0;213m4[38;2;0;0;228ma[38;2;0;0;226m_[38;2;0;0;225m_[38;2;0;0;223m__[38;2;0;0;225m_[38;2;0;0;224mg[38;2;0;0;222m@[38;2;0;0;218my[38;2;0;0;225m_[38;2;0;0;223m__[38;2;0;0;225m_[38;2;0;0;215ma[38;2;0;0;218m@[38;2;0;0;225mg_[38;2;0;0;223m__[38;2;0;0;225m_[38;2;0;0;226m_[38;2;0;0;228ma[38;2;0;0;220mP[38;2;0;0;228m'       [39m
 [38;2;0;0;0m         [38;2;2;1;206m~[38;2;0;0;227m~~[38;2;0;0;226m~[38;2;0;0;219m~  [38;2;1;0;219m`[38;2;0;0;225m~[38;2;0;0;226m~~~[38;2;0;0;218m`  [38;2;1;0;216m~[38;2;0;0;226m~~~[38;2;1;0;210m~          [39m
 [38;2;0;0;0m                                       [39m
[?25h