[?25l[39m [38;2;0;0;0m              [38;2;0;0;229m_[38;2;0;0;225m_[38;2;1;1;209my[38;2;0;0;220my[38;2;0;0;221ma[38;2;0;0;220may[38;2;1;1;209my[38;2;0;0;225m_[38;2;0;0;229m_               [39m
 [38;2;0;0;0m          [38;2;0;0;224m_[38;2;0;0;217my[38;2;0;0;220m#[38;2;0;0;219m=[38;2;0;0;226m~[38;2;0;0;221m~[38;2;206;206;206m_[38;2;242;242;242m_[38;2;143;143;143my[38;2;142;142;142my[38;2;242;242;242m_[38;2;206;206;206m_[38;2;0;0;220m~[38;2;0;0;226m~[38;2;0;0;219m=[38;2;0;0;215m@[38;2;0;0;217my[38;2;0;0;224m_           [39m
 [38;2;0;0;0m        [38;2;0;0;225m_[38;2;0;0;228ma[38;2;0;0;211mF[38;2;1;0;222m`[38;2;152;152;152my[38;2;214;214;214ma[38;2;229;229;229m$[38;2;251;251;251m@@[38;2;252;252;252m@@@@[38;2;251;251;251m@@[38;2;222;222;222m@[38;2;206;206;206mg[38;2;142;142;142my[38;2;0;0;221m`[38;2;0;0;226m~[38;2;0;0;218m@[38;2;0;0;226m_         [39m
 [38;2;0;0;0m       [38;2;0;0;221mg[38;2;0;0;226mF [38;2;191;191;191my[38;2;228;228;228m@[38;2;251;251;251m@[38;2;252;252;252m@@@@@@@@@@@@@[38;2;238;238;238m@[38;2;184;184;184my [38;2;0;0;218m?[38;2;0;0;222mg        [39m
 [38;2;0;0;0m      [38;2;0;0;228mg[38;2;0;0;207mF [38;2;227;227;227mg[38;2;251;251;251m@[38;2;252;252;252m@@@@@@@@@@@@@@@@[38;2;251;251;251m@[38;2;201;201;201m@ [38;2;0;0;214m~[38;2;0;0;225m$       [39m
 [38;2;0;0;0m     [38;2;0;0;211mj[38;2;0;0;227mF [38;2;210;210;210mg[38;2;251;251;251m@@[38;2;222;222;222mF[38;2;153;153;153m5[38;2;199;199;199m@[38;2;250;250;250m@[38;2;252;252;252m@@@@@@@@@@@@@[38;2;251;251;251m@[38;2;189;189;189m@ [38;2;0;0;218m?[38;2;0;0;219ml      [39m
 [38;2;0;0;0m     [38;2;0;0;218m@  [38;2;246;246;246m@[38;2;252;252;252m@[38;2;251;251;251m@[38;2;223;223;223mg[38;2;164;164;164my[38;2;94;94;94m_[38;2;122;122;122m`[38;2;232;232;232m~[38;2;171;171;171m#[38;2;246;246;246m@[38;2;252;252;252m@[38;2;247;247;247m@[38;2;166;166;166m@[38;2;196;196;196mPPPPP[38;2;185;185;185mR[38;2;247;247;247m@[38;2;252;252;252m@[38;2;250;250;250m@  [38;2;0;0;226m$      [39m
 [38;2;0;0;0m     [38;2;0;0;226m@  [38;2;249;249;249m@[38;2;252;252;252m@@[38;2;229;229;229m@[38;2;217;217;217mF[38;2;225;225;225m~ [38;2;143;143;143m_[38;2;180;180;180my[38;2;215;215;215m@[38;2;252;252;252m@[38;2;232;232;232m@[38;2;192;192;192my[38;2;181;181;181myyyyy[38;2;196;196;196my[38;2;226;226;226m@[38;2;252;252;252m@[38;2;251;251;251m@  [38;2;0;0;226m@      [39m
 [38;2;0;0;0m     [38;2;0;0;226m@  [38;2;249;249;249m@[38;2;252;252;252m@[38;2;250;250;250m@[38;2;169;169;169my[38;2;150;150;150my[38;2;194;194;194mg[38;2;216;216;216m@[38;2;251;251;251m@[38;2;252;252;252m@@@@@@@@@@@@@[38;2;251;251;251m@  [38;2;0;0;226m@      [39m
 [38;2;0;0;0m     [38;2;0;0;226m@  [38;2;249;249;249m@[38;2;252;252;252m@@@@@@@@@@@@@@@@@@@@[38;2;251;251;251m@  [38;2;0;0;226m@      [39m
 [38;2;0;0;0m     [38;2;0;0;226m@  [38;2;249;249;249m@[38;2;252;252;252m@@@@@@@@@@@@@@@@@@@@[38;2;251;251;251m@  [38;2;0;0;226m@      [39m
 [38;2;0;0;0m     [38;2;0;0;226m@  [38;2;249;249;249m@[38;2;252;252;252m@@@@@@@@@@@@@@@@@@@@[38;2;251;251;251m@  [38;2;0;0;227m@      [39m
 [38;2;0;0;0m     [38;2;0;0;226m@  [38;2;249;249;249m@[38;2;252;252;252m@@@@@@@@@@@@@@@@@@@@[38;2;251;251;251m@  [38;2;0;0;227m@      [39m
 [38;2;0;0;0m     [38;2;0;0;225m@  [38;2;249;249;249m@[38;2;252;252;252m@@@@@@@@@@@@@@@@@@@@[38;2;251;251;251m@  [38;2;0;0;226m@      [39m
 [38;2;0;0;0m     [38;2;0;0;214m9[38;2;0;0;222my [38;2;153;153;153m4[38;2;247;247;247m@[38;2;252;252;252m@@@[38;2;251;251;251m@[38;2;212;212;212m@[38;2;214;214;214mR[38;2;237;237;237m@[38;2;251;251;251m@[38;2;252;252;252m@@[38;2;251;251;251m@[38;2;238;238;238m@[38;2;213;213;213mR[38;2;208;208;208m@[38;2;251;251;251m@[38;2;252;252;252m@@@[38;2;248;248;248m@[38;2;214;214;214mF [38;2;0;0;221my[38;2;0;0;214m$      [39m
 [38;2;0;0;0m     [38;2;2;3;187m`[38;2;1;1;211m@[38;2;0;0;221m@[38;2;0;0;226m_[38;2;0;0;223m_[38;2;205;205;205m~[38;2;242;242;242m~[38;2;229;229;229m~[38;2;156;156;156m`[38;2;0;0;226m_[38;2;0;0;215my[38;2;0;0;227m_[38;2;152;152;152m~[38;2;236;236;236m~[38;2;238;238;238m~[38;2;171;171;171m~[38;2;0;0;227m_[38;2;0;0;216my[38;2;0;0;226m_[38;2;155;155;155m`[38;2;224;224;224m~[38;2;243;243;243m~[38;2;220;220;220m~[38;2;0;0;223m_[38;2;0;0;226m_[38;2;0;0;227mg[38;2;0;0;216m@[38;2;0;0;206m'      [39m
 [38;2;0;0;0m       [38;2;0;0;225m~[38;2;0;0;226m=@@@@[38;2;0;0;228m@[38;2;0;0;222mP[38;2;0;0;227m~[38;2;1;0;214m@[38;2;0;0;227m@[38;2;0;0;226m@@[38;2;0;0;227m@[38;2;1;0;213m@[38;2;0;0;227m~[38;2;0;0;223m4[38;2;0;0;228m@[38;2;0;0;226m@@@@[38;2;0;0;217mP[38;2;0;0;225m~        [39m
 [38;2;0;0;0m                                       [39m
 [38;2;0;0;0m                                       [39m
[?25h