[?25l[39m [38;2;0;0;0m              [38;2;2;1;196m_[38;2;0;0;231m_[38;2;0;0;224m_[38;2;0;0;225m_[38;2;0;0;226m__[38;2;0;0;225m_[38;2;0;0;224m_[38;2;0;0;231m_[38;2;1;1;198m_               [39m
 [38;2;0;0;0m           [38;2;0;0;224m_[38;2;0;0;227ma[38;2;0;0;223mP[38;2;0;0;228m~[38;2;0;0;226m~[38;2;0;0;228m~[38;2;102;102;102m_[38;2;178;178;178m__[38;2;101;101;101m_[38;2;0;0;227m~[38;2;0;0;226m~[38;2;0;0;227m~[38;2;0;0;217mR[38;2;0;0;226ma[38;2;0;0;224m_[38;2;3;2;189m,           [39m
 [38;2;0;0;0m        [38;2;1;1;200m_[38;2;0;0;224ma[38;2;0;0;227mP[38;2;0;0;228m~[38;2;171;171;171m_[38;2;193;193;193my[38;2;240;240;240mg[38;2;226;226;226m@[38;2;251;251;251m@@@@@@[38;2;233;233;233m@[38;2;240;240;240mg[38;2;193;193;193my[38;2;171;171;171m_[38;2;0;0;223m~[38;2;0;0;226m4[38;2;0;0;221mg[38;2;1;1;201m_         [39m
 [38;2;0;0;0m       [38;2;1;0;211my[38;2;0;0;228mP[38;2;1;0;210m'[38;2;142;142;142my[38;2;241;241;241mg[38;2;251;251;251m@[38;2;252;252;252m@@@@@@@@@@@@[38;2;251;251;251m@[38;2;205;205;205m@[38;2;129;129;129my[38;2;0;0;209m`[38;2;0;0;228m4[38;2;1;0;212my        [39m
 [38;2;0;0;0m      [38;2;0;0;217mg[38;2;0;0;225mF [38;2;199;199;199mg[38;2;251;251;251m@[38;2;252;252;252m@@@@@@@@@@@@@@@@[38;2;251;251;251m@[38;2;165;165;165m@ [38;2;0;0;228m~[38;2;0;0;213m$       [39m
 [38;2;0;0;0m     [38;2;1;1;199mj[38;2;0;0;232mF [38;2;187;187;187mg[38;2;251;251;251m@@[38;2;246;246;246m@[38;2;244;244;244m@[38;2;251;251;251m@[38;2;252;252;252m@@@@@@@@@@@@@@[38;2;251;251;251m@[38;2;166;166;166m$ [38;2;0;0;220m4[38;2;1;0;213mi      [39m
 [38;2;0;0;0m     [38;2;0;0;214m@[38;2;0;0;182m[ [38;2;241;241;241m@[38;2;252;252;252m@[38;2;247;247;247m@[38;2;232;232;232m_ [38;2;132;132;132m~[38;2;246;246;246m~[38;2;175;175;175mR[38;2;231;231;231m@[38;2;251;251;251m@[38;2;252;252;252m@@[38;2;244;244;244m@[38;2;238;238;238m@@@@@[38;2;246;246;246m@[38;2;251;251;251m@[38;2;252;252;252m@[38;2;248;248;248m@  [38;2;0;0;224m$      [39m
 [38;2;0;0;0m     [38;2;0;0;225m@  [38;2;249;249;249m@[38;2;252;252;252m@@[38;2;248;248;248m@[38;2;191;191;191m@[38;2;128;128;128mr  [38;2;149;149;149m_[38;2;190;190;190m$[38;2;252;252;252m@[38;2;216;216;216m@[38;2;184;184;184m_[38;2;164;164;164m_____[38;2;190;190;190m_[38;2;219;219;219m$[38;2;252;252;252m@[38;2;251;251;251m@  [38;2;0;0;227m@      [39m
 [38;2;0;0;0m     [38;2;0;0;225m@  [38;2;249;249;249m@[38;2;252;252;252m@[38;2;247;247;247m@[38;2;217;217;217m_[38;2;206;206;206m_[38;2;181;181;181my[38;2;225;225;225mg[38;2;228;228;228m@[38;2;251;251;251m@[38;2;252;252;252m@@@[38;2;251;251;251m@@@@@@@[38;2;252;252;252m@@[38;2;251;251;251m@  [38;2;0;0;227m@      [39m
 [38;2;0;0;0m     [38;2;0;0;225m@  [38;2;249;249;249m@[38;2;252;252;252m@@[38;2;251;251;251m@@[38;2;252;252;252m@@@@@@@@@@@@@@@@[38;2;251;251;251m@  [38;2;0;0;227m@      [39m
 [38;2;0;0;0m     [38;2;0;0;225m@  [38;2;249;249;249m@[38;2;252;252;252m@@@@@@@@@@@@@@@@@@@@[38;2;251;251;251m@  [38;2;0;0;227m@      [39m
 [38;2;0;0;0m     [38;2;0;0;225m@  [38;2;249;249;249m@[38;2;252;252;252m@@@@@@@@@@@@@@@@@@@@[38;2;251;251;251m@  [38;2;0;0;227m@      [39m
 [38;2;0;0;0m     [38;2;0;0;225m@  [38;2;249;249;249m@[38;2;252;252;252m@@@@@@@@@@@@@@@@@@@@[38;2;251;251;251m@  [38;2;0;0;227m@      [39m
 [38;2;0;0;0m     [38;2;0;0;225m@  [38;2;249;249;249m@[38;2;252;252;252m@@@@@@@@@@@@@@@@@@@@[38;2;251;251;251m@  [38;2;0;0;226m@      [39m
 [38;2;0;0;0m     [38;2;0;0;218m@[38;2;1;0;197mL [38;2;218;218;218m@[38;2;252;252;252m@@@@@[38;2;251;251;251m@[38;2;252;252;252m@@@@@@[38;2;251;251;251m@@[38;2;252;252;252m@@@@@@[38;2;233;233;233m@ [38;2;0;0;195mj[38;2;0;0;221m@      [39m
 [38;2;0;0;0m     [38;2;2;1;211m`[38;2;0;0;229m@[38;2;0;0;228m_ [38;2;172;172;172mT[38;2;203;203;203mR[38;2;198;198;198m@[38;2;208;208;208mP[38;2;241;241;241m~[38;2;166;166;166m~[38;2;208;208;208m~[38;2;178;178;178mF[38;2;185;185;185m@[38;2;206;206;206m@[38;2;205;205;205mR[38;2;187;187;187mF[38;2;197;197;197m~[38;2;169;169;169m~[38;2;245;245;245m~[38;2;192;192;192mR[38;2;204;204;204m@[38;2;195;195;195m@[38;2;216;216;216mF[38;2;232;232;232m~[38;2;0;0;216m_[38;2;0;0;225m_[38;2;0;0;227m@[38;2;0;0;233m'      [39m
 [38;2;0;0;0m      [38;2;2;1;211m`[38;2;1;0;210m4[38;2;0;0;227m@g[38;2;0;0;216mg[38;2;0;0;215my[38;2;0;0;226mg[38;2;0;0;227mg[38;2;0;0;226m@[38;2;0;0;225m@[38;2;0;0;228mg[38;2;0;0;219my[38;2;0;0;212my[38;2;0;0;221ma[38;2;0;0;227mg@[38;2;0;0;226m@[38;2;0;0;227mg[38;2;0;0;221mg[38;2;0;0;212my[38;2;0;0;217my[38;2;0;0;228mg[38;2;0;0;221m@[38;2;0;0;227m@[38;2;0;0;216mP[38;2;0;0;228m'       [39m
 [38;2;0;0;0m         [38;2;2;1;202m~[38;2;0;0;226m~[38;2;0;0;227m~[38;2;0;0;225m~[38;2;2;0;213m`  [38;2;2;0;215m~[38;2;0;0;227m~[38;2;0;0;228m~[38;2;0;0;225m~[38;2;2;1;201m~  [38;2;0;0;227m`[38;2;0;0;225m~[38;2;0;0;226m~[38;2;0;0;227m~[38;2;0;0;223m~[38;2;2;2;198m`          [39m
 [38;2;0;0;0m                                       [39m
[?25h