[?25l[39m [38;2;0;0;0m                                       [39m
 [38;2;0;0;0m              [38;2;0;0;226m____[38;2;1;1;201my[38;2;1;1;200my[38;2;0;0;227m__[38;2;0;0;226m_                [39m
 [38;2;0;0;0m          [38;2;0;0;222m_[38;2;0;0;210my[38;2;0;0;226ma[38;2;0;0;221mP[38;2;0;0;225m~[38;2;0;0;227m~[38;2;0;0;231m~[38;2;139;139;139m_[38;2;159;159;159m_[38;2;147;147;147m_[38;2;102;102;102m_[38;2;0;0;230m~[38;2;0;0;226m~[38;2;0;0;225m=[38;2;0;0;218m@[38;2;0;0;219mg[38;2;0;0;231m_            [39m
 [38;2;0;0;0m        [38;2;0;0;228m_[38;2;0;0;226ma[38;2;0;0;229m~[38;2;0;0;203m~[38;2;143;143;143my[38;2;194;194;194mg[38;2;249;249;249mg[38;2;240;240;240m@[38;2;251;251;251m@@@@[38;2;252;252;252m@[38;2;249;249;249m@[38;2;220;220;220m@[38;2;215;215;215mg[38;2;159;159;159my[38;2;0;0;209m`[38;2;0;0;225m~[38;2;0;0;217m@[38;2;1;1;208my          [39m
 [38;2;0;0;0m       [38;2;0;0;231ma[38;2;0;0;212mF [38;2;206;206;206my[38;2;235;235;235m@[38;2;252;252;252m@@@@@@@@@@@@@[38;2;249;249;249m@[38;2;191;191;191mg[38;2;83;83;83m_[38;2;0;0;223m~[38;2;0;0;224m@[38;2;0;0;233m,        [39m
 [38;2;0;0;0m      [38;2;0;0;227m@[38;2;1;1;206m'[38;2;104;104;104my[38;2;221;221;221m@[38;2;252;252;252m@@@@@@@@@@@@@@@@@[38;2;241;241;241m@[38;2;113;113;113my [38;2;0;0;221m@[38;2;0;0;233m,       [39m
 [38;2;0;0;0m     [38;2;0;0;222m@[38;2;1;1;201m' [38;2;233;233;233m@[38;2;252;252;252m@[38;2;251;251;251m@[38;2;177;177;177m@[38;2;183;183;183mM[38;2;217;217;217m@[38;2;251;251;251m@[38;2;252;252;252m@@@@@@@@@@@@@[38;2;247;247;247m@[38;2;88;88;88m, [38;2;0;0;232m$       [39m
 [38;2;0;0;0m     [38;2;0;0;228m@ [38;2;166;166;166m4[38;2;251;251;251m@[38;2;252;252;252m@[38;2;251;251;251m@[38;2;203;203;203mg[38;2;144;144;144my[38;2;69;69;69m_[38;2;158;158;158m`[38;2;245;245;245m~[38;2;189;189;189mA[38;2;247;247;247m@[38;2;252;252;252m@[38;2;250;250;250m@[38;2;207;207;207mR[38;2;219;219;219mPPPPP[38;2;204;204;204mR[38;2;249;249;249m@[38;2;251;251;251m@[38;2;173;173;173m$ [38;2;0;0;221mB[38;2;1;0;198mi      [39m
 [38;2;0;0;0m    [38;2;3;2;168mJ[38;2;0;0;220m@ [38;2;153;153;153m$[38;2;252;252;252m@@@[38;2;240;240;240m@[38;2;213;213;213mP[38;2;154;154;154mT [38;2;69;69;69m_[38;2;159;159;159my[38;2;204;204;204m@[38;2;252;252;252m@[38;2;234;234;234m@[38;2;176;176;176my[38;2;161;161;161myyyyy[38;2;175;175;175my[38;2;213;213;213m@[38;2;252;252;252m@[38;2;205;205;205m$ [38;2;0;0;215m4[38;2;1;1;210m[      [39m
 [38;2;0;0;0m    [38;2;2;2;163mJ[38;2;0;0;223m@ [38;2;191;191;191m4[38;2;251;251;251m@[38;2;252;252;252m@[38;2;251;251;251m@[38;2;168;168;168my[38;2;253;253;253m_[38;2;203;203;203my[38;2;249;249;249mg[38;2;250;250;250m@[38;2;252;252;252m@@@@@@@@@@@@@[38;2;199;199;199m@ [38;2;0;0;213m4[38;2;1;1;213m[      [39m
 [38;2;0;0;0m     [38;2;0;0;228m@ [38;2;180;180;180m4[38;2;251;251;251m@[38;2;252;252;252m@@@@@@@@@@@@@@@@@@@@[38;2;210;210;210m@ [38;2;0;0;208m4[38;2;1;0;217m[      [39m
 [38;2;0;0;0m     [38;2;0;0;233m@ [38;2;165;165;165m4[38;2;251;251;251m@[38;2;252;252;252m@@@@@@@@@@@@@@@@@@@@[38;2;226;226;226m@ [38;2;0;0;201m4[38;2;0;0;222m[      [39m
 [38;2;0;0;0m     [38;2;0;0;236m@ [38;2;145;145;145m4[38;2;251;251;251m@[38;2;252;252;252m@@@@@@@@@@@@@@@@@@@@[38;2;237;237;237m@ [38;2;0;0;192mJ[38;2;1;1;205m$      [39m
 [38;2;0;0;0m     [38;2;0;0;237m@ [38;2;124;124;124m4[38;2;252;252;252m@@@@@@@@@@@@@@@@@@@@@[38;2;240;240;240m@ [38;2;0;0;181mJ[38;2;0;0;212m$      [39m
 [38;2;0;0;0m     [38;2;0;0;230m@[38;2;0;0;202m,[38;2;73;73;73m"[38;2;248;248;248m@[38;2;252;252;252m@@@@@@@@@@@@@@@@@@@@[38;2;235;235;235m@ [38;2;1;0;197mj[38;2;0;0;212m$      [39m
 [38;2;0;0;0m     [38;2;1;0;214m`[38;2;0;0;223m@[38;2;0;0;215m_[38;2;153;153;153m~[38;2;155;155;155m5[38;2;216;216;216m@[38;2;249;249;249m@[38;2;250;250;250m@[38;2;220;220;220m@[38;2;207;207;207mF[38;2;251;251;251m~[38;2;173;173;173mT[38;2;177;177;177m@[38;2;241;241;241m@[38;2;252;252;252m@[38;2;236;236;236m@[38;2;171;171;171m@[38;2;251;251;251m~~[38;2;177;177;177mP[38;2;226;226;226m@[38;2;250;250;250m@[38;2;234;234;234m@[38;2;161;161;161m@[38;2;122;122;122m~[38;2;0;0;224m_[38;2;0;0;226m$[38;2;0;0;223m'      [39m
 [38;2;0;0;0m      [38;2;2;1;208m`[38;2;0;0;212m?[38;2;0;0;220m@[38;2;0;0;224mg[38;2;0;0;226m_[38;2;0;0;225m__[38;2;0;0;227m_[38;2;0;0;224ma[38;2;0;0;219m@[38;2;0;0;227ma[38;2;0;0;209my[38;2;0;0;227m_[38;2;0;0;224m_[38;2;0;0;227m_[38;2;0;0;214my[38;2;0;0;225ma[38;2;0;0;219m@[38;2;0;0;216mg[38;2;0;0;227m_[38;2;0;0;225m_[38;2;0;0;227m_[38;2;0;0;217my[38;2;0;0;224ma[38;2;1;0;210mF[38;2;1;0;206m'       [39m
 [38;2;0;0;0m         [38;2;3;3;188m`[38;2;1;1;214m~[38;2;0;0;226m~[38;2;0;0;225m~[38;2;0;0;219m~[38;2;3;2;190m`  [38;2;0;0;227m`[38;2;0;0;224m~[38;2;0;0;226m~[38;2;0;0;224m~[38;2;0;0;226m`  [38;2;2;0;201m`[38;2;1;0;217m~[38;2;0;0;225m~[38;2;0;0;223m~`          [39m
 [38;2;0;0;0m                                       [39m
[?25h