[?25l[39m [38;2;0;0;0m                                       [39m
 [38;2;0;0;0m             [38;2;2;0;214m_[38;2;0;0;226m_[38;2;0;0;225m_[38;2;0;0;220my[38;2;0;0;223mg[38;2;0;0;226maa[38;2;0;0;223mg[38;2;0;0;220my[38;2;0;0;225m_[38;2;0;0;226m_[38;2;1;0;211m_              [39m
 [38;2;0;0;0m          [38;2;0;0;230m_[38;2;0;0;223ma[38;2;0;0;218mR[38;2;0;0;226m~[38;2;0;0;227m~[38;2;111;111;111m_[38;2;236;236;236m_[38;2;146;146;146my[38;2;165;165;165my[38;2;164;164;164my[38;2;142;142;142my[38;2;236;236;236m_[38;2;111;111;111m_[38;2;0;0;227m~[38;2;0;0;225m~[38;2;0;0;220mR[38;2;0;0;218mg[38;2;0;0;229m_           [39m
 [38;2;0;0;0m        [38;2;0;0;228m_[38;2;0;0;216m@[38;2;0;0;228m~[38;2;1;0;203m`[38;2;171;171;171my[38;2;229;229;229mg[38;2;233;233;233m@[38;2;252;252;252m@[38;2;251;251;251m@[38;2;252;252;252m@@@@[38;2;251;251;251m@[38;2;252;252;252m@[38;2;238;238;238m@[38;2;229;229;229mg[38;2;165;165;165my[38;2;1;0;203m`[38;2;0;0;226m~[38;2;0;0;219m@[38;2;0;0;228m_         [39m
 [38;2;0;0;0m       [38;2;0;0;226mg[38;2;0;0;222mF [38;2;202;202;202my[38;2;239;239;239m@[38;2;251;251;251m@[38;2;252;252;252m@@@@@@@@@@@@@[38;2;245;245;245m@[38;2;197;197;197my [38;2;0;0;228m~[38;2;0;0;220m$        [39m
 [38;2;0;0;0m      [38;2;0;0;230mg[38;2;0;0;212m~ [38;2;235;235;235mg[38;2;251;251;251m@[38;2;252;252;252m@@@@@@@@@@@@@@@@@[38;2;211;211;211m@[38;2;69;69;69m,[38;2;0;0;207m~[38;2;0;0;228m$       [39m
 [38;2;0;0;0m     [38;2;0;0;214mj[38;2;0;0;225mF [38;2;215;215;215mg[38;2;251;251;251m@[38;2;252;252;252m@[38;2;239;239;239m@[38;2;221;221;221mF[38;2;165;165;165mF[38;2;251;251;251m~[38;2;178;178;178mT[38;2;183;183;183mA[38;2;247;247;247m@[38;2;252;252;252m@@[38;2;251;251;251m@[38;2;183;183;183m@[38;2;182;182;182mF[38;2;251;251;251m~~[38;2;165;165;165mP[38;2;221;221;221m@[38;2;251;251;251m@[38;2;252;252;252m@[38;2;198;198;198m@ [38;2;0;0;213m?[38;2;0;0;222ml      [39m
 [38;2;0;0;0m     [38;2;0;0;220m@  [38;2;247;247;247m@[38;2;252;252;252m@[38;2;204;204;204m@ [38;2;177;177;177ms[38;2;246;246;246m~[38;2;252;252;252m~[38;2;236;236;236m~[38;2;160;160;160m$[38;2;129;129;129m`[38;2;238;238;238m@[38;2;249;249;249m@[38;2;148;148;148m~[38;2;175;175;175mg[38;2;164;164;164mT[38;2;252;252;252m~[38;2;251;251;251m~[38;2;139;139;139m3[38;2;70;70;70m,[38;2;167;167;167m$[38;2;251;251;251m@@  [38;2;0;0;227m$      [39m
 [38;2;0;0;0m     [38;2;0;0;226m@  [38;2;249;249;249m@[38;2;251;251;251m@[38;2;188;188;188m$[38;2;68;68;68m4[38;2;153;153;153mg [38;2;170;170;170mF [38;2;149;149;149mF[38;2;123;123;123my[38;2;240;240;240m@[38;2;242;242;242m@ [38;2;184;184;184m$[38;2;90;90;90m_[38;2;171;171;171m?[38;2;140;140;140m_[38;2;78;78;78mJ[38;2;91;91;91m_[38;2;214;214;214mg[38;2;251;251;251m@@  [38;2;0;0;226m@      [39m
 [38;2;0;0;0m     [38;2;0;0;226m@  [38;2;249;249;249m@[38;2;252;252;252m@[38;2;251;251;251m@[38;2;212;212;212mg[38;2;252;252;252m_[38;2;163;163;163mT[38;2;174;174;174mT[38;2;159;159;159mM[38;2;247;247;247m@[38;2;251;251;251m@[38;2;252;252;252m@@[38;2;223;223;223m@[38;2;179;179;179my[38;2;210;210;210m~[38;2;169;169;169mT[38;2;175;175;175mT[38;2;213;213;213m@[38;2;251;251;251m@[38;2;252;252;252m@@[38;2;251;251;251m@  [38;2;0;0;226m@      [39m
 [38;2;0;0;0m     [38;2;0;0;226m@  [38;2;249;249;249m@[38;2;252;252;252m@@@@[38;2;251;251;251m@[38;2;252;252;252m@[38;2;251;251;251m@[38;2;252;252;252m@@@@@@[38;2;251;251;251m@[38;2;252;252;252m@@[38;2;251;251;251m@[38;2;252;252;252m@@@[38;2;251;251;251m@  [38;2;0;0;226m@      [39m
 [38;2;0;0;0m     [38;2;0;0;226m@  [38;2;249;249;249m@[38;2;252;252;252m@@@@@@@@@@@@@@@@@@@@[38;2;251;251;251m@  [38;2;0;0;227m@      [39m
 [38;2;0;0;0m     [38;2;0;0;226m@  [38;2;249;249;249m@[38;2;252;252;252m@@@@@@@@@@@@@@@@@@@@[38;2;251;251;251m@  [38;2;0;0;227m@      [39m
 [38;2;0;0;0m     [38;2;0;0;226m@  [38;2;249;249;249m@[38;2;252;252;252m@@@@@@@@@@@@@@@@@@@@[38;2;251;251;251m@  [38;2;0;0;227m@      [39m
 [38;2;0;0;0m     [38;2;0;0;221m@  [38;2;246;246;246m@[38;2;252;252;252m@@@@@@@@@@@@@@@@@@@@[38;2;249;249;249m@  [38;2;0;0;223m@      [39m
 [38;2;0;0;0m     [38;2;1;0;212m`[38;2;0;0;224m$[38;2;0;0;208m,[38;2;173;173;173m~[38;2;201;201;201m@[38;2;251;251;251m@@[38;2;252;252;252m@[38;2;230;230;230m@[38;2;214;214;214mF[38;2;184;184;184mF[38;2;167;167;167m@[38;2;246;246;246m@[38;2;251;251;251m@@[38;2;247;247;247m@[38;2;177;177;177m@[38;2;187;187;187mF[38;2;177;177;177mP[38;2;225;225;225m@[38;2;251;251;251m@@[38;2;252;252;252m@[38;2;213;213;213m@[38;2;201;201;201m~ [38;2;0;0;230ma[38;2;2;1;194mF      [39m
 [38;2;0;0;0m      [38;2;0;0;218m`[38;2;0;0;226m4[38;2;0;0;224mg[38;2;0;0;227m__[38;2;152;152;152m`[38;2;116;116;116m`[38;2;0;0;225m_[38;2;0;0;220ma[38;2;0;0;227ma[38;2;0;0;205my[38;2;0;0;225m_[38;2;143;143;143m``[38;2;0;0;225m_[38;2;0;0;205my[38;2;0;0;224mg[38;2;0;0;215mg[38;2;0;0;225m_[38;2;118;118;118m`[38;2;153;153;153m`[38;2;0;0;226m_[38;2;0;0;227m_[38;2;0;0;224mg[38;2;0;0;228mP[38;2;1;1;203m~       [39m
 [38;2;0;0;0m        [38;2;2;3;190m`[38;2;0;0;224m~[38;2;0;0;226m~~~[38;2;0;0;227m~[38;2;1;0;209m` [38;2;1;1;206m~[38;2;0;0;227m~[38;2;0;0;226m~~[38;2;0;0;227m~[38;2;1;1;209m~ [38;2;2;0;209m`[38;2;0;0;224m~[38;2;0;0;226m~~~[38;2;0;0;224m~[38;2;2;2;195m`         [39m
 [38;2;0;0;0m                                       [39m
[?25h