[?25l[39m [38;2;0;0;0m                                       [39m
 [38;2;0;0;0m             [38;2;0;0;228m_[38;2;0;0;227m_[38;2;0;0;215my[38;2;0;0;223mg[38;2;0;0;226mg[38;2;0;0;228mgg[38;2;0;0;227mg[38;2;0;0;224mg[38;2;0;0;217my[38;2;0;0;226m_[38;2;0;0;229m_              [39m
 [38;2;0;0;0m          [38;2;0;0;230m_[38;2;0;0;225mg[38;2;0;0;228m@[38;2;0;0;223mP[38;2;0;0;226m~[38;2;0;0;228m~[38;2;104;104;104m_[38;2;181;181;181m_[38;2;234;234;234m_[38;2;237;237;237m_[38;2;188;188;188m_[38;2;114;114;114m_[38;2;0;0;229m~[38;2;0;0;226m~[38;2;0;0;221m4[38;2;0;0;227m@g[38;2;0;0;230m_           [39m
 [38;2;0;0;0m        [38;2;0;0;231m_[38;2;0;0;223m@[38;2;0;0;219mP~[38;2;208;208;208m_[38;2;211;211;211my[38;2;247;247;247mg[38;2;241;241;241m@[38;2;252;252;252m@[38;2;251;251;251m@@@@[38;2;252;252;252m@[38;2;247;247;247m@[38;2;208;208;208m@[38;2;187;187;187mg[38;2;225;225;225m_[38;2;0;0;209m~[38;2;0;0;214m?[38;2;0;0;227m@[38;2;1;1;206my         [39m
 [38;2;0;0;0m       [38;2;0;0;225mg[38;2;0;0;226mP[38;2;0;0;203m'[38;2;156;156;156my[38;2;246;246;246mg[38;2;251;251;251m@[38;2;252;252;252m@@@@@@@@@@@@[38;2;251;251;251m@[38;2;227;227;227m@[38;2;166;166;166my [38;2;0;0;199m#[38;2;0;0;226m$[38;2;0;0;219m,       [39m
 [38;2;0;0;0m      [38;2;0;0;228mg[38;2;0;0;223mF [38;2;204;204;204mg[38;2;251;251;251m@[38;2;252;252;252m@@@@@@@@@@@@@@@@[38;2;251;251;251m@[38;2;195;195;195m@ [38;2;0;0;218m~[38;2;0;0;227m@       [39m
 [38;2;0;0;0m     [38;2;0;0;210mj[38;2;0;0;212m@ [38;2;68;68;68mf[38;2;166;166;166mP[38;2;213;213;213m@[38;2;251;251;251m@[38;2;252;252;252m@@@@@@@@@@@@@@@@[38;2;251;251;251m@[38;2;190;190;190m@ [38;2;0;0;215m?[38;2;1;0;208m$      [39m
 [38;2;0;0;0m     [38;2;0;0;219mg[38;2;1;1;195m' [38;2;198;198;198mg[38;2;149;149;149my[38;2;81;81;81m_[38;2;136;136;136m`[38;2;242;242;242m~[38;2;186;186;186mA[38;2;250;250;250m@[38;2;252;252;252m@[38;2;238;238;238m@[38;2;204;204;204mP[38;2;196;196;196mPPPPP[38;2;202;202;202mA[38;2;251;251;251m@[38;2;252;252;252m@@@@[38;2;251;251;251m@[38;2;70;70;70mW [38;2;0;0;227m@      [39m
 [38;2;0;0;0m     [38;2;0;0;218m@  [38;2;207;207;207m@[38;2;199;199;199mF[38;2;178;178;178m~ [38;2;198;198;198m_[38;2;197;197;197my[38;2;239;239;239m@[38;2;252;252;252m@[38;2;230;230;230m$[38;2;190;190;190my[38;2;185;185;185myyyyy[38;2;208;208;208my[38;2;242;242;242m@[38;2;252;252;252m@@@@[38;2;251;251;251m@[38;2;80;80;81mL [38;2;0;0;230m@      [39m
 [38;2;0;0;0m     [38;2;0;0;218m@  [38;2;163;163;163my[38;2;172;172;172my[38;2;225;225;225ma[38;2;232;232;232m@[38;2;251;251;251m@[38;2;252;252;252m@@@@@@@@@@@@@@@@[38;2;251;251;251m@[38;2;77;77;77mL [38;2;0;0;230m@      [39m
 [38;2;0;0;0m     [38;2;0;0;218m@  [38;2;249;249;249m@[38;2;252;252;252m@@@@@@@@@@@@@@@@@@@@[38;2;251;251;251m@[38;2;75;75;75mL [38;2;0;0;230m@      [39m
 [38;2;0;0;0m     [38;2;0;0;219m@  [38;2;249;249;249m@[38;2;252;252;252m@@@@@@@@@@@@@@@@@@@@[38;2;251;251;251m@[38;2;71;71;71mL [38;2;0;0;229m@      [39m
 [38;2;0;0;0m     [38;2;0;0;220m@  [38;2;250;250;250m@[38;2;252;252;252m@@@@@@@@@@@@@@@@@@@@[38;2;251;251;251m@  [38;2;0;0;229m@      [39m
 [38;2;0;0;0m     [38;2;0;0;222m@  [38;2;250;250;250m@[38;2;252;252;252m@@@@@@@@@@@@@@@@@@@@[38;2;251;251;251m@  [38;2;0;0;228m@      [39m
 [38;2;0;0;0m     [38;2;1;1;205m4[38;2;0;0;231mL [38;2;195;195;195m4[38;2;247;247;247m@[38;2;228;228;228m@[38;2;248;248;248m@[38;2;252;252;252m@@@@[38;2;251;251;251m@[38;2;233;233;233m@[38;2;239;239;239m@[38;2;251;251;251m@[38;2;252;252;252m@@@[38;2;251;251;251m@[38;2;244;244;244m@[38;2;230;230;230m@[38;2;250;250;250m@[38;2;252;252;252m@[38;2;251;251;251m@[38;2;165;165;165m@ [38;2;0;0;228mj[38;2;0;0;225mF      [39m
 [38;2;0;0;0m      [38;2;0;0;230m~[38;2;0;0;228ma[38;2;0;0;226m_[38;2;0;0;225m_[38;2;0;0;226m_[38;2;0;0;224m_[38;2;196;196;196m~[38;2;251;251;251m~[38;2;164;164;164mF[38;2;242;242;242m~[38;2;136;136;136m`[38;2;0;0;226m_[38;2;0;0;228m_[38;2;113;113;113m~[38;2;245;245;245m~[38;2;165;165;165mF[38;2;251;251;251m~[38;2;176;176;176m~[38;2;0;0;227m_[38;2;0;0;225m_[38;2;0;0;215m_[38;2;221;221;221m~[38;2;132;132;132m~[38;2;0;0;226m_[38;2;0;0;227ma[38;2;0;0;221mF       [39m
 [38;2;0;0;0m       [38;2;3;2;196m`[38;2;0;0;228m~[38;2;0;0;226m~[38;2;0;0;229m~[38;2;0;0;226m~[38;2;0;0;230m=[38;2;0;0;214mR[38;2;0;0;216mR[38;2;0;0;218mP[38;2;0;0;226m~[38;2;0;0;227m~[38;2;0;0;226m~=[38;2;0;0;218m4[38;2;0;0;216mR[38;2;0;0;219mP[38;2;0;0;229m=[38;2;0;0;226m~[38;2;0;0;229m~[38;2;0;0;226m~[38;2;0;0;229m=[38;2;0;0;225m=[38;2;0;0;228m~[38;2;2;2;201m`        [39m
 [38;2;0;0;0m                                       [39m
 [38;2;0;0;0m                                       [39m
[?25h