[?25l[39m [38;2;0;0;0m               [38;2;0;0;231m_[38;2;0;0;225m_[38;2;0;0;224m_[38;2;0;0;225m___[38;2;0;0;233m_                 [39m
 [38;2;0;0;0m          [38;2;1;0;223m_[38;2;1;1;204my[38;2;0;0;226mg[38;2;0;0;224m@[38;2;0;0;227m@[38;2;0;0;220mR[38;2;0;0;229m==[38;2;0;0;226m=[38;2;0;0;228m==[38;2;0;0;216m@[38;2;0;0;228m@[38;2;0;0;226m@g[38;2;0;0;225m_[38;2;2;1;201m,            [39m
 [38;2;0;0;0m        [38;2;0;0;229m_[38;2;0;0;227mg[38;2;0;0;219m@[38;2;0;0;226m~[38;2;0;0;228m~[38;2;209;209;209m_[38;2;175;175;175my[38;2;209;209;209my[38;2;208;208;208mg[38;2;239;239;239mg[38;2;244;244;244mg[38;2;228;228;228mg[38;2;223;223;223my[38;2;192;192;192my[38;2;248;248;248m_[38;2;75;75;75m_[38;2;0;0;226m~4[38;2;0;0;227m@[38;2;0;0;222mg[38;2;2;1;204m_          [39m
 [38;2;0;0;0m      [38;2;0;0;224m_[38;2;0;0;223m@[38;2;0;0;222mP[38;2;0;0;208m~[38;2;139;139;139my[38;2;223;223;223mg[38;2;240;240;240m@[38;2;251;251;251m@[38;2;252;252;252m@@@@@@@@@[38;2;251;251;251m@[38;2;210;210;210m$[38;2;160;160;160my [38;2;0;0;214m?[38;2;0;0;228m@[38;2;0;0;209my         [39m
 [38;2;0;0;0m     [38;2;0;0;226mj[38;2;0;0;225m@[38;2;0;0;204m~[38;2;161;161;161m_[38;2;244;244;244mg[38;2;251;251;251m@[38;2;252;252;252m@@@@@@@@@@@@@@[38;2;251;251;251m@[38;2;219;219;219m@[38;2;150;150;150m_[38;2;2;0;202m`[38;2;0;0;220m@[38;2;0;0;226mL        [39m
 [38;2;0;0;0m    [38;2;2;1;198mj[38;2;0;0;227m@ [38;2;135;135;136my[38;2;245;245;245m@[38;2;252;252;252m@@@@@@@@@@@@@@@@@@[38;2;248;248;248m@[38;2;124;124;124m_ [38;2;0;0;227m@[38;2;1;0;219m;       [39m
 [38;2;0;0;0m    [38;2;0;0;219m@[38;2;0;0;194mF [38;2;223;223;223m@[38;2;252;252;252m@@@@[38;2;251;251;251m@@@@@@[38;2;252;252;252m@@@@@@@@@@[38;2;222;222;222m@ [38;2;0;0;196m?[38;2;0;0;215m$       [39m
 [38;2;0;0;0m    [38;2;0;0;232m@   [38;2;155;155;155m3[38;2;251;251;251m@[38;2;249;249;249m@[38;2;184;184;184m~[38;2;204;204;204m````[38;2;205;205;205m`[38;2;208;208;208m`[38;2;173;173;173m3[38;2;251;251;251m@[38;2;252;252;252m@@@@@@@@[38;2;250;250;250m@  [38;2;0;0;223m$       [39m
 [38;2;0;0;0m    [38;2;0;0;230m@  [38;2;248;248;248mg[38;2;250;250;250m@[38;2;252;252;252m@@[38;2;247;247;247m@[38;2;237;237;237m@@@@@@[38;2;251;251;251m@[38;2;252;252;252m@@@@@@@@@@  [38;2;0;0;226m$       [39m
 [38;2;0;0;0m    [38;2;0;0;225m@  [38;2;250;250;250m@[38;2;252;252;252m@@@@@@@@@@@@@@@@@@@@[38;2;251;251;251m@  [38;2;0;0;226m@       [39m
 [38;2;0;0;0m    [38;2;0;0;215m@  [38;2;245;245;245m@[38;2;252;252;252m@@@@@@@@@@@@@@@@@@@@[38;2;251;251;251m@[38;2;93;93;93mL [38;2;0;0;231m@       [39m
 [38;2;0;0;0m    [38;2;0;0;214m4[38;2;0;0;199m[ [38;2;223;223;223m@[38;2;252;252;252m@@@@@@@@@@@@@@@@@@@@[38;2;251;251;251m@[38;2;154;154;154mL [38;2;0;0;236m$       [39m
 [38;2;0;0;0m    [38;2;2;2;195m4[38;2;1;1;215m[ [38;2;205;205;205m$[38;2;252;252;252m@@@@@@@@@@@@@@@@@@@@[38;2;251;251;251m@[38;2;146;146;146m@ [38;2;0;0;225m$[38;2;1;0;199m,      [39m
 [38;2;0;0;0m    [38;2;2;2;188m`[38;2;0;0;226m@ [38;2;178;178;178m4[38;2;251;251;251m@[38;2;252;252;252m@@@@@@@@@@@@@@@@@@@[38;2;251;251;251m@[38;2;169;169;169m@ [38;2;0;0;218ma[38;2;1;1;201m[      [39m
 [38;2;0;0;0m     [38;2;0;0;228m~[38;2;0;0;218mg[38;2;0;0;197m,[38;2;165;165;165m7[38;2;191;191;191m@[38;2;248;248;248m@@[38;2;207;207;207m@[38;2;188;188;188mF[38;2;252;252;252m~[38;2;164;164;164mM[38;2;217;217;217m@[38;2;249;249;249m@[38;2;251;251;251m@[38;2;236;236;236m@[38;2;223;223;223mF[38;2;252;252;252m~[38;2;175;175;175mT[38;2;209;209;209mR[38;2;246;246;246m@[38;2;251;251;251m@[38;2;247;247;247m@[38;2;189;189;189m@[38;2;165;165;165mF[38;2;76;76;77m~[38;2;0;0;228m_[38;2;0;0;225m@       [39m
 [38;2;0;0;0m      [38;2;2;1;202m~[38;2;0;0;219m4[38;2;0;0;226ma[38;2;0;0;204my[38;2;0;0;226m__[38;2;0;0;225m_[38;2;0;0;224mg[38;2;0;0;221m@[38;2;0;0;222mg[38;2;0;0;225m_[38;2;0;0;227m__[38;2;0;0;226m_[38;2;0;0;217my[38;2;0;0;226msa[38;2;0;0;209my[38;2;0;0;226m_[38;2;0;0;228m_[38;2;0;0;226m_[38;2;0;0;225m_[38;2;0;0;226ma[38;2;0;0;221m@[38;2;0;0;213mF        [39m
 [38;2;0;0;0m         [38;2;2;1;200m~[38;2;0;0;230m~~[38;2;0;0;220m~   [38;2;1;0;214m~[38;2;0;0;230m~[38;2;0;0;229m~[38;2;0;0;230m~[38;2;0;0;227m`  [38;2;0;0;226m`[38;2;0;0;229m~~[38;2;0;0;231m~[38;2;1;1;212m~           [39m
 [38;2;0;0;0m                                       [39m
 [38;2;0;0;0m                                       [39m
[?25h