[?25l[39m [38;2;0;0;0m                [38;2;0;0;230m__[38;2;0;0;226m__[38;2;0;0;230m_[38;2;0;0;232m_                 [39m
 [38;2;0;0;0m           [38;2;0;0;230m_[38;2;1;0;213my[38;2;0;0;227ma[38;2;0;0;222mP[38;2;0;0;228m~[38;2;0;0;225m~[38;2;0;0;227m~[38;2;0;0;230m~~[38;2;0;0;227m~[38;2;0;0;225m~[38;2;0;0;228m~[38;2;0;0;222m4[38;2;0;0;228ma[38;2;0;0;212my[38;2;0;0;229m_            [39m
 [38;2;0;0;0m         [38;2;1;1;207my[38;2;0;0;217m$[38;2;0;0;226m~[38;2;0;0;229m`[38;2;145;145;145my[38;2;211;211;211my[38;2;247;247;247mg[38;2;232;232;232m$[38;2;247;247;247m@[38;2;250;250;250m@@[38;2;248;248;248m@[38;2;220;220;220m@[38;2;247;247;247mg[38;2;211;211;211my[38;2;245;245;245m_[38;2;0;0;229m`[38;2;0;0;225m~[38;2;0;0;217m@[38;2;1;1;209my          [39m
 [38;2;0;0;0m       [38;2;0;0;224m_[38;2;0;0;219m@[38;2;0;0;222m~[38;2;134;134;134m_[38;2;206;206;206mg[38;2;243;243;243m@[38;2;251;251;251m@[38;2;252;252;252m@@@@@@@@@@@[38;2;247;247;247m@[38;2;206;206;206mg[38;2;134;134;134m_[38;2;0;0;217m~[38;2;0;0;218m@[38;2;0;0;224m_        [39m
 [38;2;0;0;0m      [38;2;0;0;222mj[38;2;0;0;232mF [38;2;194;194;194my[38;2;246;246;246m@[38;2;252;252;252m@@@@@@@@@@@@@@@@[38;2;250;250;250m@[38;2;186;186;186my [38;2;0;0;221m4[38;2;0;0;218mL       [39m
 [38;2;0;0;0m      [38;2;0;0;221m@ [38;2;157;157;157mg[38;2;251;251;251m@[38;2;252;252;252m@@[38;2;251;251;251m@[38;2;247;247;247m@[38;2;241;241;241m@[38;2;249;249;249m@[38;2;251;251;251m@[38;2;252;252;252m@@@@[38;2;251;251;251m@@[38;2;242;242;242m@[38;2;245;245;245m@[38;2;251;251;251m@[38;2;252;252;252m@@[38;2;251;251;251m@[38;2;148;148;148mg [38;2;0;0;224mR[38;2;1;0;217m;      [39m
 [38;2;0;0;0m     [38;2;0;0;219mg[38;2;1;1;198m' [38;2;234;234;234m@[38;2;252;252;252m@[38;2;248;248;248m@[38;2;195;195;195mF[38;2;149;149;149my[38;2;171;171;171ma[38;2;224;224;224ma[38;2;143;143;143ma[38;2;130;130;130m~[38;2;168;168;168m5[38;2;251;251;251m@[38;2;252;252;252m@[38;2;184;184;184m@[38;2;193;193;193m~[38;2;146;146;146ma[38;2;202;202;202ma[38;2;192;192;192ma[38;2;131;131;131my[38;2;235;235;235m~[38;2;240;240;240m@[38;2;252;252;252m@[38;2;245;245;245m@  [38;2;0;0;221m$      [39m
 [38;2;0;0;0m     [38;2;0;0;226m@  [38;2;249;249;249m@[38;2;251;251;251m@[38;2;168;168;168m$[38;2;87;87;87mu[38;2;163;163;163mF [38;2;187;187;187ms [38;2;198;198;198m$ [38;2;220;220;220m@[38;2;238;238;238m@ [38;2;194;194;194m$ [38;2;201;201;201ma [38;2;130;130;130m4[38;2;114;114;114mL[38;2;155;155;155mg[38;2;252;252;252m@[38;2;251;251;251m@  [38;2;0;0;226m@      [39m
 [38;2;0;0;0m     [38;2;0;0;226m@  [38;2;249;249;249m@[38;2;252;252;252m@[38;2;227;227;227m@[38;2;139;139;139m_[38;2;133;133;133m$[38;2;167;167;167mw[38;2;188;188;188my[38;2;192;192;192my[38;2;196;196;196my[38;2;231;231;231mg[38;2;251;251;251m@@[38;2;163;163;163my[38;2;149;149;149m7[38;2;147;147;147ma[38;2;167;167;167my[38;2;206;206;206ma[38;2;192;192;192my[38;2;191;191;191mg[38;2;243;243;243m@[38;2;252;252;252m@[38;2;251;251;251m@  [38;2;0;0;226m@      [39m
 [38;2;0;0;0m     [38;2;0;0;226m@  [38;2;249;249;249m@[38;2;252;252;252m@@[38;2;251;251;251m@[38;2;252;252;252mg[38;2;210;210;210mg[38;2;222;222;222my[38;2;221;221;221ma[38;2;251;251;251m@[38;2;252;252;252m@@@[38;2;251;251;251m@[38;2;233;233;233m@[38;2;234;234;234mg[38;2;224;224;224my[38;2;226;226;226my@[38;2;252;252;252m@@@[38;2;251;251;251m@  [38;2;0;0;226m@      [39m
 [38;2;0;0;0m     [38;2;0;0;226m@  [38;2;249;249;249m@[38;2;252;252;252m@@@@@@@@@@@@@@@@@@@@[38;2;251;251;251m@  [38;2;0;0;226m@      [39m
 [38;2;0;0;0m     [38;2;0;0;226m@  [38;2;249;249;249m@[38;2;252;252;252m@@@@@@@@@@@@@@@@@@@@[38;2;251;251;251m@  [38;2;0;0;227m@      [39m
 [38;2;0;0;0m     [38;2;0;0;226m@  [38;2;249;249;249m@[38;2;252;252;252m@@@@@@@@@@@@@@@@@@@@[38;2;251;251;251m@  [38;2;0;0;227m@      [39m
 [38;2;0;0;0m     [38;2;0;0;225m@  [38;2;249;249;249m@[38;2;252;252;252m@@@@@@@@@@@@@@@@@@@@[38;2;251;251;251m@  [38;2;0;0;227m@      [39m
 [38;2;0;0;0m     [38;2;0;0;220m@[38;2;0;0;216m, [38;2;238;238;238m@[38;2;252;252;252m@@@@@@@@@@@@@@@@@@@@[38;2;246;246;246m@ [38;2;0;0;174mj[38;2;0;0;222m@      [39m
 [38;2;0;0;0m     [38;2;1;1;212m`[38;2;0;0;227m@[38;2;0;0;225m_[38;2;100;100;100m~[38;2;176;176;176mA[38;2;229;229;229m@[38;2;248;248;248m@[38;2;237;237;237m@[38;2;181;181;181m@[38;2;162;162;162mF[38;2;247;247;247m~[38;2;157;157;157mM[38;2;208;208;208m@[38;2;245;245;245m@@[38;2;213;213;213m@[38;2;201;201;201mF[38;2;246;246;246m~[38;2;250;250;250m~[38;2;199;199;199mR[38;2;237;237;237m@[38;2;248;248;248m@[38;2;232;232;232m@[38;2;162;162;162m@[38;2;142;142;142m~[38;2;0;0;224m_[38;2;0;0;221m@[38;2;0;0;233m'      [39m
 [38;2;0;0;0m      [38;2;1;0;216m`[38;2;0;0;221m4[38;2;0;0;223m$[38;2;0;0;219my[38;2;0;0;227m___[38;2;0;0;211my[38;2;0;0;227mg@[38;2;0;0;225mg[38;2;0;0;227m____[38;2;0;0;225mg[38;2;0;0;227m@g[38;2;0;0;212my[38;2;0;0;227m___[38;2;0;0;216ma[38;2;0;0;227mg[38;2;0;0;224mP[38;2;1;1;199m~       [39m
 [38;2;0;0;0m         [38;2;0;0;221m~[38;2;0;0;227m~~~[38;2;0;0;226m~[38;2;3;1;200m` [38;2;2;2;197m~[38;2;0;0;226m~[38;2;0;0;227m~[38;2;0;0;226m~~[38;2;2;2;199m~ [38;2;3;0;200m`[38;2;0;0;223m~[38;2;0;0;226m~[38;2;0;0;227m~~[38;2;0;0;224m~[38;2;4;4;183m`         [39m
 [38;2;0;0;0m                                       [39m
[?25h