[?25l[39m [38;2;0;0;0m             [38;2;1;0;211m_[38;2;0;0;226m_[38;2;0;0;227m_[38;2;1;0;214ma[38;2;0;0;226mg[38;2;0;0;229mgg[38;2;0;0;226mg[38;2;0;0;219my[38;2;0;0;227m_[38;2;0;0;226m_[38;2;1;0;212m_              [39m
 [38;2;0;0;0m          [38;2;0;0;229m_[38;2;0;0;222ma[38;2;0;0;224m@[38;2;0;0;225mP[38;2;0;0;226m~[38;2;0;0;227m~[38;2;0;0;225m~[38;2;127;127;127m_[38;2;199;199;199m__[38;2;127;127;127m_[38;2;0;0;225m~[38;2;0;0;227m~[38;2;0;0;226m~[38;2;0;0;225m4[38;2;0;0;226m@[38;2;0;0;218mg[38;2;0;0;229m_           [39m
 [38;2;0;0;0m        [38;2;0;0;229m_g[38;2;0;0;224mP[38;2;0;0;227m~[38;2;181;181;181m_[38;2;197;197;197my[38;2;244;244;244mg[38;2;231;231;231m@[38;2;251;251;251m@@@@@@[38;2;238;238;238m@[38;2;244;244;244mg[38;2;197;197;197my[38;2;182;182;182m_[38;2;0;0;223m~4@[38;2;0;0;230m_         [39m
 [38;2;0;0;0m       [38;2;0;0;223mg[38;2;0;0;226mP[38;2;0;0;208m'[38;2;147;147;147my[38;2;243;243;243mg[38;2;251;251;251m@[38;2;252;252;252m@@@@@@@@@@@@[38;2;251;251;251m@[38;2;208;208;208m@[38;2;134;134;134my[38;2;0;0;204m`[38;2;0;0;225m4[38;2;0;0;218m$        [39m
 [38;2;0;0;0m      [38;2;0;0;228mg[38;2;0;0;224mF [38;2;202;202;202mg[38;2;251;251;251m@[38;2;252;252;252m@@@@@@@@@@@@@@@@[38;2;251;251;251m@[38;2;169;169;169m@ [38;2;0;0;225m~[38;2;0;0;226m$       [39m
 [38;2;0;0;0m     [38;2;1;0;215mj[38;2;0;0;230mF [38;2;189;189;190mg[38;2;251;251;251m@@[38;2;227;227;227m~[38;2;194;194;194m~[38;2;139;139;139m5[38;2;193;193;193m@[38;2;250;250;250m@[38;2;252;252;252m@@@@@@@@@@@@[38;2;251;251;251m@[38;2;165;165;165m@ [38;2;0;0;218m4[      [39m
 [38;2;0;0;0m     [38;2;0;0;219m@[38;2;0;1;192m' [38;2;242;242;242m@[38;2;252;252;252m@@[38;2;243;243;243m@[38;2;226;226;226mg[38;2;142;142;142my [38;2;99;99;99m`[38;2;224;224;224m~[38;2;208;208;208m@[38;2;252;252;252m@[38;2;222;222;222m@[38;2;247;247;247m~[38;2;242;242;242m~~~~~[38;2;248;248;248m~[38;2;220;220;220m@[38;2;252;252;252m@[38;2;248;248;248m@  [38;2;0;0;226m$      [39m
 [38;2;0;0;0m     [38;2;0;0;226m@  [38;2;249;249;249m@[38;2;252;252;252m@[38;2;251;251;251m@[38;2;220;220;220mF[38;2;216;216;216m~ [38;2;176;176;176m_[38;2;188;188;188my[38;2;238;238;238mg[38;2;249;249;249m@[38;2;252;252;252m@[38;2;251;251;251m@g[38;2;250;250;250mggggg[38;2;252;252;252mg[38;2;251;251;251m@[38;2;252;252;252m@[38;2;251;251;251m@  [38;2;0;0;226m@      [39m
 [38;2;0;0;0m     [38;2;0;0;225m@  [38;2;249;249;249m@[38;2;252;252;252m@[38;2;251;251;251m@[38;2;232;232;232mg[38;2;220;220;220mg[38;2;227;227;227m@[38;2;251;251;251m@[38;2;252;252;252m@@@@@@@@@@@@@@[38;2;251;251;251m@  [38;2;0;0;226m@      [39m
 [38;2;0;0;0m     [38;2;0;0;225m@  [38;2;249;249;249m@[38;2;252;252;252m@@@@@@@@@@@@@@@@@@@@[38;2;251;251;251m@  [38;2;0;0;226m@      [39m
 [38;2;0;0;0m     [38;2;0;0;225m@  [38;2;249;249;249m@[38;2;252;252;252m@@@@@@@@@@@@@@@@@@@@[38;2;251;251;251m@  [38;2;0;0;226m@      [39m
 [38;2;0;0;0m     [38;2;0;0;225m@  [38;2;249;249;249m@[38;2;252;252;252m@@@@@@@@@@@@@@@@@@@@[38;2;251;251;251m@  [38;2;0;0;226m@      [39m
 [38;2;0;0;0m     [38;2;0;0;225m@  [38;2;249;249;249m@[38;2;252;252;252m@@@@@@@@@@@@@@@@@@@@[38;2;251;251;251m@  [38;2;0;0;226m@      [39m
 [38;2;0;0;0m     [38;2;0;0;218m@[38;2;0;0;215m, [38;2;239;239;239m@[38;2;252;252;252m@@@@@@@@@@@@@@@@@@@@[38;2;246;246;246m@ [38;2;0;0;175mj[38;2;0;0;223m$      [39m
 [38;2;0;0;0m     [38;2;1;1;209m`[38;2;0;0;227m@[38;2;0;0;225m_[38;2;194;194;194m`[38;2;174;174;174mA[38;2;231;231;231m@[38;2;247;247;247m@[38;2;241;241;241m@[38;2;176;176;176m@[38;2;252;252;252m~[38;2;251;251;251m~[38;2;143;143;143m5[38;2;201;201;201m@[38;2;246;246;246m@@[38;2;207;207;207m@[38;2;200;200;200mF[38;2;251;251;251m~~[38;2;196;196;196mR[38;2;240;240;240m@[38;2;246;246;246m@[38;2;233;233;233m@[38;2;209;209;209mP[38;2;132;132;132m~[38;2;0;0;224m_[38;2;0;0;225m$[38;2;0;0;232m'      [39m
 [38;2;0;0;0m      [38;2;1;2;204m`[38;2;0;0;214m?[38;2;0;0;218m@[38;2;0;0;220my[38;2;0;0;226m___[38;2;0;0;213my[38;2;0;0;227ma[38;2;0;0;222m@[38;2;0;0;224mg[38;2;0;0;225m_[38;2;0;0;226m__[38;2;0;0;225m_[38;2;0;0;224mg[38;2;0;0;220m@[38;2;0;0;227ma[38;2;0;0;213my[38;2;0;0;226m___[38;2;0;0;220my[38;2;0;0;225ma[38;2;0;0;215mF[38;2;0;0;218m'       [39m
 [38;2;0;0;0m         [38;2;0;0;228m`~[38;2;0;0;230m~[38;2;0;0;231m~[38;2;2;1;198m~  [38;2;2;3;191m`[38;2;0;0;217m~[38;2;0;0;231m~[38;2;0;0;230m~[38;2;0;0;218m~[38;2;2;2;191m`  [38;2;0;0;233m`[38;2;0;0;229m~[38;2;0;0;232m~[38;2;0;0;229m~[38;2;0;0;228m`          [39m
 [38;2;0;0;0m                                       [39m
 [38;2;0;0;0m                                       [39m
[?25h