[?25l[39m [38;2;0;0;0m                                       [39m
 [38;2;0;0;0m            [38;2;0;0;229m_[38;2;1;1;204my[38;2;0;0;225mg[38;2;0;0;226mg[38;2;0;0;224m@[38;2;0;0;227m@[38;2;0;0;228m@@[38;2;0;0;227m@[38;2;0;0;224m@[38;2;0;0;227mg[38;2;0;0;223mg[38;2;0;0;226m_[38;2;0;0;228m_             [39m
 [38;2;0;0;0m         [38;2;0;0;224m_[38;2;0;0;225ma[38;2;0;0;227m@[38;2;0;0;226mP[38;2;0;0;227m~[38;2;0;0;229m~[38;2;128;128;128m_[38;2;243;243;243m_[38;2;150;150;150my[38;2;165;165;165my[38;2;163;163;163my[38;2;253;253;253m_[38;2;224;224;224m_[38;2;93;93;93m_[38;2;0;0;227m~[38;2;0;0;226m~[38;2;0;0;219m@[38;2;0;0;225m@[38;2;0;0;216my[38;2;2;1;200m_          [39m
 [38;2;0;0;0m       [38;2;1;1;201m_[38;2;0;0;224mg[38;2;0;0;220m@[38;2;0;0;228m~[38;2;80;80;80m_[38;2;183;183;183my[38;2;237;237;237mg@[38;2;251;251;251m@@[38;2;252;252;252m@@@@[38;2;251;251;251m@[38;2;252;252;252m@[38;2;232;232;232m@[38;2;218;218;218mg[38;2;144;144;144my[38;2;0;0;218m`[38;2;0;0;226m~[38;2;0;0;227m@[38;2;0;0;215mg         [39m
 [38;2;0;0;0m      [38;2;0;0;219m_[38;2;0;0;229m@[38;2;0;0;209mF [38;2;188;188;188mg[38;2;245;245;245m@[38;2;252;252;252m@@@@@@@@@@@@@[38;2;251;251;251m@[38;2;235;235;235m@[38;2;172;172;172my [38;2;0;0;200m#[38;2;0;0;225m@,       [39m
 [38;2;0;0;0m     [38;2;2;2;188m_[38;2;0;0;231m@[38;2;1;0;210m'[38;2;110;110;110m_[38;2;216;216;216m@[38;2;252;252;252m@@@@@@@@@@@@@@@@@[38;2;251;251;251m@[38;2;192;192;192m$ [38;2;0;0;223m~[38;2;0;0;226m@       [39m
 [38;2;0;0;0m     [38;2;0;0;216m@[38;2;0;0;207mF [38;2;168;168;168m4[38;2;222;222;222m@[38;2;251;251;251m@[38;2;252;252;252m@@@@@@@@@@@@@@@@@[38;2;251;251;251m@[38;2;166;166;166mg [38;2;0;0;217mR[38;2;0;0;218m[      [39m
 [38;2;0;0;0m     [38;2;0;0;235m@  [38;2;137;137;137my [38;2;183;183;183m`[38;2;247;247;247m~[38;2;196;196;196m@[38;2;251;251;251m@[38;2;249;249;249m@[38;2;212;212;212mF[38;2;168;168;168mFF[38;2;167;167;167mFFF[38;2;169;169;169mF[38;2;204;204;204m@[38;2;252;252;252m@@@@@@[38;2;240;240;240m@ [38;2;0;0;182mJ[38;2;0;0;214m$      [39m
 [38;2;0;0;0m     [38;2;0;0;236m@ [38;2;74;74;74m"[38;2;191;191;191m~ [38;2;217;217;217m_[38;2;201;201;201my[38;2;210;210;210m@[38;2;251;251;251m@@[38;2;219;219;219mg[38;2;188;188;188mggggg[38;2;195;195;195mg[38;2;219;219;219m@[38;2;252;252;252m@@@@@@[38;2;243;243;243m@  [38;2;0;0;215m$      [39m
 [38;2;0;0;0m     [38;2;0;0;236m@  [38;2;233;233;233ma[38;2;238;238;238m@[38;2;251;251;251m@[38;2;252;252;252m@@@@@@@@@@@@@@@@@@[38;2;244;244;244m@  [38;2;0;0;217m$      [39m
 [38;2;0;0;0m     [38;2;0;0;235m@ [38;2;99;99;99m4[38;2;251;251;251m@[38;2;252;252;252m@@@@@@@@@@@@@@@@@@@@[38;2;244;244;244m@  [38;2;0;0;218m$      [39m
 [38;2;0;0;0m     [38;2;0;0;234m@ [38;2;92;92;92m4[38;2;251;251;251m@[38;2;252;252;252m@@@@@@@@@@@@@@@@@@@@[38;2;247;247;247m@  [38;2;0;0;220m$      [39m
 [38;2;0;0;0m     [38;2;0;0;233m@ [38;2;81;81;81m4[38;2;250;250;250m@[38;2;252;252;252m@@@@@@@@@@@@@@@@@@@@[38;2;249;249;249m@  [38;2;0;0;223m$      [39m
 [38;2;0;0;0m     [38;2;0;0;230m@  [38;2;250;250;250m@[38;2;252;252;252m@@@@@@@@@@@@@@@@@@@@[38;2;248;248;248m@  [38;2;0;0;222m$      [39m
 [38;2;0;0;0m     [38;2;1;1;200m7[38;2;0;0;216m$ [38;2;164;164;164m7[38;2;193;193;193mP[38;2;195;195;195m@[38;2;251;251;251m@@[38;2;252;252;252m@[38;2;251;251;251m@[38;2;205;205;205m@[38;2;195;195;195mP[38;2;197;197;197mA[38;2;244;244;244m@[38;2;251;251;251m@[38;2;252;252;252m@[38;2;251;251;251m@[38;2;238;238;238m@[38;2;218;218;218mP[38;2;198;198;198mP[38;2;214;214;214m@[38;2;251;251;251m@@[38;2;233;233;233m@[38;2;148;148;148mF [38;2;0;0;226mg[38;2;1;1;200mF      [39m
 [38;2;0;0;0m      [38;2;0;0;217m~[38;2;0;0;214m@[38;2;0;0;218mg[38;2;0;0;227mg[38;2;0;0;225m_[38;2;110;110;110m`[38;2;161;161;161m~[38;2;172;172;172m~[38;2;118;118;118m`[38;2;0;0;225m_g[38;2;0;0;210my[38;2;0;0;228m_[38;2;122;122;122m~[38;2;186;186;186m~[38;2;114;114;114m~[38;2;0;0;227m_[38;2;0;0;217my[38;2;0;0;221mg[38;2;0;0;226m_[38;2;161;161;161m`[38;2;200;200;200m`[38;2;0;0;227m_[38;2;0;0;219my[38;2;0;0;215m@[38;2;0;0;214m~       [39m
 [38;2;0;0;0m        [38;2;1;0;228m`[38;2;1;2;191m`[38;2;0;0;228m~[38;2;0;0;226m~[38;2;0;0;227m~~[38;2;0;0;225m~[38;2;0;0;229m~[38;2;1;1;193m`[38;2;1;1;203m~[38;2;0;0;226m~~[38;2;0;0;227m~[38;2;0;0;226m~[38;2;0;0;227m~[38;2;3;2;195m~[38;2;2;2;199m`[38;2;0;0;227m~[38;2;0;0;226m~~[38;2;0;0;228m~[38;2;0;0;223m`         [39m
 [38;2;0;0;0m                                       [39m
 [38;2;0;0;0m                                       [39m
[?25h