[?25l[39m [38;2;0;0;0m             [38;2;1;1;201m_[38;2;0;0;228m_[38;2;0;0;226m_[38;2;1;1;206my[38;2;0;0;215my[38;2;0;0;218my[38;2;0;0;216my[38;2;1;1;209my[38;2;0;0;227m_[38;2;0;0;226m_[38;2;2;1;208m_               [39m
 [38;2;0;0;0m          [38;2;0;0;227m_[38;2;0;0;223mg[38;2;0;0;225m@[38;2;0;0;223mP[38;2;0;0;226m~~[38;2;0;0;229m~[38;2;0;0;228m~[38;2;0;0;227m~[38;2;0;0;229m~[38;2;0;0;228m~[38;2;0;0;226m~~[38;2;0;0;219mR[38;2;0;0;226m@[38;2;0;0;222mg[38;2;0;0;231m_            [39m
 [38;2;0;0;0m       [38;2;1;2;195m_[38;2;0;0;220ma[38;2;0;0;223m@[38;2;0;0;224m~[38;2;0;0;206m~[38;2;143;143;143my[38;2;211;211;211my[38;2;249;249;249mg[38;2;224;224;224m@[38;2;250;250;250m@[38;2;251;251;251m@[38;2;252;252;252m@[38;2;251;251;251m@[38;2;249;249;249m@[38;2;230;230;230m$[38;2;226;226;226mg[38;2;182;182;182my[38;2;148;148;148m_[38;2;0;0;224m~[38;2;0;0;225m4@[38;2;0;0;231m_          [39m
 [38;2;0;0;0m      [38;2;1;0;209my[38;2;0;0;223m@[38;2;0;0;226m~[38;2;139;139;139m_[38;2;206;206;206mg[38;2;242;242;242m@[38;2;251;251;251m@[38;2;252;252;252m@@@@@@@@@@@[38;2;251;251;251m@[38;2;209;209;209m$[38;2;203;203;203m_[38;2;0;0;211m`[38;2;0;0;227m4[38;2;0;0;218m$         [39m
 [38;2;0;0;0m     [38;2;0;0;219mg[38;2;0;0;229mF [38;2;200;200;200my[38;2;247;247;247m@[38;2;252;252;252m@@@@@@@@@@@@@@@@[38;2;251;251;251m@[38;2;180;180;180mg [38;2;0;0;219m?[38;2;0;0;223m$        [39m
 [38;2;0;0;0m    [38;2;1;0;210mj[38;2;0;0;215m@ [38;2;172;172;172mg[38;2;251;251;251m@[38;2;252;252;252m@@@@@@@@@@@@@@@@@@[38;2;251;251;251m@[38;2;137;137;138m@ [38;2;0;0;221mR[38;2;0;0;219mi       [39m
 [38;2;0;0;0m    [38;2;0;0;220m@[38;2;0;0;179m[ [38;2;196;196;196m@[38;2;205;205;205m@@@[38;2;206;206;206m@[38;2;247;247;247m@[38;2;252;252;252m@@@@@@@@@@@@@@@[38;2;244;244;244m@  [38;2;0;0;221m$       [39m
 [38;2;0;0;0m    [38;2;0;0;230m@  [38;2;252;252;252m_[38;2;253;253;253m____[38;2;179;179;179mg[38;2;251;251;251m@[38;2;252;252;252m@@@@@@@@@@@@@@@  [38;2;0;0;223m@       [39m
 [38;2;0;0;0m    [38;2;0;0;227m@  [38;2;250;250;250m@[38;2;252;252;252m@@@@@@@@@@@@@@@@@@@@[38;2;251;251;251m@  [38;2;0;0;225m@       [39m
 [38;2;0;0;0m    [38;2;0;0;222m@  [38;2;250;250;250m@[38;2;252;252;252m@@@@@@@@@@@@@@@@@@@@[38;2;251;251;251m@  [38;2;0;0;228m@       [39m
 [38;2;0;0;0m    [38;2;0;0;211m$  [38;2;241;241;241m@[38;2;252;252;252m@@@@@@@@@@@@@@@@@@@@[38;2;251;251;251m@[38;2;108;108;108mL [38;2;0;0;231m@       [39m
 [38;2;0;0;0m    [38;2;1;0;212m4[38;2;1;0;202m[ [38;2;234;234;234m$[38;2;252;252;252m@@@@@@@@@@@@@@@@@@@@[38;2;251;251;251m@[38;2;162;162;162mL [38;2;0;0;235m$       [39m
 [38;2;0;0;0m    [38;2;2;2;192m4[38;2;1;1;201m$ [38;2;198;198;198m$[38;2;252;252;252m@@@@@@@@@@@@@@@@@@@@[38;2;251;251;251m@[38;2;161;161;161m$ [38;2;0;0;227mB[38;2;0;0;204m,      [39m
 [38;2;0;0;0m     [38;2;0;0;228m@ [38;2;166;166;167m4[38;2;251;251;251m@[38;2;252;252;252m@@@@@@@@@@@@@@@@@@@[38;2;251;251;251m@[38;2;164;164;164m@ [38;2;0;0;220mg[38;2;1;1;203m[      [39m
 [38;2;0;0;0m     [38;2;0;0;226m~[38;2;0;0;223mg[38;2;1;0;200m_[38;2;198;198;199m~[38;2;212;212;212mP[38;2;159;159;159mF[38;2;251;251;251m~[38;2;178;178;178mT[38;2;189;189;189m@[38;2;245;245;245m@[38;2;246;246;246m@[38;2;219;219;219m@[38;2;210;210;210mF[38;2;251;251;251m~[38;2;252;252;252m~[38;2;188;188;188mA[38;2;234;234;234m@[38;2;246;246;246m@[38;2;239;239;239m@[38;2;170;170;170m@[38;2;252;252;252m~~[38;2;152;152;152m5[38;2;209;209;209mF[38;2;63;63;64m~[38;2;0;0;231m_[38;2;0;0;223m@       [39m
 [38;2;0;0;0m      [38;2;2;1;195m~[38;2;0;0;214m4[38;2;0;0;228ma[38;2;0;0;219my[38;2;0;0;226mg[38;2;0;0;221m@[38;2;0;0;226ma[38;2;0;0;209my[38;2;0;0;226m___[38;2;0;0;220ma[38;2;0;0;218m@[38;2;0;0;216m@[38;2;0;0;220my[38;2;0;0;226m___[38;2;0;0;214my[38;2;0;0;228ma[38;2;0;0;220m@[38;2;0;0;223mg[38;2;0;0;220ma[38;2;0;0;218m@[38;2;0;0;210mF        [39m
 [38;2;0;0;0m         [38;2;0;0;234m`   [38;2;2;1;204m~[38;2;0;0;230m~[38;2;0;0;231m~[38;2;0;0;226m~[38;2;0;0;219m`  [38;2;0;0;220m`[38;2;0;0;225m~[38;2;0;0;230m~[38;2;0;0;232m~[38;2;0;1;202m~   [38;2;0;0;225m`          [39m
 [38;2;0;0;0m                                       [39m
 [38;2;0;0;0m                                       [39m
[?25h