[?25l[39m [38;2;0;0;0m                [38;2;0;0;230m_[38;2;0;0;229m_[38;2;0;0;227m_[38;2;0;0;229m_[38;2;0;0;233m_[38;2;0;0;208m_                 [39m
 [38;2;0;0;0m           [38;2;0;0;227m_[38;2;0;0;218ma[38;2;0;0;226mg@[38;2;0;0;228m@[38;2;0;0;217m@R[38;2;0;0;220mP[38;2;0;0;217mR[38;2;0;0;215m@[38;2;0;0;228m@[38;2;0;0;226m@[38;2;0;0;221m@[38;2;0;0;222mg[38;2;0;0;226m_             [39m
 [38;2;0;0;0m        [38;2;0;0;222m_[38;2;0;0;226ma[38;2;0;0;228m@[38;2;0;0;225mP~[38;2;0;0;219m~[38;2;235;235;235m_[38;2;174;174;174my[38;2;200;200;200my[38;2;216;216;216my[38;2;222;222;222my[38;2;215;215;215my[38;2;199;199;199my[38;2;171;171;171my[38;2;222;222;222m_[38;2;0;0;216m~[38;2;0;0;226m~[38;2;0;0;227m4@[38;2;0;0;222mg[38;2;1;0;211m_          [39m
 [38;2;0;0;0m       [38;2;0;0;225ma[38;2;0;0;224m@[38;2;0;0;228m~[38;2;84;84;84m_[38;2;194;194;194my[38;2;247;247;247mg[38;2;250;250;250m@[38;2;251;251;251m@[38;2;252;252;252m@@@@@@@[38;2;251;251;251m@[38;2;249;249;249m@[38;2;236;236;236mg[38;2;160;160;160my[38;2;1;0;196m`[38;2;0;0;211m?[38;2;0;0;227m@[38;2;0;0;212mg         [39m
 [38;2;0;0;0m     [38;2;2;2;192m_[38;2;0;0;227m@[38;2;0;0;223mF [38;2;207;207;207my[38;2;245;245;245m@[38;2;252;252;252m@@@@@@@@@@@@@@[38;2;251;251;251m@[38;2;229;229;229m@[38;2;120;120;120my [38;2;0;0;222m#[38;2;0;0;221m$        [39m
 [38;2;0;0;0m     [38;2;0;0;227m@[38;2;0;0;210mF [38;2;231;231;231mg[38;2;251;251;251m@[38;2;252;252;252m@@@@@@@@@@@@@@@@@[38;2;251;251;251m@[38;2;155;155;156my [38;2;0;0;223mR[38;2;1;1;202m$       [39m
 [38;2;0;0;0m    [38;2;2;1;205mj[38;2;0;0;214m@ [38;2;169;169;169m4[38;2;251;251;251m@[38;2;252;252;252m@@@@@@@@@@@@@@@@@@@[38;2;248;248;248m@  [38;2;0;0;231m@       [39m
 [38;2;0;0;0m    [38;2;0;0;209m4[38;2;0;1;207m[   [38;2;226;226;226m~[38;2;240;240;240m@[38;2;251;251;251m@[38;2;190;190;190mE[38;2;225;225;225m~[38;2;217;217;217m~~~~~[38;2;245;245;245m~[38;2;246;246;246m@[38;2;252;252;252m@@@@@@@[38;2;251;251;251m@[38;2;157;157;158mL [38;2;0;0;236m$       [39m
 [38;2;0;0;0m    [38;2;0;0;209m4[38;2;1;0;207m[ [38;2;143;143;143my[38;2;194;194;194mg[38;2;217;217;217m@[38;2;251;251;251m@[38;2;252;252;252m@[38;2;248;248;248m@[38;2;252;252;252mg[38;2;251;251;251mggggg[38;2;225;225;225m@[38;2;252;252;252m@@@@@@@@[38;2;251;251;251m@[38;2;103;103;103m$ [38;2;0;0;235m$       [39m
 [38;2;0;0;0m    [38;2;0;1;205m4[38;2;1;1;209m[ [38;2;228;228;228m$[38;2;252;252;252m@@@@@@@@@@@@@@@@@@@@[38;2;251;251;251m@[38;2;122;122;123m@ [38;2;0;0;233m$       [39m
 [38;2;0;0;0m    [38;2;2;1;197m4[38;2;1;1;214m[ [38;2;210;210;210m$[38;2;252;252;252m@@@@@@@@@@@@@@@@@@@@[38;2;251;251;251m@[38;2;142;142;142m@ [38;2;0;0;227m$       [39m
 [38;2;0;0;0m    [38;2;1;2;187mJ[38;2;0;0;209m$ [38;2;179;179;179m$[38;2;252;252;252m@@@@@@@@@@@@@@@@@@@@@[38;2;184;184;184m$ [38;2;0;0;220m0[38;2;1;0;195ml      [39m
 [38;2;0;0;0m    [38;2;3;2;164mJ[38;2;0;0;223m@ [38;2;191;191;192m4[38;2;251;251;251m@[38;2;252;252;252m@@@@@@@@@@@@@@@@@@@@[38;2;212;212;212m$ [38;2;0;0;212m4[38;2;1;1;213m[      [39m
 [38;2;0;0;0m     [38;2;0;0;235m@ [38;2;142;142;142m4[38;2;251;251;251m@[38;2;252;252;252m@@@@@@@@@@@@@@@@@@@@[38;2;211;211;211m@ [38;2;0;0;214mj[38;2;1;0;221m[      [39m
 [38;2;0;0;0m     [38;2;0;0;221m~g[38;2;0;0;197m,[38;2;159;159;159m7[38;2;194;194;194m@[38;2;249;249;249m@[38;2;251;251;251m@[38;2;249;249;249m@[38;2;201;201;201m@[38;2;186;186;186mF[38;2;173;173;173mT[38;2;186;186;186mA[38;2;243;243;243m@[38;2;251;251;251m@@[38;2;234;234;234m@[38;2;218;218;218mF[38;2;172;172;172mT[38;2;165;165;165mM[38;2;215;215;215m@[38;2;250;250;250m@[38;2;251;251;251m@[38;2;246;246;246m@[38;2;167;167;167m@[38;2;117;117;117m`[38;2;0;0;218m_[38;2;0;0;226m@[38;2;0;0;208m'      [39m
 [38;2;0;0;0m      [38;2;2;1;203m~[38;2;0;0;222m4[38;2;0;0;225ma_[38;2;0;0;226m_[38;2;0;0;229m_[38;2;0;0;227m_[38;2;0;0;225m_[38;2;0;0;226ma[38;2;0;0;217m@y[38;2;0;0;226m_[38;2;0;0;228m__[38;2;0;0;226m_[38;2;0;0;218my[38;2;0;0;216m@[38;2;0;0;221mg[38;2;0;0;225m_[38;2;0;0;227m_[38;2;0;0;228m_[38;2;0;0;227m_[38;2;0;0;207my[38;2;0;0;227ma[38;2;0;0;219mF[38;2;0;0;214m'       [39m
 [38;2;0;0;0m         [38;2;1;0;213m~[38;2;0;0;230m~[38;2;0;0;227m~[38;2;0;0;228m~[38;2;0;0;220m~  [38;2;0;0;222m`[38;2;0;0;228m~[38;2;0;0;227m~[38;2;0;0;226m~[38;2;0;0;231m~[38;2;0;0;222m`  [38;2;1;0;219m~[38;2;0;0;228m~[38;2;0;0;227m~[38;2;0;0;230m~[38;2;0;1;207m~          [39m
 [38;2;0;0;0m                                       [39m
 [38;2;0;0;0m                                       [39m
[?25h