[?25l[39m [38;2;0;0;0m                                       [39m
 [38;2;0;0;0m             [38;2;0;0;228m_[38;2;0;0;225m_[38;2;0;0;220my[38;2;0;0;226ma[38;2;0;0;229ma[38;2;0;0;223maa[38;2;0;0;229ma[38;2;0;0;227ma[38;2;0;1;215mg[38;2;0;0;225m_[38;2;0;0;228m_              [39m
 [38;2;0;0;0m          [38;2;0;0;229m_[38;2;0;0;228ma[38;2;0;0;226mP[38;2;0;0;225m~[38;2;0;0;224m~[38;2;208;208;208m_[38;2;157;157;157my[38;2;182;182;182my[38;2;195;195;195myy[38;2;185;185;185my[38;2;160;160;160my[38;2;228;228;228m_[38;2;0;0;218m~[38;2;0;0;226m~[38;2;0;0;221m4[38;2;0;0;228ma[38;2;0;0;226m_           [39m
 [38;2;0;0;0m        [38;2;0;0;230m_[38;2;0;0;218m@[38;2;0;0;228m~[38;2;91;91;91m_[38;2;194;194;194my[38;2;246;246;246mg[38;2;248;248;248m@[38;2;251;251;251m@[38;2;252;252;252m@@@@@@[38;2;251;251;251m@@[38;2;215;215;215m@[38;2;208;208;208my[38;2;152;152;152m_[38;2;0;0;222m~[38;2;0;0;220mR[38;2;0;0;213my         [39m
 [38;2;0;0;0m       [38;2;0;0;228mg[38;2;0;0;217mF [38;2;183;183;183mg[38;2;245;245;245m@[38;2;252;252;252m@@@@@@@@@@@@@@[38;2;251;251;251m@[38;2;213;213;213mg[38;2;91;91;91m_[38;2;0;0;220m~[38;2;0;0;225m@[38;2;1;0;229m,       [39m
 [38;2;0;0;0m      [38;2;0;0;230mg[38;2;0;0;209m~ [38;2;238;238;238mg[38;2;251;251;251m@[38;2;252;252;252m@@@@@@@@@@@@@@@@@[38;2;239;239;239m@[38;2;121;121;121m_ [38;2;0;0;231m$[38;2;1;0;204m,      [39m
 [38;2;0;0;0m     [38;2;1;1;205mj[38;2;0;0;227mF [38;2;208;208;208mg[38;2;251;251;251m@[38;2;252;252;252m@@[38;2;251;251;251m@[38;2;170;170;170mF[38;2;213;213;213m~[38;2;140;140;140m5[38;2;195;195;195m@[38;2;251;251;251m@[38;2;252;252;252m@@@@@@@@@@@[38;2;230;230;230m@ [38;2;1;0;204m`[38;2;0;0;215m$      [39m
 [38;2;0;0;0m     [38;2;0;0;221m4[38;2;0;0;189m[ [38;2;236;236;236m@[38;2;252;252;252m@@@@[38;2;242;242;242m@[38;2;220;220;220mg[38;2;160;160;160my [38;2;64;64;64m`[38;2;227;227;227m~[38;2;196;196;196m@[38;2;252;252;252m@[38;2;240;240;240m@[38;2;252;252;252m~[38;2;251;251;251m~~~~~~[38;2;212;212;212m$[38;2;85;85;86mL [38;2;0;0;230m@      [39m
 [38;2;0;0;0m     [38;2;0;0;212m$  [38;2;242;242;242m@[38;2;252;252;252m@@@[38;2;251;251;251m@[38;2;168;168;168m@[38;2;238;238;238m~[38;2;116;116;116m`[38;2;105;105;105m_[38;2;169;169;169my[38;2;220;220;220mg[38;2;242;242;242m@[38;2;252;252;252m@[38;2;251;251;251m@[38;2;241;241;241mg[38;2;236;236;236mggggg[38;2;239;239;239mg[38;2;245;245;245m@[38;2;100;100;101mL [38;2;0;0;232m@      [39m
 [38;2;0;0;0m     [38;2;0;0;214m$  [38;2;243;243;243m@[38;2;252;252;252m@@@[38;2;251;251;251m@[38;2;226;226;226mg[38;2;224;224;224my[38;2;251;251;251mg@[38;2;252;252;252m@@@@@@@@@@@@[38;2;251;251;251m@[38;2;99;99;99mL [38;2;0;0;231m@      [39m
 [38;2;0;0;0m     [38;2;0;0;214m@  [38;2;244;244;244m@[38;2;252;252;252m@@@@@@@@@@@@@@@@@@@@[38;2;251;251;251m@[38;2;96;96;96mL [38;2;0;0;230m@      [39m
 [38;2;0;0;0m     [38;2;0;0;215m@  [38;2;246;246;246m@[38;2;252;252;252m@@@@@@@@@@@@@@@@@@@@[38;2;251;251;251m@[38;2;89;89;89mL [38;2;0;0;231m@      [39m
 [38;2;0;0;0m     [38;2;0;0;217m@  [38;2;248;248;248m@[38;2;252;252;252m@@@@@@@@@@@@@@@@@@@@[38;2;251;251;251m@[38;2;79;79;80mL [38;2;0;0;230m@      [39m
 [38;2;0;0;0m     [38;2;0;0;220m@  [38;2;250;250;250m@[38;2;252;252;252m@@@@@@@@@@@@@@@@@@@@[38;2;251;251;251m@[38;2;70;70;70mL [38;2;0;0;229m@      [39m
 [38;2;0;0;0m     [38;2;0;0;218m@  [38;2;244;244;244m@[38;2;252;252;252m@@@@@@@@@@@@@@@@@@@@[38;2;250;250;250m@  [38;2;0;0;226m@      [39m
 [38;2;0;0;0m     [38;2;1;1;213m`[38;2;0;0;226m$[38;2;0;0;208m,[38;2;167;167;167m~[38;2;190;190;190mF[38;2;168;168;168mP[38;2;215;215;215m@[38;2;252;252;252m@[38;2;251;251;251m@[38;2;252;252;252m@[38;2;223;223;223m@[38;2;208;208;208mF[38;2;183;183;183mF[38;2;174;174;174m@[38;2;248;248;248m@[38;2;251;251;251m@@[38;2;244;244;244m@[38;2;170;170;170m@[38;2;185;185;185mF[38;2;180;180;180mM[38;2;230;230;230m@[38;2;251;251;251m@[38;2;214;214;214m@[38;2;205;205;205m~ [38;2;0;0;230ma[38;2;2;1;197mF      [39m
 [38;2;0;0;0m      [38;2;1;0;218m`[38;2;0;0;226m4ga[38;2;0;0;220mg[38;2;0;0;225m_[38;2;103;103;103m`[38;2;151;151;151m`[38;2;105;105;105m`[38;2;0;0;225m_[38;2;0;0;222ma[38;2;0;0;225mg[38;2;0;0;226m_[38;2;0;0;225m_[38;2;144;144;144m`[38;2;137;137;137m`[38;2;0;0;225m_[38;2;0;0;211my[38;2;0;0;226ma[38;2;0;0;218my[38;2;0;0;225m_[38;2;0;0;226m_[38;2;0;0;227m_[38;2;0;0;224mg[38;2;0;0;229mP[38;2;2;1;203m~       [39m
 [38;2;0;0;0m        [38;2;3;3;195m` [38;2;2;1;202m`[38;2;0;0;225m~[38;2;0;0;226m~~~[38;2;0;0;227m~[38;2;3;1;198m` [38;2;2;1;209m~[38;2;0;0;226m~~~~[38;2;2;1;199m~ [38;2;0;0;219m`[38;2;0;0;225m~[38;2;0;0;226m~[38;2;0;0;225m~[38;2;4;2;193m`         [39m
 [38;2;0;0;0m                                       [39m
[?25h