[?25l[39m [38;2;0;0;0m                                       [39m
 [38;2;0;0;0m             [38;2;0;0;227m_[38;2;0;0;225m_[38;2;0;0;218mg[38;2;0;0;229ma[38;2;0;0;225ma[38;2;0;0;216m##[38;2;0;0;224ma[38;2;0;0;230ma[38;2;0;0;222mg[38;2;1;1;203my[38;2;0;0;227m_              [39m
 [38;2;0;0;0m          [38;2;0;0;230m_[38;2;0;0;228ma[38;2;0;0;225mP~[38;2;0;0;218m~[38;2;226;226;226m_[38;2;166;166;166my[38;2;190;190;190my[38;2;199;199;199my[38;2;200;200;200my[38;2;194;194;194my[38;2;173;173;173my[38;2;248;248;248m_[38;2;109;109;109m_[38;2;0;0;226m~[38;2;0;0;221m=[38;2;1;0;216m@[38;2;1;1;204my[38;2;2;1;199m,          [39m
 [38;2;0;0;0m        [38;2;0;0;230m_[38;2;0;0;218m@[38;2;0;0;229m~[38;2;91;91;91m_[38;2;196;196;196my[38;2;247;247;247mg[38;2;250;250;250m@[38;2;251;251;251m@[38;2;252;252;252m@@@@@@@@[38;2;228;228;228m@[38;2;193;193;193mg[38;2;196;196;196m_[38;2;0;0;216m~[38;2;0;0;226m4[38;2;1;0;214mg[38;2;2;1;194m,        [39m
 [38;2;0;0;0m       [38;2;0;0;226mg[38;2;0;0;221mF [38;2;179;179;179mg[38;2;245;245;245m@[38;2;252;252;252m@@@@@@@@@@@@@@[38;2;251;251;251m@[38;2;203;203;203m$[38;2;131;131;131m_[38;2;0;0;206m~[38;2;0;0;223m@[38;2;0;0;234m,       [39m
 [38;2;0;0;0m      [38;2;0;0;226mg[38;2;0;0;204mF [38;2;232;232;232mg[38;2;251;251;251m@[38;2;252;252;252m@@@@@@@@@@@@@@@@@[38;2;248;248;248m@[38;2;113;113;113my [38;2;0;0;224m@[38;2;0;0;225m,      [39m
 [38;2;0;0;0m     [38;2;2;1;192mj[38;2;0;0;231mF [38;2;188;188;188mg[38;2;251;251;251m@@[38;2;223;223;223m~[38;2;201;201;201m~[38;2;150;150;150mM[38;2;196;196;196m@[38;2;251;251;251m@[38;2;252;252;252m@@@@@@@@@@@@@[38;2;241;241;241m@  [38;2;0;0;224m$      [39m
 [38;2;0;0;0m     [38;2;1;0;213m4[38;2;1;0;202m[ [38;2;234;234;234m$[38;2;252;252;252m@@[38;2;241;241;241m@[38;2;220;220;220mg[38;2;144;144;144my [38;2;64;64;64m`[38;2;228;228;228m~[38;2;213;213;213m@[38;2;252;252;252m@[38;2;220;220;220m@[38;2;251;251;251m~[38;2;250;250;250m~~~~~[38;2;251;251;251m~[38;2;224;224;224m@[38;2;252;252;252m@@[38;2;134;134;134mL [38;2;0;0;236m$      [39m
 [38;2;0;0;0m     [38;2;0;0;215m4[38;2;0;0;199m[ [38;2;225;225;225m@[38;2;252;252;252m@[38;2;251;251;251m@[38;2;217;217;217mF[38;2;218;218;218m~ [38;2;179;179;179m_[38;2;187;187;187my[38;2;237;237;237mg[38;2;249;249;249m@[38;2;252;252;252m@[38;2;251;251;251m@[38;2;244;244;244mg[38;2;240;240;240mggggg[38;2;246;246;246mg[38;2;250;250;250m@[38;2;252;252;252m@@[38;2;127;127;127mF [38;2;0;0;237m$      [39m
 [38;2;0;0;0m     [38;2;0;0;216m4[38;2;0;0;198m[ [38;2;227;227;227m@[38;2;252;252;252m@[38;2;251;251;251m@[38;2;226;226;226mg[38;2;223;223;223ma[38;2;224;224;224m@[38;2;251;251;251m@[38;2;252;252;252m@@@@@@@@@@@@@@@[38;2;140;140;140mL [38;2;0;0;236m$      [39m
 [38;2;0;0;0m     [38;2;0;0;217m4[38;2;0;0;195m[ [38;2;230;230;230m@[38;2;252;252;252m@@@@@@@@@@@@@@@@@@@@@[38;2;133;133;133mL [38;2;0;0;232m@      [39m
 [38;2;0;0;0m     [38;2;0;0;219m4[38;2;0;0;193m[ [38;2;235;235;235m@[38;2;252;252;252m@@@@@@@@@@@@@@@@@@@@[38;2;251;251;251m@[38;2;123;123;123mL [38;2;0;0;232m@      [39m
 [38;2;0;0;0m     [38;2;0;0;216mg  [38;2;240;240;240m@[38;2;252;252;252m@@@@@@@@@@@@@@@@@@@@[38;2;251;251;251m@[38;2;108;108;109mL [38;2;0;0;231m@      [39m
 [38;2;0;0;0m     [38;2;0;0;214m@  [38;2;245;245;245m@[38;2;252;252;252m@@@@@@@@@@@@@@@@@@@@[38;2;251;251;251m@[38;2;92;92;92mL [38;2;0;0;231m@      [39m
 [38;2;0;0;0m     [38;2;0;0;214m@  [38;2;242;242;242m@[38;2;252;252;252m@@@@@@@@@@@@@@@@@@@@[38;2;250;250;250m@  [38;2;0;0;226m@      [39m
 [38;2;0;0;0m     [38;2;1;1;211m`[38;2;0;0;223m@[38;2;0;0;210m,[38;2;161;161;161m~[38;2;196;196;196m@[38;2;251;251;251m@[38;2;249;249;249m@[38;2;190;190;190m@[38;2;191;191;191mF[38;2;166;166;166mP[38;2;209;209;209m@[38;2;252;252;252m@[38;2;251;251;251m@[38;2;252;252;252m@[38;2;226;226;226m@[38;2;210;210;210mF[38;2;182;182;182mF[38;2;166;166;166m@[38;2;246;246;246m@[38;2;251;251;251m@@[38;2;246;246;246m@[38;2;174;174;174m@[38;2;186;186;186mF[38;2;208;208;208m~ [38;2;0;0;227mg[38;2;1;1;199mF      [39m
 [38;2;0;0;0m      [38;2;1;0;216m`[38;2;0;0;226m4[38;2;0;0;225mg_[38;2;0;0;227m_[38;2;0;0;225m_[38;2;0;0;226m_[38;2;0;0;225mg[38;2;0;0;222mg[38;2;0;0;227m__[38;2;147;147;147m`[38;2;107;107;107m`[38;2;0;0;225m_[38;2;0;0;222ma[38;2;0;0;227ma_[38;2;0;0;225m_[38;2;141;141;141m`[38;2;139;139;139m`[38;2;0;0;225m_[38;2;0;0;208my[38;2;0;0;227ma[38;2;0;0;228mg[38;2;0;0;229mP[38;2;1;1;204m~       [39m
 [38;2;0;0;0m        [38;2;2;4;189m`[38;2;0;0;224m~[38;2;0;0;226m~~[38;2;1;0;216m~ [38;2;5;2;192m`[38;2;0;0;224m~[38;2;0;0;226m~~~~[38;2;2;1;203m` [38;2;1;1;208m~[38;2;0;0;226m~~~~[38;2;2;1;206m~           [39m
 [38;2;0;0;0m                                       [39m
[?25h