[?25l[39m [38;2;0;0;0m                                       [39m
 [38;2;0;0;0m              [38;2;0;0;227m_[38;2;0;0;226m_[38;2;1;1;207my[38;2;0;0;219my[38;2;0;0;220ma[38;2;0;0;219may[38;2;1;1;207my[38;2;0;0;226m_[38;2;0;0;228m_               [39m
 [38;2;0;0;0m          [38;2;0;0;221m_[38;2;1;1;209ma[38;2;0;0;218m$[38;2;0;0;225mP[38;2;0;0;226m~[38;2;0;0;225m~[38;2;0;0;232m~[38;2;132;132;132m_[38;2;165;165;165m__[38;2;132;132;132m_[38;2;0;0;231m~[38;2;0;0;225m~[38;2;0;0;226m~[38;2;0;0;225m4[38;2;0;0;220m@[38;2;0;0;214my[38;2;0;0;220m_           [39m
 [38;2;0;0;0m        [38;2;0;0;224m_[38;2;0;0;228mg[38;2;0;0;223mP[38;2;0;0;225m~[38;2;182;182;182m_[38;2;199;199;199my[38;2;240;240;240mg[38;2;231;231;231m@[38;2;251;251;251m@[38;2;252;252;252m@[38;2;251;251;251m@@@@[38;2;235;235;235m@[38;2;240;240;240mg[38;2;199;199;199my[38;2;182;182;182m_[38;2;0;0;221m~4$[38;2;0;0;223m_         [39m
 [38;2;0;0;0m       [38;2;0;0;218mg[38;2;0;0;228mP[38;2;1;0;208m'[38;2;147;147;147my[38;2;245;245;245mg[38;2;251;251;251m@[38;2;252;252;252m@@@@@@@@@@@@[38;2;251;251;251m@[38;2;218;218;218m$[38;2;132;132;132my[38;2;1;2;204m`[38;2;0;0;227m4[38;2;0;0;220mg        [39m
 [38;2;0;0;0m      [38;2;0;0;225mg[38;2;0;0;223mF [38;2;202;202;202mg[38;2;251;251;251m@[38;2;252;252;252m@@@@@@@@@@@@@@@@[38;2;251;251;251m@[38;2;169;169;169m@ [38;2;0;0;225m~[38;2;0;0;223m$       [39m
 [38;2;0;0;0m     [38;2;0;0;209mj[38;2;0;0;230mF [38;2;189;189;189mg[38;2;251;251;251m@@[38;2;218;218;218mP[38;2;182;182;182mM[38;2;218;218;218m@[38;2;251;251;251m@[38;2;252;252;252m@@@@@@@@@@@@@[38;2;251;251;251m@[38;2;169;169;169m$ [38;2;0;0;219m4[38;2;0;0;222mi      [39m
 [38;2;0;0;0m     [38;2;0;0;218m@[38;2;0;0;181m[ [38;2;242;242;242m@[38;2;252;252;252m@[38;2;251;251;251m@[38;2;201;201;201mg[38;2;142;142;142my[38;2;67;67;67m_[38;2;160;160;160m`[38;2;245;245;245m~[38;2;190;190;190mA[38;2;249;249;249m@[38;2;252;252;252m@[38;2;249;249;249m@[38;2;229;229;229mP[38;2;218;218;218mPPPPP[38;2;203;203;203mR[38;2;250;250;250m@[38;2;252;252;252m@[38;2;248;248;248m@  [38;2;0;0;225m$      [39m
 [38;2;0;0;0m     [38;2;0;0;225m@  [38;2;249;249;249m@[38;2;252;252;252m@[38;2;251;251;251m@[38;2;235;235;235m@[38;2;204;204;204mP[38;2;210;210;210m~ [38;2;95;95;95m_[38;2;166;166;166my[38;2;213;213;213m@[38;2;252;252;252m@[38;2;228;228;228m@[38;2;177;177;177my[38;2;165;165;165myyyyy[38;2;182;182;182my[38;2;223;223;223m@[38;2;252;252;252m@[38;2;251;251;251m@  [38;2;0;0;227m@      [39m
 [38;2;0;0;0m     [38;2;0;0;225m@  [38;2;249;249;249m@[38;2;252;252;252m@[38;2;251;251;251m@[38;2;159;159;159my[38;2;253;253;253m_[38;2;211;211;211my[38;2;251;251;251mg@[38;2;252;252;252m@@@@@@@@@@@@@[38;2;251;251;251m@  [38;2;0;0;227m@      [39m
 [38;2;0;0;0m     [38;2;0;0;225m@  [38;2;249;249;249m@[38;2;252;252;252m@@@@@@@@@@@@@@@@@@@@[38;2;251;251;251m@  [38;2;0;0;227m@      [39m
 [38;2;0;0;0m     [38;2;0;0;225m@  [38;2;249;249;249m@[38;2;252;252;252m@@@@@@@@@@@@@@@@@@@@[38;2;251;251;251m@  [38;2;0;0;226m@      [39m
 [38;2;0;0;0m     [38;2;0;0;225m@  [38;2;249;249;249m@[38;2;252;252;252m@@@@@@@@@@@@@@@@@@@@[38;2;251;251;251m@  [38;2;0;0;227m@      [39m
 [38;2;0;0;0m     [38;2;0;0;225m@  [38;2;249;249;249m@[38;2;252;252;252m@@@@@@@@@@@@@@@@@@@@[38;2;251;251;251m@  [38;2;0;0;226m@      [39m
 [38;2;0;0;0m     [38;2;0;0;211m9[38;2;0;0;209mL [38;2;202;202;202m$[38;2;251;251;251m@[38;2;252;252;252m@@@@[38;2;251;251;251m@@[38;2;252;252;252m@@@@@@[38;2;251;251;251m@@[38;2;252;252;252m@@@@[38;2;251;251;251m@[38;2;218;218;218m@ [38;2;0;0;209mj[38;2;0;0;228mF      [39m
 [38;2;0;0;0m      [38;2;0;0;227m4[38;2;0;0;216my[38;2;0;0;192m_[38;2;228;228;228m~[38;2;186;186;186mP[38;2;193;193;193mR[38;2;205;205;205mP[38;2;171;171;171mF[38;2;135;135;135m~[38;2;140;140;140m`[38;2;188;188;188m~[38;2;178;178;178mF[38;2;187;187;187mR[38;2;214;214;214mP[38;2;200;200;200mF[38;2;208;208;208m~[38;2;135;135;135m`[38;2;113;113;113m~[38;2;245;245;245m~[38;2;197;197;197mP[38;2;195;195;195mR[38;2;197;197;197mP[38;2;242;242;242m~ [38;2;0;0;213my[38;2;1;0;214m@[38;2;0;1;200m'      [39m
 [38;2;0;0;0m       [38;2;0;0;220m~[38;2;0;0;222m=[38;2;0;0;215m@[38;2;0;0;228ma[38;2;0;0;229mg[38;2;0;0;227mg[38;2;0;0;225ma[38;2;0;0;219mP[38;2;0;0;226m~[38;2;0;0;217mR[38;2;0;0;227ma[38;2;0;0;229mgg[38;2;0;0;228ma[38;2;0;0;224mP[38;2;0;0;227m~[38;2;0;0;228m=[38;2;0;0;226ma[38;2;0;0;227mg[38;2;0;0;229mg[38;2;0;0;227ma[38;2;0;0;223ms[38;2;0;0;210mP[38;2;0;0;220m~        [39m
 [38;2;0;0;0m                                       [39m
 [38;2;0;0;0m                                       [39m
[?25h