[?25l[39m [38;2;0;0;0m                                       [39m
 [38;2;0;0;0m             [38;2;0;0;222m_[38;2;0;0;226m_[38;2;1;1;201my[38;2;0;0;222my[38;2;0;0;223mg[38;2;0;0;226ma[38;2;0;0;225ma[38;2;0;0;223mg[38;2;0;0;219my[38;2;0;0;225m__[38;2;1;1;202m_              [39m
 [38;2;0;0;0m          [38;2;0;0;230m_[38;2;0;0;226maP[38;2;0;0;227m~[38;2;0;0;229m~[38;2;130;130;130m_[38;2;244;244;244m_[38;2;150;150;150my[38;2;166;166;166my[38;2;163;163;163my[38;2;253;253;253m_[38;2;223;223;223m_[38;2;91;91;91m_[38;2;0;0;226m~~[38;2;0;0;217m@[38;2;0;0;218my[38;2;0;0;221m_           [39m
 [38;2;0;0;0m        [38;2;0;0;231m_[38;2;0;0;217m@[38;2;0;0;227m~[38;2;83;83;83m_[38;2;184;184;184my[38;2;237;237;237mg[38;2;238;238;238m@[38;2;251;251;251m@@[38;2;252;252;252m@@@@[38;2;251;251;251m@[38;2;252;252;252m@[38;2;232;232;232m@[38;2;216;216;216mg[38;2;142;142;142my[38;2;0;0;218m`[38;2;0;0;210m?[38;2;0;0;220m$[38;2;0;0;219m_         [39m
 [38;2;0;0;0m       [38;2;0;0;231ma[38;2;0;0;230m~ [38;2;191;191;191mg[38;2;246;246;246m@[38;2;252;252;252m@@@@@@@@@@@@@[38;2;251;251;251m@[38;2;234;234;234m@[38;2;168;168;168my [38;2;0;0;202m#[38;2;0;0;215mg        [39m
 [38;2;0;0;0m      [38;2;0;0;226m@[38;2;2;1;206m'[38;2;116;116;116m_[38;2;219;219;219m@[38;2;252;252;252m@@@@@@@@@@@@@@@@@[38;2;251;251;251m@[38;2;188;188;188m$ [38;2;0;0;209m?[38;2;0;0;215m$       [39m
 [38;2;0;0;0m     [38;2;0;0;216mg[38;2;0;0;203mF [38;2;221;221;221m$[38;2;252;252;252m@@[38;2;251;251;251m@[38;2;182;182;182m@[38;2;251;251;251m~[38;2;176;176;176mF[38;2;210;210;210m@[38;2;251;251;251m@[38;2;252;252;252m@@@@@@@@@@@[38;2;251;251;251m@[38;2;147;147;147m@ [38;2;0;0;222mR[38;2;2;1;202mi      [39m
 [38;2;0;0;0m     [38;2;0;0;235m@ [38;2;91;91;91m4[38;2;251;251;251m@[38;2;252;252;252m@@@[38;2;241;241;241m@[38;2;207;207;207mg[38;2;155;155;155my [38;2;117;117;117m`[38;2;239;239;239m~[38;2;196;196;196mR[38;2;251;251;251m@@[38;2;230;230;230mF[38;2;167;167;167mFFFFFF[38;2;182;182;182m@[38;2;238;238;238m@ [38;2;0;0;185mJ[38;2;1;0;212m$      [39m
 [38;2;0;0;0m     [38;2;0;0;237m@ [38;2;113;113;114m4[38;2;252;252;252m@@@@[38;2;231;231;231m@[38;2;203;203;203mF[38;2;213;213;213m~ [38;2;185;185;185m_[38;2;190;190;190my[38;2;241;241;241mg[38;2;251;251;251m@@[38;2;229;229;229mg[38;2;189;189;189mggggg[38;2;191;191;191mg[38;2;244;244;244mg[38;2;241;241;241m@  [38;2;0;0;215m$      [39m
 [38;2;0;0;0m     [38;2;0;0;236m@ [38;2;112;112;112m4[38;2;252;252;252m@@@[38;2;251;251;251m@[38;2;215;215;215m$[38;2;190;190;190my[38;2;216;216;216ma[38;2;226;226;226m@[38;2;251;251;251m@[38;2;252;252;252m@@@@@@@@@@@@[38;2;242;242;242m@  [38;2;0;0;215m$      [39m
 [38;2;0;0;0m     [38;2;0;0;236m@ [38;2;106;106;106m4[38;2;251;251;251m@[38;2;252;252;252m@@@@@@@@@@@@@@@@@@@@[38;2;243;243;243m@  [38;2;0;0;218m$      [39m
 [38;2;0;0;0m     [38;2;0;0;235m@ [38;2;96;96;97m4[38;2;251;251;251m@[38;2;252;252;252m@@@@@@@@@@@@@@@@@@@@[38;2;245;245;245m@  [38;2;0;0;220m$      [39m
 [38;2;0;0;0m     [38;2;0;0;233m@ [38;2;86;86;86m4[38;2;250;250;250m@[38;2;252;252;252m@@@@@@@@@@@@@@@@@@@@[38;2;248;248;248m@  [38;2;0;0;221m$      [39m
 [38;2;0;0;0m     [38;2;0;0;232m@ [38;2;73;73;73m4[38;2;250;250;250m@[38;2;252;252;252m@@@@@@@@@@@@@@@@@@@@[38;2;250;250;250m@  [38;2;0;0;223m$      [39m
 [38;2;0;0;0m     [38;2;0;0;227m@[38;2;0;0;197m, [38;2;248;248;248m@[38;2;252;252;252m@@@@@@@@@@@@@@@@@@@@[38;2;248;248;248m@  [38;2;0;0;222m$      [39m
 [38;2;0;0;0m     [38;2;1;0;216m`[38;2;0;0;223m$[38;2;0;0;205m,[38;2;184;184;184m~F[38;2;162;162;162m@[38;2;245;245;245m@[38;2;251;251;251m@@[38;2;248;248;248m@[38;2;183;183;183m@[38;2;189;189;189mF[38;2;193;193;193mF[38;2;221;221;221m@[38;2;252;252;252m@[38;2;251;251;251m@[38;2;252;252;252m@[38;2;220;220;220m@[38;2;206;206;206mF[38;2;162;162;162mM[38;2;179;179;179m@[38;2;249;249;249m@[38;2;251;251;251m@[38;2;211;211;211m@[38;2;190;190;190m~ [38;2;0;0;231ma[38;2;0;0;232m'      [39m
 [38;2;0;0;0m      [38;2;2;1;197m~[38;2;0;0;228m4[38;2;0;0;227mg[38;2;0;0;226ma[38;2;0;0;209my[38;2;0;0;225m_[38;2;142;142;142m`[38;2;146;146;146m`[38;2;0;0;225m_[38;2;0;0;226m_[38;2;0;0;224mg[38;2;0;0;218mg[38;2;0;0;225m_[38;2;111;111;111m`[38;2;153;153;153m`[38;2;101;101;101m`[38;2;0;0;225m_[38;2;0;0;224ma[38;2;0;0;225mg[38;2;0;0;226m_[38;2;0;0;225m_[38;2;0;0;228m_[38;2;0;0;227m_[38;2;0;0;225mg[38;2;0;0;228mP[38;2;2;1;202m~       [39m
 [38;2;0;0;0m          [38;2;1;1;203m~[38;2;0;0;226m~~~~[38;2;1;0;216m~ [38;2;3;1;201m`[38;2;0;0;224m~[38;2;0;0;227m~[38;2;0;0;226m~~~[38;2;3;2;196m` [38;2;1;1;213m~[38;2;0;0;226m~[38;2;0;0;227m~[38;2;0;0;225m~[38;2;4;2;192m`         [39m
 [38;2;0;0;0m                                       [39m
[?25h