[?25l[39m [38;2;0;0;0m               [38;2;0;0;208m_[38;2;0;0;232m_[38;2;0;0;227m_[38;2;0;0;225m_[38;2;0;0;226m_[38;2;0;0;231m_[38;2;0;0;224m_                 [39m
 [38;2;0;0;0m          [38;2;2;2;186m_[38;2;0;0;226m_[38;2;0;0;222mg[38;2;0;0;218m@[38;2;0;0;227m@[38;2;0;0;225m@[38;2;0;0;219mRP[38;2;0;0;218mP[38;2;0;0;220m4[38;2;0;0;219mR[38;2;0;0;227m@[38;2;0;0;226m@[38;2;0;0;223m@[38;2;0;0;224mg[38;2;0;0;226m_[38;2;2;2;189m,            [39m
 [38;2;0;0;0m        [38;2;0;0;229m_[38;2;0;0;227mg@[38;2;0;0;219mP[38;2;0;0;227m~[38;2;114;114;114m_[38;2;138;138;138my[38;2;186;186;186my[38;2;211;211;211my[38;2;201;201;201mag[38;2;224;224;224my[38;2;206;206;206my[38;2;177;177;177my[38;2;232;232;232m_[38;2;0;0;208m~[38;2;0;0;227m~4@[38;2;0;0;222mg[38;2;2;1;207m_          [39m
 [38;2;0;0;0m      [38;2;2;1;199m_[38;2;0;0;226mg[38;2;0;0;216m@[38;2;0;0;227m~[38;2;150;150;150m_[38;2;213;213;213my[38;2;215;215;215m@[38;2;252;252;252m@@@@@@@@@[38;2;251;251;251m@[38;2;250;250;250m@[38;2;237;237;237mg[38;2;157;157;157my[38;2;1;0;195m`[38;2;0;0;213m?[38;2;0;0;228m@[38;2;0;0;215my         [39m
 [38;2;0;0;0m     [38;2;0;0;214m_[38;2;0;0;229m@[38;2;0;0;227m~ [38;2;205;205;205mg[38;2;251;251;251m@[38;2;252;252;252m@@@@@@@@@@@@@@[38;2;251;251;251m@[38;2;223;223;223m@[38;2;176;176;176m_[38;2;2;1;195m`[38;2;0;0;215m@[38;2;1;0;215m$        [39m
 [38;2;0;0;0m     [38;2;0;0;231m@[38;2;1;0;198m~ [38;2;214;214;214m@[38;2;252;252;252m@@@@@@@@@@@@@@@@@@[38;2;250;250;250m@[38;2;127;127;127my [38;2;0;0;220m@[38;2;1;0;219mi       [39m
 [38;2;0;0;0m    [38;2;1;1;210m4[38;2;0;0;222mF [38;2;200;200;200ma[38;2;251;251;251m@[38;2;252;252;252m@@@@@@@@@@@@@@@@@@@[38;2;241;241;241m@  [38;2;0;0;225m@       [39m
 [38;2;0;0;0m    [38;2;0;0;220m4   [38;2;200;200;200m`[38;2;181;181;181m3[38;2;251;251;251m@[38;2;245;245;245m@[38;2;230;230;230m~[38;2;177;177;177m~[38;2;176;176;176m~[38;2;175;175;175m~~~[38;2;183;183;183m~[38;2;154;154;154m@[38;2;251;251;251m@[38;2;252;252;252m@@@@@@@[38;2;251;251;251m@[38;2;103;103;103mL [38;2;0;0;232m@       [39m
 [38;2;0;0;0m    [38;2;0;0;220m4[38;2;0;0;190m[ [38;2;193;193;193my[38;2;242;242;242mg[38;2;248;248;248m@[38;2;252;252;252m@@[38;2;235;235;235m@[38;2;215;215;215m@@@@@[38;2;218;218;218m@[38;2;249;249;249m@[38;2;252;252;252m@@@@@@@@[38;2;251;251;251m@[38;2;121;121;122mL [38;2;0;0;232m@       [39m
 [38;2;0;0;0m    [38;2;0;0;215m4[38;2;0;0;196m[ [38;2;228;228;228m@[38;2;252;252;252m@@@@@@@@@@@@@@@@@@@@@[38;2;141;141;141mL [38;2;0;0;237m$       [39m
 [38;2;0;0;0m    [38;2;1;0;210m4[38;2;0;0;204m[ [38;2;233;233;233m$[38;2;252;252;252m@@@@@@@@@@@@@@@@@@@@[38;2;251;251;251m@[38;2;162;162;162mL [38;2;0;0;235m$       [39m
 [38;2;0;0;0m    [38;2;1;1;197m4[38;2;1;1;214m[ [38;2;212;212;212m$[38;2;252;252;252m@@@@@@@@@@@@@@@@@@@@[38;2;251;251;251m@[38;2;139;139;139m@ [38;2;0;0;228m$[38;2;1;0;189m,      [39m
 [38;2;0;0;0m    [38;2;2;2;180mJ[38;2;0;0;215m$ [38;2;167;167;167m$[38;2;252;252;252m@@@@@@@@@@@@@@@@@@@@@[38;2;194;194;194m$ [38;2;0;0;214m0[38;2;1;0;203ml      [39m
 [38;2;0;0;0m     [38;2;0;0;232m@ [38;2;159;159;159m4[38;2;251;251;251m@[38;2;252;252;252m@@@@@@@@@@@@@@@@@@@@[38;2;195;195;195m@ [38;2;0;0;218mJ[38;2;1;0;216m[      [39m
 [38;2;0;0;0m     [38;2;0;0;224m~[38;2;0;0;220mg[38;2;0;0;197m,[38;2;162;162;162m7[38;2;196;196;196m@[38;2;249;249;249m@[38;2;251;251;251m@[38;2;245;245;245m@[38;2;224;224;224mP[38;2;174;174;174mT[38;2;175;175;175mT[38;2;172;172;172m@[38;2;247;247;247m@[38;2;251;251;251m@[38;2;250;250;250m@[38;2;210;210;210m@[38;2;193;193;193mF[38;2;251;251;251m~[38;2;172;172;172m5[38;2;231;231;231m@[38;2;251;251;251m@@[38;2;238;238;238m@[38;2;223;223;223mF[38;2;75;75;75m"[38;2;0;0;224m_[38;2;0;0;226m@[38;2;2;0;194m'      [39m
 [38;2;0;0;0m      [38;2;2;1;204m~[38;2;0;0;221m4[38;2;0;0;225ma[38;2;0;0;224m_[38;2;0;0;227m_[38;2;0;0;228m_[38;2;0;0;227m_[38;2;0;0;208my[38;2;0;0;225ma[38;2;0;0;226ma[38;2;0;0;209my[38;2;0;0;226m_[38;2;0;0;228m_[38;2;0;0;227m_[38;2;0;0;225m_[38;2;0;0;224ma[38;2;0;0;220m@[38;2;0;0;216mg[38;2;0;0;225m_[38;2;0;0;228m_[38;2;0;0;227m_[38;2;0;0;226m_[38;2;0;0;216my[38;2;0;0;225ma[38;2;0;0;216mF[38;2;1;0;204m'       [39m
 [38;2;0;0;0m         [38;2;2;1;209m~[38;2;0;0;229m~[38;2;0;0;227m~[38;2;0;0;230m~[38;2;2;1;201m~  [38;2;0;0;231m`[38;2;0;0;230m~[38;2;0;0;227m~[38;2;0;0;228m~[38;2;0;0;224m~[38;2;1;3;193m` [38;2;2;2;198m`[38;2;0;0;223m~[38;2;0;0;229m~[38;2;0;0;228m~[38;2;0;0;230m~[38;2;0;0;228m`          [39m
 [38;2;0;0;0m                                       [39m
 [38;2;0;0;0m                                       [39m
[?25h