[?25l[39m [38;2;0;0;0m              [38;2;0;0;229m_[38;2;0;0;225m_[38;2;1;1;210my[38;2;0;0;216ma[38;2;0;0;223ma[38;2;0;0;222ma[38;2;0;0;221my[38;2;1;1;210my[38;2;0;0;225m_[38;2;0;0;229m_               [39m
 [38;2;0;0;0m          [38;2;0;0;225m_[38;2;0;0;213ma[38;2;0;0;220m#[38;2;0;0;218m=[38;2;0;0;226m~[38;2;0;0;220m~[38;2;213;213;213m_[38;2;244;244;244m_[38;2;146;146;146my[38;2;145;145;145my[38;2;244;244;244m_[38;2;213;213;213m_[38;2;0;0;219m~[38;2;0;0;226m~[38;2;0;0;217m=[38;2;0;0;215m@[38;2;0;0;218my[38;2;0;0;226m_           [39m
 [38;2;0;0;0m        [38;2;0;0;226m_[38;2;0;0;228ma[38;2;0;0;210mF[38;2;1;0;220m`[38;2;155;155;155my[38;2;218;218;218ma[38;2;231;231;231m$[38;2;251;251;251m@@[38;2;252;252;252m@@@@[38;2;251;251;251m@@[38;2;225;225;225m@[38;2;209;209;209mg[38;2;145;145;145my[38;2;1;0;220m`[38;2;0;0;226m~[38;2;0;0;218m@[38;2;0;0;226m_         [39m
 [38;2;0;0;0m       [38;2;0;0;222mg[38;2;0;0;225mF [38;2;192;192;192my[38;2;230;230;230m@[38;2;251;251;251m@[38;2;252;252;252m@@@@@@@@@@@@@[38;2;239;239;239m@[38;2;186;186;186my [38;2;0;0;218m?[38;2;0;0;222mg        [39m
 [38;2;0;0;0m      [38;2;0;0;228mg[38;2;0;0;205mF [38;2;228;228;228mg[38;2;251;251;251m@[38;2;252;252;252m@@@@@@@@@@@@@@@@[38;2;251;251;251m@[38;2;202;202;202m@ [38;2;0;0;213m~[38;2;0;0;226m$       [39m
 [38;2;0;0;0m     [38;2;0;0;211mj[38;2;0;0;227mF [38;2;211;211;211mg[38;2;251;251;251m@@[38;2;195;195;195mF[38;2;250;250;250m~[38;2;164;164;164m@[38;2;245;245;245m@[38;2;251;251;251m@[38;2;252;252;252m@@@@@@@@@@@@[38;2;251;251;251m@[38;2;190;190;190m@ [38;2;0;0;217m?[38;2;0;0;219ml      [39m
 [38;2;0;0;0m     [38;2;0;0;219m@  [38;2;246;246;246m@[38;2;252;252;252m@[38;2;251;251;251m@[38;2;214;214;214m$[38;2;194;194;194my[38;2;190;190;190m_ [38;2;189;189;189m~[38;2;175;175;175mF[38;2;239;239;239m@[38;2;252;252;252m@[38;2;243;243;243m@[38;2;186;186;186mM[38;2;197;197;197mFFFFF[38;2;183;183;183mM[38;2;243;243;243m@[38;2;252;252;252m@[38;2;250;250;250m@  [38;2;0;0;226m$      [39m
 [38;2;0;0;0m     [38;2;0;0;226m@  [38;2;249;249;249m@[38;2;252;252;252m@[38;2;251;251;251m@[38;2;218;218;218m@[38;2;205;205;205mF[38;2;198;198;198m~ [38;2;194;194;194m_[38;2;199;199;199my[38;2;226;226;226m@[38;2;252;252;252m@[38;2;237;237;237m@[38;2;212;212;212my[38;2;202;202;202myyyyy[38;2;214;214;214my[38;2;235;235;235m@[38;2;252;252;252m@[38;2;251;251;251m@  [38;2;0;0;226m@      [39m
 [38;2;0;0;0m     [38;2;0;0;226m@  [38;2;249;249;249m@[38;2;252;252;252m@[38;2;251;251;251m@[38;2;185;185;185my[38;2;164;164;164my[38;2;212;212;212mg[38;2;229;229;229m@[38;2;251;251;251m@[38;2;252;252;252m@@@@@@@@@@@@@[38;2;251;251;251m@  [38;2;0;0;226m@      [39m
 [38;2;0;0;0m     [38;2;0;0;226m@  [38;2;249;249;249m@[38;2;252;252;252m@@@@@@@@@@@@@@@@@@@@[38;2;251;251;251m@  [38;2;0;0;226m@      [39m
 [38;2;0;0;0m     [38;2;0;0;226m@  [38;2;249;249;249m@[38;2;252;252;252m@@@@@@@@@@@@@@@@@@@@[38;2;251;251;251m@  [38;2;0;0;226m@      [39m
 [38;2;0;0;0m     [38;2;0;0;226m@  [38;2;249;249;249m@[38;2;252;252;252m@@@@@@@@@@@@@@@@@@@@[38;2;251;251;251m@  [38;2;0;0;227m@      [39m
 [38;2;0;0;0m     [38;2;0;0;226m@  [38;2;249;249;249m@[38;2;252;252;252m@@@@@@@@@@@@@@@@@@@@[38;2;251;251;251m@  [38;2;0;0;227m@      [39m
 [38;2;0;0;0m     [38;2;0;0;225m@  [38;2;249;249;249m@[38;2;252;252;252m@@@@@@@@@@@@@@@@@@@@[38;2;251;251;251m@  [38;2;0;0;226m@      [39m
 [38;2;0;0;0m     [38;2;1;0;210m9[38;2;0;0;215m$ [38;2;168;168;169m7[38;2;243;243;243m@[38;2;251;251;251m@[38;2;252;252;252m@[38;2;251;251;251m@[38;2;250;250;250m@[38;2;190;190;190m@[38;2;219;219;219mP[38;2;218;218;218m@[38;2;251;251;251m@[38;2;252;252;252m@@[38;2;251;251;251m@[38;2;221;221;221m@[38;2;222;222;222mP[38;2;214;214;214mR[38;2;249;249;249m@[38;2;251;251;251m@[38;2;252;252;252m@[38;2;251;251;251m@[38;2;245;245;245m@[38;2;196;196;196mF [38;2;0;0;218mg[38;2;0;0;226mF      [39m
 [38;2;0;0;0m      [38;2;0;0;222m4[38;2;0;0;224m@[38;2;0;0;211my[38;2;0;0;227m_[38;2;153;153;153m~[38;2;225;225;225m~[38;2;198;198;198m~[38;2;0;0;226m__[38;2;0;0;217mg[38;2;0;0;227m_[38;2;191;191;191m`[38;2;217;217;217m~[38;2;222;222;222m~[38;2;106;106;106m~[38;2;0;0;227m_[38;2;0;0;221ma[38;2;0;0;226m_[38;2;0;0;225m_[38;2;185;185;185m~[38;2;226;226;226m~[38;2;175;175;175m~[38;2;0;0;227m_[38;2;0;0;210my[38;2;0;0;220m@[38;2;0;0;227mP[38;2;1;1;189m'      [39m
 [38;2;0;0;0m       [38;2;0;0;211m~[38;2;0;0;226m~[38;2;0;0;213m@[38;2;0;0;228m@[38;2;0;0;226m@[38;2;0;0;227m@[38;2;0;0;222m@[38;2;0;0;225m=[38;2;0;0;227m~[38;2;0;0;224m4[38;2;0;0;228m@[38;2;0;0;227m@[38;2;0;0;226m@[38;2;0;0;228m@[38;2;0;0;224mP[38;2;0;0;227m~[38;2;0;0;226m=[38;2;0;0;222m@[38;2;0;0;227m@@@[38;2;0;0;214m@=[38;2;0;0;215m~        [39m
 [38;2;0;0;0m                                       [39m
 [38;2;0;0;0m                                       [39m
[?25h