[?25l[39m [38;2;0;0;0m                                       [39m
 [38;2;0;0;0m             [38;2;0;0;227m_[38;2;0;0;226m_[38;2;1;1;208my[38;2;0;0;220ma[38;2;0;0;224mg[38;2;0;0;226mgg[38;2;0;0;223mg[38;2;0;0;215mg[38;2;0;0;227m_[38;2;0;0;226m_[38;2;2;0;211m_              [39m
 [38;2;0;0;0m          [38;2;0;0;229m_[38;2;0;0;226mg[38;2;0;0;227m@[38;2;0;0;220mP[38;2;0;0;226m~[38;2;0;0;227m~[38;2;103;103;103m_[38;2;167;167;167m_[38;2;210;210;210m_[38;2;200;200;200m_[38;2;149;149;149m_[38;2;0;0;230m~[38;2;0;0;227m~[38;2;0;0;226m~[38;2;0;0;224m4[38;2;0;0;225m@[38;2;1;0;213mg[38;2;0;0;225m_           [39m
 [38;2;0;0;0m        [38;2;1;1;207my[38;2;0;0;225m@[38;2;0;0;214mF[38;2;0;0;209m~[38;2;133;133;133my[38;2;190;190;190mg[38;2;249;249;249mg[38;2;243;243;243m@[38;2;252;252;252m@[38;2;251;251;251m@@@@[38;2;252;252;252m@[38;2;236;236;236m@[38;2;239;239;239mg[38;2;193;193;193my[38;2;156;156;156m_[38;2;0;0;223m~[38;2;0;0;226m4[38;2;0;0;222m$_         [39m
 [38;2;0;0;0m      [38;2;1;2;186m_[38;2;0;0;230mg[38;2;0;0;223mF [38;2;192;192;192my[38;2;223;223;223m@[38;2;251;251;251m@[38;2;252;252;252m@@@@@@@@@@@@[38;2;251;251;251m@[38;2;235;235;235mg[38;2;180;180;180m_[38;2;0;0;206m"[38;2;0;0;222mR[38;2;0;0;213mg        [39m
 [38;2;0;0;0m      [38;2;0;0;228m@[38;2;0;0;209m~ [38;2;237;237;237mg[38;2;251;251;251m@[38;2;252;252;252m@@@@@@@@@@@@@@@@[38;2;251;251;251m@[38;2;167;167;167mg [38;2;0;0;224m?[38;2;0;0;212m$       [39m
 [38;2;0;0;0m     [38;2;0;0;220mg[38;2;0;0;213mF [38;2;206;206;206m$[38;2;252;252;252m@[38;2;248;248;248m@[38;2;216;216;216mF[38;2;193;193;193mF[38;2;220;220;220m@[38;2;251;251;251m@[38;2;252;252;252m@@@@@@@@@@@@@[38;2;251;251;251m@[38;2;170;170;170mL [38;2;0;0;228mB[38;2;0;0;216m;      [39m
 [38;2;0;0;0m     [38;2;0;0;236m@ [38;2;90;90;90m4[38;2;251;251;251m@[38;2;252;252;252m@[38;2;251;251;251m@[38;2;197;197;197mg[38;2;140;140;140my[38;2;64;64;64m_[38;2;167;167;167m`[38;2;246;246;246m~[38;2;194;194;194mA[38;2;250;250;250m@[38;2;252;252;252m@[38;2;242;242;242m@[38;2;217;217;217mP[38;2;209;209;209mPPPPP[38;2;173;173;173m@[38;2;251;251;251m@[38;2;252;252;252m@[38;2;231;231;231m@ [38;2;0;0;192m4[38;2;1;0;207m$      [39m
 [38;2;0;0;0m     [38;2;0;0;237m@ [38;2;127;127;127m4[38;2;252;252;252m@@@[38;2;219;219;219m@[38;2;207;207;207mF[38;2;187;187;187m~ [38;2;172;172;172m_[38;2;188;188;188my[38;2;236;236;236m@[38;2;252;252;252m@[38;2;230;230;230m$[38;2;184;184;184my[38;2;177;177;177myyyyy[38;2;200;200;200my[38;2;239;239;239m@[38;2;252;252;252m@[38;2;239;239;239m@ [38;2;0;0;185mJ[38;2;1;0;211m$      [39m
 [38;2;0;0;0m     [38;2;0;0;237m@ [38;2;125;125;125m4[38;2;252;252;252m@@[38;2;244;244;244m@[38;2;156;156;156my[38;2;161;161;161my[38;2;207;207;207ma[38;2;221;221;221m@[38;2;251;251;251m@[38;2;252;252;252m@@@@@@@@@@@@@[38;2;239;239;239m@ [38;2;0;0;184mJ[38;2;1;0;212m$      [39m
 [38;2;0;0;0m     [38;2;0;0;237m@ [38;2;118;118;118m4[38;2;252;252;252m@@@@@@@@@@@@@@@@@@@@@[38;2;241;241;241m@  [38;2;0;0;214m$      [39m
 [38;2;0;0;0m     [38;2;0;0;236m@ [38;2;107;107;107m4[38;2;251;251;251m@[38;2;252;252;252m@@@@@@@@@@@@@@@@@@@@[38;2;243;243;243m@  [38;2;0;0;217m$      [39m
 [38;2;0;0;0m     [38;2;0;0;235m@ [38;2;95;95;95m4[38;2;251;251;251m@[38;2;252;252;252m@@@@@@@@@@@@@@@@@@@@[38;2;246;246;246m@  [38;2;0;0;220m$      [39m
 [38;2;0;0;0m     [38;2;0;0;233m@ [38;2;79;79;80m4[38;2;250;250;250m@[38;2;252;252;252m@@@@@@@@@@@@@@@@@@@@[38;2;249;249;249m@  [38;2;0;0;222m$      [39m
 [38;2;0;0;0m     [38;2;0;0;218m4[38;2;0;0;217mL [38;2;173;173;173m@[38;2;251;251;251m@[38;2;252;252;252m@@@@[38;2;250;250;250m@[38;2;246;246;246m@[38;2;251;251;251m@[38;2;252;252;252m@@@@[38;2;251;251;251m@[38;2;246;246;246m@[38;2;249;249;249m@[38;2;252;252;252m@@@@[38;2;251;251;251m@[38;2;172;172;172m@ [38;2;0;0;228mj[38;2;0;0;220mF      [39m
 [38;2;0;0;0m      [38;2;0;0;224m?[38;2;0;0;220mg[38;2;0;0;227m_[38;2;164;164;164m~[38;2;176;176;176mT[38;2;190;190;190mT[38;2;182;182;182mF[38;2;227;227;227m~[38;2;0;0;219m_[38;2;0;0;225m_[38;2;147;147;147m`[38;2;241;241;241m~[38;2;180;180;180mF[38;2;187;187;187mF[38;2;249;249;249m~[38;2;164;164;164m`[38;2;0;0;227m_[38;2;0;0;223m_[38;2;199;199;199m~[38;2;164;164;165mF[38;2;188;188;188mF[38;2;171;171;171mF[38;2;175;175;175m~[38;2;0;0;227m_[38;2;0;0;225ma[38;2;0;0;224mF       [39m
 [38;2;0;0;0m       [38;2;1;0;218m`[38;2;0;0;225m~[38;2;0;0;229m=[38;2;0;0;213m@[38;2;0;0;226ma[38;2;0;0;212m@[38;2;0;0;221mP[38;2;0;0;227m~[38;2;0;0;226m~[38;2;0;0;222m=[38;2;0;0;215mR[38;2;0;0;224ma[38;2;0;0;225ma[38;2;0;0;215mR[38;2;0;0;227m=[38;2;0;0;226m~~[38;2;0;0;221m4[38;2;0;0;214m@[38;2;0;0;226ma[38;2;0;0;211m@[38;2;0;0;230m=[38;2;0;0;226m~[38;2;0;0;219m'        [39m
 [38;2;0;0;0m                                       [39m
 [38;2;0;0;0m                                       [39m
[?25h