[?25l[39m [38;2;0;0;0m                                       [39m
 [38;2;0;0;0m              [38;2;0;0;227m__[38;2;0;0;225m_[38;2;1;1;201my[38;2;1;1;207my[38;2;1;1;205my[38;2;0;0;225m_[38;2;0;0;227m__[38;2;2;2;197m_               [39m
 [38;2;0;0;0m          [38;2;0;0;227m_[38;2;0;0;214my[38;2;0;0;223ma[38;2;0;0;227m=[38;2;0;0;225m~[38;2;0;0;228m~[38;2;112;112;112m_[38;2;167;167;167m_[38;2;200;200;200m_[38;2;180;180;180m_[38;2;130;130;130m_[38;2;0;0;230m~[38;2;0;0;226m~[38;2;0;0;217m=[38;2;0;0;214m@[38;2;0;0;222mg[38;2;0;0;230m_            [39m
 [38;2;0;0;0m        [38;2;0;0;229m_[38;2;0;0;217m$[38;2;0;0;228m~[38;2;0;0;220m`[38;2;158;158;158my[38;2;208;208;208mg[38;2;211;211;211m@[38;2;246;246;246m@[38;2;252;252;252m@[38;2;251;251;251m@@@@@[38;2;227;227;227m@[38;2;224;224;224mg[38;2;170;170;170my[38;2;77;77;77m_[38;2;0;0;225m~[38;2;0;0;215m@[38;2;1;1;211my          [39m
 [38;2;0;0;0m      [38;2;2;2;189m_[38;2;0;0;231ma[38;2;0;0;230m~ [38;2;184;183;184mg[38;2;242;242;242m@[38;2;252;252;252m@@@@@@@@@@@@@[38;2;249;249;249m@[38;2;199;199;199mg[38;2;93;93;93m_[38;2;0;0;221m~[38;2;0;0;224m@[38;2;0;0;233m,        [39m
 [38;2;0;0;0m      [38;2;0;0;226m@[38;2;1;1;201m'[38;2;120;120;120my[38;2;228;228;228m@[38;2;252;252;252m@@@@@@@@@@@@@@@@@[38;2;244;244;244m@[38;2;120;120;121my [38;2;0;0;220m@[38;2;0;0;233m,       [39m
 [38;2;0;0;0m     [38;2;0;0;225m@[38;2;1;1;197m' [38;2;238;238;238m@[38;2;252;252;252m@[38;2;251;251;251m@[38;2;201;201;201m@[38;2;185;185;185mF[38;2;181;181;181m@[38;2;250;250;250m@[38;2;252;252;252m@@@@@@@@@@@@@[38;2;248;248;248m@[38;2;89;89;89m, [38;2;0;0;232m$       [39m
 [38;2;0;0;0m     [38;2;0;0;226m@ [38;2;173;173;174m4[38;2;251;251;251m@[38;2;252;252;252m@[38;2;251;251;251m@[38;2;204;204;204m@[38;2;182;182;182my[38;2;163;163;163m_ [38;2;208;208;208m~[38;2;183;183;183mF[38;2;227;227;227m@[38;2;252;252;252m@[38;2;251;251;251m@[38;2;193;193;193m@[38;2;214;214;214mPPPPPP[38;2;233;233;233m@[38;2;251;251;251m@[38;2;172;172;172m$ [38;2;0;0;221mB[38;2;1;1;196mi      [39m
 [38;2;0;0;0m    [38;2;3;2;169mJ[38;2;0;0;218m@ [38;2;157;157;157m$[38;2;252;252;252m@@@[38;2;246;246;246m@[38;2;176;176;176m@[38;2;159;159;159mF  [38;2;144;144;144my[38;2;213;213;213mg[38;2;251;251;251m@[38;2;250;250;250m@[38;2;205;205;205my[38;2;173;173;173myyyyy[38;2;177;177;177my[38;2;221;221;221mg[38;2;251;251;251m@[38;2;202;202;202m$ [38;2;0;0;217m4[38;2;1;1;208m[      [39m
 [38;2;0;0;0m    [38;2;2;2;166mJ[38;2;0;0;222m@ [38;2;150;150;150m$[38;2;251;251;251m@[38;2;252;252;252m@[38;2;251;251;251m@[38;2;162;162;162m$[38;2;253;253;253m_[38;2;192;192;192my[38;2;247;247;247mg[38;2;249;249;249m@[38;2;252;252;252m@@@@@@@@@@@@@[38;2;207;207;207m$ [38;2;0;0;215m4[38;2;1;1;212m[      [39m
 [38;2;0;0;0m     [38;2;0;0;226m@ [38;2;183;183;184m4[38;2;251;251;251m@[38;2;252;252;252m@@@@@@@@@@@@@@@@@@@@[38;2;207;207;207m@ [38;2;0;0;210m4[38;2;1;1;216m[      [39m
 [38;2;0;0;0m     [38;2;0;0;232m@ [38;2;168;168;168m4[38;2;251;251;251m@[38;2;252;252;252m@@@@@@@@@@@@@@@@@@@@[38;2;224;224;224m@ [38;2;1;1;202m4[38;2;0;0;222m[      [39m
 [38;2;0;0;0m     [38;2;0;0;235m@ [38;2;147;147;147m4[38;2;251;251;251m@[38;2;252;252;252m@@@@@@@@@@@@@@@@@@@@[38;2;236;236;236m@ [38;2;0;0;192mJ[38;2;1;1;204m$      [39m
 [38;2;0;0;0m     [38;2;0;0;237m@ [38;2;126;126;126m4[38;2;252;252;252m@@@@@@@@@@@@@@@@@@@@@[38;2;240;240;240m@ [38;2;0;0;182mJ[38;2;0;0;212m$      [39m
 [38;2;0;0;0m     [38;2;0;0;232m@[38;2;0;0;191m,[38;2;70;70;71m4[38;2;250;250;250m@[38;2;252;252;252m@@@@@@@@@@@@@@@@@@@@[38;2;240;240;240m@ [38;2;0;0;190mj[38;2;0;0;214m$      [39m
 [38;2;0;0;0m     [38;2;1;0;217m`[38;2;0;0;223m$[38;2;0;0;211m,[38;2;180;180;180m~[38;2;183;183;183mF[38;2;220;220;220m@[38;2;251;251;251m@[38;2;252;252;252m@[38;2;246;246;246m@[38;2;182;182;182m@[38;2;179;179;179mF[38;2;171;171;171mF[38;2;179;179;179m@[38;2;247;247;247m@[38;2;252;252;252m@[38;2;251;251;251m@[38;2;219;219;219m@[38;2;202;202;202mF[38;2;162;162;162mF[38;2;180;180;180mP[38;2;232;232;232m@[38;2;252;252;252m@[38;2;248;248;248m@[38;2;187;187;187m@[38;2;151;151;151m~[38;2;0;0;207m_[38;2;0;0;223m$[38;2;0;0;229m'      [39m
 [38;2;0;0;0m      [38;2;1;0;218m`[38;2;0;0;218m4[38;2;0;0;226m@[38;2;0;0;220mg[38;2;0;0;227m_[38;2;0;0;225m_[38;2;106;106;106m`[38;2;0;0;225m__[38;2;0;0;227maa[38;2;0;0;225m__[38;2;107;107;107m`[38;2;0;0;225m_[38;2;0;0;227m_[38;2;0;0;224ma[38;2;0;0;223m@[38;2;0;0;220my[38;2;0;0;225m_[38;2;0;0;223m__[38;2;0;0;225m_[38;2;0;0;228ma[38;2;0;0;219mP[38;2;0;0;226m'       [39m
 [38;2;0;0;0m         [38;2;3;2;198m`[38;2;0;0;223m~[38;2;0;0;227m~~[38;2;0;0;226m~[38;2;1;0;210m~  [38;2;3;1;204m~[38;2;0;0;226m~[38;2;0;0;227m~~[38;2;0;0;224m~[38;2;3;2;196m` [38;2;2;0;214m`[38;2;0;0;224m~[38;2;0;0;227m~[38;2;0;0;226m~[38;2;1;0;213m~          [39m
 [38;2;0;0;0m                                       [39m
[?25h