[?25l[39m [38;2;0;0;0m               [38;2;0;0;231m_[38;2;0;0;225m_[38;2;1;1;201my[38;2;1;0;214my[38;2;0;0;218myy[38;2;1;1;212my[38;2;0;0;226m_[38;2;0;0;224m_[38;2;0;0;229m_              [39m
 [38;2;0;0;0m            [38;2;0;0;226m_[38;2;0;0;227mg[38;2;0;0;226mP[38;2;0;0;225m~[38;2;0;0;227m~[38;2;0;0;210m~[38;2;217;217;217m_[38;2;238;238;238m_[38;2;241;241;241m_[38;2;236;236;236m_[38;2;194;194;194m_[38;2;0;0;225m~[38;2;0;0;227m~[38;2;0;0;225m~[38;2;0;0;217ma[38;2;0;0;220my[38;2;0;0;229m_          [39m
 [38;2;0;0;0m          [38;2;1;1;204my[38;2;0;0;222m@[38;2;0;0;229m~ [38;2;171;171;171my[38;2;231;231;231mg[38;2;232;232;232m@[38;2;251;251;251m@@[38;2;252;252;252m@@@[38;2;251;251;251m@@[38;2;238;238;238m@[38;2;241;241;241mg[38;2;192;192;192my[38;2;176;176;176m_[38;2;0;0;225m~[38;2;0;0;227m4[38;2;0;0;217my[38;2;1;0;215m,       [39m
 [38;2;0;0;0m         [38;2;0;0;224mg[38;2;0;0;226mF [38;2;189;189;189my[38;2;235;235;235m@[38;2;251;251;251m@[38;2;252;252;252m@@@@@@@@@@@@[38;2;251;251;251m@[38;2;212;212;212m@[38;2;159;159;159my[38;2;0;0;212m`[38;2;0;0;224m4[38;2;0;0;216my      [39m
 [38;2;0;0;0m        [38;2;0;0;215mg[38;2;0;0;223mF [38;2;203;203;203mg[38;2;251;251;251m@[38;2;252;252;252m@@@@@@@@@@@@@@@@[38;2;251;251;251m@[38;2;201;201;201m@[38;2;84;84;85m,[38;2;0;0;216m~[38;2;0;0;227m$     [39m
 [38;2;0;0;0m        [38;2;0;0;229m@ [38;2;139;139;139mg[38;2;251;251;251m@[38;2;252;252;252m@@@@@@@@[38;2;251;251;251m@[38;2;229;229;229mF[38;2;151;151;151mM[38;2;180;180;180m@[38;2;248;248;248m@[38;2;251;251;251m@[38;2;252;252;252m@@@@@[38;2;224;224;224m@ [38;2;0;0;203m~[38;2;0;0;217m$    [39m
 [38;2;0;0;0m       [38;2;2;1;206mJ[38;2;0;1;216m[ [38;2;211;211;211m$[38;2;252;252;252m@@@@@@@@@[38;2;251;251;251m@[38;2;240;240;240mg[38;2;185;185;185my[38;2;175;175;175m_ [38;2;200;200;200m~[38;2;175;175;175mF[38;2;231;231;231m@[38;2;252;252;252m@[38;2;249;249;249m@[38;2;201;201;201mM[38;2;207;207;207mF[38;2;67;67;68m^ [38;2;0;0;236m$    [39m
 [38;2;0;0;0m       [38;2;2;1;206m4[38;2;1;0;209m[ [38;2;230;230;230m$[38;2;252;252;252m@@@@@@@@@@[38;2;225;225;225m@[38;2;212;212;212mF[38;2;225;225;225m~ [38;2;160;160;160m_[38;2;183;183;183my[38;2;207;207;207m@[38;2;251;251;251m@[38;2;246;246;246m@[38;2;210;210;210my[38;2;194;194;194my[38;2;85;85;86mL [38;2;0;0;234m$    [39m
 [38;2;0;0;0m       [38;2;1;0;210m4[38;2;0;0;206m[ [38;2;231;231;231m$[38;2;252;252;252m@@@@@@@@@[38;2;251;251;251m@[38;2;200;200;200my[38;2;166;166;166my[38;2;206;206;206mg[38;2;223;223;223m@[38;2;251;251;251m@[38;2;252;252;252m@@@@@[38;2;251;251;251m@[38;2;149;149;149mF [38;2;0;0;235m$    [39m
 [38;2;0;0;0m       [38;2;0;0;215mg[38;2;0;0;193m[ [38;2;235;235;235m@[38;2;252;252;252m@@@@@@@@@@@@@@@@@@@@[38;2;251;251;251m@[38;2;110;110;110mF [38;2;0;0;235m$    [39m
 [38;2;0;0;0m       [38;2;0;0;228m@  [38;2;249;249;249m@[38;2;252;252;252m@@@@@@@@@@@@@@@@@@@@[38;2;250;250;250m@  [38;2;0;0;225m$    [39m
 [38;2;0;0;0m       [38;2;0;0;232m@ [38;2;138;138;138mg[38;2;251;251;251m@[38;2;252;252;252m@@@@@@@@@@@@@@@@@@@@[38;2;228;228;228m@ [38;2;0;0;211mj[38;2;0;0;217mF    [39m
 [38;2;0;0;0m      [38;2;0;0;213mj[38;2;0;0;217mF [38;2;210;210;210m$[38;2;252;252;252m@@@@@@@@@@@@@@@@@@@@[38;2;251;251;251m@[38;2;196;196;196mF [38;2;0;0;227m$[38;2;0;0;209m'    [39m
 [38;2;0;0;0m      [38;2;0;0;226m@  [38;2;248;248;248m@[38;2;252;252;252m@@@@@@@@@@@@@@@@@@@@[38;2;250;250;250m@[38;2;79;79;80m~ [38;2;0;0;222m@     [39m
 [38;2;0;0;0m      [38;2;0;0;235m@[38;2;0;0;196m,[38;2;73;73;73m"[38;2;241;241;241m@[38;2;251;251;251m@[38;2;252;252;252m@@@@[38;2;251;251;251m@[38;2;248;248;248m@[38;2;251;251;251m@[38;2;252;252;252m@@@@[38;2;251;251;251m@[38;2;250;250;250m@@[38;2;252;252;252m@@@@[38;2;248;248;248m@[38;2;191;191;191mF [38;2;0;0;228mg[38;2;1;1;205mF     [39m
 [38;2;0;0;0m      [38;2;0;0;215m9[38;2;0;0;222m@[38;2;0;0;226m__[38;2;143;143;143m~[38;2;178;178;178mT[38;2;195;195;195mF[38;2;194;194;194mF[38;2;246;246;246m~[38;2;155;155;155m`[38;2;0;0;226m_[38;2;102;102;102m`[38;2;239;239;239m~[38;2;164;164;164mP[38;2;200;200;200mF[38;2;176;176;176mF[38;2;182;182;182m~[38;2;0;0;227m_[38;2;0;0;218m_[38;2;179;179;179m~[38;2;170;170;170mF[38;2;194;194;194mF[38;2;247;247;247m~[38;2;120;120;120m`[38;2;0;0;226m_[38;2;0;0;223m@[38;2;0;0;218mF      [39m
 [38;2;0;0;0m       [38;2;0;0;230m~[38;2;0;0;214mR[38;2;0;0;221m@[38;2;0;0;226m@ggg[38;2;0;0;225m@[38;2;0;0;224m@[38;2;0;0;217mR[38;2;0;0;227m@[38;2;0;0;223m@[38;2;0;0;226mgg[38;2;0;0;220m@[38;2;0;0;227m@[38;2;0;0;222mP[38;2;0;0;226m@@gg[38;2;0;0;225m@[38;2;0;0;224m@[38;2;1;0;210mF[38;2;0;0;227m'       [39m
 [38;2;0;0;0m          [38;2;2;1;202m`[38;2;1;1;209m~[38;2;1;0;222m~[38;2;2;1;209m~[38;2;2;1;200m`   [38;2;0;0;229m`[38;2;1;0;219m~[38;2;1;0;220m~[38;2;1;0;227m`   [38;2;0;1;216m`[38;2;1;1;213m~[38;2;1;1;211m~[38;2;2;1;207m`          [39m
 [38;2;0;0;0m                                       [39m
[?25h