[?25l[39m [38;2;0;0;0m              [38;2;0;0;231m_[38;2;0;0;226m_[38;2;1;1;207my[38;2;0;0;218my[38;2;0;0;221ma[38;2;0;0;220ma[38;2;0;0;219my[38;2;1;1;208my[38;2;0;0;226m_[38;2;0;0;229m_               [39m
 [38;2;0;0;0m          [38;2;0;0;224m_[38;2;1;0;211ma[38;2;0;0;217m@[38;2;0;0;224mP[38;2;0;0;225m~[38;2;0;0;227m~[38;2;0;0;226m~[38;2;140;140;140m_[38;2;208;208;208m_[38;2;210;210;210m_[38;2;141;141;141m_[38;2;0;0;224m~[38;2;0;0;227m~[38;2;0;0;226m~[38;2;0;0;225m4[38;2;0;0;221m@[38;2;0;0;215my[38;2;0;0;223m_           [39m
 [38;2;0;0;0m        [38;2;0;0;225m_[38;2;0;0;229mg[38;2;0;0;223mP[38;2;0;0;226m~[38;2;186;186;186m_[38;2;199;199;199my[38;2;245;245;245mg[38;2;234;234;234m@[38;2;251;251;251m@@@@@@[38;2;240;240;240m@[38;2;245;245;245mg[38;2;199;199;199my[38;2;186;186;186m_[38;2;0;0;223m~[38;2;0;0;222m4$[38;2;0;0;224m_         [39m
 [38;2;0;0;0m       [38;2;0;0;219mg[38;2;0;0;227mP[38;2;0;0;207m'[38;2;149;149;149my[38;2;244;244;244mg[38;2;251;251;251m@[38;2;252;252;252m@@@@@@@@@@@@[38;2;251;251;251m@[38;2;210;210;210m@[38;2;137;137;137my[38;2;2;0;203m`[38;2;0;0;225m4[38;2;0;0;219mg        [39m
 [38;2;0;0;0m      [38;2;0;0;226mg[38;2;0;0;222mF [38;2;204;204;204mg[38;2;251;251;251m@[38;2;252;252;252m@@@@@@@@@@@@@@@@[38;2;251;251;251m@[38;2;171;171;171m@ [38;2;0;0;211m?[38;2;0;0;224m$       [39m
 [38;2;0;0;0m     [38;2;1;0;210mj[38;2;0;0;230mF [38;2;191;191;191mg[38;2;251;251;251m@@[38;2;217;217;217mP[38;2;174;174;174mP[38;2;217;217;217m@[38;2;251;251;251m@[38;2;252;252;252m@@@@@[38;2;237;237;237m@[38;2;203;203;203mF[38;2;189;189;189mR[38;2;243;243;243m@[38;2;251;251;251m@[38;2;252;252;252m@@@[38;2;251;251;251m@[38;2;166;166;166m@ [38;2;0;0;218m4[38;2;0;0;219ml      [39m
 [38;2;0;0;0m     [38;2;0;0;218m@[38;2;0;0;181m[ [38;2;242;242;242m@[38;2;252;252;252m@[38;2;251;251;251m@[38;2;203;203;203mg[38;2;144;144;144my [38;2;163;163;163m`[38;2;241;241;241m~[38;2;179;179;179mR[38;2;248;248;248m@[38;2;252;252;252m@@[38;2;237;237;237m@[38;2;199;199;199my[38;2;214;214;214m_ [38;2;165;165;165m~[38;2;136;136;136m5[38;2;198;198;198m@[38;2;252;252;252m@@[38;2;248;248;248m@  [38;2;0;0;225m$      [39m
 [38;2;0;0;0m     [38;2;0;0;226m@  [38;2;249;249;249m@[38;2;252;252;252m@@[38;2;234;234;234m@[38;2;221;221;221mF[38;2;220;220;220m~ [38;2;118;118;118m_[38;2;171;171;171my[38;2;213;213;213m@[38;2;252;252;252m@@[38;2;251;251;251m@[38;2;202;202;202m@[38;2;194;194;194mF[38;2;113;113;113m~ [38;2;206;206;206m_[38;2;207;207;207my[38;2;250;250;250m@[38;2;252;252;252m@[38;2;251;251;251m@  [38;2;0;0;226m@      [39m
 [38;2;0;0;0m     [38;2;0;0;226m@  [38;2;249;249;249m@[38;2;252;252;252m@[38;2;251;251;251m@[38;2;166;166;166my[38;2;143;143;143my[38;2;217;217;217my[38;2;208;208;208m@[38;2;251;251;251m@[38;2;252;252;252m@@@@[38;2;213;213;213m@[38;2;242;242;242m_[38;2;174;174;174my[38;2;225;225;225mg[38;2;235;235;235m@[38;2;251;251;251m@[38;2;252;252;252m@@@[38;2;251;251;251m@  [38;2;0;0;226m@      [39m
 [38;2;0;0;0m     [38;2;0;0;226m@  [38;2;249;249;249m@[38;2;252;252;252m@@@@@@@@@@@@@@@@@@@@[38;2;251;251;251m@  [38;2;0;0;226m@      [39m
 [38;2;0;0;0m     [38;2;0;0;226m@  [38;2;249;249;249m@[38;2;252;252;252m@@@@@@@@@@@@@@@@@@@@[38;2;251;251;251m@  [38;2;0;0;226m@      [39m
 [38;2;0;0;0m     [38;2;0;0;226m@  [38;2;249;249;249m@[38;2;252;252;252m@@@@@@@@@@@@@@@@@@@@[38;2;251;251;251m@  [38;2;0;0;227m@      [39m
 [38;2;0;0;0m     [38;2;0;0;226m@  [38;2;249;249;249m@[38;2;252;252;252m@@@@@@@@@@@@@@@@@@@@[38;2;251;251;251m@  [38;2;0;0;227m@      [39m
 [38;2;0;0;0m     [38;2;0;0;219m@[38;2;0;0;215m, [38;2;239;239;239m@[38;2;252;252;252m@@@@@@@@@@@@@@@@@@@@[38;2;247;247;247m@ [38;2;1;0;172mj[38;2;0;0;222m@      [39m
 [38;2;0;0;0m     [38;2;1;1;212m`[38;2;0;0;227m@[38;2;0;0;224m_[38;2;196;196;196m`[38;2;176;176;177m#[38;2;234;234;234m@[38;2;247;247;247m@[38;2;241;241;241m@[38;2;176;176;176m@[38;2;251;251;251m~[38;2;252;252;252m~[38;2;149;149;149m5[38;2;207;207;207m@[38;2;246;246;246m@@[38;2;209;209;209m@[38;2;200;200;200mF[38;2;251;251;251m~~[38;2;201;201;201mR[38;2;242;242;242m@[38;2;247;247;247m@[38;2;235;235;235m@[38;2;211;211;211mP[38;2;137;137;137m~[38;2;0;0;223m_[38;2;0;0;222m@[38;2;0;0;233m'      [39m
 [38;2;0;0;0m      [38;2;1;1;212m`[38;2;0;0;215m4[38;2;0;0;219m@[38;2;0;0;218my[38;2;0;0;226m___[38;2;0;0;213my[38;2;0;0;227mg@[38;2;0;0;223mg[38;2;0;0;227m_[38;2;0;0;226m__[38;2;0;0;227m_[38;2;0;0;224mg[38;2;0;0;226m@[38;2;0;0;227mg[38;2;0;0;212my[38;2;0;0;226m___[38;2;0;0;218my[38;2;0;0;227ma[38;2;0;0;219mP[38;2;0;0;228m'       [39m
 [38;2;0;0;0m         [38;2;1;1;213m~[38;2;0;0;229m~[38;2;0;0;226m~[38;2;0;0;228m~[38;2;1;0;221m~  [38;2;0;0;224m`[38;2;0;0;228m~[38;2;0;0;227m~~[38;2;0;0;232m~[38;2;0;0;220m`  [38;2;0;0;221m~[38;2;0;0;227m~[38;2;0;0;226m~[38;2;0;0;229m~[38;2;1;1;212m~          [39m
 [38;2;0;0;0m                                       [39m
 [38;2;0;0;0m                                       [39m
[?25h