[?25l[39m [38;2;0;0;0m               [38;2;0;0;230m_[38;2;0;0;225m_[38;2;0;0;226m_[38;2;0;0;225m__[38;2;0;0;226m_[38;2;0;0;224m_[38;2;0;0;231m_                [39m
 [38;2;0;0;0m           [38;2;0;0;225m_[38;2;0;0;226ma[38;2;0;0;221mP[38;2;0;0;227m~[38;2;0;0;225m~[38;2;0;0;229m~[38;2;0;0;218m~[38;2;138;138;138m__[38;2;0;0;218m~[38;2;0;0;228m~[38;2;0;0;226m~[38;2;0;0;227m~[38;2;0;0;218mR[38;2;0;0;223mg[38;2;0;0;225m_            [39m
 [38;2;0;0;0m        [38;2;1;2;194m_[38;2;0;0;223ma[38;2;0;0;228mP[38;2;0;0;229m~[38;2;153;153;153m_[38;2;187;187;187my[38;2;234;234;234mg[38;2;232;232;232m$[38;2;250;250;250m@[38;2;251;251;251m@@@@@[38;2;225;225;225m@[38;2;234;234;234mg[38;2;186;186;186my[38;2;154;154;154m_[38;2;0;0;225m~[38;2;0;0;228m4[38;2;0;0;219mg[38;2;0;0;224m,         [39m
 [38;2;0;0;0m       [38;2;1;1;208my[38;2;0;0;229mP[38;2;0;0;215m`[38;2;135;135;135my[38;2;238;238;238mg[38;2;251;251;251m@[38;2;252;252;252m@@@@@@@@@@@@[38;2;251;251;251m@[38;2;211;211;211m$[38;2;214;214;214m_[38;2;0;0;215m`[38;2;0;0;230m4[38;2;0;1;208my        [39m
 [38;2;0;0;0m      [38;2;0;0;215mg[38;2;0;0;226mF [38;2;194;194;194mg[38;2;251;251;251m@[38;2;252;252;252m@@@@@@@@@@@@@@@@[38;2;251;251;251m@[38;2;191;191;191mg [38;2;0;0;216m?[38;2;1;0;210m$       [39m
 [38;2;0;0;0m     [38;2;1;1;196mj[38;2;0;0;233mF [38;2;183;183;183mg[38;2;251;251;251m@[38;2;252;252;252m@@[38;2;251;251;251m@@@@@[38;2;252;252;252m@@@@@[38;2;251;251;251m@@@@[38;2;252;252;252m@@[38;2;251;251;251m@[38;2;161;161;161m$ [38;2;0;0;215m5[38;2;0;0;211mi      [39m
 [38;2;0;0;0m     [38;2;0;0;222mg[38;2;0;0;183m[ [38;2;241;241;241m@[38;2;252;252;252m@[38;2;251;251;251m@[38;2;224;224;224mF[38;2;201;201;201m~[38;2;173;173;173mw[38;2;182;182;182ma[38;2;166;166;166mw[38;2;207;207;207m~[38;2;190;190;190mR[38;2;251;251;251m@@[38;2;205;205;205m@[38;2;237;237;237m~[38;2;159;159;159my[38;2;175;175;175ma[38;2;197;197;197mw[38;2;111;111;111mZ[38;2;144;144;144mM[38;2;245;245;245m@[38;2;252;252;252m@[38;2;248;248;248m@  [38;2;0;0;224m$      [39m
 [38;2;0;0;0m     [38;2;0;0;226m@  [38;2;249;249;249m@[38;2;251;251;251m@[38;2;164;164;164m@[38;2;85;85;85mu[38;2;178;178;178mF [38;2;154;154;154mg [38;2;199;199;199m$ [38;2;222;222;222m@[38;2;239;239;239m@ [38;2;189;189;189m$ [38;2;175;175;175ma [38;2;130;130;130m4[38;2;109;109;109mL[38;2;159;159;159m9[38;2;252;252;252m@[38;2;251;251;251m@  [38;2;0;0;226m@      [39m
 [38;2;0;0;0m     [38;2;0;0;226m@  [38;2;249;249;249m@[38;2;252;252;252m@[38;2;224;224;224m@[38;2;139;139;139m_[38;2;135;135;135m$[38;2;163;163;163mw[38;2;184;184;184my[38;2;189;189;189my[38;2;192;192;192my[38;2;227;227;227mg[38;2;251;251;251m@@[38;2;161;161;161my[38;2;156;156;156m?[38;2;141;141;141ma[38;2;164;164;164my[38;2;201;201;201ma[38;2;188;188;188my[38;2;219;219;219my[38;2;240;240;240m@[38;2;252;252;252m@[38;2;251;251;251m@  [38;2;0;0;226m@      [39m
 [38;2;0;0;0m     [38;2;0;0;226m@  [38;2;249;249;249m@[38;2;252;252;252m@@[38;2;251;251;251m@[38;2;221;221;221m$g[38;2;227;227;227my[38;2;221;221;221mg[38;2;251;251;251m@[38;2;252;252;252m@@@[38;2;251;251;251m@[38;2;235;235;235m@[38;2;241;241;241mg[38;2;196;196;196mg[38;2;207;207;207ma[38;2;228;228;228m@[38;2;252;252;252m@@@[38;2;251;251;251m@  [38;2;0;0;226m@      [39m
 [38;2;0;0;0m     [38;2;0;0;226m@  [38;2;249;249;249m@[38;2;252;252;252m@@@@@@@@@@@@@@@@@@@@[38;2;251;251;251m@  [38;2;0;0;226m@      [39m
 [38;2;0;0;0m     [38;2;0;0;226m@  [38;2;249;249;249m@[38;2;252;252;252m@@@@@@@@@@@@@@@@@@@@[38;2;251;251;251m@  [38;2;0;0;227m@      [39m
 [38;2;0;0;0m     [38;2;0;0;226m@  [38;2;249;249;249m@[38;2;252;252;252m@@@@@@@@@@@@@@@@@@@@[38;2;251;251;251m@  [38;2;0;0;227m@      [39m
 [38;2;0;0;0m     [38;2;0;0;225m@  [38;2;249;249;249m@[38;2;252;252;252m@@@@@@@@@@@@@@@@@@@@[38;2;251;251;251m@  [38;2;0;0;227m@      [39m
 [38;2;0;0;0m     [38;2;0;0;218m@[38;2;0;1;220m, [38;2;222;222;222m@[38;2;252;252;252m@@@@@@@@@@@@@@@@@@@@[38;2;237;237;237m@ [38;2;0;0;191mj[38;2;0;0;222m@      [39m
 [38;2;0;0;0m     [38;2;1;1;211m`[38;2;0;0;229m@_[38;2;90;90;90m`[38;2;138;138;138m5[38;2;183;183;183m@[38;2;218;218;218m@[38;2;200;200;200m@[38;2;214;214;214mF[38;2;231;231;231m~[38;2;196;196;196m~[38;2;243;243;243m~[38;2;187;187;187mR[38;2;212;212;212m@[38;2;214;214;214m@[38;2;170;170;170m@[38;2;246;246;246m~[38;2;197;197;197m~[38;2;222;222;222m~[38;2;169;169;169mP[38;2;197;197;197m@[38;2;220;220;220m@[38;2;191;191;191m@[38;2;198;198;198mF[38;2;104;104;104m`[38;2;0;0;229m_[38;2;0;0;227m@[38;2;0;0;234m'      [39m
 [38;2;0;0;0m      [38;2;1;1;211m`[38;2;0;0;212m4[38;2;0;0;227m@[38;2;0;0;228mg[38;2;0;0;217my[38;2;0;0;204my[38;2;0;0;213my[38;2;0;0;227mg[38;2;0;0;223m@[38;2;0;0;227m@[38;2;0;0;226mg[38;2;0;0;220mg[38;2;0;0;207myy[38;2;0;0;223ma[38;2;0;0;226mg[38;2;0;0;227m@[38;2;0;0;225m@[38;2;0;0;226mg[38;2;0;0;212my[38;2;0;0;204my[38;2;0;0;217my[38;2;0;0;227mg@[38;2;0;0;218mP[38;2;0;0;228m'       [39m
 [38;2;0;0;0m         [38;2;1;1;207m~[38;2;0;0;225m~[38;2;0;0;226m~[38;2;0;0;227m~[38;2;0;0;220m~  [38;2;0;0;218m`[38;2;0;0;225m~[38;2;0;0;226m~~[38;2;0;0;225m~[38;2;0;0;220m`  [38;2;0;0;216m~[38;2;0;0;226m~~~[38;2;1;1;208m~          [39m
 [38;2;0;0;0m                                       [39m
[?25h