[?25l[39m [38;2;0;0;0m                                       [39m
 [38;2;0;0;0m              [38;2;0;0;227m__[38;2;0;0;225m_[38;2;0;0;213my[38;2;0;0;220my[38;2;0;0;221my[38;2;0;0;214my[38;2;0;0;225m_[38;2;0;0;227m__               [39m
 [38;2;0;0;0m          [38;2;0;0;211m_[38;2;0;0;209my[38;2;0;0;226ma[38;2;0;0;218mP[38;2;0;0;225m~[38;2;0;0;231m~[38;2;134;134;134m_[38;2;222;222;222m_[38;2;253;253;253m__[38;2;222;222;222m_[38;2;134;134;134m_[38;2;0;0;229m~[38;2;0;0;226m~[38;2;0;0;227m=a[38;2;1;0;209my[38;2;1;0;213m_           [39m
 [38;2;0;0;0m        [38;2;0;0;219m_[38;2;0;0;229ma[38;2;0;0;218mF[38;2;0;0;210m~[38;2;131;131;131my[38;2;192;192;192mg[38;2;207;207;207m@[38;2;247;247;247m@[38;2;252;252;252m@[38;2;251;251;251m@[38;2;252;252;252m@@[38;2;251;251;251m@@[38;2;249;249;249m@[38;2;214;214;214m@[38;2;192;192;192mg[38;2;228;228;228m_[38;2;0;0;207m~[38;2;0;0;213m?[38;2;0;0;227ma[38;2;0;0;219m_         [39m
 [38;2;0;0;0m       [38;2;0;0;216mg[38;2;0;0;228mF [38;2;174;174;174my[38;2;214;214;214m@[38;2;251;251;251m@[38;2;252;252;252m@@@@@@@@@@@@[38;2;251;251;251m@[38;2;228;228;228m@[38;2;165;165;165my [38;2;0;0;200m#[38;2;0;0;217mg        [39m
 [38;2;0;0;0m      [38;2;0;0;225mg[38;2;0;0;214mF [38;2;220;220;220mg[38;2;251;251;251m@[38;2;252;252;252m@@@@@@@@@@@@@@@@[38;2;251;251;251m@[38;2;198;198;198m$ [38;2;0;0;220m~[38;2;0;0;222m$       [39m
 [38;2;0;0;0m     [38;2;1;0;207mj[38;2;0;0;229mF [38;2;203;203;203mg[38;2;251;251;251m@@[38;2;218;218;218mF[38;2;156;156;156mM[38;2;187;187;187m@[38;2;251;251;251m@[38;2;252;252;252m@@@@@@@@@@@@@[38;2;251;251;251m@[38;2;181;181;181m@ [38;2;0;0;220m?[38;2;0;0;219mi      [39m
 [38;2;0;0;0m     [38;2;0;0;218m@[38;2;0;0;176m[ [38;2;245;245;245m@[38;2;252;252;252m@[38;2;251;251;251m@[38;2;230;230;230mg[38;2;177;177;177my[38;2;150;150;150m_ [38;2;217;217;217m~[38;2;188;188;188mF[38;2;243;243;243m@[38;2;252;252;252m@[38;2;245;245;245m@[38;2;192;192;192mM[38;2;204;204;204mF[38;2;203;203;203mFFFF[38;2;188;188;188mM[38;2;245;245;245m@[38;2;252;252;252m@[38;2;250;250;250m@  [38;2;0;0;226m$      [39m
 [38;2;0;0;0m     [38;2;0;0;226m@  [38;2;249;249;249m@[38;2;252;252;252m@@[38;2;216;216;216m@[38;2;202;202;202mF~ [38;2;187;187;187m_[38;2;192;192;192my[38;2;224;224;224m@[38;2;252;252;252m@[38;2;236;236;236m@[38;2;203;203;203my[38;2;192;192;192myyyyy[38;2;206;206;206my[38;2;232;232;232m@[38;2;252;252;252m@[38;2;251;251;251m@  [38;2;0;0;226m@      [39m
 [38;2;0;0;0m     [38;2;0;0;226m@  [38;2;249;249;249m@[38;2;252;252;252m@[38;2;251;251;251m@[38;2;192;192;192my[38;2;172;172;172my[38;2;219;219;219ma[38;2;228;228;228m@[38;2;251;251;251m@[38;2;252;252;252m@@@@@@@@@@@@@[38;2;251;251;251m@  [38;2;0;0;226m@      [39m
 [38;2;0;0;0m     [38;2;0;0;226m@  [38;2;249;249;249m@[38;2;252;252;252m@@@@@@@@@@@@@@@@@@@@[38;2;251;251;251m@  [38;2;0;0;226m@      [39m
 [38;2;0;0;0m     [38;2;0;0;226m@  [38;2;249;249;249m@[38;2;252;252;252m@@@@@@@@@@@@@@@@@@@@[38;2;251;251;251m@  [38;2;0;0;227m@      [39m
 [38;2;0;0;0m     [38;2;0;0;226m@  [38;2;249;249;249m@[38;2;252;252;252m@@@@@@@@@@@@@@@@@@@@[38;2;251;251;251m@  [38;2;0;0;227m@      [39m
 [38;2;0;0;0m     [38;2;0;0;226m@  [38;2;249;249;249m@[38;2;252;252;252m@@@@@@@@@@@@@@@@@@@@[38;2;251;251;251m@  [38;2;0;0;226m@      [39m
 [38;2;0;0;0m     [38;2;0;0;221m@  [38;2;245;245;245m@[38;2;252;252;252m@@@@@@@@@@@@@@@@@@@@[38;2;249;249;249m@  [38;2;0;0;223m@      [39m
 [38;2;0;0;0m     [38;2;1;1;212m`[38;2;0;0;225m$[38;2;0;0;209m,[38;2;168;168;168m~[38;2;195;195;195m@[38;2;251;251;251m@[38;2;252;252;252m@@[38;2;226;226;226m@[38;2;210;210;210mF[38;2;181;181;181mF[38;2;162;162;162m@[38;2;245;245;245m@[38;2;252;252;252m@@[38;2;245;245;245m@[38;2;173;173;173m@[38;2;184;184;184mF[38;2;170;170;170mP[38;2;221;221;221m@[38;2;252;252;252m@[38;2;251;251;251m@@[38;2;208;208;208m@[38;2;195;195;195m~ [38;2;0;0;230ma[38;2;0;0;231m'      [39m
 [38;2;0;0;0m      [38;2;1;0;217m`[38;2;0;0;224m4[38;2;0;0;225mg[38;2;0;0;226m_[38;2;0;0;225m_[38;2;140;140;140m`[38;2;0;0;227m_[38;2;0;0;225m_[38;2;0;0;222ma[38;2;0;0;227ma[38;2;0;0;208my[38;2;0;0;225m_[38;2;133;133;133m``[38;2;0;0;226m_[38;2;0;0;208my[38;2;0;0;226ma[38;2;0;0;217mg[38;2;0;0;225m_[38;2;102;102;102m`[38;2;142;142;142m`[38;2;0;0;226m_[38;2;0;0;225m_[38;2;0;0;226mg[38;2;0;0;227mP[38;2;1;1;200m~       [39m
 [38;2;0;0;0m        [38;2;4;4;183m`[38;2;0;0;223m~[38;2;0;0;226m~~~~[38;2;2;1;202m` [38;2;1;2;200m~[38;2;0;0;226m~~~~[38;2;2;2;202m~ [38;2;2;1;201m`[38;2;0;0;224m~[38;2;0;0;226m~~~[38;2;0;0;223m~[38;2;2;4;187m`         [39m
 [38;2;0;0;0m                                       [39m
[?25h