[?25l[39m [38;2;0;0;0m                 [38;2;1;0;208m_[38;2;0;0;231m_[38;2;1;0;234m_[38;2;0;0;230m_[38;2;2;0;207m_                 [39m
 [38;2;0;0;0m            [38;2;0;0;228m_[38;2;1;0;211my[38;2;0;0;228ma[38;2;0;0;222mP[38;2;0;0;223m=[38;2;0;0;228m~[38;2;0;0;226m~[38;2;0;0;225m~~[38;2;0;0;227m~[38;2;0;0;216m=[38;2;0;0;220m4[38;2;0;0;226ma[38;2;0;0;219my[38;2;0;0;227m_            [39m
 [38;2;0;0;0m          [38;2;1;1;205my[38;2;0;0;218m@[38;2;0;0;225m~[38;2;0;0;206m~[38;2;227;227;227m_[38;2;196;196;196my[38;2;225;225;225mg[38;2;252;252;252mg[38;2;232;232;232m$[38;2;228;228;228m@[38;2;224;224;224m@[38;2;228;228;228m$[38;2;249;249;249mg[38;2;221;221;221my[38;2;175;175;175my[38;2;170;170;170m_[38;2;0;0;225m~[38;2;0;0;220m4[38;2;0;0;226ma[38;2;0;0;228m_         [39m
 [38;2;0;0;0m        [38;2;0;0;215m_[38;2;0;0;221m@[38;2;0;0;227m~[38;2;82;82;82m_[38;2;182;182;182mg[38;2;233;233;233m@[38;2;251;251;251m@[38;2;252;252;252m@@@@@@@@@@[38;2;251;251;251m@[38;2;225;225;225m@[38;2;200;200;200my[38;2;71;71;71m,[38;2;0;0;225m~[38;2;0;0;222m$[38;2;1;0;211m_       [39m
 [38;2;0;0;0m       [38;2;0;0;214m_[38;2;0;0;217m@ [38;2;158;158;158my[38;2;237;237;237m@[38;2;252;252;252m@@@@@@@@@@@@@@@@[38;2;245;245;245m@[38;2;166;166;166my [38;2;0;0;227m4[38;2;0;0;226m_      [39m
 [38;2;0;0;0m       [38;2;0;0;231m@ [38;2;134;134;135my[38;2;248;248;248m@[38;2;252;252;252m@@@@[38;2;251;251;251m@[38;2;231;231;231m@[38;2;241;241;241m@[38;2;251;251;251m@[38;2;252;252;252m@@@@@@@@@@[38;2;251;251;251m@[38;2;154;154;154mg [38;2;0;0;222mR[38;2;1;1;200mi     [39m
 [38;2;0;0;0m      [38;2;0;0;217mJ[38;2;1;0;209m[ [38;2;219;219;219m$[38;2;252;252;252m@@@@@[38;2;234;234;234m@[38;2;232;232;232m_ [38;2;148;148;148m~[38;2;176;176;176mT[38;2;181;181;181m@[38;2;250;250;250m@[38;2;252;252;252m@@[38;2;251;251;251m@[38;2;252;252;252m@@@@@[38;2;249;249;249m@  [38;2;0;0;228m$     [39m
 [38;2;0;0;0m      [38;2;0;0;221m4  [38;2;239;239;239m@[38;2;252;252;252m@@@@@@[38;2;251;251;251m@[38;2;216;216;216m@[38;2;132;132;132m=  [38;2;166;166;166m_[38;2;233;233;233m@[38;2;251;251;251m@[38;2;158;158;158m@[38;2;124;124;124m_[38;2;119;119;119m_____  [38;2;0;0;231m@     [39m
 [38;2;0;0;0m      [38;2;1;0;212m@  [38;2;243;243;243m@[38;2;252;252;252m@@@@@[38;2;228;228;228m@[38;2;165;165;165m`[38;2;74;74;74m_[38;2;158;158;158my[38;2;207;207;207mg[38;2;224;224;224m@[38;2;251;251;251m@[38;2;252;252;252m@@@@[38;2;251;251;251m@@@@@[38;2;100;100;101mL [38;2;0;0;230m@     [39m
 [38;2;0;0;0m      [38;2;1;0;219m@  [38;2;249;249;249m@[38;2;252;252;252m@@@@@@[38;2;250;250;250m@[38;2;251;251;251m@[38;2;252;252;252m@@@@@@@@@@@@[38;2;251;251;251m@[38;2;69;69;69mL [38;2;0;0;229m@     [39m
 [38;2;0;0;0m      [38;2;0;0;230m@  [38;2;249;249;249m@[38;2;252;252;252m@@@@@@@@@@@@@@@@@@@@[38;2;251;251;251m@  [38;2;0;0;223m@     [39m
 [38;2;0;0;0m      [38;2;0;0;236m@ [38;2;108;108;108m4[38;2;251;251;251m@[38;2;252;252;252m@@@@@@@@@@@@@@@@@@@@[38;2;242;242;242m@ [38;2;0;0;181mj[38;2;0;0;214m$     [39m
 [38;2;0;0;0m      [38;2;0;0;232m@ [38;2;157;157;158m4[38;2;251;251;251m@[38;2;252;252;252m@@@@@@@@@@@@@@@@@@@@[38;2;225;225;225m@ [38;2;0;0;209mJ[38;2;0;0;223m[     [39m
 [38;2;0;0;0m     [38;2;2;2;185mj[38;2;0;0;212m$ [38;2;172;172;172m$[38;2;252;252;252m@@@@@@@@@@@@@@@@@@@@@[38;2;188;188;188m$ [38;2;0;0;221mg[38;2;1;1;198m[     [39m
 [38;2;0;0;0m     [38;2;2;1;201m4[38;2;0;0;218m[ [38;2;192;192;192m$[38;2;252;252;252m@@@@@@@@@@@@@@@@@@@@[38;2;251;251;251m@[38;2;154;154;154mF [38;2;0;0;233m$      [39m
 [38;2;0;0;0m     [38;2;2;2;192m`[38;2;0;0;230m@[38;2;0;0;226m_[38;2;101;101;101m`[38;2;194;194;194m4[38;2;210;210;210mF[38;2;251;251;251m~[38;2;149;149;149mM[38;2;201;201;201m@[38;2;250;250;250m@[38;2;251;251;251m@[38;2;241;241;241m@[38;2;175;175;175m@[38;2;167;167;167mF[38;2;251;251;251m~[38;2;159;159;159m@[38;2;240;240;240m@[38;2;251;251;251m@[38;2;249;249;249m@[38;2;209;209;209m@[38;2;195;195;195mF[38;2;251;251;251m~[38;2;155;155;155m5[38;2;186;186;186m@[38;2;221;221;221m~[38;2;1;0;192m_[38;2;0;0;225mg[38;2;0;0;219mF      [39m
 [38;2;0;0;0m      [38;2;2;1;209m`[38;2;0;0;219m4[38;2;0;0;220m$[38;2;0;0;214my[38;2;0;0;223ma[38;2;0;0;226m@[38;2;0;0;225mg[38;2;0;0;227m_[38;2;0;0;225m__[38;2;0;0;226m_[38;2;0;0;213my[38;2;0;0;225mg[38;2;0;0;226mg[38;2;0;0;209my[38;2;0;0;226m_[38;2;0;0;223m_[38;2;0;0;225m_[38;2;0;0;227m_g[38;2;0;0;226m@[38;2;0;0;217mg[38;2;0;0;209mw[38;2;0;0;228mgP[38;2;0;0;213m~       [39m
 [38;2;0;0;0m         [38;2;0;0;223m~[38;2;0;0;227m` [38;2;0;0;225m`[38;2;0;0;226m~[38;2;0;0;227m~~[38;2;0;0;226m~[38;2;0;0;220m~  [38;2;0;0;222m~[38;2;0;0;226m~[38;2;0;0;227m~~[38;2;0;0;226m~[38;2;1;0;211m` [38;2;2;1;203m~[38;2;0;0;225m~[38;2;3;2;199m`         [39m
 [38;2;0;0;0m                                       [39m
[?25h