[?25l[39m [38;2;0;0;0m              [38;2;0;0;229m_[38;2;0;0;226m_[38;2;1;1;211my[38;2;0;0;217ma[38;2;0;0;223mgg[38;2;0;0;221my[38;2;1;1;210my[38;2;0;0;226m_[38;2;0;0;229m_               [39m
 [38;2;0;0;0m          [38;2;0;0;225m_[38;2;0;0;214ma[38;2;0;0;218m@[38;2;0;0;220mP[38;2;0;0;225m~[38;2;0;0;229m~[38;2;109;109;109m_[38;2;228;228;228m_[38;2;237;237;237m__[38;2;228;228;228m_[38;2;109;109;109m_[38;2;0;0;227m~[38;2;0;0;226m~[38;2;0;0;227m=[38;2;0;0;221m@[38;2;0;0;217my[38;2;0;0;226m_           [39m
 [38;2;0;0;0m        [38;2;0;0;226m_[38;2;0;0;228mg[38;2;0;0;219mF[38;2;1;0;212m~[38;2;223;223;223m_[38;2;215;215;215my[38;2;252;252;252mg[38;2;248;248;248m@[38;2;251;251;251m@[38;2;252;252;252m@@@@[38;2;251;251;251m@[38;2;250;250;250m@[38;2;219;219;219m$[38;2;215;215;215my[38;2;223;223;223m_[38;2;0;0;209m~[38;2;0;0;214m?[38;2;0;0;220m@[38;2;0;0;226m_         [39m
 [38;2;0;0;0m       [38;2;0;0;221mg[38;2;0;0;222mP[38;2;0;0;190m'[38;2;175;175;175my[38;2;213;213;213m@[38;2;251;251;251m@[38;2;252;252;252m@@@@@@@@@@@@[38;2;251;251;251m@[38;2;226;226;226m@[38;2;166;166;166my [38;2;0;0;203m#[38;2;0;0;222mg        [39m
 [38;2;0;0;0m      [38;2;0;0;227mg[38;2;0;0;216mF [38;2;216;216;216mg[38;2;251;251;251m@[38;2;252;252;252m@@@@@@@@@@@@@@@@[38;2;251;251;251m@[38;2;195;195;195m$ [38;2;0;0;220m~[38;2;0;0;225m$       [39m
 [38;2;0;0;0m     [38;2;0;0;211mj[38;2;0;0;229mF [38;2;202;202;202mg[38;2;251;251;251m@@[38;2;222;222;222mF[38;2;148;148;148m5[38;2;193;193;193m@[38;2;250;250;250m@[38;2;252;252;252m@@@@@@@@@@@@@[38;2;251;251;251m@[38;2;178;178;178m@ [38;2;0;0;221m?[38;2;0;0;220ml      [39m
 [38;2;0;0;0m     [38;2;0;0;219m@[38;2;0;0;177m[ [38;2;244;244;244m@[38;2;252;252;252m@[38;2;251;251;251m@[38;2;227;227;227mg[38;2;171;171;171my[38;2;115;115;115m_[38;2;100;100;100m`[38;2;224;224;224m~[38;2;173;173;173mP[38;2;244;244;244m@[38;2;252;252;252m@[38;2;246;246;246m@[38;2;220;220;220mF[38;2;209;209;209mFFFFF[38;2;181;181;181m#[38;2;246;246;246m@[38;2;252;252;252m@[38;2;249;249;249m@  [38;2;0;0;226m$      [39m
 [38;2;0;0;0m     [38;2;0;0;226m@  [38;2;249;249;249m@[38;2;252;252;252m@[38;2;251;251;251m@[38;2;217;217;217m@[38;2;206;206;206mF[38;2;203;203;203m~ [38;2;177;177;177m_[38;2;189;189;189my[38;2;221;221;221m@[38;2;252;252;252m@[38;2;234;234;234m@[38;2;201;201;201my[38;2;191;191;191myyyyy[38;2;204;204;204my[38;2;230;230;230m@[38;2;252;252;252m@[38;2;251;251;251m@  [38;2;0;0;226m@      [39m
 [38;2;0;0;0m     [38;2;0;0;226m@  [38;2;249;249;249m@[38;2;252;252;252m@[38;2;251;251;251m@[38;2;187;187;187my[38;2;166;166;166my[38;2;211;211;211mg[38;2;227;227;227m@[38;2;251;251;251m@[38;2;252;252;252m@@@@@@@@@@@@@[38;2;251;251;251m@  [38;2;0;0;226m@      [39m
 [38;2;0;0;0m     [38;2;0;0;226m@  [38;2;249;249;249m@[38;2;252;252;252m@@@@@@@@@@@@@@@@@@@@[38;2;251;251;251m@  [38;2;0;0;226m@      [39m
 [38;2;0;0;0m     [38;2;0;0;226m@  [38;2;249;249;249m@[38;2;252;252;252m@@@@@@@@@@@@@@@@@@@@[38;2;251;251;251m@  [38;2;0;0;226m@      [39m
 [38;2;0;0;0m     [38;2;0;0;226m@  [38;2;249;249;249m@[38;2;252;252;252m@@@@@@@@@@@@@@@@@@@@[38;2;251;251;251m@  [38;2;0;0;227m@      [39m
 [38;2;0;0;0m     [38;2;0;0;226m@  [38;2;249;249;249m@[38;2;252;252;252m@@@@@@@@@@@@@@@@@@@@[38;2;251;251;251m@  [38;2;0;0;227m@      [39m
 [38;2;0;0;0m     [38;2;0;0;220m@[38;2;0;0;217m, [38;2;240;240;240m@[38;2;252;252;252m@@@@@@@@@@@@@@@@@@@@[38;2;247;247;247m@  [38;2;0;0;223m@      [39m
 [38;2;0;0;0m     [38;2;1;0;213m`[38;2;0;0;226m@[38;2;0;0;219m_[38;2;107;107;107m~[38;2;185;185;185mA[38;2;239;239;239m@[38;2;249;249;249m@[38;2;245;245;245m@[38;2;185;185;185m@[38;2;163;163;163mF[38;2;252;252;252m~[38;2;162;162;162mM[38;2;215;215;215m@[38;2;248;248;248m@@[38;2;219;219;219m@[38;2;209;209;209mF[38;2;252;252;252m~[38;2;251;251;251m~[38;2;208;208;208mR[38;2;245;245;245m@[38;2;249;249;249m@[38;2;241;241;241m@[38;2;222;222;222mP[38;2;149;149;149m~[38;2;0;0;219m_[38;2;0;0;231mg[38;2;1;1;199mF      [39m
 [38;2;0;0;0m      [38;2;2;1;199m~[38;2;0;0;225m4[38;2;0;0;227mg[38;2;0;0;216my[38;2;0;0;226m___[38;2;0;0;208my[38;2;0;0;227mg@[38;2;0;0;220mg[38;2;0;0;226m____[38;2;0;0;223ma[38;2;0;0;224m@[38;2;0;0;226mg[38;2;0;0;208my[38;2;0;0;226m___[38;2;0;0;216my[38;2;0;0;227mg[38;2;0;0;226mP[38;2;0;1;207m~       [39m
 [38;2;0;0;0m        [38;2;1;3;199m`[38;2;0;0;228m~[38;2;0;0;225m~~~[38;2;0;0;229m~[38;2;0;0;214m` [38;2;2;0;214m~[38;2;0;0;226m~[38;2;0;0;225m~~[38;2;0;0;226m~[38;2;1;0;213m~ [38;2;2;0;212m`[38;2;0;0;227m~[38;2;0;0;225m~~~[38;2;0;0;228m~[38;2;2;2;203m`         [39m
 [38;2;0;0;0m                                       [39m
 [38;2;0;0;0m                                       [39m
[?25h