[?25l[39m [38;2;0;0;0m               [38;2;0;0;227m_[38;2;0;0;226m_[38;2;0;0;224m_[38;2;0;0;226m_[38;2;0;0;225m__[38;2;0;0;227m__                [39m
 [38;2;0;0;0m           [38;2;0;0;228m_[38;2;0;0;220mg[38;2;0;0;219m#[38;2;0;0;224m=[38;2;0;0;225m~[38;2;0;0;228m~~[38;2;0;0;222m~[38;2;0;0;221m~[38;2;0;0;228m~~[38;2;0;0;225m~[38;2;0;0;224m=[38;2;0;0;213m@[38;2;0;0;220mg[38;2;0;0;228m_            [39m
 [38;2;0;0;0m         [38;2;1;0;214ma[38;2;0;0;229mP[38;2;0;0;227m~[38;2;111;111;111m_[38;2;176;176;176my[38;2;221;221;221ma[38;2;220;220;220m$[38;2;245;245;245m@[38;2;251;251;251m@@@@[38;2;248;248;248m@[38;2;225;225;225m$[38;2;211;211;211mg[38;2;173;173;173my[38;2;112;112;112m_[38;2;0;0;225m~[38;2;0;0;219mRy[38;2;2;0;212m,         [39m
 [38;2;0;0;0m       [38;2;0;0;231m_[38;2;0;0;215m@[38;2;0;0;207m~[38;2;185;185;185m_[38;2;231;231;231mg[38;2;250;250;250m@[38;2;252;252;252m@@@@@@@@@@@@[38;2;251;251;251m@[38;2;231;231;231mg[38;2;186;186;186m_[38;2;0;0;201m~[38;2;0;0;230m4[38;2;0;0;231m_        [39m
 [38;2;0;0;0m      [38;2;1;0;209mg[38;2;0;0;230mF [38;2;183;183;183mg[38;2;250;250;250m@[38;2;252;252;252m@@@@@@@@@@@@@@@@[38;2;251;251;251m@[38;2;179;179;179mg [38;2;0;0;196m5[38;2;1;0;209mg       [39m
 [38;2;0;0;0m     [38;2;2;1;190mj[38;2;0;0;216m@ [38;2;173;173;173mg[38;2;251;251;251m@[38;2;252;252;252m@[38;2;193;193;193m@[38;2;198;198;198mA[38;2;240;240;240m@[38;2;251;251;251m@[38;2;252;252;252m@@@@@@@@@@@@@[38;2;251;251;251m@[38;2;146;146;146m@ [38;2;0;0;218mR[38;2;1;0;207mi      [39m
 [38;2;0;0;0m     [38;2;0;0;221mg[38;2;1;1;195m' [38;2;238;238;238m@[38;2;252;252;252m@[38;2;251;251;251m@[38;2;210;210;210my[38;2;224;224;224m_ [38;2;155;155;155m~[38;2;178;178;178mT[38;2;186;186;186m@[38;2;252;252;252m@@[38;2;251;251;251m@[38;2;205;205;205m@[38;2;218;218;218mRRRRR[38;2;206;206;206m@[38;2;251;251;251m@[38;2;252;252;252m@[38;2;247;247;247m@  [38;2;0;0;223m$      [39m
 [38;2;0;0;0m     [38;2;0;0;225m@  [38;2;249;249;249m@[38;2;252;252;252m@@[38;2;247;247;247m@[38;2;179;179;179m@[38;2;145;145;145mF  [38;2;134;134;134my[38;2;202;202;202m@[38;2;251;251;251m@[38;2;221;221;221m@[38;2;141;141;141my[38;2;253;253;253m____[38;2;252;252;252m_[38;2;151;151;151my[38;2;214;214;214m@[38;2;252;252;252m@[38;2;251;251;251m@  [38;2;0;0;227m@      [39m
 [38;2;0;0;0m     [38;2;0;0;225m@  [38;2;249;249;249m@[38;2;252;252;252m@[38;2;251;251;251m@[38;2;235;235;235m_[38;2;220;220;220m_[38;2;192;192;192my[38;2;240;240;240mg[38;2;245;245;245m@[38;2;251;251;251m@[38;2;252;252;252m@@@@@@@@@@@@[38;2;251;251;251m@  [38;2;0;0;227m@      [39m
 [38;2;0;0;0m     [38;2;0;0;225m@  [38;2;249;249;249m@[38;2;252;252;252m@@@[38;2;251;251;251m@[38;2;252;252;252m@@@@@@@@@@@@@@@@[38;2;251;251;251m@  [38;2;0;0;227m@      [39m
 [38;2;0;0;0m     [38;2;0;0;225m@  [38;2;249;249;249m@[38;2;252;252;252m@@@@@@@@@@@@@@@@@@@@[38;2;251;251;251m@  [38;2;0;0;227m@      [39m
 [38;2;0;0;0m     [38;2;0;0;225m@  [38;2;249;249;249m@[38;2;252;252;252m@@@@@@@@@@@@@@@@@@@@[38;2;251;251;251m@  [38;2;0;0;227m@      [39m
 [38;2;0;0;0m     [38;2;0;0;225m@  [38;2;249;249;249m@[38;2;252;252;252m@@@@@@@@@@@@@@@@@@@@[38;2;251;251;251m@  [38;2;0;0;227m@      [39m
 [38;2;0;0;0m     [38;2;0;0;226m@  [38;2;249;249;249m@[38;2;252;252;252m@@@@@@@@@@@@@@@@@@@@[38;2;251;251;251m@  [38;2;0;0;226m@      [39m
 [38;2;0;0;0m     [38;2;0;0;219m@[38;2;0;0;220m, [38;2;232;232;232m@[38;2;252;252;252m@@@@@@@@@@@@@@@@@@@@[38;2;242;242;242m@ [38;2;1;0;182mj[38;2;0;0;222m@      [39m
 [38;2;0;0;0m     [38;2;1;1;212m`[38;2;0;0;228m@[38;2;0;0;230m_[38;2;144;144;144m`[38;2;159;159;159m5[38;2;208;208;208m@[38;2;228;228;228m@[38;2;179;179;179m@[38;2;161;161;161mF[38;2;227;227;227m~[38;2;244;244;244m~[38;2;184;184;184mR[38;2;224;224;224m@[38;2;232;232;232m@[38;2;205;205;205m@F[38;2;233;233;233m~[38;2;230;230;230m~[38;2;155;155;155m5[38;2;204;204;204m@[38;2;232;232;232m@[38;2;225;225;225m@[38;2;166;166;166m@[38;2;245;245;245m~[38;2;153;153;153m`[38;2;0;0;226m_[38;2;0;0;225m@[38;2;0;0;232m'      [39m
 [38;2;0;0;0m      [38;2;1;0;214m`[38;2;0;0;217m4[38;2;0;0;226m@[38;2;0;0;225mg[38;2;0;0;203my[38;2;0;0;227m_[38;2;0;0;213ma[38;2;0;0;227mg[38;2;0;0;228m@[38;2;0;0;227mg[38;2;0;0;222my[38;2;0;0;227m__[38;2;0;0;206my[38;2;0;0;226mg[38;2;0;0;225m@@[38;2;0;0;226mg[38;2;0;0;204my[38;2;0;0;227m__[38;2;0;0;220ma[38;2;0;0;226mg[38;2;0;0;228m@[38;2;0;0;222mP[38;2;0;0;231m'       [39m
 [38;2;0;0;0m         [38;2;0;0;216m~[38;2;0;0;226m~~~[38;2;0;0;219m` [38;2;2;1;206m`[38;2;0;0;224m~[38;2;0;0;227m~~[38;2;0;0;226m~[38;2;2;0;211m~  [38;2;2;1;210m~[38;2;0;0;226m~[38;2;0;0;227m~~[38;2;0;0;225m~[38;2;2;2;201m`          [39m
 [38;2;0;0;0m                                       [39m
[?25h