[?25l[39m [38;2;0;0;0m                                       [39m
 [38;2;0;0;0m            [38;2;0;0;219m_[38;2;0;0;226m_[38;2;1;0;214ma[38;2;0;0;227mg[38;2;1;0;216m@[38;2;0;0;223m@[38;2;0;0;226m@@[38;2;0;0;223m@[38;2;0;0;217m@[38;2;0;0;227mg[38;2;0;0;220my[38;2;0;0;226m_[38;2;1;0;218m_             [39m
 [38;2;0;0;0m         [38;2;2;1;194m_[38;2;0;0;212my[38;2;0;0;220m@[38;2;0;0;221m@[38;2;0;0;219m=[38;2;0;0;226m~[38;2;0;0;227m~[38;2;190;190;190m_[38;2;253;253;253m_[38;2;142;142;142my[38;2;141;141;141my[38;2;253;253;253m_[38;2;190;190;190m_[38;2;0;0;225m~[38;2;0;0;227m~[38;2;0;0;220m=[38;2;0;0;221m@[38;2;0;0;224m@[38;2;1;0;212my[38;2;3;1;195m_          [39m
 [38;2;0;0;0m        [38;2;0;0;217ma[38;2;0;0;227m@[38;2;0;0;211mF[38;2;0;0;219m`[38;2;154;154;154my[38;2;215;215;215mg[38;2;222;222;222m@[38;2;251;251;251m@@[38;2;252;252;252m@@@@[38;2;251;251;251m@[38;2;252;252;252m@[38;2;228;228;228m@[38;2;215;215;215mg[38;2;146;146;146my[38;2;0;0;220m`[38;2;0;0;226m~@[38;2;1;0;214mg[38;2;2;1;192m,        [39m
 [38;2;0;0;0m      [38;2;1;1;190m_[38;2;0;0;224m@F [38;2;193;193;193my[38;2;228;228;228m@[38;2;252;252;252m@@@@@@@@@@@@@@[38;2;238;238;238m@[38;2;187;187;187my [38;2;0;0;218m?[38;2;0;0;227m@[38;2;0;0;234m,       [39m
 [38;2;0;0;0m      [38;2;0;0;228m@[38;2;0;0;206mF [38;2;229;229;229mg[38;2;251;251;251m@[38;2;252;252;252m@@@@@@@@@@@@@@@@[38;2;251;251;251m@[38;2;203;203;203m@ [38;2;0;0;213m~[38;2;0;0;229m@[38;2;1;0;204m,      [39m
 [38;2;0;0;0m     [38;2;0;0;221mJ[38;2;0;0;226mF [38;2;210;210;210mg[38;2;251;251;251m@@[38;2;200;200;200mF[38;2;173;173;173mT[38;2;196;196;196mR[38;2;247;247;247m@[38;2;251;251;251m@[38;2;252;252;252m@@@@@@@@@@@@[38;2;251;251;251m@[38;2;191;191;191m@ [38;2;0;0;216m?[38;2;1;0;210m$      [39m
 [38;2;0;0;0m     [38;2;0;0;223m@  [38;2;246;246;246m@[38;2;252;252;252m@[38;2;251;251;251m@[38;2;242;242;242mg[38;2;195;195;195my[38;2;187;187;187m_ [38;2;180;180;180m~[38;2;146;146;146m5[38;2;237;237;237m@[38;2;252;252;252m@[38;2;241;241;241m@[38;2;205;205;205mF[38;2;191;191;191mFFFFF[38;2;173;173;173mM[38;2;241;241;241m@[38;2;252;252;252m@[38;2;250;250;250m@  [38;2;0;0;225m@      [39m
 [38;2;0;0;0m     [38;2;0;0;226m@  [38;2;249;249;249m@[38;2;252;252;252m@[38;2;251;251;251m@[38;2;199;199;199m@[38;2;185;185;185mF[38;2;166;166;166m~ [38;2;225;225;225m_[38;2;208;208;208my[38;2;232;232;232m@[38;2;252;252;252m@[38;2;240;240;240m@[38;2;219;219;219my[38;2;209;209;209myyyyy[38;2;222;222;222my[38;2;237;237;237m@[38;2;252;252;252m@[38;2;251;251;251m@  [38;2;0;0;226m@      [39m
 [38;2;0;0;0m     [38;2;0;0;226m@  [38;2;249;249;249m@[38;2;252;252;252m@[38;2;251;251;251m@[38;2;204;204;204my[38;2;184;184;184my[38;2;233;233;233mg[38;2;242;242;242m@[38;2;251;251;251m@[38;2;252;252;252m@@@@@@@@@@@@@[38;2;251;251;251m@  [38;2;0;0;226m@      [39m
 [38;2;0;0;0m     [38;2;0;0;226m@  [38;2;249;249;249m@[38;2;252;252;252m@@@@@@@@@@@@@@@@@@@@[38;2;251;251;251m@  [38;2;0;0;226m@      [39m
 [38;2;0;0;0m     [38;2;0;0;226m@  [38;2;249;249;249m@[38;2;252;252;252m@@@@@@@@@@@@@@@@@@@@[38;2;251;251;251m@  [38;2;0;0;227m@      [39m
 [38;2;0;0;0m     [38;2;0;0;226m@  [38;2;249;249;249m@[38;2;252;252;252m@@@@@@@@@@@@@@@@@@@@[38;2;251;251;251m@  [38;2;0;0;227m@      [39m
 [38;2;0;0;0m     [38;2;0;0;224m@  [38;2;249;249;249m@[38;2;252;252;252m@@@@@@@@@@@@@@@@@@@@[38;2;251;251;251m@  [38;2;0;0;225m@      [39m
 [38;2;0;0;0m     [38;2;2;1;198m7[38;2;0;0;216m$ [38;2;169;169;169m7[38;2;243;243;243m@[38;2;251;251;251m@[38;2;252;252;252m@[38;2;251;251;251m@[38;2;250;250;250m@[38;2;190;190;190m@[38;2;219;219;219mP[38;2;218;218;218m@[38;2;251;251;251m@[38;2;252;252;252m@@[38;2;251;251;251m@[38;2;221;221;221m@[38;2;222;222;222mP[38;2;214;214;214mR[38;2;250;250;250m@[38;2;251;251;251m@[38;2;252;252;252m@[38;2;251;251;251m@[38;2;245;245;245m@[38;2;196;196;196mF [38;2;0;0;220mg[38;2;1;0;214mF      [39m
 [38;2;0;0;0m      [38;2;0;0;220m~[38;2;0;0;219m@[38;2;0;0;210my[38;2;0;0;227m_[38;2;152;152;152m~[38;2;225;225;225m~[38;2;198;198;198m~[38;2;0;0;226m_[38;2;0;0;225m_[38;2;0;0;218mg[38;2;0;0;227m_[38;2;192;192;192m`[38;2;217;217;217m~[38;2;222;222;222m~[38;2;104;104;104m~[38;2;0;0;227m_[38;2;0;0;221ma[38;2;0;0;225m_[38;2;0;0;226m_[38;2;185;185;185m~[38;2;226;226;226m~[38;2;174;174;174m~[38;2;0;0;227m_[38;2;0;0;210my[38;2;0;0;218m$[38;2;0;0;222m~       [39m
 [38;2;0;0;0m        [38;2;1;1;209m~[38;2;0;0;225m~[38;2;0;0;227m~[38;2;0;0;225m=[38;2;0;0;226m~[38;2;0;0;225m~[38;2;0;0;222m~`[38;2;0;0;228m~[38;2;0;0;226m~[38;2;0;0;223m=[38;2;0;0;222m=[38;2;0;0;227m~[38;2;0;0;229m~[38;2;0;0;222m`[38;2;0;0;221m~[38;2;0;0;226m~~=~[38;2;0;0;225m~[38;2;0;1;210m~         [39m
 [38;2;0;0;0m                                       [39m
 [38;2;0;0;0m                                       [39m
[?25h