[?25l[39m [38;2;0;0;0m                [38;2;0;0;209m_[38;2;0;0;232m___[38;2;0;0;233m_[38;2;0;0;210m_                 [39m
 [38;2;0;0;0m           [38;2;0;0;222m_[38;2;0;0;224m_[38;2;0;0;228ma[38;2;0;0;217m#[38;2;0;0;223m=[38;2;0;0;228m~[38;2;0;0;225m~[38;2;0;0;226m~~[38;2;0;0;224m~[38;2;0;0;227m~[38;2;0;0;223m=[38;2;0;0;216mR[38;2;0;0;226ma[38;2;1;1;201my[38;2;0;0;222m_            [39m
 [38;2;0;0;0m         [38;2;0;0;229m_[38;2;0;0;217m$[38;2;0;0;226m~[38;2;1;0;216m~[38;2;225;225;225m_[38;2;196;196;196my[38;2;228;228;228mg[38;2;252;252;252mg[38;2;225;225;225m@[38;2;243;243;243m@@[38;2;229;229;229m@[38;2;220;220;220m$[38;2;228;228;228mg[38;2;196;196;196my[38;2;225;225;225m_[38;2;0;0;215m~[38;2;0;0;226m~[38;2;0;0;219m@[38;2;0;0;229m_          [39m
 [38;2;0;0;0m       [38;2;0;0;217m_[38;2;0;0;220m@[38;2;0;0;228m~[38;2;99;99;99m_[38;2;186;186;186mg[38;2;233;233;233m@[38;2;251;251;251m@[38;2;252;252;252m@@@@@@@@@@[38;2;251;251;251m@[38;2;241;241;241m@[38;2;185;185;185mg[38;2;98;98;98m_[38;2;0;0;224m~[38;2;0;0;221m@[38;2;0;0;218m_        [39m
 [38;2;0;0;0m      [38;2;0;0;215mj[38;2;0;0;229mP [38;2;180;180;180my[38;2;242;242;242m@[38;2;252;252;252m@@@@@@@@@@@@@@@@[38;2;248;248;248m@[38;2;170;170;170my [38;2;0;0;227m4[38;2;0;0;224m_       [39m
 [38;2;0;0;0m      [38;2;0;0;224m@ [38;2;169;169;169my[38;2;251;251;251m@[38;2;252;252;252m@@@@@@@@@@@@@@@@@@[38;2;251;251;251m@[38;2;155;155;155my [38;2;0;0;224mB[38;2;0;0;231m,      [39m
 [38;2;0;0;0m     [38;2;0;0;218mg[38;2;0;0;192m[ [38;2;230;230;230m@[38;2;252;252;252m@[38;2;239;239;239m@[38;2;218;218;218mP[38;2;194;194;194mR[38;2;200;200;200mR[38;2;205;205;205mR[38;2;207;207;207mR[38;2;210;210;210mR[38;2;224;224;224m@[38;2;251;251;251m@@[38;2;198;198;198m@[38;2;211;211;211mRRRRR[38;2;197;197;197m@[38;2;252;252;252m@@[38;2;243;243;243m@  [38;2;0;0;220m$      [39m
 [38;2;0;0;0m     [38;2;0;0;226m@  [38;2;249;249;249m@[38;2;251;251;251m@[38;2;180;180;180m@[38;2;248;248;248m_[38;2;252;252;252m_[38;2;253;253;253m__[38;2;252;252;252m_[38;2;140;140;140my[38;2;199;199;199my[38;2;250;250;250m@[38;2;223;223;223m@[38;2;153;153;153my[38;2;142;142;142myyyyy[38;2;163;163;163my[38;2;216;216;216m@[38;2;252;252;252m@[38;2;251;251;251m@  [38;2;0;0;226m@      [39m
 [38;2;0;0;0m     [38;2;0;0;225m@  [38;2;249;249;249m@[38;2;252;252;252m@@@@@@@@@@@@@@@@@@@@[38;2;251;251;251m@  [38;2;0;0;226m@      [39m
 [38;2;0;0;0m     [38;2;0;0;225m@  [38;2;249;249;249m@[38;2;252;252;252m@@@@@@@@@@@@@@@@@@@@[38;2;251;251;251m@  [38;2;0;0;226m@      [39m
 [38;2;0;0;0m     [38;2;0;0;225m@  [38;2;250;250;250m@[38;2;252;252;252m@@@@@@@@@@@@@@@@@@@@[38;2;251;251;251m@  [38;2;0;0;226m@      [39m
 [38;2;0;0;0m     [38;2;0;0;225m@  [38;2;250;250;250m@[38;2;252;252;252m@@@@@@@@@@@@@@@@@@@@[38;2;251;251;251m@  [38;2;0;0;226m@      [39m
 [38;2;0;0;0m     [38;2;0;0;225m@  [38;2;249;249;249m@[38;2;252;252;252m@@@@@@@@@@@@@@@@@@@@[38;2;251;251;251m@  [38;2;0;0;226m@      [39m
 [38;2;0;0;0m     [38;2;0;0;225m@  [38;2;249;249;249m@[38;2;252;252;252m@@@@@@@@@@@@@@@@@@@@[38;2;251;251;251m@  [38;2;0;0;226m@      [39m
 [38;2;0;0;0m     [38;2;0;0;210m@[38;2;0;0;229mL [38;2;201;201;201m4[38;2;251;251;251m@[38;2;252;252;252m@@@[38;2;251;251;251m@[38;2;245;245;245m@[38;2;231;231;231m@[38;2;250;250;250m@[38;2;252;252;252m@@@@[38;2;250;250;250m@[38;2;229;229;229m@[38;2;243;243;243m@[38;2;251;251;251m@[38;2;252;252;252m@@@[38;2;251;251;251m@[38;2;160;160;160m@ [38;2;0;0;230mj[38;2;0;0;215m@      [39m
 [38;2;0;0;0m     [38;2;1;2;199m`[38;2;0;0;221m@[38;2;0;0;225mg[38;2;0;0;227m_[38;2;102;102;102m~[38;2;244;244;244m~[38;2;163;163;163mF[38;2;251;251;251m~[38;2;178;178;178m~[38;2;0;0;226m_[38;2;0;0;225m_[38;2;0;0;217m_[38;2;221;221;221m~[38;2;174;174;174mT[38;2;161;161;161mF[38;2;233;233;233m~[38;2;0;0;217m_[38;2;0;0;225m_[38;2;0;0;226m_[38;2;156;156;156m~[38;2;249;249;249m~[38;2;164;164;164mF[38;2;248;248;248m~[38;2;127;127;127m~[38;2;0;0;228m_[38;2;0;0;225mg[38;2;0;0;223m@[38;2;0;0;221m'      [39m
 [38;2;0;0;0m       [38;2;0;0;229m~[38;2;0;0;216mR[38;2;0;0;227m@[38;2;0;0;226m@[38;2;0;0;225m@[38;2;0;0;226m@@[38;2;0;0;216m@[38;2;0;0;230m=[38;2;0;0;227m@[38;2;0;0;226m@@@@[38;2;0;0;227m@[38;2;0;0;218mP[38;2;0;0;215m@[38;2;0;0;226m@@[38;2;0;0;225m@[38;2;0;0;227m@@[38;2;0;0;226mP[38;2;0;0;229m~        [39m
 [38;2;0;0;0m          [38;2;1;1;219m`[38;2;0;0;229m`[38;2;0;1;223m`    [38;2;3;2;191m`[38;2;0;0;228m``[38;2;2;2;191m`    [38;2;1;1;224m`[38;2;1;0;225m`[38;2;1;1;216m`           [39m
 [38;2;0;0;0m                                       [39m
[?25h