[?25l[39m [38;2;0;0;0m                                       [39m
 [38;2;0;0;0m              [38;2;0;0;219m_[38;2;0;0;226m__[38;2;1;1;200my[38;2;1;1;208my[38;2;1;1;210my[38;2;1;1;202my[38;2;0;0;227m___               [39m
 [38;2;0;0;0m           [38;2;0;0;226m_[38;2;0;0;227mg[38;2;0;0;215m@[38;2;0;0;219m=[38;2;0;0;225m~[38;2;0;0;231m~[38;2;110;110;110m_[38;2;147;147;147m_[38;2;151;151;151m_[38;2;128;128;128m_[38;2;0;0;232m~[38;2;0;0;225m~[38;2;0;0;226m~[38;2;0;0;224m4[38;2;0;0;227ma[38;2;1;1;208my[38;2;0;0;215m_           [39m
 [38;2;0;0;0m        [38;2;2;2;185m_[38;2;0;0;220ma[38;2;0;0;229mP[38;2;0;0;227m~[38;2;108;108;108m_[38;2;181;181;181my[38;2;227;227;227mg[38;2;222;222;222m@[38;2;249;249;249m@[38;2;252;252;252m@[38;2;251;251;251m@@[38;2;252;252;252m@@[38;2;237;237;237m@[38;2;244;244;244mg[38;2;208;208;208my[38;2;213;213;213m_[38;2;0;0;217m~[38;2;0;0;212m4[38;2;0;0;219m$[38;2;0;0;226m_         [39m
 [38;2;0;0;0m       [38;2;0;0;227m_[38;2;0;0;221m@[38;2;0;0;212m~[38;2;160;160;160m_[38;2;223;223;223mg[38;2;250;250;250m@[38;2;252;252;252m@@@@@@@@@@@@@[38;2;222;222;222m@[38;2;166;166;166my [38;2;0;0;197mN[38;2;0;0;224mg        [39m
 [38;2;0;0;0m      [38;2;0;0;220mj[38;2;0;0;227mP [38;2;190;190;190my[38;2;248;248;248m@[38;2;252;252;252m@@@@@@@@@@@@@@@@[38;2;251;251;251m@[38;2;203;203;203m@[38;2;71;71;71m,[38;2;0;0;212m~[38;2;0;0;230m$       [39m
 [38;2;0;0;0m      [38;2;0;0;230m@ [38;2;150;150;150my[38;2;237;237;237m@[38;2;210;210;210mF[38;2;200;200;200mR[38;2;248;248;248m@[38;2;251;251;251m@[38;2;252;252;252m@@@@@@@@@@@@@@@[38;2;211;211;211m@ [38;2;0;0;212m~$      [39m
 [38;2;0;0;0m     [38;2;1;1;207m4[38;2;1;0;211m[ [38;2;219;219;219m$[38;2;229;229;229m@[38;2;192;192;192my[38;2;185;185;185m_ [38;2;188;188;188m~[38;2;149;149;149m5[38;2;208;208;208m@[38;2;251;251;251m@@[38;2;227;227;227m@[38;2;221;221;221mPPPPPP[38;2;217;217;217m@[38;2;251;251;251m@[38;2;252;252;252m@@[38;2;251;251;251m@[38;2;111;111;111mL [38;2;0;0;231m@      [39m
 [38;2;0;0;0m     [38;2;0;0;213m4[38;2;0;0;201m[ [38;2;221;221;221m@[38;2;252;252;252m@[38;2;208;208;208m@[38;2;198;198;198mF[38;2;94;94;94m~ [38;2;200;200;200m_[38;2;206;206;206my[38;2;250;250;250m@[38;2;251;251;251m@[38;2;185;185;185mg[38;2;159;159;159myyyyyy[38;2;211;211;211my[38;2;250;250;250m@[38;2;252;252;252m@@@[38;2;136;136;136mF [38;2;0;0;236m$      [39m
 [38;2;0;0;0m     [38;2;0;0;214m4[38;2;0;0;199m[ [38;2;223;223;223m@[38;2;202;202;202m@[38;2;249;249;249m_[38;2;170;170;170my[38;2;226;226;226ma[38;2;233;233;233m@[38;2;251;251;251m@[38;2;252;252;252m@@@@@@@@@@@@@@[38;2;251;251;251m@[38;2;132;132;132mF [38;2;0;0;236m$      [39m
 [38;2;0;0;0m     [38;2;0;0;216m4[38;2;0;0;198m[ [38;2;227;227;227m@[38;2;252;252;252m@@@@@@@@@@@@@@@@@@@@@[38;2;126;126;126mF [38;2;0;0;237m$      [39m
 [38;2;0;0;0m     [38;2;0;0;218m4[38;2;0;0;193m[ [38;2;232;232;232m@[38;2;252;252;252m@@@@@@@@@@@@@@@@@@@@@[38;2;129;129;129mL [38;2;0;0;236m$      [39m
 [38;2;0;0;0m     [38;2;0;0;215mg  [38;2;238;238;238m@[38;2;252;252;252m@@@@@@@@@@@@@@@@@@@@[38;2;251;251;251m@[38;2;114;114;115mL [38;2;0;0;231m@      [39m
 [38;2;0;0;0m     [38;2;0;0;214m$  [38;2;244;244;244m@[38;2;252;252;252m@@@@@@@@@@@@@@@@@@@@[38;2;251;251;251m@[38;2;97;97;97mL [38;2;0;0;230m@      [39m
 [38;2;0;0;0m     [38;2;0;0;213m9[38;2;0;0;196mL [38;2;220;220;220m@[38;2;252;252;252m@@@@@@@@@@@@@@@@@@@@[38;2;245;245;245m@  [38;2;0;0;223m@      [39m
 [38;2;0;0;0m     [38;2;2;2;198m`[38;2;0;0;224m@[38;2;0;0;230m_[38;2;118;118;118m`[38;2;156;156;157m5[38;2;207;207;207mF[38;2;234;234;234m~[38;2;231;231;231m~[38;2;155;155;155m5[38;2;204;204;204m@[38;2;232;232;232m@[38;2;224;224;224m@[38;2;165;165;165m@[38;2;246;246;246m~[38;2;226;226;226m~[38;2;247;247;247m~[38;2;203;203;203mR[38;2;228;228;228m@[38;2;231;231;231m@[38;2;195;195;195m@[38;2;189;189;189mF[38;2;230;230;230m~[38;2;237;237;237m~[38;2;196;196;196mT[38;2;121;121;121m~[38;2;0;0;229m_[38;2;0;0;224m$[38;2;0;0;229m'      [39m
 [38;2;0;0;0m       [38;2;0;0;228m~[38;2;0;0;214m@[38;2;0;0;225mg[38;2;0;0;226mg[38;2;0;0;225mP[38;2;1;0;213m@[38;2;0;0;226mg[38;2;0;0;205my[38;2;0;0;227m_[38;2;0;0;226m_[38;2;0;0;220ma[38;2;0;0;225ma[38;2;0;0;221m4[38;2;0;0;228ma[38;2;0;0;215my[38;2;0;0;227m__[38;2;0;0;211my[38;2;0;0;226mg[38;2;0;0;225mP[38;2;0;0;217m@[38;2;0;0;228mg[38;2;0;0;212m@[38;2;0;0;229m~[38;2;3;2;186m`       [39m
 [38;2;0;0;0m              [38;2;0;0;227m`[38;2;1;1;212m~[38;2;1;1;201m~[38;2;2;1;198m`   [38;2;0;0;220m`[38;2;1;1;209m~[38;2;1;1;212m~[38;2;0;0;225m`              [39m
 [38;2;0;0;0m                                       [39m
[?25h