[?25l[39m [38;2;0;0;0m              [38;2;0;0;229m_[38;2;0;0;225m_[38;2;1;1;210my[38;2;0;0;221my[38;2;0;0;222maa[38;2;0;0;221my[38;2;0;1;210my[38;2;0;0;225m_[38;2;0;0;229m_               [39m
 [38;2;0;0;0m          [38;2;0;0;224m_[38;2;0;0;213ma[38;2;0;0;220m#[38;2;0;0;217m=[38;2;0;0;226m~[38;2;0;0;221m~[38;2;211;211;211m_[38;2;243;243;243m_[38;2;145;145;145my[38;2;144;144;144my[38;2;243;243;243m_[38;2;210;210;210m_[38;2;0;0;220m~[38;2;0;0;226m~[38;2;0;0;217m=[38;2;0;0;215m@[38;2;0;0;218my[38;2;0;0;226m_           [39m
 [38;2;0;0;0m        [38;2;0;0;226m_[38;2;0;0;228ma[38;2;0;0;210mF[38;2;1;0;220m`[38;2;154;154;154my[38;2;216;216;216ma[38;2;230;230;230m$[38;2;251;251;251m@@[38;2;252;252;252m@@@@[38;2;251;251;251m@@[38;2;224;224;224m@[38;2;207;207;207mg[38;2;144;144;144my[38;2;1;0;220m`[38;2;0;0;226m~[38;2;0;0;218m@[38;2;0;0;226m_         [39m
 [38;2;0;0;0m       [38;2;0;0;221mg[38;2;0;0;226mF [38;2;192;192;192my[38;2;230;230;230m@[38;2;251;251;251m@[38;2;252;252;252m@@@@@@@@@@@@@[38;2;239;239;239m@[38;2;185;185;185my [38;2;0;0;218m?[38;2;0;0;222mg        [39m
 [38;2;0;0;0m      [38;2;0;0;228mg[38;2;0;0;206mF [38;2;228;228;228mg[38;2;251;251;251m@[38;2;252;252;252m@@@@@@@@@@@@@@@@[38;2;251;251;251m@[38;2;202;202;202m@ [38;2;0;0;213m~[38;2;0;0;226m$       [39m
 [38;2;0;0;0m     [38;2;0;0;211mj[38;2;0;0;227mF [38;2;210;210;210mg[38;2;251;251;251m@@[38;2;207;207;207mF[38;2;175;175;175mT[38;2;179;179;179m@[38;2;248;248;248m@[38;2;251;251;251m@[38;2;252;252;252m@@@@@@@@@@@@[38;2;251;251;251m@[38;2;190;190;190m@ [38;2;0;0;217m?[38;2;0;0;219ml      [39m
 [38;2;0;0;0m     [38;2;0;0;218m@  [38;2;246;246;246m@[38;2;252;252;252m@[38;2;251;251;251m@[38;2;238;238;238mg[38;2;183;183;183my[38;2;152;152;152m_ [38;2;211;211;211m~[38;2;169;169;169mP[38;2;242;242;242m@[38;2;252;252;252m@[38;2;245;245;245m@[38;2;219;219;219mF[38;2;208;208;208mFFFFF[38;2;178;178;178m#[38;2;245;245;245m@[38;2;252;252;252m@[38;2;250;250;250m@  [38;2;0;0;226m$      [39m
 [38;2;0;0;0m     [38;2;0;0;226m@  [38;2;249;249;249m@[38;2;252;252;252m@[38;2;251;251;251m@[38;2;224;224;224m@[38;2;212;212;212mF[38;2;213;213;213m~ [38;2;174;174;174m_[38;2;190;190;190my[38;2;221;221;221m@[38;2;252;252;252m@[38;2;235;235;235m@[38;2;204;204;204my[38;2;194;194;194myyyyy[38;2;207;207;207my[38;2;231;231;231m@[38;2;252;252;252m@[38;2;251;251;251m@  [38;2;0;0;226m@      [39m
 [38;2;0;0;0m     [38;2;0;0;226m@  [38;2;249;249;249m@[38;2;252;252;252m@[38;2;251;251;251m@[38;2;179;179;179my[38;2;158;158;158my[38;2;203;203;203mg[38;2;224;224;224m@[38;2;251;251;251m@[38;2;252;252;252m@@@@@@@@@@@@@[38;2;251;251;251m@  [38;2;0;0;226m@      [39m
 [38;2;0;0;0m     [38;2;0;0;226m@  [38;2;249;249;249m@[38;2;252;252;252m@@@@@@@@@@@@@@@@@@@@[38;2;251;251;251m@  [38;2;0;0;226m@      [39m
 [38;2;0;0;0m     [38;2;0;0;226m@  [38;2;249;249;249m@[38;2;252;252;252m@@@@@@@@@@@@@@@@@@@@[38;2;251;251;251m@  [38;2;0;0;226m@      [39m
 [38;2;0;0;0m     [38;2;0;0;226m@  [38;2;249;249;249m@[38;2;252;252;252m@@@@@@@@@@@@@@@@@@@@[38;2;251;251;251m@  [38;2;0;0;227m@      [39m
 [38;2;0;0;0m     [38;2;0;0;226m@  [38;2;249;249;249m@[38;2;252;252;252m@@@@@@@@@@@@@@@@@@@@[38;2;251;251;251m@  [38;2;0;0;227m@      [39m
 [38;2;0;0;0m     [38;2;0;0;225m@  [38;2;249;249;249m@[38;2;252;252;252m@@@@@@@@@@@@@@@@@@@@[38;2;251;251;251m@  [38;2;0;0;226m@      [39m
 [38;2;0;0;0m     [38;2;0;0;218m4g [38;2;178;178;178m7[38;2;245;245;245m@[38;2;252;252;252m@@@[38;2;250;250;250m@[38;2;200;200;200m@[38;2;202;202;202mR[38;2;229;229;229m@[38;2;251;251;251m@[38;2;252;252;252m@@[38;2;251;251;251m@[38;2;231;231;231m@[38;2;202;202;202mR[38;2;193;193;193m@[38;2;250;250;250m@[38;2;252;252;252m@@@[38;2;247;247;247m@[38;2;208;208;208mF [38;2;0;0;216mg[38;2;0;0;213m$      [39m
 [38;2;0;0;0m      [38;2;0;0;225m4[38;2;0;0;223m@[38;2;0;0;206my[38;2;0;0;225m_[38;2;182;182;182m~[38;2;230;230;230m~[38;2;217;217;217m~[38;2;111;111;111m`[38;2;0;0;226m_[38;2;0;0;219my[38;2;0;0;227m_[38;2;121;121;121m~[38;2;227;227;227m~[38;2;229;229;229m~[38;2;137;137;137m~[38;2;0;0;227m_[38;2;0;0;215ma[38;2;0;0;226m_[38;2;112;112;112m`[38;2;208;208;208m~[38;2;231;231;231m~[38;2;202;202;202m~[38;2;0;0;225m_[38;2;0;0;205my[38;2;0;0;228mgP[38;2;0;0;199m'      [39m
 [38;2;0;0;0m       [38;2;0;0;220m~=[38;2;0;0;221m@[38;2;0;0;226m@@@@[38;2;0;0;220mP[38;2;0;0;227m~[38;2;0;0;226m4[38;2;0;0;228m@[38;2;0;0;226m@@[38;2;0;0;228m@[38;2;0;0;225mP[38;2;0;0;227m~[38;2;0;0;219m4[38;2;0;0;227m@[38;2;0;0;226m@@@[38;2;0;0;221m@[38;2;1;0;211mP[38;2;0;0;220m~        [39m
 [38;2;0;0;0m                                       [39m
 [38;2;0;0;0m                                       [39m
[?25h