[?25l[39m [38;2;0;0;0m              [38;2;0;0;229m_[38;2;0;0;224m_[38;2;0;0;227m_[38;2;1;1;210my[38;2;0;0;215myy[38;2;1;1;210my[38;2;0;0;227m_[38;2;0;0;224m_[38;2;0;0;228m_               [39m
 [38;2;0;0;0m          [38;2;0;0;210m_[38;2;0;1;208my[38;2;0;0;227mg[38;2;0;0;226m@[38;2;0;0;220mP[38;2;0;0;227m~[38;2;0;0;226m~[38;2;0;0;229m~[38;2;0;0;230m~~[38;2;0;0;229m~[38;2;0;0;226m~[38;2;0;0;227m~[38;2;0;0;228m=[38;2;0;0;225m@[38;2;0;0;227mg[38;2;1;1;208my[38;2;0;0;209m_           [39m
 [38;2;0;0;0m        [38;2;0;0;218m_[38;2;0;0;226mg[38;2;0;0;216m@[38;2;0;0;228m~[38;2;1;0;220m`[38;2;158;158;158my[38;2;219;219;219my[38;2;251;251;251mg[38;2;227;227;227m@[38;2;250;250;250m@[38;2;251;251;251m@@[38;2;250;250;250m@[38;2;233;233;233m@[38;2;251;251;251mg[38;2;219;219;219my[38;2;151;151;151my[38;2;0;0;219m`[38;2;0;0;226m~[38;2;0;0;222mR[38;2;0;0;226mg[38;2;0;0;217m_         [39m
 [38;2;0;0;0m       [38;2;0;0;212mg[38;2;0;0;220m@[38;2;0;0;218m~[38;2;152;152;152m_[38;2;214;214;214mg[38;2;247;247;247m@[38;2;251;251;251m@[38;2;252;252;252m@@@@@@@@@@@[38;2;250;250;250m@[38;2;214;214;214mg[38;2;152;152;152m_[38;2;0;0;215m~[38;2;0;0;216m@[38;2;0;0;214mg        [39m
 [38;2;0;0;0m      [38;2;0;0;221mg[38;2;0;0;229mF [38;2;200;200;200my[38;2;248;248;248m@[38;2;252;252;252m@@@@@@@@@@@@@@@@[38;2;251;251;251m@[38;2;193;193;193my [38;2;0;0;203m5[38;2;0;0;219m$       [39m
 [38;2;0;0;0m     [38;2;0;0;206mj[38;2;0;0;218m@ [38;2;163;163;163mg[38;2;251;251;251m@@[38;2;207;207;207m@[38;2;183;183;183m@[38;2;247;247;247m@[38;2;251;251;251m@[38;2;252;252;252m@@@@@@@@@@@@@[38;2;251;251;251m@[38;2;134;134;134m@ [38;2;0;0;221mR[38;2;0;0;220mi      [39m
 [38;2;0;0;0m     [38;2;0;0;215m@[38;2;1;1;198m' [38;2;236;236;236m@[38;2;252;252;252m@[38;2;251;251;251m@[38;2;196;196;196my[38;2;178;178;178m_ [38;2;194;194;194m~[38;2;174;174;174mF[38;2;207;207;207m@[38;2;251;251;251m@[38;2;252;252;252m@[38;2;251;251;251m@[38;2;222;222;222m@[38;2;215;215;215m@@@@@[38;2;225;225;225m@[38;2;252;252;252m@@[38;2;246;246;246m@  [38;2;0;0;224m$      [39m
 [38;2;0;0;0m     [38;2;0;0;226m@  [38;2;249;249;249m@[38;2;252;252;252m@@[38;2;250;250;250m@[38;2;198;198;198m@[38;2;145;145;145mF  [38;2;212;212;212m_[38;2;208;208;208m$[38;2;251;251;251m@[38;2;218;218;218m@[38;2;245;245;245m_[38;2;233;233;233m_[38;2;234;234;234m___[38;2;233;233;233m_[38;2;245;245;245m_[38;2;210;210;210m@[38;2;252;252;252m@[38;2;251;251;251m@  [38;2;0;0;226m@      [39m
 [38;2;0;0;0m     [38;2;0;0;226m@  [38;2;249;249;249m@[38;2;252;252;252m@[38;2;251;251;251m@[38;2;198;198;198m_[38;2;158;158;158m_[38;2;177;177;177my[38;2;228;228;228mg[38;2;237;237;237m@[38;2;251;251;251m@[38;2;252;252;252m@@@@@@@@@@@@[38;2;251;251;251m@  [38;2;0;0;226m@      [39m
 [38;2;0;0;0m     [38;2;0;0;226m@  [38;2;249;249;249m@[38;2;252;252;252m@@[38;2;251;251;251m@@[38;2;252;252;252m@@@@@@@@@@@@@@@@[38;2;251;251;251m@  [38;2;0;0;226m@      [39m
 [38;2;0;0;0m     [38;2;0;0;226m@  [38;2;249;249;249m@[38;2;252;252;252m@@@@@@@@@@@@@@@@@@@@[38;2;251;251;251m@  [38;2;0;0;226m@      [39m
 [38;2;0;0;0m     [38;2;0;0;226m@  [38;2;249;249;249m@[38;2;252;252;252m@@@@@@@@@@@@@@@@@@@@[38;2;251;251;251m@  [38;2;0;0;227m@      [39m
 [38;2;0;0;0m     [38;2;0;0;226m@  [38;2;249;249;249m@[38;2;252;252;252m@@@@@@@@@@@@@@@@@@@@[38;2;251;251;251m@  [38;2;0;0;227m@      [39m
 [38;2;0;0;0m     [38;2;0;0;217m@[38;2;0;0;216m, [38;2;238;238;238m@[38;2;252;252;252m@@@@@@@@@@@@@@@@@@@@[38;2;246;246;246m@ [38;2;1;0;172mj[38;2;0;0;221m@      [39m
 [38;2;0;0;0m     [38;2;1;1;207m`[38;2;0;0;227m@[38;2;0;0;225m_[38;2;190;190;190m`[38;2;172;172;173mA[38;2;231;231;231m@[38;2;247;247;247m@[38;2;241;241;241m@[38;2;176;176;176m@[38;2;251;251;251m~~[38;2;144;144;144m5[38;2;202;202;202m@[38;2;246;246;246m@@[38;2;208;208;208m@[38;2;201;201;201mF[38;2;251;251;251m~~[38;2;197;197;197mR[38;2;240;240;240m@[38;2;247;247;247m@[38;2;233;233;233m@[38;2;210;210;210mP[38;2;136;136;136m~[38;2;0;0;223m_[38;2;0;0;224m$[38;2;0;0;231m'      [39m
 [38;2;0;0;0m      [38;2;1;1;203m`[38;2;0;1;213m?[38;2;0;0;218m@[38;2;0;0;221my[38;2;0;0;226m___[38;2;0;0;213my[38;2;0;0;228ma[38;2;0;0;220m@[38;2;0;0;224mg[38;2;0;0;225m_[38;2;0;0;226m__[38;2;0;0;225m_[38;2;0;0;224mg[38;2;0;0;219m@[38;2;0;0;227ma[38;2;0;0;213my[38;2;0;0;226m___[38;2;0;0;219my[38;2;0;0;224ma[38;2;0;0;214mF[38;2;0;1;216m'       [39m
 [38;2;0;0;0m         [38;2;0;0;225m`[38;2;0;0;227m~[38;2;0;0;232m~[38;2;0;0;230m~[38;2;0;0;234m`   [38;2;0;0;214m~[38;2;0;0;231m~[38;2;0;0;232m~[38;2;0;0;213m~   [38;2;0;0;233m`[38;2;0;0;229m~[38;2;0;0;232m~[38;2;0;0;228m~[38;2;0;0;226m`          [39m
 [38;2;0;0;0m                                       [39m
 [38;2;0;0;0m                                       [39m
[?25h