[?25l[39m [38;2;0;0;0m                                       [39m
 [38;2;0;0;0m              [38;2;0;0;227m___[38;2;1;1;202my[38;2;1;1;207my[38;2;1;1;205my[38;2;0;0;227m__[38;2;0;0;226m_[38;2;2;1;200m_               [39m
 [38;2;0;0;0m          [38;2;0;0;225m_[38;2;0;0;213my[38;2;0;0;226ma[38;2;0;0;221mP[38;2;0;0;226m~~[38;2;0;0;232m~[38;2;135;135;135m_[38;2;153;153;153m_[38;2;143;143;143m_[38;2;97;97;97m_[38;2;0;0;229m~[38;2;0;0;226m~=[38;2;0;0;219m@[38;2;0;0;223mg[38;2;0;0;230m_            [39m
 [38;2;0;0;0m        [38;2;0;0;229m_[38;2;0;0;216m@[38;2;0;0;211mF[38;2;0;0;208m~[38;2;138;138;139my[38;2;189;189;189mg[38;2;248;248;248mg[38;2;239;239;239m@[38;2;252;252;252m@@[38;2;251;251;251m@@[38;2;252;252;252m@[38;2;248;248;248m@[38;2;220;220;220m@[38;2;214;214;214mg[38;2;159;159;159my[38;2;0;0;209m`[38;2;0;0;225m~[38;2;0;0;218m@[38;2;0;0;213my          [39m
 [38;2;0;0;0m      [38;2;1;2;187m_[38;2;0;0;228mg[38;2;0;0;214mF [38;2;202;202;202my[38;2;231;231;231m@[38;2;251;251;251m@[38;2;252;252;252m@@@@@@@@@@@@[38;2;249;249;249m@[38;2;192;192;192mg[38;2;86;86;86m_[38;2;0;0;224m~[38;2;0;0;225m@[38;2;0;0;208m_        [39m
 [38;2;0;0;0m      [38;2;0;0;228m@[38;2;1;0;208m'[38;2;94;94;95my[38;2;217;217;217m@[38;2;251;251;251m@[38;2;252;252;252m@@@@@@@@@@@@@@@@[38;2;242;242;242m@[38;2;118;118;118my [38;2;0;0;220m@[38;2;0;0;234m,       [39m
 [38;2;0;0;0m     [38;2;0;0;221m@[38;2;2;1;204m' [38;2;229;229;229m@[38;2;252;252;252m@[38;2;251;251;251m@[38;2;215;215;215mP[38;2;176;176;176m#[38;2;228;228;228m@[38;2;251;251;251m@[38;2;252;252;252m@@@@@@@@@@@@@[38;2;248;248;248m@[38;2;86;86;86m_ [38;2;0;0;233m$       [39m
 [38;2;0;0;0m     [38;2;0;0;230m@ [38;2;152;152;152md[38;2;251;251;251m@[38;2;252;252;252m@[38;2;251;251;251m@[38;2;189;189;189mg[38;2;240;240;240m_ [38;2;208;208;208m`[38;2;248;248;248m~[38;2;167;167;167m@[38;2;250;250;250m@[38;2;252;252;252m@[38;2;248;248;248m@[38;2;203;203;203mR[38;2;221;221;221mPPPPP[38;2;183;183;183m@[38;2;251;251;251m@@[38;2;181;181;181m$ [38;2;0;0;217mB[38;2;1;0;204mi      [39m
 [38;2;0;0;0m    [38;2;3;2;162mJ[38;2;0;0;223m@ [38;2;191;191;191m4[38;2;251;251;251m@[38;2;252;252;252m@[38;2;251;251;251m@[38;2;236;236;236m@[38;2;205;205;205mP[38;2;140;140;140mT [38;2;92;92;92m_[38;2;166;166;166my[38;2;220;220;220m@[38;2;252;252;252m@[38;2;220;220;220m@[38;2;168;168;168my[38;2;159;159;159myyyyy[38;2;180;180;180my[38;2;229;229;229m@[38;2;252;252;252m@[38;2;200;200;200m@ [38;2;0;0;214m4[38;2;1;1;215m[      [39m
 [38;2;0;0;0m    [38;2;3;2;159mJ[38;2;0;0;225m@ [38;2;185;185;186m4[38;2;252;252;252m@@[38;2;249;249;249m@[38;2;145;145;145my[38;2;252;252;252m_[38;2;209;209;209my[38;2;251;251;251mg@[38;2;252;252;252m@@@@@@@@@@@@@[38;2;206;206;206m@ [38;2;0;0;211m4[38;2;1;1;216m[      [39m
 [38;2;0;0;0m     [38;2;0;0;229m@ [38;2;175;175;175m4[38;2;251;251;251m@[38;2;252;252;252m@@@@@@@@@@@@@@@@@@@@[38;2;216;216;216m@ [38;2;0;1;206m4[38;2;1;0;220m[      [39m
 [38;2;0;0;0m     [38;2;0;0;233m@ [38;2;160;160;160m4[38;2;251;251;251m@[38;2;252;252;252m@@@@@@@@@@@@@@@@@@@@[38;2;230;230;230m@ [38;2;1;1;199m4[38;2;0;0;223m[      [39m
 [38;2;0;0;0m     [38;2;0;0;236m@ [38;2;141;141;141m4[38;2;251;251;251m@[38;2;252;252;252m@@@@@@@@@@@@@@@@@@@@[38;2;237;237;237m@ [38;2;0;0;190mJ[38;2;1;1;207m$      [39m
 [38;2;0;0;0m     [38;2;0;0;237m@ [38;2;120;120;120m4[38;2;252;252;252m@@@@@@@@@@@@@@@@@@@@@[38;2;241;241;241m@  [38;2;0;0;214m$      [39m
 [38;2;0;0;0m     [38;2;0;0;227m@[38;2;0;0;209m,[38;2;70;70;70m"[38;2;245;245;245m@[38;2;252;252;252m@@@@@@@@@@@@@@@@@@@@[38;2;230;230;230m@ [38;2;1;0;204mj[38;2;0;0;210m$      [39m
 [38;2;0;0;0m     [38;2;1;1;211m`[38;2;0;0;224m@[38;2;0;0;223m_[38;2;112;112;112m~[38;2;143;143;143m5[38;2;200;200;200m@[38;2;235;235;235m@[38;2;233;233;233m@[38;2;189;189;189m@[38;2;173;173;173mF[38;2;232;232;232m~[38;2;248;248;248m~[38;2;194;194;194mR[38;2;229;229;229m@[38;2;236;236;236m@[38;2;216;216;216m@[38;2;214;214;214mF[38;2;239;239;239m~[38;2;237;237;237m~[38;2;162;162;162m5[38;2;212;212;212m@[38;2;235;235;235m@[38;2;219;219;219m@[38;2;216;216;216mF[38;2;115;115;115m`[38;2;0;0;228m_[38;2;0;0;223m@[38;2;0;0;216m'      [39m
 [38;2;0;0;0m      [38;2;2;2;194m`[38;2;0;0;227m~[38;2;0;0;218mR[38;2;0;0;226mg[38;2;0;0;206my[38;2;0;0;227m__[38;2;0;0;210my[38;2;0;0;228ma[38;2;0;0;224mP[38;2;0;0;226ma[38;2;0;0;218my[38;2;0;0;227m__[38;2;0;0;226m_[38;2;0;0;223mg[38;2;1;0;213m@[38;2;0;0;213m@[38;2;0;0;224mg[38;2;0;0;226m_[38;2;0;0;227m_[38;2;0;0;226m_[38;2;0;0;222mg[38;2;0;0;213m@[38;2;0;0;229m~        [39m
 [38;2;0;0;0m          [38;2;0;0;227m`[38;2;1;0;219m~[38;2;1;1;219m~[38;2;0;0;227m`   [38;2;1;0;216m`[38;2;1;1;213m~[38;2;1;0;220m~[38;2;1;1;204m~    [38;2;3;1;196m~[38;2;1;0;219m~[38;2;2;1;206m~[38;2;3;2;192m`          [39m
 [38;2;0;0;0m                                       [39m
[?25h