[?25l[39m [38;2;0;0;0m                                       [39m
 [38;2;0;0;0m              [38;2;0;0;216m_[38;2;0;0;226m_[38;2;0;0;227m_[38;2;0;0;225m_[38;2;1;1;202myy[38;2;0;0;226m_[38;2;0;0;227m_[38;2;0;0;226m_[38;2;0;0;217m_               [39m
 [38;2;0;0;0m           [38;2;0;0;224m_[38;2;0;0;226mg[38;2;0;0;227mP[38;2;0;0;226m~[38;2;0;0;225m~[38;2;0;0;231m~[38;2;123;123;123m_[38;2;153;153;153m_[38;2;152;152;152m_[38;2;123;123;123m_[38;2;0;0;231m~[38;2;0;0;225m~~[38;2;0;0;226m4[38;2;0;0;227mg[38;2;0;0;224m_[38;2;1;2;195m,           [39m
 [38;2;0;0;0m        [38;2;0;0;206m_[38;2;0;0;226maP[38;2;0;0;225m~[38;2;173;173;173m_[38;2;195;195;195my[38;2;238;238;238mg[38;2;229;229;229m@[38;2;251;251;251m@[38;2;252;252;252m@[38;2;251;251;251m@@[38;2;252;252;252m@@[38;2;233;233;233m@[38;2;238;238;238mg[38;2;194;194;194my[38;2;172;172;172m_[38;2;0;0;222m~[38;2;0;0;225m4[38;2;0;0;223mg[38;2;1;0;207m_         [39m
 [38;2;0;0;0m       [38;2;0;0;214my[38;2;0;0;230mP[38;2;1;0;210m'[38;2;141;141;141my[38;2;245;245;245mg[38;2;251;251;251m@[38;2;252;252;252m@@@@@@@@@@@@[38;2;251;251;251m@[38;2;216;216;216m$[38;2;125;125;125my[38;2;1;1;207m`[38;2;0;0;229m4[38;2;0;0;215my        [39m
 [38;2;0;0;0m      [38;2;0;0;219mg[38;2;0;0;224mF [38;2;199;199;199mg[38;2;251;251;251m@[38;2;252;252;252m@@@@@@@@@@@@@@@@[38;2;251;251;251m@[38;2;165;165;165m@ [38;2;0;0;214m?[38;2;0;0;215m$       [39m
 [38;2;0;0;0m     [38;2;1;1;202mj[38;2;0;0;232mF [38;2;187;187;187mg[38;2;251;251;251m@[38;2;252;252;252m@[38;2;251;251;251m@[38;2;225;225;225m@[38;2;201;201;201mR[38;2;204;204;204mPR[38;2;233;233;233m@[38;2;251;251;251m@[38;2;252;252;252m@@[38;2;251;251;251m@[38;2;244;244;244m@[38;2;189;189;189m@[38;2;208;208;208mP[38;2;197;197;197m#[38;2;207;207;207m@[38;2;252;252;252m@@[38;2;251;251;251m@[38;2;166;166;166m$ [38;2;0;0;220m4[38;2;0;0;216mi      [39m
 [38;2;0;0;0m     [38;2;0;0;216m@[38;2;1;1;191m' [38;2;242;242;242m@[38;2;252;252;252m@[38;2;234;234;234m@[38;2;155;155;155m~[38;2;171;171;171ma[38;2;182;182;182m=[38;2;178;178;178m#[38;2;172;172;172m=[38;2;163;163;163my[38;2;188;188;188m~[38;2;248;248;248m@[38;2;251;251;251m@[38;2;193;193;193mF[38;2;161;161;161my[38;2;221;221;221m=[38;2;175;175;175mF[38;2;178;178;178mP[38;2;146;146;146ma[38;2;154;154;154m`[38;2;201;201;201m@[38;2;251;251;251m@[38;2;248;248;248m@  [38;2;0;0;225m$      [39m
 [38;2;0;0;0m     [38;2;0;0;226m@  [38;2;249;249;249m@[38;2;251;251;251m@[38;2;169;169;169m$[38;2;93;93;93m4[38;2;161;161;161mL [38;2;156;156;156m@ [38;2;165;165;165m0 [38;2;228;228;228m@[38;2;237;237;237m@ [38;2;200;200;200m$ [38;2;186;186;186m# [38;2;123;123;123m4[38;2;88;88;88mF[38;2;187;187;187mg[38;2;251;251;251m@@  [38;2;0;0;226m@      [39m
 [38;2;0;0;0m     [38;2;0;0;226m@  [38;2;249;249;249m@[38;2;252;252;252m@[38;2;248;248;248m@[38;2;180;180;180my[38;2;147;147;147m7[38;2;223;223;223m=[38;2;251;251;251m==g[38;2;239;239;239m@[38;2;252;252;252m@[38;2;251;251;251m@[38;2;171;171;171m@[38;2;170;170;170m_[38;2;159;159;159m=[38;2;251;251;251m=[38;2;195;195;195m#[38;2;237;237;237mg[38;2;223;223;223m$[38;2;251;251;251m@[38;2;252;252;252m@[38;2;251;251;251m@  [38;2;0;0;226m@      [39m
 [38;2;0;0;0m     [38;2;0;0;226m@  [38;2;249;249;249m@[38;2;252;252;252m@@@@[38;2;234;234;234m@[38;2;226;226;226m@[38;2;233;233;233m@[38;2;252;252;252m@@@@@[38;2;251;251;251m@[38;2;243;243;243m@[38;2;228;228;228m@@[38;2;250;250;250m@[38;2;252;252;252m@@@[38;2;251;251;251m@  [38;2;0;0;226m@      [39m
 [38;2;0;0;0m     [38;2;0;0;226m@  [38;2;249;249;249m@[38;2;252;252;252m@@@@@@@@@@@@@@@@@@@@[38;2;251;251;251m@  [38;2;0;0;227m@      [39m
 [38;2;0;0;0m     [38;2;0;0;226m@  [38;2;249;249;249m@[38;2;252;252;252m@@@@@@@@@@@@@@@@@@@@[38;2;251;251;251m@  [38;2;0;0;227m@      [39m
 [38;2;0;0;0m     [38;2;0;0;226m@  [38;2;249;249;249m@[38;2;252;252;252m@@@@@@@@@@@@@@@@@@@@[38;2;251;251;251m@  [38;2;0;0;226m@      [39m
 [38;2;0;0;0m     [38;2;0;0;216m@, [38;2;238;238;238m@[38;2;252;252;252m@@@@@@@@@@@@@@@@@@@@[38;2;246;246;246m@ [38;2;0;0;173mj[38;2;0;0;223m$      [39m
 [38;2;0;0;0m     [38;2;2;1;205m`[38;2;0;0;226m@[38;2;0;0;225m_[38;2;100;100;100m~[38;2;176;176;176mA[38;2;229;229;229m@[38;2;248;248;248m@[38;2;237;237;237m@[38;2;181;181;181m@[38;2;163;163;163mF[38;2;246;246;246m~[38;2;157;157;157mM[38;2;208;208;208m@[38;2;245;245;245m@@[38;2;213;213;213m@[38;2;201;201;201mF[38;2;246;246;246m~[38;2;250;250;250m~[38;2;199;199;199mR[38;2;237;237;237m@[38;2;248;248;248m@[38;2;232;232;232m@[38;2;162;162;162m@[38;2;142;142;142m~[38;2;0;0;224m_[38;2;0;0;223m$[38;2;0;0;231m'      [39m
 [38;2;0;0;0m      [38;2;2;2;197m`[38;2;0;0;226m~[38;2;0;0;217m@[38;2;0;0;220my[38;2;0;0;227m___[38;2;0;0;210my[38;2;0;0;227ma[38;2;0;0;218m@[38;2;0;0;225mg[38;2;0;0;226m_[38;2;0;0;227m__[38;2;0;0;226m_[38;2;0;0;225mg[38;2;0;0;216m@[38;2;0;0;227ma[38;2;0;0;210my[38;2;0;0;227m___[38;2;0;0;215ma[38;2;0;0;224ma[38;2;1;1;209mF[38;2;1;0;210m'       [39m
 [38;2;0;0;0m         [38;2;1;0;216m`[38;2;0;0;219m~[38;2;0;0;226m~[38;2;0;0;224m~[38;2;0;0;227m`   [38;2;2;1;207m~[38;2;0;0;225m~~[38;2;1;1;209m~   [38;2;0;0;226m`[38;2;0;0;222m~[38;2;0;0;225m~[38;2;0;0;222m~[38;2;1;0;219m`          [39m
 [38;2;0;0;0m                                       [39m
[?25h