[?25l[39m [38;2;0;0;0m                 [38;2;1;0;206m_[38;2;0;0;226m_[38;2;0;0;227m_[38;2;3;0;206m_                  [39m
 [38;2;0;0;0m           [38;2;3;1;195m_[38;2;0;0;225m_[38;2;0;0;222ma[38;2;0;0;226mg[38;2;0;0;227m@[38;2;0;0;228m@@[38;2;0;0;222m@[38;2;0;0;223m@[38;2;0;0;227m@[38;2;0;0;228m@[38;2;0;0;227m@[38;2;0;0;226mg[38;2;0;0;221mg[38;2;0;0;225m_[38;2;2;1;195m_            [39m
 [38;2;0;0;0m         [38;2;0;0;231m_[38;2;0;0;227mg@[38;2;0;0;223mP[38;2;0;0;226m~[38;2;0;0;220m~[38;2;222;222;222m_[38;2;162;162;162my[38;2;185;185;185my[38;2;196;196;196myy[38;2;185;185;185my[38;2;159;159;159my[38;2;223;223;223m_[38;2;0;0;221m~[38;2;0;0;227m~[38;2;0;0;223m4[38;2;0;0;227m@g[38;2;0;0;231m_          [39m
 [38;2;0;0;0m       [38;2;1;0;209m_[38;2;0;0;226mg[38;2;0;0;216m@[38;2;0;0;228m~[38;2;122;122;122m_[38;2;203;203;203my[38;2;249;249;249mg[38;2;250;250;250m@[38;2;251;251;251m@[38;2;252;252;252m@@@@@@[38;2;251;251;251m@@[38;2;211;211;211m@[38;2;202;202;202my[38;2;123;123;123m_[38;2;0;0;224m~[38;2;0;0;222mR[38;2;0;0;224m$[38;2;1;0;210m_        [39m
 [38;2;0;0;0m      [38;2;0;0;219m_[38;2;0;0;229m@[38;2;0;0;227m~ [38;2;199;199;199mg[38;2;249;249;249m@[38;2;252;252;252m@@@@@@@@@@@@@@[38;2;251;251;251m@[38;2;199;199;199mg[38;2;69;69;69m,[38;2;0;0;224m~[38;2;0;0;229m@[38;2;0;0;218m_       [39m
 [38;2;0;0;0m      [38;2;0;0;231m@[38;2;1;0;212m'[38;2;91;91;91m_[38;2;215;215;215m@[38;2;252;252;252m@@@@@@@@@@@@@@@@@@[38;2;232;232;232m@[38;2;92;92;93m_[38;2;1;0;202m`[38;2;0;0;229m@,      [39m
 [38;2;0;0;0m     [38;2;0;0;214mg[38;2;0;0;218mF [38;2;200;200;200m$[38;2;252;252;252m@[38;2;251;251;251m@[38;2;230;230;230m~[38;2;209;209;209m~[38;2;152;152;152mM[38;2;199;199;199m@[38;2;251;251;251m@[38;2;252;252;252m@@@@@@@@@@@@@[38;2;214;214;214m@ [38;2;0;0;204m?[38;2;0;0;218m$      [39m
 [38;2;0;0;0m     [38;2;0;0;225m@  [38;2;249;249;249m@[38;2;252;252;252m@@[38;2;240;240;240m@[38;2;217;217;217mg[38;2;147;147;147my [38;2;74;74;74m`[38;2;232;232;232m~[38;2;211;211;211m@[38;2;251;251;251m@[38;2;225;225;225m@[38;2;251;251;251m~[38;2;250;250;250m~~~~~[38;2;251;251;251m~[38;2;222;222;222m@[38;2;252;252;252m@[38;2;251;251;251m@  [38;2;0;0;225m@      [39m
 [38;2;0;0;0m     [38;2;0;0;225m@  [38;2;249;249;249m@[38;2;252;252;252m@[38;2;251;251;251m@[38;2;224;224;224mF[38;2;225;225;225m~ [38;2;158;158;158m_[38;2;182;182;182my[38;2;234;234;234mg[38;2;248;248;248m@[38;2;252;252;252m@[38;2;251;251;251m@[38;2;242;242;242mg[38;2;238;238;238mggggg[38;2;243;243;243mg[38;2;249;249;249m@[38;2;252;252;252m@[38;2;251;251;251m@  [38;2;0;0;226m@      [39m
 [38;2;0;0;0m     [38;2;0;0;225m@  [38;2;249;249;249m@[38;2;252;252;252m@[38;2;251;251;251m@[38;2;223;223;223mg[38;2;212;212;212ma[38;2;216;216;216m@[38;2;251;251;251m@[38;2;252;252;252m@@@@@@@@@@@@@@[38;2;251;251;251m@  [38;2;0;0;226m@      [39m
 [38;2;0;0;0m     [38;2;0;0;225m@  [38;2;249;249;249m@[38;2;252;252;252m@@@@@@@@@@@@@@@@@@@@[38;2;251;251;251m@  [38;2;0;0;226m@      [39m
 [38;2;0;0;0m     [38;2;0;0;225m@  [38;2;249;249;249m@[38;2;252;252;252m@@@@@@@@@@@@@@@@@@@@[38;2;251;251;251m@  [38;2;0;0;226m@      [39m
 [38;2;0;0;0m     [38;2;0;0;225m@  [38;2;249;249;249m@[38;2;252;252;252m@@@@@@@@@@@@@@@@@@@@[38;2;251;251;251m@  [38;2;0;0;226m@      [39m
 [38;2;0;0;0m     [38;2;0;0;221m@  [38;2;246;246;246m@[38;2;252;252;252m@@@@@@@@@@@@@@@@@@@@[38;2;249;249;249m@  [38;2;0;0;223m@      [39m
 [38;2;0;0;0m     [38;2;0;0;214m`[38;2;0;0;225m$[38;2;0;0;206m,[38;2;176;176;176m~[38;2;197;197;197m@[38;2;251;251;251m@@@[38;2;229;229;229m@[38;2;214;214;214mF[38;2;181;181;181mF[38;2;196;196;196mA[38;2;246;246;246m@[38;2;251;251;251m@@[38;2;247;247;247m@[38;2;227;227;227mP[38;2;186;186;186mF[38;2;194;194;194mF[38;2;225;225;225m@[38;2;251;251;251m@@@[38;2;209;209;209m@[38;2;195;195;195m~ [38;2;0;0;231ma[38;2;0;0;232m'      [39m
 [38;2;0;0;0m      [38;2;0;0;218m`[38;2;0;0;224m4[38;2;0;0;223mg[38;2;0;0;225m_[38;2;0;0;228m_[38;2;181;181;181m`[38;2;104;104;104m`[38;2;0;0;226m_[38;2;0;0;218ma[38;2;0;0;228ma[38;2;0;0;209my[38;2;0;0;227m_[38;2;161;161;161m``[38;2;0;0;227m_[38;2;0;0;207my[38;2;0;0;227ma[38;2;0;0;216mg[38;2;0;0;226m_[38;2;0;0;229m_[38;2;180;180;180m`[38;2;0;0;228m_[38;2;0;0;225m_a[38;2;0;0;226mP[38;2;1;1;202m~       [39m
 [38;2;0;0;0m        [38;2;4;3;188m`[38;2;0;0;226m~~[38;2;0;0;225m~[38;2;0;0;224m~[38;2;0;0;230m~[38;2;2;1;203m` ~[38;2;0;0;227m~[38;2;0;0;225m~~[38;2;0;0;227m~[38;2;1;1;207m~ [38;2;3;0;204m`[38;2;0;0;227m~[38;2;0;0;225m~~~[38;2;0;0;226m~[38;2;2;2;192m`         [39m
 [38;2;0;0;0m                                       [39m
 [38;2;0;0;0m                                       [39m
[?25h