[?25l[39m [38;2;0;0;0m             [38;2;0;0;219m_[38;2;0;0;225m_[38;2;1;1;204my[38;2;0;0;218ma[38;2;0;0;229maaaa[38;2;0;0;222my[38;2;1;1;205my[38;2;0;0;226m_[38;2;1;0;219m_              [39m
 [38;2;0;0;0m          [38;2;0;0;229m_[38;2;0;0;224ma[38;2;0;0;223mP[38;2;0;0;227m~[38;2;0;0;228m~[38;2;136;136;136m_[38;2;242;242;242m_[38;2;155;155;155my[38;2;169;169;169myy[38;2;155;155;155my[38;2;242;242;242m_[38;2;137;137;137m_[38;2;0;0;226m~~[38;2;0;0;218mR[38;2;0;0;222mg[38;2;0;0;230m_           [39m
 [38;2;0;0;0m        [38;2;0;0;230m_[38;2;0;0;220m$[38;2;0;0;228m~ [38;2;177;177;177my[38;2;237;237;237mg[38;2;240;240;240m@[38;2;251;251;251m@[38;2;252;252;252m@@@@@@[38;2;251;251;251m@[38;2;246;246;246m@[38;2;237;237;237mg[38;2;173;173;173my[38;2;2;1;188m`[38;2;0;0;225m~[38;2;0;0;220m@[38;2;0;0;229m_         [39m
 [38;2;0;0;0m       [38;2;0;0;227mg[38;2;0;0;219mF [38;2;178;178;178mg[38;2;241;241;241m@[38;2;252;252;252m@@@@@@@@@@@@@@[38;2;246;246;246m@[38;2;176;176;176mg [38;2;0;0;227m~g[38;2;2;1;192m,       [39m
 [38;2;0;0;0m      [38;2;0;0;231mg[38;2;0;0;209m~ [38;2;240;240;240mg[38;2;251;251;251m@@@[38;2;252;252;252m@@@@@@@@@@@@@@@[38;2;217;217;217m@[38;2;74;74;74m,[38;2;0;0;210m"[38;2;0;0;229m$       [39m
 [38;2;0;0;0m     [38;2;0;0;215mj[38;2;0;0;223mF [38;2;218;218;218mg[38;2;251;251;251m@[38;2;248;248;248m@[38;2;180;180;180m_ [38;2;194;194;194m~[38;2;146;146;146m5[38;2;195;195;195m@[38;2;250;250;250m@[38;2;252;252;252m@@@[38;2;251;251;251m@@@@@@@[38;2;252;252;252m@@[38;2;201;201;201m@ [38;2;0;0;205m4[38;2;0;0;219m[      [39m
 [38;2;0;0;0m     [38;2;0;0;221m@  [38;2;248;248;248m@[38;2;252;252;252m@@[38;2;251;251;251m@[38;2;231;231;231m@[38;2;186;186;186m=  [38;2;87;87;87m`[38;2;190;190;190m$[38;2;251;251;251m@[38;2;212;212;212m@[38;2;127;127;127m`[38;2;101;101;101m`````[38;2;138;138;138m`[38;2;216;216;216m$[38;2;252;252;252m@[38;2;251;251;251m@  [38;2;0;0;227m$      [39m
 [38;2;0;0;0m     [38;2;0;0;226m@  [38;2;249;249;249m@[38;2;252;252;252m@[38;2;249;249;249m@[38;2;175;175;175m~ [38;2;203;203;203m_[38;2;195;195;195my[38;2;240;240;240mg[38;2;244;244;244m@[38;2;251;251;251m@[38;2;252;252;252m@@@@@@@@@@@[38;2;251;251;251m@  [38;2;0;0;226m@      [39m
 [38;2;0;0;0m     [38;2;0;0;225m@  [38;2;249;249;249m@[38;2;252;252;252m@@[38;2;247;247;247m@[38;2;242;242;242m@[38;2;251;251;251m@[38;2;252;252;252m@@@@@@@@@@@@@@@[38;2;251;251;251m@  [38;2;0;0;226m@      [39m
 [38;2;0;0;0m     [38;2;0;0;225m@  [38;2;249;249;249m@[38;2;252;252;252m@@@@@@@@@@@@@@@@@@@@[38;2;251;251;251m@  [38;2;0;0;226m@      [39m
 [38;2;0;0;0m     [38;2;0;0;225m@  [38;2;249;249;249m@[38;2;252;252;252m@@@@@@@@@@@@@@@@@@@@[38;2;251;251;251m@  [38;2;0;0;226m@      [39m
 [38;2;0;0;0m     [38;2;0;0;225m@  [38;2;249;249;249m@[38;2;252;252;252m@@@@@@@@@@@@@@@@@@@@[38;2;251;251;251m@  [38;2;0;0;226m@      [39m
 [38;2;0;0;0m     [38;2;0;0;225m@  [38;2;249;249;249m@[38;2;252;252;252m@@@@@@@@@@@@@@@@@@@@[38;2;251;251;251m@  [38;2;0;0;226m@      [39m
 [38;2;0;0;0m     [38;2;0;0;224m@  [38;2;247;247;247m@[38;2;252;252;252m@@@@@@@@@@@@@@@@@@@@[38;2;249;249;249m@  [38;2;0;0;225m@      [39m
 [38;2;0;0;0m     [38;2;1;1;208m4[38;2;0;0;222m$[38;2;0;0;202m,[38;2;182;182;182m~[38;2;206;206;206m@[38;2;251;251;251m@[38;2;252;252;252m@[38;2;251;251;251m@[38;2;234;234;234m@[38;2;217;217;217mF[38;2;192;192;192mF[38;2;168;168;168m@[38;2;249;249;249m@[38;2;251;251;251m@@[38;2;249;249;249m@[38;2;180;180;180m@[38;2;196;196;196mF[38;2;177;177;177mP[38;2;230;230;230m@[38;2;251;251;251m@[38;2;252;252;252m@[38;2;251;251;251m@[38;2;216;216;216m@[38;2;201;201;201m~ [38;2;0;0;225mg[38;2;0;0;223mF      [39m
 [38;2;0;0;0m      [38;2;0;0;230m~[38;2;0;0;228m@[38;2;0;0;220mg[38;2;0;0;226m_[38;2;0;0;228m_[38;2;208;208;208m`[38;2;141;141;141m`[38;2;0;0;226m_[38;2;0;0;215ma[38;2;0;0;227mg[38;2;0;0;226m_[38;2;0;0;228m_[38;2;192;192;192m``[38;2;0;0;228m_[38;2;0;0;226m_[38;2;0;0;228mg[38;2;0;0;219my[38;2;0;0;227m_[38;2;137;137;137m`[38;2;205;205;205m`[38;2;0;0;228m_[38;2;0;0;226m_[38;2;0;0;223ma[38;2;0;0;228m@[38;2;0;0;219mF       [39m
 [38;2;0;0;0m       [38;2;3;2;197m`[38;2;0;0;228m~[38;2;0;0;224m=[38;2;0;0;218m4R[38;2;0;0;220mP[38;2;0;0;231m=[38;2;0;0;226m~[38;2;0;0;228m~[38;2;0;0;226m~[38;2;0;0;229m=[38;2;0;0;217mR[38;2;0;0;216mR[38;2;0;0;228m=[38;2;0;0;226m~[38;2;0;0;229m~[38;2;0;0;227m~[38;2;0;0;229m=[38;2;0;0;212mR[38;2;0;0;217mR[38;2;0;0;218mP[38;2;0;0;225m=[38;2;0;0;228m~[38;2;2;2;198m`        [39m
 [38;2;0;0;0m                                       [39m
 [38;2;0;0;0m                                       [39m
[?25h