[?25l[39m [38;2;0;0;0m              [38;2;0;0;225m_[38;2;0;0;224m_[38;2;1;1;202my[38;2;0;0;218my[38;2;0;0;220mg[38;2;0;0;224mg[38;2;0;0;218mg[38;2;0;0;216my[38;2;0;0;226m_[38;2;0;0;225m_[38;2;0;0;224m_              [39m
 [38;2;0;0;0m           [38;2;0;0;229m_[38;2;0;0;226mgP[38;2;0;0;227m~[38;2;0;0;228m~[38;2;0;0;212m~[38;2;223;223;223m_[38;2;244;244;244m_[38;2;138;138;138my[38;2;248;248;248m_[38;2;236;236;236m_[38;2;139;139;139m_[38;2;0;0;227m~[38;2;0;0;225m~[38;2;0;0;223m4[38;2;0;0;227ma[38;2;0;0;224m_[38;2;2;1;193m_          [39m
 [38;2;0;0;0m         [38;2;0;0;229m_[38;2;0;0;222m@[38;2;0;0;227m~[38;2;1;1;190m`[38;2;166;166;166my[38;2;224;224;224mg[38;2;228;228;228m@[38;2;251;251;251m@@[38;2;252;252;252m@@@@[38;2;251;251;251m@[38;2;250;250;250m@[38;2;219;219;219m$[38;2;214;214;214my[38;2;223;223;223m_[38;2;0;0;215m~[38;2;0;0;216m4[38;2;0;0;224mg[38;2;0;0;218m_        [39m
 [38;2;0;0;0m        [38;2;0;0;225mgF [38;2;193;193;193my[38;2;235;235;235m@[38;2;251;251;251m@[38;2;252;252;252m@@@@@@@@@@@@[38;2;251;251;251m@[38;2;228;228;228m@[38;2;177;177;177my [38;2;0;0;199m#[38;2;0;0;218mg       [39m
 [38;2;0;0;0m       [38;2;0;0;225mg[38;2;0;0;214mF [38;2;217;217;217mg[38;2;251;251;251m@[38;2;252;252;252m@@@@@@@@@@@@@@@@[38;2;251;251;251m@[38;2;204;204;204m@[38;2;74;74;74m,[38;2;0;0;213m~[38;2;0;0;229m$      [39m
 [38;2;0;0;0m      [38;2;2;1;192mj[38;2;0;0;216m@ [38;2;176;176;176mg[38;2;251;251;251m@[38;2;252;252;252m@@@@@@@@@@@@@@@@@@@[38;2;210;210;210m@ [38;2;0;0;214m~[38;2;1;0;208m$     [39m
 [38;2;0;0;0m      [38;2;0;0;216m4[38;2;0;0;201m[ [38;2;223;223;223m@[38;2;252;252;252m@@@@@@@@@@@@@@@@@@@@[38;2;251;251;251m@[38;2;91;91;91mL [38;2;0;0;234m$     [39m
 [38;2;0;0;0m      [38;2;0;0;219m4[38;2;0;0;193m[ [38;2;234;234;234m@[38;2;252;252;252m@@@@@@@@@@@@@@@@@@@@[38;2;251;251;251m@[38;2;125;125;125mL [38;2;0;0;236m$     [39m
 [38;2;0;0;0m      [38;2;0;0;216mg  [38;2;238;238;238m@[38;2;252;252;252m@@@@@@@@@@@@@@@@@@@@[38;2;251;251;251m@[38;2;115;115;116mL [38;2;0;0;235m$     [39m
 [38;2;0;0;0m      [38;2;0;0;216m@  [38;2;247;247;247m@[38;2;252;252;252m@@@@@@@@@@@@@@@@@@@@[38;2;251;251;251m@[38;2;85;85;85mL [38;2;0;0;230m@     [39m
 [38;2;0;0;0m      [38;2;0;0;226m@  [38;2;249;249;249m@[38;2;252;252;252m@@@@@@@@@@@@@@@@@@@@[38;2;251;251;251m@  [38;2;0;0;224m@     [39m
 [38;2;0;0;0m      [38;2;0;0;236m@ [38;2;100;100;100m4[38;2;251;251;251m@[38;2;252;252;252m@@@@@@@@@@@@@@@@@@@@[38;2;244;244;244m@  [38;2;0;0;216m$     [39m
 [38;2;0;0;0m      [38;2;0;0;233m@ [38;2;143;143;143md[38;2;251;251;251m@[38;2;252;252;252m@@@@@@@@@@@@@@@@@@@@[38;2;229;229;229m@ [38;2;0;0;207mJ[38;2;1;1;214mF     [39m
 [38;2;0;0;0m     [38;2;2;2;177mJ[38;2;0;0;220m@ [38;2;193;193;193m4[38;2;251;251;251m@[38;2;252;252;252m@@@@@@@@@@@@@@@@@@@[38;2;251;251;251m@[38;2;217;217;217mF [38;2;0;0;226mg[38;2;0;0;207m|     [39m
 [38;2;0;0;0m      [38;2;0;0;231m@[38;2;0;0;230m_ [38;2;167;167;167m5[38;2;207;207;207mF[38;2;251;251;251m~[38;2;166;166;166mM[38;2;224;224;224m@[38;2;251;251;251m@@[38;2;242;242;242m@[38;2;220;220;220mP[38;2;174;174;174mT[38;2;175;175;175mT[38;2;178;178;178m@[38;2;248;248;248m@[38;2;251;251;251m@[38;2;249;249;249m@[38;2;203;203;203m@[38;2;192;192;192mF[38;2;251;251;251m~[38;2;175;175;175m5[38;2;206;206;206m@[38;2;177;177;177mF [38;2;0;0;220my[38;2;0;0;214m@      [39m
 [38;2;0;0;0m      [38;2;1;0;218m`[38;2;0;0;214m@[38;2;0;0;228mg[38;2;0;0;216my[38;2;0;0;224ma[38;2;0;0;221m@y[38;2;0;0;227m_[38;2;0;0;228m_[38;2;0;0;227m_[38;2;0;0;226m_[38;2;0;0;217my[38;2;0;0;226mg[38;2;0;0;224mg[38;2;0;0;226m__[38;2;0;0;228m_[38;2;0;0;227m_[38;2;0;0;226m_[38;2;0;0;225mg[38;2;0;0;220m$[38;2;0;0;214my[38;2;0;0;227m_[38;2;0;0;224mg[38;2;0;0;225m@[38;2;1;1;208mF       [39m
 [38;2;0;0;0m        [38;2;2;1;199m~[38;2;0;0;225m~[38;2;0;0;222m~[38;2;0;0;224m`[38;2;0;0;229m~[38;2;0;0;227m~[38;2;0;0;222m=[38;2;0;0;220m=[38;2;0;0;227m~[38;2;0;0;229m~[38;2;0;0;222m`[38;2;1;0;222m~[38;2;0;0;226m~[38;2;0;0;227m~[38;2;0;0;226m=[38;2;0;0;227m~[38;2;0;0;226m~[38;2;0;1;209m~[38;2;0;0;221m`[38;2;0;0;226m~~[38;2;1;0;219m~         [39m
 [38;2;0;0;0m                                       [39m
 [38;2;0;0;0m                                       [39m
[?25h