[?25l[39m [38;2;0;0;0m                 [38;2;0;0;221m_[38;2;0;0;233m__[38;2;0;0;223m_                  [39m
 [38;2;0;0;0m           [38;2;1;0;209m_[38;2;0;0;226m_[38;2;0;0;224mg[38;2;0;0;218m@[38;2;0;0;227m@[38;2;0;0;228m@[38;2;0;0;224m@[38;2;0;0;223mR[38;2;0;0;217m@[38;2;0;0;225m@[38;2;0;0;228m@[38;2;0;0;226m@[38;2;0;0;219m@[38;2;0;0;224mg[38;2;0;0;226m_[38;2;1;0;209m_            [39m
 [38;2;0;0;0m         [38;2;0;0;231m_[38;2;0;0;228mg[38;2;0;0;227m@[38;2;0;0;219mP[38;2;0;0;226m~[38;2;80;80;80m_[38;2;239;239;239m_[38;2;170;170;170my[38;2;192;192;192my[38;2;200;200;200myy[38;2;192;192;192my[38;2;169;169;169my[38;2;239;239;239m_[38;2;80;80;80m_[38;2;0;0;226m~=[38;2;0;0;227m@[38;2;0;0;228mg[38;2;0;0;231m_          [39m
 [38;2;0;0;0m       [38;2;0;0;215m_[38;2;0;0;217m@[38;2;0;0;228mP[38;2;0;0;227m~[38;2;148;148;148m_[38;2;210;210;210my[38;2;209;209;209m@[38;2;251;251;251m@@[38;2;252;252;252m@@@@@@[38;2;251;251;251m@@[38;2;218;218;218m@[38;2;209;209;209my[38;2;148;148;148m_[38;2;0;0;222m~[38;2;0;0;220mR[38;2;0;0;222m@[38;2;1;0;215m_        [39m
 [38;2;0;0;0m      [38;2;0;0;209mj[38;2;0;0;229m@[38;2;0;0;226m~ [38;2;207;207;207mg[38;2;251;251;251m@[38;2;252;252;252m@@@@@@@@@@@@@@[38;2;251;251;251m@[38;2;207;207;207mg[38;2;78;78;78m,[38;2;0;0;222m~[38;2;0;0;228m@[38;2;0;0;222m_       [39m
 [38;2;0;0;0m      [38;2;0;0;231m@[38;2;1;1;209m'[38;2;99;99;99m_[38;2;219;219;219m@[38;2;252;252;252m@@@@@@@@@@@@@@@@@@[38;2;234;234;234m@[38;2;99;99;99m_[38;2;2;2;197m`[38;2;0;0;229m@[38;2;0;0;232m,      [39m
 [38;2;0;0;0m     [38;2;0;0;214mg[38;2;0;0;216mF [38;2;204;204;204m$[38;2;252;252;252m@[38;2;251;251;251m@[38;2;225;225;225m~[38;2;199;199;199m~[38;2;139;139;139m5[38;2;194;194;194m@[38;2;251;251;251m@[38;2;252;252;252m@@@@@@@@@@@@@[38;2;217;217;217m@ [38;2;0;0;201m?[38;2;0;0;218m$      [39m
 [38;2;0;0;0m     [38;2;0;0;224m@  [38;2;249;249;249m@[38;2;252;252;252m@@[38;2;242;242;242m@[38;2;221;221;221mg[38;2;148;148;148my  [38;2;225;225;225m~[38;2;209;209;209m@[38;2;251;251;251m@[38;2;223;223;223m@[38;2;251;251;251m~[38;2;250;250;250m~~~~~[38;2;251;251;251m~[38;2;221;221;221m@[38;2;252;252;252m@[38;2;251;251;251m@  [38;2;0;0;226m@      [39m
 [38;2;0;0;0m     [38;2;0;0;225m@  [38;2;249;249;249m@[38;2;252;252;252m@[38;2;251;251;251m@[38;2;221;221;221mF[38;2;220;220;220m~ [38;2;173;173;173m_[38;2;186;186;186my[38;2;236;236;236mg[38;2;249;249;249m@[38;2;252;252;252m@[38;2;251;251;251m@[38;2;244;244;244mg[38;2;240;240;240mggggg[38;2;246;246;246mg[38;2;249;249;249m@[38;2;252;252;252m@[38;2;251;251;251m@  [38;2;0;0;227m@      [39m
 [38;2;0;0;0m     [38;2;0;0;225m@  [38;2;249;249;249m@[38;2;252;252;252m@[38;2;251;251;251m@[38;2;229;229;229mg[38;2;220;220;220ma[38;2;222;222;222m@[38;2;251;251;251m@[38;2;252;252;252m@@@@@@@@@@@@@@[38;2;251;251;251m@  [38;2;0;0;227m@      [39m
 [38;2;0;0;0m     [38;2;0;0;225m@  [38;2;249;249;249m@[38;2;252;252;252m@@@@@@@@@@@@@@@@@@@@[38;2;251;251;251m@  [38;2;0;0;227m@      [39m
 [38;2;0;0;0m     [38;2;0;0;225m@  [38;2;249;249;249m@[38;2;252;252;252m@@@@@@@@@@@@@@@@@@@@[38;2;251;251;251m@  [38;2;0;0;226m@      [39m
 [38;2;0;0;0m     [38;2;0;0;225m@  [38;2;249;249;249m@[38;2;252;252;252m@@@@@@@@@@@@@@@@@@@@[38;2;251;251;251m@  [38;2;0;0;227m@      [39m
 [38;2;0;0;0m     [38;2;0;0;220m@  [38;2;245;245;245m@[38;2;252;252;252m@@@@@@@@@@@@@@@@@@@@[38;2;249;249;249m@  [38;2;0;0;223m@      [39m
 [38;2;0;0;0m     [38;2;1;1;211m`[38;2;0;0;225m$[38;2;0;0;212m,[38;2;169;169;169m~[38;2;188;188;188m@[38;2;250;250;250m@[38;2;251;251;251m@@[38;2;223;223;223m@[38;2;209;209;209mF[38;2;170;170;170mF[38;2;188;188;188mA[38;2;244;244;244m@[38;2;251;251;251m@@[38;2;245;245;245m@[38;2;221;221;221mP[38;2;174;174;174mF[38;2;167;167;167mM[38;2;217;217;217m@[38;2;251;251;251m@@[38;2;250;250;250m@[38;2;204;204;204m@[38;2;192;192;192m~ [38;2;0;0;232ma'      [39m
 [38;2;0;0;0m      [38;2;0;0;216m`[38;2;0;0;222m4[38;2;0;0;223mg[38;2;0;0;225m_[38;2;0;0;228m_[38;2;147;147;147m`[38;2;0;0;228m_[38;2;0;0;225m_[38;2;0;0;222ma[38;2;0;0;228ma[38;2;0;0;212my[38;2;0;0;227m_[38;2;126;126;126m`[38;2;124;124;124m`[38;2;0;0;226m_[38;2;0;0;211my[38;2;0;0;228ma[38;2;0;0;219mg[38;2;0;0;225m_[38;2;0;0;228m_[38;2;152;152;152m`[38;2;0;0;229m_[38;2;0;0;225m_[38;2;0;0;226ma[38;2;0;0;224mP[38;2;0;0;230m'       [39m
 [38;2;0;0;0m         [38;2;0;0;223m~[38;2;0;0;226m~[38;2;0;0;225m~~[38;2;0;0;228m~[38;2;2;2;193m` [38;2;0;0;229m`[38;2;0;0;228m~[38;2;0;0;225m~~[38;2;0;0;230m~[38;2;0;0;231m` [38;2;3;2;191m`[38;2;0;0;227m~[38;2;0;0;225m~~[38;2;0;0;226m~[38;2;0;0;223m~          [39m
 [38;2;0;0;0m                                       [39m
 [38;2;0;0;0m                                       [39m
[?25h