[?25l[39m [38;2;0;0;0m                                       [39m
 [38;2;0;0;0m              [38;2;0;0;227m_[38;2;0;0;226m_[38;2;0;0;227m_[38;2;1;1;206my[38;2;1;0;212my[38;2;1;1;211my[38;2;1;1;202my[38;2;0;0;226m__[38;2;1;0;213m_               [39m
 [38;2;0;0;0m          [38;2;0;0;227m_[38;2;0;0;212ma[38;2;0;0;226ma[38;2;0;0;221mP[38;2;0;0;226m~~[38;2;0;0;232m~[38;2;134;134;134m_[38;2;152;152;152m_[38;2;143;143;143m_[38;2;99;99;99m_[38;2;0;0;230m~[38;2;0;0;226m~[38;2;0;0;225m=[38;2;0;0;220m@[38;2;0;0;225mg[38;2;0;0;228m_            [39m
 [38;2;0;0;0m        [38;2;0;0;229m_[38;2;0;0;217m@[38;2;0;0;212mF[38;2;0;0;210m~[38;2;136;136;136my[38;2;188;188;188mg[38;2;248;248;248mg[38;2;238;238;238m@[38;2;252;252;252m@@[38;2;251;251;251m@@[38;2;252;252;252m@[38;2;248;248;248m@[38;2;220;220;220m@[38;2;216;216;216mg[38;2;161;161;161my[38;2;0;0;209m`[38;2;0;0;225m~[38;2;0;0;217m@[38;2;0;0;216my          [39m
 [38;2;0;0;0m      [38;2;1;2;188m_[38;2;0;0;229mg[38;2;0;0;216mF [38;2;200;200;200my[38;2;229;229;229m@[38;2;251;251;251m@[38;2;252;252;252m@@@@@@@@@@@@[38;2;249;249;249m@[38;2;195;195;195mg[38;2;90;90;90m_[38;2;0;0;223m~[38;2;0;0;225m@[38;2;0;0;212m_        [39m
 [38;2;0;0;0m      [38;2;0;0;228m@[38;2;1;0;210m'[38;2;130;130;130m_[38;2;214;214;214m@[38;2;251;251;251m@[38;2;252;252;252m@@@@@@@@@@@@@@@@[38;2;243;243;243m@[38;2;125;125;125my [38;2;0;0;219m@[38;2;0;0;233m,       [39m
 [38;2;0;0;0m     [38;2;0;0;220m@[38;2;1;1;205m' [38;2;225;225;225m@[38;2;252;252;252m@[38;2;250;250;250m@[38;2;201;201;201mM[38;2;191;191;191mP[38;2;232;232;232m@[38;2;251;251;251m@[38;2;252;252;252m@@@@@@@@@@@@@[38;2;249;249;249m@[38;2;92;92;92m_ [38;2;0;0;230m@       [39m
 [38;2;0;0;0m     [38;2;0;0;232m@ [38;2;138;138;139mg[38;2;251;251;251m@[38;2;252;252;252m@[38;2;250;250;250m@[38;2;215;215;215my[38;2;234;234;234m_ [38;2;220;220;220m`[38;2;249;249;249m~[38;2;173;173;173m@[38;2;251;251;251m@[38;2;252;252;252m@[38;2;246;246;246m@[38;2;201;201;201mR[38;2;221;221;221mPPPPP[38;2;187;187;187m@[38;2;251;251;251m@[38;2;252;252;252m@[38;2;187;187;187m$ [38;2;0;0;217m9[38;2;0;0;209mi      [39m
 [38;2;0;0;0m    [38;2;3;2;156mJ[38;2;0;0;226m@ [38;2;185;185;186m4[38;2;252;252;252m@@[38;2;251;251;251m@[38;2;233;233;233m@[38;2;221;221;221mF[38;2;182;182;182m~ [38;2;106;106;106m_[38;2;171;171;171my[38;2;228;228;228m@[38;2;252;252;252m@[38;2;226;226;226m$[38;2;165;165;165my[38;2;159;159;159myyyyy[38;2;184;184;184my[38;2;235;235;235m@[38;2;252;252;252m@[38;2;205;205;205m@ [38;2;0;0;211m4[38;2;1;1;216m[      [39m
 [38;2;0;0;0m     [38;2;0;0;227m@ [38;2;179;179;179m4[38;2;251;251;251m@[38;2;252;252;252m@[38;2;245;245;245m@[38;2;252;252;252m_[38;2;251;251;251m_[38;2;213;213;213my[38;2;251;251;251mg@[38;2;252;252;252m@@@@@@@@@@@@@[38;2;212;212;212m@ [38;2;0;0;208m4[38;2;1;1;218m[      [39m
 [38;2;0;0;0m     [38;2;0;0;231m@ [38;2;170;170;170m4[38;2;251;251;251m@[38;2;252;252;252m@@@@@@@@@@@@@@@@@@@@[38;2;221;221;221m@ [38;2;0;0;203m4[38;2;1;0;221m[      [39m
 [38;2;0;0;0m     [38;2;0;0;234m@ [38;2;156;156;156m4[38;2;251;251;251m@[38;2;252;252;252m@@@@@@@@@@@@@@@@@@@@[38;2;233;233;233m@ [38;2;0;1;196m4[38;2;0;0;224m[      [39m
 [38;2;0;0;0m     [38;2;0;0;236m@ [38;2;138;138;138m4[38;2;251;251;251m@[38;2;252;252;252m@@@@@@@@@@@@@@@@@@@@[38;2;238;238;238m@ [38;2;0;0;190mJ[38;2;1;0;208m$      [39m
 [38;2;0;0;0m     [38;2;0;0;237m@ [38;2;117;117;117m4[38;2;252;252;252m@@@@@@@@@@@@@@@@@@@@@[38;2;241;241;241m@  [38;2;0;0;215m$      [39m
 [38;2;0;0;0m     [38;2;0;0;225m@[38;2;0;0;212m,[38;2;67;67;67m"[38;2;241;241;241m@[38;2;252;252;252m@@@@@@@@@@@@@@@@@@@@[38;2;224;224;224m@ [38;2;0;0;208mj[38;2;1;0;208m$      [39m
 [38;2;0;0;0m     [38;2;2;1;207m`[38;2;0;0;223m@[38;2;0;0;225m_[38;2;171;171;171m`[38;2;177;177;177mT[38;2;183;183;183m@[38;2;227;227;227m@[38;2;221;221;221m@[38;2;167;167;167m@[38;2;244;244;244m~[38;2;219;219;219m~[38;2;242;242;242m~[38;2;179;179;179mR[38;2;216;216;216m@[38;2;228;228;228m@[38;2;192;192;192m@[38;2;191;191;191mF[38;2;224;224;224m~[38;2;225;225;225m~[38;2;173;173;173mF[38;2;195;195;195m@[38;2;227;227;227m@[38;2;199;199;199m@[38;2;200;200;200mF[38;2;68;68;68m`[38;2;0;0;229m_[38;2;0;0;222m@[38;2;0;0;210m'      [39m
 [38;2;0;0;0m       [38;2;0;0;227m~[38;2;0;0;225m4[38;2;0;0;227ma[38;2;0;0;216my[38;2;0;0;196my[38;2;0;0;199my[38;2;0;0;221ma[38;2;0;0;227ma[38;2;0;0;217mP[38;2;0;0;216m@[38;2;0;0;221mg[38;2;0;0;202my[38;2;0;0;196my[38;2;0;0;213my[38;2;0;0;227mgP[38;2;0;0;217mR[38;2;0;0;226mg[38;2;0;0;211my[38;2;0;0;197my[38;2;0;0;212my[38;2;0;0;226mg[38;2;0;0;225mP[38;2;0;0;228m~        [39m
 [38;2;0;0;0m          [38;2;1;0;220m`[38;2;0;0;227m``[38;2;3;1;201m`   [38;2;3;2;189m`[38;2;0;0;226m``[38;2;1;0;223m`    [38;2;1;0;225m`[38;2;0;0;227m`[38;2;0;0;226m`           [39m
 [38;2;0;0;0m                                       [39m
[?25h