[?25l[39m [38;2;0;0;0m              [38;2;0;0;231m_[38;2;0;0;225m_[38;2;0;0;226m_[38;2;1;0;215my[38;2;0;0;220myy[38;2;0;0;215my[38;2;0;0;226m_[38;2;0;0;225m_[38;2;0;0;231m_               [39m
 [38;2;0;0;0m          [38;2;0;0;217m_[38;2;1;0;212my[38;2;0;0;225ms[38;2;0;0;217mP[38;2;0;0;226m~~[38;2;152;152;152m_[38;2;235;235;235m_[38;2;243;243;243m__[38;2;235;235;235m_[38;2;152;152;152m_[38;2;0;0;225m~[38;2;0;0;226m~[38;2;0;0;224m=[38;2;0;0;225ma[38;2;0;1;212my[38;2;0;0;217m_           [39m
 [38;2;0;0;0m        [38;2;0;0;220m_[38;2;0;0;230ma[38;2;0;0;216mF[38;2;0;0;204m~[38;2;134;134;134my[38;2;189;189;189mg[38;2;219;219;219m$[38;2;250;250;250m@[38;2;251;251;251m@[38;2;252;252;252m@@@@[38;2;251;251;251m@@[38;2;226;226;226m$[38;2;189;189;189mg[38;2;234;234;234m_[38;2;0;0;202m~[38;2;0;0;211m?[38;2;0;0;229ma[38;2;0;0;220m_         [39m
 [38;2;0;0;0m       [38;2;0;0;217mg[38;2;0;0;227mF [38;2;183;183;183my[38;2;219;219;219m@[38;2;251;251;251m@[38;2;252;252;252m@@@@@@@@@@@@[38;2;251;251;251m@[38;2;230;230;230m@[38;2;175;175;175my [38;2;0;0;199m#[38;2;0;0;217mg        [39m
 [38;2;0;0;0m      [38;2;0;0;226mg[38;2;0;0;212mF [38;2;220;220;220mg[38;2;251;251;251m@[38;2;252;252;252m@@@@@@@@@@@@@@@@[38;2;251;251;251m@[38;2;201;201;201m$ [38;2;0;0;219m~[38;2;0;0;223m$       [39m
 [38;2;0;0;0m     [38;2;1;0;208mj[38;2;0;0;229mF [38;2;205;205;205mg[38;2;251;251;251m@[38;2;252;252;252m@[38;2;228;228;228m@[38;2;216;216;216m@[38;2;251;251;251m@[38;2;252;252;252m@@@@@@[38;2;250;250;250m@[38;2;206;206;206m@[38;2;239;239;239m@[38;2;251;251;251m@[38;2;252;252;252m@@@@[38;2;251;251;251m@[38;2;183;183;183m@ [38;2;0;0;220m?i      [39m
 [38;2;0;0;0m     [38;2;0;0;217m@  [38;2;245;245;245m@[38;2;252;252;252m@[38;2;250;250;250m@[38;2;169;169;169my[38;2;76;76;76m_[38;2;141;141;141m`[38;2;235;235;235m~[38;2;173;173;173mA[38;2;234;234;234m@[38;2;251;251;251m@[38;2;252;252;252m@@[38;2;224;224;224m$[38;2;233;233;233m_ [38;2;145;145;145m~[38;2;175;175;175mT[38;2;180;180;180m@[38;2;250;250;250m@[38;2;252;252;252m@@[38;2;250;250;250m@  [38;2;0;0;226m$      [39m
 [38;2;0;0;0m     [38;2;0;0;226m@  [38;2;249;249;249m@[38;2;252;252;252m@@[38;2;251;251;251m@[38;2;229;229;229m@[38;2;178;178;178m=  [38;2;135;135;135m_[38;2;198;198;198m$[38;2;251;251;251m@[38;2;252;252;252m@@[38;2;250;250;250m@[38;2;192;192;192m@[38;2;92;92;92mr  [38;2;126;126;126my[38;2;246;246;246m@[38;2;252;252;252m@[38;2;251;251;251m@  [38;2;0;0;226m@      [39m
 [38;2;0;0;0m     [38;2;0;0;226m@  [38;2;249;249;249m@[38;2;252;252;252m@[38;2;250;250;250m@[38;2;133;133;133m~ [38;2;142;142;142my[38;2;191;191;191mg[38;2;214;214;214m@[38;2;251;251;251m@[38;2;252;252;252m@@@[38;2;197;197;197m@[38;2;69;69;69m`[38;2;145;145;145m_[38;2;178;178;178my[38;2;230;230;230mg[38;2;238;238;238m@[38;2;251;251;251m@[38;2;252;252;252m@@[38;2;251;251;251m@  [38;2;0;0;226m@      [39m
 [38;2;0;0;0m     [38;2;0;0;226m@  [38;2;249;249;249m@[38;2;252;252;252m@@[38;2;251;251;251m@[38;2;250;250;250m@[38;2;252;252;252m@@@@@@@[38;2;251;251;251m@[38;2;250;250;250m@[38;2;251;251;251m@[38;2;252;252;252m@@@@@@[38;2;251;251;251m@  [38;2;0;0;226m@      [39m
 [38;2;0;0;0m     [38;2;0;0;226m@  [38;2;249;249;249m@[38;2;252;252;252m@@@@@@@@@@@@@@@@@@@@[38;2;251;251;251m@  [38;2;0;0;226m@      [39m
 [38;2;0;0;0m     [38;2;0;0;226m@  [38;2;249;249;249m@[38;2;252;252;252m@@@@@@@@@@@@@@@@@@@@[38;2;251;251;251m@  [38;2;0;0;227m@      [39m
 [38;2;0;0;0m     [38;2;0;0;226m@  [38;2;249;249;249m@[38;2;252;252;252m@@@@@@@@@@@@@@@@@@@@[38;2;251;251;251m@  [38;2;0;0;227m@      [39m
 [38;2;0;0;0m     [38;2;0;0;226m@  [38;2;249;249;249m@[38;2;252;252;252m@@@@@@@@@@@@@@@@@@@@[38;2;251;251;251m@  [38;2;0;0;227m@      [39m
 [38;2;0;0;0m     [38;2;0;0;212m@[38;2;0;0;224mL [38;2;188;188;188mR[38;2;251;251;251m@[38;2;252;252;252m@@@[38;2;251;251;251m@[38;2;247;247;247m@[38;2;248;248;248m@[38;2;251;251;251m@[38;2;252;252;252m@@@@[38;2;250;250;250m@[38;2;246;246;246m@[38;2;251;251;251m@[38;2;252;252;252m@@@@[38;2;251;251;251m@[38;2;186;186;186m@ [38;2;0;0;225mj[38;2;0;0;218m@      [39m
 [38;2;0;0;0m     [38;2;2;2;205m`[38;2;0;0;225m@[38;2;0;0;220mg[38;2;0;0;227m_[38;2;161;161;161m~[38;2;176;176;176mT[38;2;185;185;185mF[38;2;158;158;158mF[38;2;135;135;135m~[38;2;0;0;227m_[38;2;0;0;226m_[38;2;170;170;170m~[38;2;176;176;176mT[38;2;190;190;190mT[38;2;181;181;181mF[38;2;223;223;223m~[38;2;0;0;223m_[38;2;0;0;226m_[38;2;154;154;154m`[38;2;243;243;243m~[38;2;182;182;182mF[38;2;187;187;187mF[38;2;248;248;248m~[38;2;153;153;153m`[38;2;0;0;226m_[38;2;0;0;221ma[38;2;0;0;226m@[38;2;0;0;228m'      [39m
 [38;2;0;0;0m       [38;2;0;0;228m~[38;2;0;0;215m@[38;2;0;0;226m@[38;2;0;0;222m@[38;2;0;0;226mg[38;2;0;0;223m@[38;2;0;0;227m@[38;2;0;0;226mP[38;2;1;0;217m@[38;2;0;0;226m@[38;2;0;0;222m@[38;2;0;0;226mgg@[38;2;0;0;223m@4[38;2;0;0;227m@[38;2;0;0;226m@gg[38;2;0;0;225m@[38;2;0;0;227m@[38;2;0;0;222mP[38;2;0;0;229m~        [39m
 [38;2;0;0;0m          [38;2;0;0;227m`[38;2;0;1;210m~[38;2;0;0;227m`    [38;2;0;0;228m`[38;2;0;1;212m~[38;2;1;1;199m~[38;2;2;3;193m`   [38;2;1;0;222m`[38;2;0;1;210m~[38;2;0;1;211m~[38;2;0;0;224m`           [39m
 [38;2;0;0;0m                                       [39m
[?25h