[?25l[39m [38;2;0;0;0m                                       [39m
 [38;2;0;0;0m              [38;2;0;0;227m__[38;2;1;1;202my[38;2;0;0;217my[38;2;0;0;216ma[38;2;0;1;215ma[38;2;0;0;217my[38;2;1;1;203my[38;2;0;0;227m_[38;2;0;0;228m_               [39m
 [38;2;0;0;0m          [38;2;0;0;217m_[38;2;0;0;212my[38;2;0;0;225mgP[38;2;0;0;226m~[38;2;0;0;225m~[38;2;0;0;232m~[38;2;129;129;129m_[38;2;159;159;159m__[38;2;129;129;129m_[38;2;0;0;232m~[38;2;0;0;225m~[38;2;0;0;226m~[38;2;0;0;225m4[38;2;0;0;218m@[38;2;0;0;212my[38;2;0;0;216m_           [39m
 [38;2;0;0;0m        [38;2;0;0;222m_[38;2;0;0;228mg[38;2;0;0;224mP[38;2;0;0;225m~[38;2;178;178;178m_[38;2;198;198;198my[38;2;239;239;239mg[38;2;230;230;230m@[38;2;251;251;251m@[38;2;252;252;252m@[38;2;251;251;251m@@[38;2;252;252;252m@[38;2;251;251;251m@[38;2;234;234;234m@[38;2;239;239;239mg[38;2;197;197;197my[38;2;179;179;179m_[38;2;0;0;222m~4[38;2;0;0;227mg[38;2;0;0;223m_         [39m
 [38;2;0;0;0m       [38;2;1;0;217mg[38;2;0;0;228mP[38;2;1;0;209m'[38;2;144;144;144my[38;2;245;245;245mg[38;2;251;251;251m@[38;2;252;252;252m@@@@@@@@@@@@[38;2;251;251;251m@[38;2;217;217;217m$[38;2;129;129;129my[38;2;2;0;204m`[38;2;0;0;227m4[38;2;0;0;218mg        [39m
 [38;2;0;0;0m      [38;2;0;0;224mg[38;2;0;0;223mF [38;2;201;201;201mg[38;2;251;251;251m@[38;2;252;252;252m@@@@@@@@@@@@@@@@[38;2;251;251;251m@[38;2;167;167;167m@ [38;2;0;0;227m~[38;2;0;0;223m$       [39m
 [38;2;0;0;0m     [38;2;1;0;209mj[38;2;0;0;230mF [38;2;189;189;189mg[38;2;251;251;251m@@[38;2;220;220;220mP[38;2;183;183;183mM[38;2;220;220;220m@[38;2;251;251;251m@[38;2;252;252;252m@@@@@@@@@@@@@[38;2;251;251;251m@[38;2;167;167;167m$ [38;2;0;0;219m4[38;2;0;0;221mi      [39m
 [38;2;0;0;0m     [38;2;0;0;218m@[38;2;1;1;191m' [38;2;242;242;242m@[38;2;252;252;252m@@[38;2;199;199;199mg[38;2;139;139;139my[38;2;63;63;63m_[38;2;168;168;168m`[38;2;246;246;246m~[38;2;192;192;192mA[38;2;249;249;249m@[38;2;252;252;252m@[38;2;249;249;249m@[38;2;230;230;230mP[38;2;219;219;219mPPPPP[38;2;175;175;175m@[38;2;250;250;250m@[38;2;252;252;252m@[38;2;248;248;248m@  [38;2;0;0;225m$      [39m
 [38;2;0;0;0m     [38;2;0;0;226m@  [38;2;249;249;249m@[38;2;252;252;252m@[38;2;251;251;251m@[38;2;237;237;237m@[38;2;206;206;206mP[38;2;209;209;209m~ [38;2;90;90;90m_[38;2;165;165;165my[38;2;212;212;212m@[38;2;252;252;252m@[38;2;228;228;228m@[38;2;175;175;175my[38;2;163;163;163my[38;2;162;162;162myyyy[38;2;180;180;180my[38;2;222;222;222m@[38;2;252;252;252m@[38;2;251;251;251m@  [38;2;0;0;226m@      [39m
 [38;2;0;0;0m     [38;2;0;0;226m@  [38;2;249;249;249m@[38;2;252;252;252m@[38;2;251;251;251m@[38;2;156;156;156my[38;2;252;252;252m_[38;2;209;209;209my[38;2;251;251;251mg@[38;2;252;252;252m@@@@@@@@@@@@@[38;2;251;251;251m@  [38;2;0;0;226m@      [39m
 [38;2;0;0;0m     [38;2;0;0;226m@  [38;2;249;249;249m@[38;2;252;252;252m@@@@@@@@@@@@@@@@@@@@[38;2;251;251;251m@  [38;2;0;0;226m@      [39m
 [38;2;0;0;0m     [38;2;0;0;226m@  [38;2;249;249;249m@[38;2;252;252;252m@@@@@@@@@@@@@@@@@@@@[38;2;251;251;251m@  [38;2;0;0;227m@      [39m
 [38;2;0;0;0m     [38;2;0;0;226m@  [38;2;249;249;249m@[38;2;252;252;252m@@@@@@@@@@@@@@@@@@@@[38;2;251;251;251m@  [38;2;0;0;227m@      [39m
 [38;2;0;0;0m     [38;2;0;0;226m@  [38;2;249;249;249m@[38;2;252;252;252m@@@@@@@@@@@@@@@@@@@@[38;2;251;251;251m@  [38;2;0;0;226m@      [39m
 [38;2;0;0;0m     [38;2;0;0;213m9[38;2;1;0;205mL [38;2;209;209;209m$[38;2;251;251;251m@[38;2;252;252;252m@@@@@@@@@@@@[38;2;251;251;251m@[38;2;252;252;252m@@@@@@[38;2;224;224;224m@ [38;2;0;0;204mj[38;2;0;0;211m@      [39m
 [38;2;0;0;0m     [38;2;3;3;186m`[38;2;0;0;213m@[38;2;0;0;210my [38;2;238;238;238m~[38;2;197;197;197mP[38;2;208;208;208mR[38;2;168;168;168m@[38;2;185;185;185mF[38;2;168;168;168m~[38;2;192;192;192m`[38;2;210;210;210m~[38;2;173;173;173mP[38;2;202;202;202mR[38;2;204;204;204mR[38;2;210;210;210mF[38;2;224;224;224m~[38;2;188;188;188m`[38;2;147;147;147m~[38;2;175;175;175mT[38;2;195;195;195m#[38;2;210;210;210mR[38;2;209;209;209mP[38;2;163;163;163mF[38;2;64;64;64m~[38;2;0;0;208my[38;2;0;0;217m@[38;2;0;0;207m'      [39m
 [38;2;0;0;0m       [38;2;0;0;224m~[38;2;0;0;226m=a[38;2;0;0;228mg[38;2;0;0;223mg[38;2;0;0;227mg[38;2;0;0;228ma[38;2;0;0;223mP[38;2;0;0;215m=[38;2;0;0;212m@[38;2;0;0;227ma[38;2;0;0;225mg[38;2;0;0;224mg[38;2;0;0;227ma[38;2;1;0;211m@[38;2;1;0;215m=[38;2;0;0;223m4[38;2;0;0;228mag[38;2;0;0;222mg[38;2;0;0;228mg[38;2;0;0;225ma[38;2;0;0;217mP[38;2;0;0;225m~        [39m
 [38;2;0;0;0m                                       [39m
 [38;2;0;0;0m                                       [39m
[?25h