[?25l[39m [38;2;0;0;0m               [38;2;0;0;233m_[38;2;0;0;225m_[38;2;0;0;226m_[38;2;0;0;227m__[38;2;0;0;226m_[38;2;0;0;225m_[38;2;0;0;230m_                [39m
 [38;2;0;0;0m           [38;2;0;0;228m_[38;2;0;0;222mg[38;2;0;0;220m@[38;2;0;0;228m@[38;2;0;0;219mR[38;2;0;0;229m=[38;2;0;0;217m=[38;2;0;0;227m~~[38;2;0;0;216m=[38;2;0;0;229m=[38;2;0;0;220mR[38;2;0;0;227m@[38;2;0;0;223m@g[38;2;0;0;228m_            [39m
 [38;2;0;0;0m        [38;2;3;2;187m_[38;2;1;0;219ma[38;2;0;0;227m@[38;2;0;0;225mP[38;2;0;0;228m~[38;2;106;106;106m_[38;2;153;153;153my[38;2;202;202;202my[38;2;215;215;215mg[38;2;251;251;251mg[38;2;252;252;252mgg[38;2;251;251;251mg[38;2;215;215;215mg[38;2;203;203;203my[38;2;146;146;146my[38;2;106;106;106m_[38;2;0;0;226m~4[38;2;0;0;227m@[38;2;0;0;215mg[38;2;0;1;220m,         [39m
 [38;2;0;0;0m       [38;2;1;1;204my[38;2;0;0;228m@[38;2;0;0;217mF [38;2;179;179;179my[38;2;245;245;245mg[38;2;251;251;251m@[38;2;252;252;252m@@@@@@@@@@[38;2;251;251;251m@[38;2;207;207;207m@[38;2;173;173;173my [38;2;0;0;212m?[38;2;0;0;228m@[38;2;1;1;204my        [39m
 [38;2;0;0;0m      [38;2;0;0;211mg[38;2;0;0;220m@[38;2;1;1;205m'[38;2;126;126;126my[38;2;213;213;213m@[38;2;251;251;251m@[38;2;252;252;252m@@@@@@@@@@@@@@@[38;2;230;230;230m@[38;2;183;183;183m_[38;2;2;2;191m`[38;2;0;0;224mR[38;2;1;1;206m$       [39m
 [38;2;0;0;0m     [38;2;1;1;195mj[38;2;0;0;228m@ [38;2;138;138;139my[38;2;247;247;247m@[38;2;252;252;252m@[38;2;251;251;251m@@@[38;2;252;252;252m@@@@@@@[38;2;251;251;251m@@[38;2;252;252;252m@@@@@[38;2;250;250;250m@[38;2;123;123;123my [38;2;0;0;223m@[38;2;0;0;211mi      [39m
 [38;2;0;0;0m     [38;2;0;0;220mg[38;2;0;1;199mF [38;2;230;230;230m$[38;2;252;252;252m@[38;2;251;251;251m@[38;2;162;162;162m_ [38;2;205;205;205m~[38;2;157;157;157m5[38;2;213;213;213m@[38;2;251;251;251m@[38;2;252;252;252m@@@[38;2;204;204;204m@ [38;2;170;170;170m`[38;2;243;243;243m~[38;2;184;184;184mR[38;2;242;242;242m@[38;2;251;251;251m@[38;2;252;252;252m@@[38;2;236;236;236m@  [38;2;0;0;222m$      [39m
 [38;2;0;0;0m     [38;2;0;0;226m@  [38;2;249;249;249m@[38;2;252;252;252m@@[38;2;251;251;251m@[38;2;226;226;226m@[38;2;153;153;153mm  [38;2;134;134;134m`[38;2;202;202;202m$[38;2;251;251;251m@[38;2;252;252;252m@@[38;2;251;251;251m@[38;2;203;203;203m$[38;2;102;102;102m+  [38;2;160;160;160m~[38;2;246;246;246m@[38;2;252;252;252m@[38;2;251;251;251m@  [38;2;0;0;226m@      [39m
 [38;2;0;0;0m     [38;2;0;0;226m@  [38;2;249;249;249m@[38;2;252;252;252m@[38;2;251;251;251m@[38;2;236;236;236m~[38;2;104;104;104m`[38;2;113;113;113m_[38;2;171;171;171my[38;2;223;223;223mg[38;2;234;234;234m@[38;2;251;251;251m@[38;2;252;252;252m@@[38;2;208;208;208m@[38;2;188;188;188m~ [38;2;216;216;216m_[38;2;202;202;202my[38;2;246;246;246mg[38;2;248;248;248m@[38;2;252;252;252m@@[38;2;251;251;251m@  [38;2;0;0;226m@      [39m
 [38;2;0;0;0m     [38;2;0;0;226m@  [38;2;249;249;249m@[38;2;252;252;252m@@[38;2;235;235;235m@[38;2;229;229;229m$[38;2;251;251;251m@[38;2;252;252;252m@@@@@@[38;2;251;251;251m@[38;2;227;227;227m$[38;2;238;238;238m@[38;2;251;251;251m@[38;2;252;252;252m@@@@@[38;2;251;251;251m@  [38;2;0;0;226m@      [39m
 [38;2;0;0;0m     [38;2;0;0;226m@  [38;2;249;249;249m@[38;2;252;252;252m@@@@@@@@@@@@@@@@@@@@[38;2;251;251;251m@  [38;2;0;0;226m@      [39m
 [38;2;0;0;0m     [38;2;0;0;226m@  [38;2;249;249;249m@[38;2;252;252;252m@@@@@@@@@@@@@@@@@@@@[38;2;251;251;251m@  [38;2;0;0;227m@      [39m
 [38;2;0;0;0m     [38;2;0;0;226m@  [38;2;249;249;249m@[38;2;252;252;252m@@@@@@@@@@@@@@@@@@@@[38;2;251;251;251m@  [38;2;0;0;227m@      [39m
 [38;2;0;0;0m     [38;2;0;0;218m@[38;2;0;0;214m, [38;2;241;241;241m@[38;2;252;252;252m@@@@@@@@@@@@@@@@@@@@[38;2;247;247;247m@  [38;2;0;0;224m$      [39m
 [38;2;0;0;0m     [38;2;1;1;208m`[38;2;0;0;226m@[38;2;0;0;217m_[38;2;111;111;111m~[38;2;188;188;188mA[38;2;240;240;240m@[38;2;249;249;249m@[38;2;246;246;246m@[38;2;188;188;188m@[38;2;168;168;168mF[38;2;252;252;252m~[38;2;165;165;165mM[38;2;218;218;218m@[38;2;248;248;248m@@[38;2;222;222;222m@[38;2;212;212;212mF[38;2;252;252;252m~[38;2;173;173;173mT[38;2;177;177;177m@[38;2;246;246;246m@[38;2;250;250;250m@[38;2;242;242;242m@[38;2;169;169;169m@[38;2;151;151;151m~[38;2;0;0;214m_[38;2;0;0;232ma[38;2;0;0;231m'      [39m
 [38;2;0;0;0m      [38;2;2;1;204m`[38;2;0;0;214m?[38;2;0;0;226ma[38;2;0;0;215my[38;2;0;0;226m___[38;2;0;0;206my[38;2;0;0;226ma[38;2;0;0;219m@g[38;2;0;0;225m_[38;2;0;0;226m__[38;2;0;0;225m_[38;2;0;0;222ma[38;2;0;0;217m@[38;2;0;0;226ma[38;2;0;0;206my[38;2;0;0;226m___[38;2;0;0;214my[38;2;0;0;226ma[38;2;0;0;215mF[38;2;0;0;218m'       [39m
 [38;2;0;0;0m         [38;2;0;0;227m`[38;2;0;0;229m~[38;2;0;0;231m~~[38;2;0;0;234m`  [38;2;1;2;192m`[38;2;0;0;217m~[38;2;0;0;232m~~[38;2;0;0;218m~[38;2;1;3;192m`  [38;2;0;0;234m`[38;2;0;0;230m~[38;2;0;0;232m~[38;2;0;0;228m~[38;2;0;0;229m`          [39m
 [38;2;0;0;0m                                       [39m
 [38;2;0;0;0m                                       [39m
[?25h