[?25l[39m [38;2;0;0;0m               [38;2;0;0;230m_[38;2;0;0;225m_[38;2;0;0;226m_[38;2;0;0;227m__[38;2;0;0;226m_[38;2;0;0;225m_[38;2;0;0;230m_                [39m
 [38;2;0;0;0m           [38;2;0;0;228m_[38;2;0;0;224ma[38;2;0;0;221m@[38;2;0;0;228m@[38;2;0;0;219mR[38;2;0;0;229m=[38;2;0;0;218m=[38;2;0;0;227m~~[38;2;0;0;216m=[38;2;0;0;229m=[38;2;0;0;220mR[38;2;0;0;228m@[38;2;0;0;223m@[38;2;0;0;222mg[38;2;0;0;228m_            [39m
 [38;2;0;0;0m        [38;2;2;2;187m_[38;2;0;0;219ma[38;2;0;0;227m@[38;2;0;0;225mP[38;2;0;0;227m~[38;2;105;105;105m_[38;2;153;153;153my[38;2;202;202;202my[38;2;215;215;215mg[38;2;251;251;251mg[38;2;252;252;252mgg[38;2;251;251;251mg[38;2;215;215;215mg[38;2;203;203;203my[38;2;146;146;146my[38;2;104;104;104m_[38;2;0;0;226m~4[38;2;0;0;227m@[38;2;0;0;215mg[38;2;0;1;218m,         [39m
 [38;2;0;0;0m       [38;2;1;1;205my[38;2;0;0;228m@[38;2;0;0;217mF [38;2;179;179;179my[38;2;246;246;246mg[38;2;251;251;251m@[38;2;252;252;252m@@@@@@@@@@[38;2;251;251;251m@[38;2;207;207;207m@[38;2;173;173;173my [38;2;0;0;211m?[38;2;0;0;228m@[38;2;1;1;205my        [39m
 [38;2;0;0;0m      [38;2;0;0;211mg[38;2;0;0;220m@[38;2;1;1;206m'[38;2;126;126;126my[38;2;214;214;214m@[38;2;251;251;251m@[38;2;252;252;252m@@@@@@@@@@@@@@@[38;2;230;230;230m@[38;2;183;183;183m_[38;2;2;1;192m`[38;2;0;0;224mR[38;2;1;1;207m$       [39m
 [38;2;0;0;0m     [38;2;1;1;195mj[38;2;0;0;228m@ [38;2;139;139;139my[38;2;247;247;247m@[38;2;252;252;252m@[38;2;250;250;250m@[38;2;248;248;248m@[38;2;251;251;251m@[38;2;252;252;252m@@@@@@@@@@@@@@[38;2;250;250;250m@[38;2;122;122;123my [38;2;0;0;223m@[38;2;0;0;210mi      [39m
 [38;2;0;0;0m     [38;2;0;0;220mg[38;2;0;0;199mF [38;2;230;230;230m$[38;2;252;252;252m@[38;2;251;251;251m@[38;2;199;199;199m_ [38;2;177;177;177m~[38;2;151;151;151mM[38;2;198;198;198m@[38;2;251;251;251m@[38;2;252;252;252m@@@[38;2;251;251;251m@@@@@[38;2;252;252;252m@[38;2;251;251;251m@[38;2;252;252;252m@@[38;2;237;237;237m@  [38;2;0;0;222m$      [39m
 [38;2;0;0;0m     [38;2;0;0;226m@  [38;2;249;249;249m@[38;2;252;252;252m@@[38;2;251;251;251m@[38;2;237;237;237m@[38;2;190;190;190m*  [38;2;70;70;70m`[38;2;202;202;202m$[38;2;251;251;251m@[38;2;211;211;211m@[38;2;74;74;74m~[38;2;70;70;70m````[38;2;66;66;66m`[38;2;115;115;115m`[38;2;215;215;215m$[38;2;252;252;252m@[38;2;251;251;251m@  [38;2;0;0;226m@      [39m
 [38;2;0;0;0m     [38;2;0;0;226m@  [38;2;249;249;249m@[38;2;252;252;252m@[38;2;251;251;251m@[38;2;225;225;225m~ [38;2;162;162;162m_[38;2;183;183;183my[38;2;234;234;234mg[38;2;241;241;241m@[38;2;251;251;251m@[38;2;252;252;252m@@[38;2;249;249;249m@[38;2;246;246;246m@@@@@[38;2;249;249;249m@[38;2;251;251;251m@[38;2;252;252;252m@[38;2;251;251;251m@  [38;2;0;0;226m@      [39m
 [38;2;0;0;0m     [38;2;0;0;226m@  [38;2;249;249;249m@[38;2;252;252;252m@@[38;2;243;243;243m@[38;2;227;227;227m@[38;2;251;251;251m@[38;2;252;252;252m@@@@@@@@@@@@@@@[38;2;251;251;251m@  [38;2;0;0;226m@      [39m
 [38;2;0;0;0m     [38;2;0;0;226m@  [38;2;249;249;249m@[38;2;252;252;252m@@@@@@@@@@@@@@@@@@@@[38;2;251;251;251m@  [38;2;0;0;226m@      [39m
 [38;2;0;0;0m     [38;2;0;0;226m@  [38;2;249;249;249m@[38;2;252;252;252m@@@@@@@@@@@@@@@@@@@@[38;2;251;251;251m@  [38;2;0;0;227m@      [39m
 [38;2;0;0;0m     [38;2;0;0;226m@  [38;2;249;249;249m@[38;2;252;252;252m@@@@@@@@@@@@@@@@@@@@[38;2;251;251;251m@  [38;2;0;0;227m@      [39m
 [38;2;0;0;0m     [38;2;0;0;217m@[38;2;0;0;214m, [38;2;241;241;241m@[38;2;252;252;252m@@@@@@@@@@@@@@@@@@@@[38;2;247;247;247m@  [38;2;0;0;224m$      [39m
 [38;2;0;0;0m     [38;2;1;1;208m`[38;2;0;0;226m@[38;2;0;0;219m_[38;2;110;110;110m~[38;2;188;188;188mA[38;2;240;240;240m@[38;2;249;249;249m@[38;2;246;246;246m@[38;2;188;188;188m@[38;2;168;168;168mF[38;2;252;252;252m~[38;2;165;165;165mM[38;2;219;219;219m@[38;2;248;248;248m@@[38;2;222;222;222m@[38;2;212;212;212mF[38;2;252;252;252m~[38;2;173;173;173mT[38;2;211;211;211mR[38;2;246;246;246m@[38;2;250;250;250m@[38;2;242;242;242m@[38;2;169;169;169m@[38;2;151;151;151m~[38;2;0;0;215m_[38;2;0;0;222m$[38;2;0;0;231m'      [39m
 [38;2;0;0;0m      [38;2;2;1;204m`[38;2;0;0;214m?[38;2;0;0;226ma[38;2;0;0;215my[38;2;0;0;226m___[38;2;0;0;206my[38;2;0;0;227ma[38;2;0;0;220m@g[38;2;0;0;225m_[38;2;0;0;226m__[38;2;0;0;225m_[38;2;0;0;221ma[38;2;0;0;217m@[38;2;0;0;226ma[38;2;0;0;206my[38;2;0;0;226m___[38;2;0;0;214my[38;2;0;0;225ma[38;2;0;0;215mF[38;2;0;0;219m'       [39m
 [38;2;0;0;0m         [38;2;0;0;227m`[38;2;0;0;229m~[38;2;0;0;231m~~[38;2;0;0;234m`  [38;2;1;2;190m`[38;2;0;0;218m~[38;2;0;0;231m~[38;2;0;0;232m~[38;2;0;0;218m~[38;2;1;2;193m`  [38;2;0;0;235m`[38;2;0;0;230m~[38;2;0;0;232m~[38;2;0;0;229m~[38;2;0;0;227m`          [39m
 [38;2;0;0;0m                                       [39m
 [38;2;0;0;0m                                       [39m
[?25h