[?25l[39m [38;2;0;0;0m                                       [39m
 [38;2;0;0;0m              [38;2;0;0;227m__[38;2;0;0;224m_[38;2;1;0;213my[38;2;0;0;219my[38;2;0;0;217my[38;2;1;1;207my[38;2;0;0;225m_[38;2;0;0;226m_[38;2;0;0;220m_               [39m
 [38;2;0;0;0m          [38;2;0;0;229m_[38;2;0;0;219ma#[38;2;0;0;221m=[38;2;0;0;225m~[38;2;0;0;231m~[38;2;149;149;149m_[38;2;226;226;226m_[38;2;252;252;252m_[38;2;240;240;240m_[38;2;175;175;175m_[38;2;84;84;84m_[38;2;0;0;227m~[38;2;0;0;225m~[38;2;0;0;227m4[38;2;0;0;226mg_            [39m
 [38;2;0;0;0m        [38;2;0;0;231m_[38;2;0;0;216m@[38;2;0;0;228m~[38;2;1;0;210m`[38;2;171;171;171my[38;2;222;222;222mg@[38;2;251;251;251m@@@[38;2;252;252;252m@[38;2;251;251;251m@@[38;2;252;252;252m@[38;2;238;238;238m@g[38;2;189;189;189my[38;2;123;123;123m_[38;2;0;0;223m~[38;2;0;0;230m4[38;2;0;0;219my[38;2;1;1;191m,         [39m
 [38;2;0;0;0m      [38;2;2;1;192m_[38;2;0;0;230ma[38;2;0;0;229m~ [38;2;193;193;193mg[38;2;245;245;245m@[38;2;252;252;252m@@@@@@@@@@@@@[38;2;251;251;251m@[38;2;220;220;220mg[38;2;128;128;128m_[38;2;0;0;212m~[38;2;0;0;221m@[38;2;0;0;213m_        [39m
 [38;2;0;0;0m      [38;2;0;0;227m@[38;2;1;1;196m'[38;2;124;124;125my[38;2;231;231;231m@[38;2;252;252;252m@@@@@@@@@@@@@@@@@[38;2;250;250;250m@[38;2;148;148;148my [38;2;0;0;224mR[38;2;0;0;234m,       [39m
 [38;2;0;0;0m     [38;2;0;0;224m@[38;2;1;1;198m' [38;2;237;237;237m@[38;2;252;252;252m@@[38;2;233;233;233m@[38;2;182;182;182mF[38;2;167;167;167m#[38;2;228;228;228m@[38;2;251;251;251m@[38;2;252;252;252m@@@@@@@@@@@@[38;2;250;250;250m@[38;2;100;100;100m_ [38;2;0;0;233m$       [39m
 [38;2;0;0;0m     [38;2;0;0;229m@ [38;2;166;166;167m4[38;2;251;251;251m@[38;2;252;252;252m@@[38;2;243;243;243m@[38;2;185;185;185mg[38;2;240;240;240m_ [38;2;206;206;206m`[38;2;248;248;248m~[38;2;175;175;175m@[38;2;251;251;251m@@[38;2;213;213;213m@[38;2;208;208;208mF[38;2;206;206;206mFFFFF[38;2;184;184;184m@[38;2;251;251;251m@[38;2;189;189;189m$ [38;2;0;0;218m9[38;2;1;0;206mi      [39m
 [38;2;0;0;0m    [38;2;3;2;161mJ[38;2;0;0;223m@ [38;2;191;191;191m4[38;2;252;252;252m@@@[38;2;250;250;250m@[38;2;186;186;186m@[38;2;175;175;175mF[38;2;115;115;115m~ [38;2;235;235;235m_[38;2;187;187;187mg[38;2;250;250;250m@[38;2;251;251;251m@[38;2;190;190;190m$[38;2;189;189;189my[38;2;188;188;188myyyyy[38;2;195;195;195mg[38;2;251;251;251m@[38;2;200;200;200m@ [38;2;0;0;213m4[38;2;1;1;214m[      [39m
 [38;2;0;0;0m     [38;2;0;0;226m@ [38;2;185;185;185m4[38;2;252;252;252m@@@[38;2;222;222;222m@[38;2;157;157;157my[38;2;185;185;185my[38;2;240;240;240mg[38;2;246;246;246m@[38;2;251;251;251m@[38;2;252;252;252m@@@@@@@@@@@@[38;2;206;206;206m@ [38;2;0;0;210m4[38;2;1;1;216m[      [39m
 [38;2;0;0;0m     [38;2;0;0;229m@ [38;2;175;175;175m4[38;2;251;251;251m@[38;2;252;252;252m@@@@@@@@@@@@@@@@@@@@[38;2;216;216;216m@ [38;2;0;0;205m4[38;2;1;1;220m[      [39m
 [38;2;0;0;0m     [38;2;0;0;234m@ [38;2;160;160;160m4[38;2;251;251;251m@[38;2;252;252;252m@@@@@@@@@@@@@@@@@@@@[38;2;230;230;230m@ [38;2;1;1;198m4[38;2;0;0;224m[      [39m
 [38;2;0;0;0m     [38;2;0;0;236m@ [38;2;141;141;141m4[38;2;251;251;251m@[38;2;252;252;252m@@@@@@@@@@@@@@@@@@@@[38;2;237;237;237m@ [38;2;0;0;191mJ[38;2;1;1;206m$      [39m
 [38;2;0;0;0m     [38;2;0;0;237m@ [38;2;120;120;120m4[38;2;252;252;252m@@@@@@@@@@@@@@@@@@@@@[38;2;241;241;241m@  [38;2;0;0;214m$      [39m
 [38;2;0;0;0m     [38;2;0;0;232m@ [38;2;70;70;71m4[38;2;250;250;250m@[38;2;252;252;252m@@@@@@@@@@@@@@@@@@@@[38;2;242;242;242m@ [38;2;0;0;185mj[38;2;0;0;216m$      [39m
 [38;2;0;0;0m     [38;2;0;0;219m`[38;2;0;0;222m$[38;2;0;0;204m,[38;2;189;189;189m~[38;2;183;183;183mF[38;2;208;208;208m@[38;2;251;251;251m@[38;2;252;252;252m@@[38;2;218;218;218m@[38;2;202;202;202mF[38;2;179;179;179mF[38;2;167;167;167m@[38;2;246;246;246m@[38;2;252;252;252m@@[38;2;242;242;242m@[38;2;213;213;213mP[38;2;181;181;181mF[38;2;173;173;173mP[38;2;225;225;225m@[38;2;252;252;252m@[38;2;251;251;251m@[38;2;199;199;199m@[38;2;167;167;167m~[38;2;1;0;195m_[38;2;0;0;233ma[38;2;0;0;230m'      [39m
 [38;2;0;0;0m      [38;2;2;1;196m~[38;2;0;0;225m4[38;2;0;0;226ma[38;2;0;0;224mg[38;2;0;0;225m__[38;2;138;138;138m`[38;2;0;0;225m__[38;2;0;0;223ma[38;2;0;0;226ma[38;2;0;0;206my[38;2;0;0;223m_[38;2;132;132;132m`[38;2;126;126;126m`[38;2;0;0;225m_[38;2;0;0;211my[38;2;0;0;226ma[38;2;0;0;217mg[38;2;0;0;225m_[38;2;101;101;101m`[38;2;0;0;226m__[38;2;0;0;227mg[38;2;0;0;225mP[38;2;0;0;231m'       [39m
 [38;2;0;0;0m         [38;2;4;3;186m`[38;2;0;0;222m~[38;2;0;0;226m~[38;2;0;0;225m~[38;2;0;0;226m~~[38;2;3;2;193m` [38;2;3;2;201m~[38;2;0;0;226m~~[38;2;0;0;225m~[38;2;0;0;226m~[38;2;2;2;198m~ [38;2;3;0;203m`[38;2;0;0;224m~[38;2;0;0;226m~~[38;2;1;0;222m~          [39m
 [38;2;0;0;0m                                       [39m
[?25h