[?25l[39m [38;2;0;0;0m                                       [39m
 [38;2;0;0;0m              [38;2;0;0;225m_[38;2;0;0;226m_[38;2;0;0;227m_[38;2;1;1;203my[38;2;1;0;211myy[38;2;1;1;204my[38;2;0;0;227m_[38;2;0;0;226m__               [39m
 [38;2;0;0;0m          [38;2;1;1;198m_[38;2;0;0;224m_[38;2;0;0;227mgP[38;2;0;0;226m~[38;2;0;0;225m~[38;2;0;0;231m~[38;2;120;120;120m_[38;2;150;150;150m_[38;2;149;149;149m_[38;2;120;120;120m_[38;2;0;0;231m~[38;2;0;0;225m~[38;2;0;0;226m~[38;2;0;0;227m4[38;2;0;0;226mg[38;2;1;1;201my[38;2;1;1;198m_           [39m
 [38;2;0;0;0m        [38;2;0;0;213m_[38;2;0;0;225mgP~[38;2;169;169;169m_[38;2;195;195;195my[38;2;237;237;237mg[38;2;228;228;228m@[38;2;251;251;251m@[38;2;252;252;252m@[38;2;251;251;251m@@[38;2;252;252;252m@[38;2;251;251;251m@[38;2;232;232;232m@[38;2;237;237;237mg[38;2;193;193;193my[38;2;171;171;171m_[38;2;0;0;222m~[38;2;0;0;224m4[38;2;0;0;225mg[38;2;1;0;213m_         [39m
 [38;2;0;0;0m       [38;2;1;0;210mg[38;2;0;0;229mP[38;2;1;0;210m'[38;2;139;139;139my[38;2;244;244;244mg[38;2;251;251;251m@[38;2;252;252;252m@@@@@@@@@@@@[38;2;251;251;251m@[38;2;215;215;215m$_[38;2;2;0;207m`[38;2;0;0;229m4[38;2;1;0;212mg        [39m
 [38;2;0;0;0m      [38;2;0;0;221mg[38;2;0;0;224mF [38;2;199;199;199mg[38;2;251;251;251m@[38;2;252;252;252m@@@@@@@@@@@@@@@@[38;2;251;251;251m@[38;2;164;164;164m@ [38;2;0;0;227m~[38;2;0;0;218m$       [39m
 [38;2;0;0;0m     [38;2;1;0;205mj[38;2;0;0;231mF [38;2;186;186;186mg[38;2;251;251;251m@@[38;2;224;224;224mP[38;2;171;171;171m#[38;2;223;223;223m@[38;2;251;251;251m@[38;2;252;252;252m@@@@@@@@@@@@@[38;2;251;251;251m@[38;2;165;165;165m$ [38;2;0;0;220m4[38;2;0;0;218mi      [39m
 [38;2;0;0;0m     [38;2;0;0;217m@[38;2;1;1;191m' [38;2;241;241;241m@[38;2;252;252;252m@@[38;2;196;196;196mg[38;2;243;243;243m_ [38;2;186;186;186m`[38;2;248;248;248m~[38;2;190;190;190mR[38;2;250;250;250m@[38;2;252;252;252m@[38;2;250;250;250m@[38;2;206;206;206mR[38;2;221;221;221mPPPPP[38;2;179;179;179m@[38;2;250;250;250m@[38;2;252;252;252m@[38;2;248;248;248m@  [38;2;0;0;225m$      [39m
 [38;2;0;0;0m     [38;2;0;0;226m@  [38;2;249;249;249m@[38;2;252;252;252m@[38;2;251;251;251m@[38;2;238;238;238m@[38;2;210;210;210mP[38;2;149;149;149mT [38;2;78;78;78m_[38;2;162;162;162my[38;2;211;211;211m@[38;2;252;252;252m@[38;2;227;227;227m@[38;2;170;170;170my[38;2;159;159;159myyyyy[38;2;177;177;177my[38;2;221;221;221m@[38;2;252;252;252m@[38;2;251;251;251m@  [38;2;0;0;226m@      [39m
 [38;2;0;0;0m     [38;2;0;0;226m@  [38;2;249;249;249m@[38;2;252;252;252m@[38;2;251;251;251m@[38;2;151;151;151my[38;2;252;252;252m_[38;2;206;206;206my[38;2;250;250;250mg[38;2;251;251;251m@[38;2;252;252;252m@@@@@@@@@@@@@[38;2;251;251;251m@  [38;2;0;0;226m@      [39m
 [38;2;0;0;0m     [38;2;0;0;226m@  [38;2;249;249;249m@[38;2;252;252;252m@@@@@@@@@@@@@@@@@@@@[38;2;251;251;251m@  [38;2;0;0;226m@      [39m
 [38;2;0;0;0m     [38;2;0;0;226m@  [38;2;249;249;249m@[38;2;252;252;252m@@@@@@@@@@@@@@@@@@@@[38;2;251;251;251m@  [38;2;0;0;227m@      [39m
 [38;2;0;0;0m     [38;2;0;0;226m@  [38;2;249;249;249m@[38;2;252;252;252m@@@@@@@@@@@@@@@@@@@@[38;2;251;251;251m@  [38;2;0;0;227m@      [39m
 [38;2;0;0;0m     [38;2;0;0;226m@  [38;2;249;249;249m@[38;2;252;252;252m@@@@@@@@@@@@@@@@@@@@[38;2;251;251;251m@  [38;2;0;0;226m@      [39m
 [38;2;0;0;0m     [38;2;0;0;212m@[38;2;1;0;218m, [38;2;227;227;227m@[38;2;252;252;252m@@@@@@@@@@@@@@@@@@@@[38;2;240;240;240m@ [38;2;1;0;186mj[38;2;0;0;220m$      [39m
 [38;2;0;0;0m     [38;2;2;2;199m`[38;2;0;0;223m@[38;2;0;0;229m_[38;2;118;118;118m`[38;2;170;170;170mF[38;2;195;195;195m@[38;2;227;227;227m@[38;2;212;212;212m@[38;2;219;219;219mF[38;2;237;237;237m~[38;2;219;219;219m~[38;2;246;246;246m~[38;2;200;200;200mR[38;2;223;223;223m@[38;2;225;225;225m@[38;2;179;179;179m@[38;2;166;166;166mF[38;2;219;219;219m~[38;2;233;233;233m~[38;2;179;179;179mP[38;2;209;209;209m@[38;2;229;229;229m@[38;2;202;202;202m@[38;2;207;207;207mF[38;2;132;132;132m`[38;2;0;0;229m_[38;2;0;0;222m@[38;2;0;0;224m'      [39m
 [38;2;0;0;0m       [38;2;0;0;228m~[38;2;0;0;219mR[38;2;0;0;227mg[38;2;0;0;212my[38;2;0;0;195my[38;2;0;0;205my[38;2;0;0;224mg[38;2;0;0;220m#[38;2;0;0;222m4[38;2;0;0;227ma[38;2;0;0;219my[38;2;0;0;199my[38;2;0;0;198my[38;2;0;0;216ma[38;2;0;0;228ma[38;2;0;0;221mP[38;2;0;0;217m@[38;2;0;0;225mg[38;2;0;0;204my[38;2;0;0;194my[38;2;0;0;211my[38;2;0;0;227mg[38;2;0;1;211m@[38;2;0;0;229m~        [39m
 [38;2;0;0;0m          [38;2;0;0;227m`[38;2;0;0;226m``    [38;2;1;1;211m`[38;2;0;0;227m``[38;2;1;1;213m`    [38;2;0;0;228m`[38;2;0;0;227m`[38;2;1;0;227m`           [39m
 [38;2;0;0;0m                                       [39m
[?25h