[?25l[39m [38;2;0;0;0m             [38;2;3;2;184m_[38;2;0;0;229m_[38;2;0;0;225m_[38;2;1;1;211my[38;2;0;0;217ma[38;2;0;0;225ma[38;2;0;0;224ma[38;2;0;0;222my[38;2;1;1;211my[38;2;0;0;225m_[38;2;0;0;228m_               [39m
 [38;2;0;0;0m          [38;2;0;0;225m_[38;2;1;0;214ma[38;2;0;0;219m#[38;2;0;0;210mF[38;2;0;0;226m~[38;2;0;0;219m~[38;2;215;215;215m_[38;2;245;245;245m_[38;2;147;147;147myy[38;2;245;245;245m_[38;2;216;216;216m_[38;2;0;0;219m~[38;2;0;0;226m~[38;2;0;0;227m~[38;2;0;0;215m@[38;2;0;0;218my[38;2;0;0;225m_           [39m
 [38;2;0;0;0m        [38;2;0;0;226m_[38;2;0;0;228ma[38;2;0;0;210mF[38;2;1;0;218m`[38;2;156;156;156my[38;2;220;220;220ma[38;2;231;231;231m$[38;2;251;251;251m@@[38;2;252;252;252m@@@@[38;2;251;251;251m@@[38;2;227;227;227m@[38;2;210;210;210mg[38;2;147;147;147my[38;2;1;0;218m`[38;2;0;0;225m~[38;2;0;0;219m@[38;2;0;0;226m_         [39m
 [38;2;0;0;0m       [38;2;0;0;222mg[38;2;0;0;225mF [38;2;194;194;194my[38;2;231;231;231m@[38;2;251;251;251m@[38;2;252;252;252m@@@@@@@@@@@@@[38;2;240;240;240m@[38;2;187;187;187my [38;2;0;0;218m?[38;2;0;0;222mg        [39m
 [38;2;0;0;0m      [38;2;0;0;228mg[38;2;0;0;205mF [38;2;229;229;229mg[38;2;251;251;251m@[38;2;252;252;252m@@@@@@@@@@@@@@@@[38;2;251;251;251m@[38;2;203;203;203m@ [38;2;0;0;213m~[38;2;0;0;226m$       [39m
 [38;2;0;0;0m     [38;2;0;0;211mj[38;2;0;0;227mF [38;2;211;211;211mg[38;2;251;251;251m@@[38;2;221;221;221mF[38;2;156;156;156mM[38;2;191;191;191m@[38;2;250;250;250m@[38;2;252;252;252m@@@@@[38;2;231;231;231m@[38;2;180;180;180mF[38;2;181;181;181mP[38;2;228;228;228m@[38;2;251;251;251m@[38;2;252;252;252m@@@[38;2;251;251;251m@[38;2;191;191;191m@ [38;2;0;0;217m?[38;2;0;0;220ml      [39m
 [38;2;0;0;0m     [38;2;0;0;219m@  [38;2;246;246;246m@[38;2;252;252;252m@[38;2;251;251;251m@[38;2;229;229;229mg[38;2;173;173;173my[38;2;120;120;120m_[38;2;94;94;94m`[38;2;222;222;222m~[38;2;172;172;172mP[38;2;243;243;243m@[38;2;252;252;252m@@[38;2;243;243;243m@[38;2;219;219;219my[38;2;244;244;244m_ [38;2;114;114;114m~[38;2;246;246;246m~[38;2;176;176;176m@[38;2;251;251;251m@[38;2;252;252;252m@[38;2;250;250;250m@  [38;2;0;0;226m$      [39m
 [38;2;0;0;0m     [38;2;0;0;226m@  [38;2;249;249;249m@[38;2;252;252;252m@[38;2;251;251;251m@[38;2;216;216;216m@[38;2;205;205;205mF[38;2;200;200;200m~ [38;2;180;180;180m_[38;2;190;190;190my[38;2;222;222;222m@[38;2;252;252;252m@@[38;2;250;250;250m@[38;2;178;178;178m@[38;2;161;161;161mF[38;2;132;132;132m` [38;2;136;136;136my[38;2;191;191;191mg[38;2;250;250;250m@[38;2;252;252;252m@[38;2;251;251;251m@  [38;2;0;0;226m@      [39m
 [38;2;0;0;0m     [38;2;0;0;226m@  [38;2;249;249;249m@[38;2;252;252;252m@[38;2;251;251;251m@[38;2;189;189;189my[38;2;167;167;167my[38;2;213;213;213mg[38;2;228;228;228m@[38;2;251;251;251m@[38;2;252;252;252m@@@@[38;2;218;218;218m@[38;2;157;157;157my[38;2;194;194;194my[38;2;242;242;242mg[38;2;246;246;246m@[38;2;251;251;251m@[38;2;252;252;252m@@@[38;2;251;251;251m@  [38;2;0;0;226m@      [39m
 [38;2;0;0;0m     [38;2;0;0;226m@  [38;2;249;249;249m@[38;2;252;252;252m@@@@@@@@@@@@@@@@@@@@[38;2;251;251;251m@  [38;2;0;0;226m@      [39m
 [38;2;0;0;0m     [38;2;0;0;226m@  [38;2;249;249;249m@[38;2;252;252;252m@@@@@@@@@@@@@@@@@@@@[38;2;251;251;251m@  [38;2;0;0;226m@      [39m
 [38;2;0;0;0m     [38;2;0;0;226m@  [38;2;249;249;249m@[38;2;252;252;252m@@@@@@@@@@@@@@@@@@@@[38;2;251;251;251m@  [38;2;0;0;227m@      [39m
 [38;2;0;0;0m     [38;2;0;0;226m@  [38;2;249;249;249m@[38;2;252;252;252m@@@@@@@@@@@@@@@@@@@@[38;2;251;251;251m@  [38;2;0;0;227m@      [39m
 [38;2;0;0;0m     [38;2;0;0;225m@  [38;2;248;248;248m@[38;2;252;252;252m@@@@@@@@@@@@@@@@@@@@[38;2;250;250;250m@  [38;2;0;0;226m@      [39m
 [38;2;0;0;0m     [38;2;1;0;213m4[38;2;0;0;220m$ [38;2;145;145;145m7[38;2;223;223;223m@[38;2;251;251;251m@@@[38;2;230;230;230m@[38;2;203;203;203mPF[38;2;207;207;207m@[38;2;251;251;251m@@@[38;2;248;248;248m@[38;2;178;178;178m@[38;2;204;204;204mF[38;2;196;196;196mR[38;2;248;248;248m@[38;2;251;251;251m@@@[38;2;214;214;214m@[38;2;152;152;152mF [38;2;0;0;223mg[38;2;0;0;225mF      [39m
 [38;2;0;0;0m      [38;2;0;0;221m?[38;2;0;0;227m@[38;2;0;0;221my[38;2;0;0;226m_[38;2;174;174;174m`[38;2;147;147;147m~[38;2;175;175;175m`[38;2;0;0;227m_[38;2;0;0;216ma[38;2;0;0;222mg[38;2;0;0;226m_[38;2;130;130;130m`[38;2;143;143;143m~[38;2;124;124;124m~[38;2;0;0;227m_[38;2;0;0;226m_[38;2;0;0;229mg[38;2;0;0;226m_[38;2;0;0;227m_[38;2;117;117;117m~[38;2;149;149;149m~[38;2;133;133;133m`[38;2;0;0;226m_[38;2;0;0;224ma[38;2;0;0;226m@F       [39m
 [38;2;0;0;0m       [38;2;1;0;216m`[38;2;0;0;225m~[38;2;0;0;230m=[38;2;0;0;217m@[38;2;0;0;226m@[38;2;0;0;218m@P[38;2;0;0;227m~~[38;2;0;0;229m=[38;2;0;0;220mR[38;2;0;0;226m@[38;2;0;0;224m@[38;2;0;0;221mP[38;2;0;0;227m~~~[38;2;0;0;214mR[38;2;0;0;224m@[38;2;0;0;226m@[38;2;0;0;221mR[38;2;0;0;228m=[38;2;0;0;226m~[38;2;0;0;221m'        [39m
 [38;2;0;0;0m                                       [39m
 [38;2;0;0;0m                                       [39m
[?25h