[?25l[39m [38;2;0;0;0m                                       [39m
 [38;2;0;0;0m            [38;2;0;0;227m_[38;2;1;0;216my[38;2;0;0;227mg[38;2;0;0;221m@[38;2;0;0;227m@[38;2;0;0;228m@[38;2;0;0;229m@@[38;2;0;0;228m@[38;2;0;0;227m@[38;2;0;0;222m@[38;2;0;0;227mg[38;2;0;0;216my[38;2;0;0;226m_             [39m
 [38;2;0;0;0m         [38;2;0;0;227m_[38;2;0;0;226ma[38;2;0;0;227m@[38;2;0;0;226mP~[38;2;0;0;231m~[38;2;161;161;161m_[38;2;252;252;252m_[38;2;168;168;168my[38;2;178;178;178myy[38;2;167;167;167my[38;2;252;252;252m_[38;2;161;161;161m_[38;2;0;0;228m~[38;2;0;0;226m~[38;2;0;0;227m4@[38;2;0;0;225mg[38;2;0;0;226m_          [39m
 [38;2;0;0;0m       [38;2;2;1;195m_[38;2;0;0;224mg[38;2;0;0;222m@[38;2;0;0;228m~[38;2;77;77;77m_[38;2;185;185;185my[38;2;241;241;241mg[38;2;243;243;243m@[38;2;251;251;251m@[38;2;252;252;252m@@@@@@[38;2;251;251;251m@[38;2;247;247;247m@[38;2;241;241;241mg[38;2;182;182;182my[38;2;77;77;77m_[38;2;0;0;225m~[38;2;0;0;220m@$[38;2;0;0;229m,        [39m
 [38;2;0;0;0m      [38;2;0;0;212m_[38;2;0;0;228m@[38;2;0;0;217mF [38;2;181;181;181mg[38;2;245;245;245m@[38;2;252;252;252m@@@@@@@@@@@@@@[38;2;249;249;249m@[38;2;179;179;179mg [38;2;0;0;226m~[38;2;0;0;228m@[38;2;0;0;211m_       [39m
 [38;2;0;0;0m      [38;2;0;0;231m@[38;2;1;0;205m~ [38;2;211;211;211m$[38;2;251;251;251m@[38;2;252;252;252m@@@@@@@@@@@@@@@@@[38;2;221;221;221m@[38;2;78;78;78m,[38;2;0;0;208m"[38;2;0;0;230m@[38;2;0;0;223m,      [39m
 [38;2;0;0;0m     [38;2;1;0;211mg[38;2;0;0;221mF [38;2;221;221;221mg[38;2;251;251;251m@@[38;2;165;165;165mF[38;2;241;241;241m~[38;2;176;176;176mP[38;2;226;226;226m@[38;2;251;251;251m@[38;2;252;252;252m@@@@@@@@@@@@@[38;2;205;205;205m@ [38;2;0;0;202m4[38;2;0;0;215m$      [39m
 [38;2;0;0;0m     [38;2;0;0;224m@  [38;2;248;248;248m@[38;2;252;252;252m@@[38;2;219;219;219m@[38;2;188;188;188mg[38;2;125;125;125my [38;2;194;194;194m`[38;2;248;248;248m~[38;2;222;222;222m@[38;2;252;252;252m@[38;2;232;232;232m@[38;2;144;144;144mM[38;2;252;252;252m~~~~[38;2;251;251;251m~[38;2;173;173;173mT[38;2;232;232;232m@[38;2;252;252;252m@[38;2;251;251;251m@  [38;2;0;0;225m@      [39m
 [38;2;0;0;0m     [38;2;0;0;226m@  [38;2;249;249;249m@[38;2;252;252;252m@[38;2;251;251;251m@[38;2;222;222;222mP[38;2;244;244;244m~[38;2;153;153;153m`[38;2;73;73;73m_[38;2;159;159;159my[38;2;209;209;209mg[38;2;242;242;242m@[38;2;252;252;252m@[38;2;247;247;247m@[38;2;227;227;227mg[38;2;219;219;219mggggg[38;2;229;229;229mg[38;2;245;245;245m@[38;2;252;252;252m@[38;2;251;251;251m@  [38;2;0;0;226m@      [39m
 [38;2;0;0;0m     [38;2;0;0;226m@  [38;2;249;249;249m@[38;2;252;252;252m@@[38;2;192;192;192mg[38;2;211;211;211my[38;2;250;250;250mg@[38;2;252;252;252m@@@@@@@@@@@@@@[38;2;251;251;251m@  [38;2;0;0;226m@      [39m
 [38;2;0;0;0m     [38;2;0;0;226m@  [38;2;249;249;249m@[38;2;252;252;252m@@@@@@@@@@@@@@@@@@@@[38;2;251;251;251m@  [38;2;0;0;226m@      [39m
 [38;2;0;0;0m     [38;2;0;0;226m@  [38;2;249;249;249m@[38;2;252;252;252m@@@@@@@@@@@@@@@@@@@@[38;2;251;251;251m@  [38;2;0;0;227m@      [39m
 [38;2;0;0;0m     [38;2;0;0;226m@  [38;2;249;249;249m@[38;2;252;252;252m@@@@@@@@@@@@@@@@@@@@[38;2;251;251;251m@  [38;2;0;0;227m@      [39m
 [38;2;0;0;0m     [38;2;0;0;222m@  [38;2;247;247;247m@[38;2;252;252;252m@@@@@@@@@@@@@@@@@@@@[38;2;250;250;250m@  [38;2;0;0;224m@      [39m
 [38;2;0;0;0m     [38;2;0;0;215m`[38;2;0;0;223m$[38;2;0;0;199m,[38;2;185;185;185m~[38;2;213;213;213m@[38;2;251;251;251m@[38;2;252;252;252m@[38;2;251;251;251m@[38;2;238;238;238m@[38;2;207;207;207mP[38;2;200;200;200mF[38;2;176;176;176m@[38;2;249;249;249m@[38;2;252;252;252m@@[38;2;250;250;250m@[38;2;187;187;187m@[38;2;203;203;203mF[38;2;186;186;186mM[38;2;236;236;236m@[38;2;251;251;251m@[38;2;252;252;252m@[38;2;251;251;251m@[38;2;224;224;224m@[38;2;140;140;140mF [38;2;0;0;228ma[38;2;1;1;200mF      [39m
 [38;2;0;0;0m      [38;2;0;0;204m~[38;2;0;0;228m4[38;2;0;0;218mg[38;2;0;0;225m_[38;2;130;130;130m`[38;2;215;215;215m`[38;2;176;176;176m`[38;2;0;0;227m_[38;2;0;0;216my[38;2;0;0;227mg[38;2;0;0;225m_[38;2;0;0;228m_[38;2;212;212;212m``[38;2;0;0;227m_[38;2;0;0;225m_[38;2;0;0;226mg[38;2;0;0;216my[38;2;0;0;227m_[38;2;178;178;178m`[38;2;215;215;215m`[38;2;139;139;139m`[38;2;0;0;227m_[38;2;0;0;220ma[38;2;0;0;227mP[38;2;0;0;210m~       [39m
 [38;2;0;0;0m        [38;2;1;2;210m`[38;2;0;0;228m~[38;2;0;0;225m~[38;2;0;0;227m~[38;2;0;0;226m~[38;2;0;0;228m~[38;2;0;0;221m` [38;2;0;0;220m~[38;2;0;0;226m~~~~[38;2;0;0;219m~ [38;2;0;0;222m`[38;2;0;0;227m~[38;2;0;0;226m~[38;2;0;0;227m~[38;2;0;0;225m~[38;2;0;0;229m~[38;2;1;1;212m`         [39m
 [38;2;0;0;0m                                       [39m
 [38;2;0;0;0m                                       [39m
[?25h