[?25l[39m [38;2;0;0;0m                                       [39m
 [38;2;0;0;0m            [38;2;0;0;227m_[38;2;0;0;226m_[38;2;0;0;221ma[38;2;0;0;227mg[38;2;0;0;220m@[38;2;0;0;226m@[38;2;0;0;228m@@[38;2;0;0;226m@[38;2;0;0;221m@[38;2;0;0;227mg[38;2;0;0;219mg[38;2;0;0;226m_[38;2;0;0;227m_             [39m
 [38;2;0;0;0m         [38;2;2;1;207m_[38;2;1;0;215ma[38;2;0;0;223m@[38;2;0;0;218m@[38;2;0;0;227m~~[38;2;91;91;91m_[38;2;215;215;215m_[38;2;253;253;253m_[38;2;154;154;154my[38;2;153;153;153my[38;2;253;253;253m_[38;2;215;215;215m_[38;2;88;88;88m_[38;2;0;0;227m~[38;2;0;0;226m~[38;2;0;0;218m@[38;2;0;0;225m@[38;2;0;0;217my[38;2;2;1;205m_          [39m
 [38;2;0;0;0m        [38;2;0;0;222ma[38;2;0;0;226m@[38;2;0;0;208mF[38;2;0;0;213m`[38;2;163;163;163my[38;2;223;223;223mg[38;2;227;227;227m@[38;2;252;252;252m@[38;2;251;251;251m@[38;2;252;252;252m@@@@[38;2;251;251;251m@[38;2;252;252;252m@[38;2;232;232;232m@[38;2;221;221;221mg[38;2;155;155;155my[38;2;0;0;212m`[38;2;0;0;226m~@[38;2;0;0;218mg[38;2;2;1;205m,        [39m
 [38;2;0;0;0m      [38;2;1;1;198m_[38;2;0;0;226m@[38;2;0;0;224mF [38;2;198;198;198my[38;2;234;234;234m@[38;2;252;252;252m@@@@@@@@@@@@@@[38;2;241;241;241m@[38;2;192;192;192my [38;2;0;0;217m?[38;2;0;0;227m@[38;2;0;0;236m,       [39m
 [38;2;0;0;0m      [38;2;0;0;230m@[38;2;0;0;216m~ [38;2;233;233;233mg[38;2;251;251;251m@[38;2;252;252;252m@@@@@@@@@@@@@@@@[38;2;251;251;251m@[38;2;207;207;207m@ [38;2;0;0;211m~[38;2;0;0;230m@[38;2;0;0;209m,      [39m
 [38;2;0;0;0m     [38;2;1;0;209ma[38;2;0;0;223mF [38;2;213;213;213mg[38;2;251;251;251m@@[38;2;192;192;192mF[38;2;251;251;251m~[38;2;189;189;189mR[38;2;244;244;244m@[38;2;251;251;251m@[38;2;252;252;252m@@@@@@@@@@@@[38;2;251;251;251m@[38;2;192;192;192m@ [38;2;0;0;214m?[38;2;1;0;210m$      [39m
 [38;2;0;0;0m     [38;2;0;0;224m@  [38;2;247;247;247m@[38;2;252;252;252m@[38;2;251;251;251m@[38;2;246;246;246mg[38;2;200;200;200my[38;2;198;198;198m_ [38;2;163;163;163m~[38;2;180;180;180mT[38;2;234;234;234m@[38;2;252;252;252m@[38;2;239;239;239m@[38;2;198;198;198mF[38;2;180;180;180mFFFFF[38;2;159;159;159m5[38;2;239;239;239m@[38;2;252;252;252m@[38;2;250;250;250m@  [38;2;0;0;224m@      [39m
 [38;2;0;0;0m     [38;2;0;0;227m@  [38;2;249;249;249m@[38;2;252;252;252m@[38;2;251;251;251m@[38;2;193;193;193m@[38;2;177;177;177mF[38;2;147;147;147m~ [38;2;234;234;234m_[38;2;214;214;214my[38;2;235;235;235m@[38;2;252;252;252m@[38;2;242;242;242m@[38;2;225;225;225my[38;2;215;215;215myyyyy[38;2;197;197;197mg[38;2;240;240;240m@[38;2;252;252;252m@[38;2;251;251;251m@  [38;2;0;0;226m@      [39m
 [38;2;0;0;0m     [38;2;0;0;227m@  [38;2;249;249;249m@[38;2;252;252;252m@[38;2;251;251;251m@[38;2;210;210;210my[38;2;191;191;191my[38;2;239;239;239mg[38;2;246;246;246m@[38;2;251;251;251m@[38;2;252;252;252m@@@@@@@@@@@@@[38;2;251;251;251m@  [38;2;0;0;226m@      [39m
 [38;2;0;0;0m     [38;2;0;0;227m@  [38;2;249;249;249m@[38;2;252;252;252m@@@@@@@@@@@@@@@@@@@@[38;2;251;251;251m@  [38;2;0;0;226m@      [39m
 [38;2;0;0;0m     [38;2;0;0;226m@  [38;2;249;249;249m@[38;2;252;252;252m@@@@@@@@@@@@@@@@@@@@[38;2;251;251;251m@  [38;2;0;0;226m@      [39m
 [38;2;0;0;0m     [38;2;0;0;226m@  [38;2;249;249;249m@[38;2;252;252;252m@@@@@@@@@@@@@@@@@@@@[38;2;251;251;251m@  [38;2;0;0;225m@      [39m
 [38;2;0;0;0m     [38;2;0;0;225m@[38;2;0;0;194m, [38;2;249;249;249m@[38;2;252;252;252m@@@@@@@@@@@@@@@@@@@@[38;2;251;251;251m@  [38;2;0;0;227m$      [39m
 [38;2;0;0;0m     [38;2;1;1;197m7[38;2;0;0;218m$ [38;2;162;162;162m7[38;2;238;238;238m@[38;2;251;251;251m@[38;2;252;252;252m@[38;2;251;251;251m@[38;2;248;248;248m@[38;2;181;181;181m@[38;2;208;208;208mP[38;2;206;206;206m@[38;2;251;251;251m@[38;2;252;252;252m@@[38;2;251;251;251m@[38;2;212;212;212m@[38;2;211;211;211mP[38;2;202;202;202mR[38;2;247;247;247m@[38;2;251;251;251m@[38;2;252;252;252m@[38;2;251;251;251m@[38;2;240;240;240m@[38;2;179;179;179mF [38;2;0;0;223mg[38;2;1;0;209mF      [39m
 [38;2;0;0;0m      [38;2;0;0;218m~[38;2;0;0;217m@[38;2;0;0;216my[38;2;0;0;228m_[38;2;125;125;125m~[38;2;211;211;211m~[38;2;171;171;171m~[38;2;0;0;227m_[38;2;0;0;225m_[38;2;0;0;223mg[38;2;0;0;226m_[38;2;159;159;159m`[38;2;193;193;193m~[38;2;202;202;202m~[38;2;159;159;159m`[38;2;0;0;226m_[38;2;0;0;225ma_[38;2;0;0;227m_[38;2;154;154;154m~[38;2;212;212;212m~[38;2;138;138;138m~[38;2;0;0;228m_[38;2;0;0;214my[38;2;0;0;216m@[38;2;0;0;219m~       [39m
 [38;2;0;0;0m        [38;2;2;2;199m~[38;2;0;0;225m~[38;2;0;0;227m~~~[38;2;0;0;226m~[38;2;0;0;216m~[38;2;0;0;206m`[38;2;0;0;228m~[38;2;0;0;226m~[38;2;0;0;227m~~[38;2;0;0;226m~[38;2;0;0;230m~[38;2;0;0;210m`[38;2;0;0;214m~[38;2;0;0;226m~[38;2;0;0;227m~~~[38;2;0;0;226m~[38;2;1;1;201m~         [39m
 [38;2;0;0;0m                                       [39m
 [38;2;0;0;0m                                       [39m
[?25h