[?25l[39m [38;2;0;0;0m               [38;2;1;0;209m_[38;2;0;0;227m_[38;2;0;0;225m__[38;2;0;0;226m__[38;2;0;0;225m_[38;2;0;0;224m_[38;2;0;0;231m_               [39m
 [38;2;0;0;0m            [38;2;0;0;227m_[38;2;0;0;226mg[38;2;0;0;225mP[38;2;0;0;228m~[38;2;0;0;226m~[38;2;0;0;227m~[38;2;79;79;79m_[38;2;173;173;173m_[38;2;184;184;184m_[38;2;121;121;121m_[38;2;0;0;227m~[38;2;0;0;226m~[38;2;0;0;228m~[38;2;0;0;221m4[38;2;0;0;226ma[38;2;0;0;224m_[38;2;2;0;200m_          [39m
 [38;2;0;0;0m          [38;2;1;0;208my[38;2;0;0;221m@[38;2;0;0;227m~ [38;2;165;165;165my[38;2;222;222;222ma[38;2;228;228;228m$[38;2;250;250;250m@[38;2;251;251;251m@@@@@[38;2;243;243;243m@[38;2;251;251;251mg[38;2;215;215;215my[38;2;243;243;243m_[38;2;0;0;212m~[38;2;0;0;227m~[38;2;0;0;226ma[38;2;0;0;230m_        [39m
 [38;2;0;0;0m         [38;2;0;0;229mg[38;2;0;0;216mF [38;2;202;202;202my[38;2;237;237;237m@[38;2;251;251;251m@[38;2;252;252;252m@@@@@@@@@@@@[38;2;245;245;245m@[38;2;197;197;197mg[38;2;117;117;117m_[38;2;0;0;224m~[38;2;0;0;219m@[38;2;1;0;214m_      [39m
 [38;2;0;0;0m        [38;2;0;0;221m@[38;2;1;0;206m~ [38;2;235;235;235mg[38;2;251;251;251m@[38;2;252;252;252m@@@@@@@@@@@@@@@@[38;2;249;249;249m@[38;2;181;181;181my [38;2;0;0;226m4[38;2;0;0;224m_     [39m
 [38;2;0;0;0m       [38;2;0;0;218mj[38;2;0;0;223mF [38;2;215;215;215mg[38;2;251;251;251m@[38;2;252;252;252m@@@@@@[38;2;243;243;243m@[38;2;184;184;184mM[38;2;194;194;194mR[38;2;244;244;244m@[38;2;251;251;251m@[38;2;252;252;252m@@@@@@@[38;2;251;251;251m@[38;2;191;191;191mL [38;2;0;0;224mB[38;2;0;0;231m,    [39m
 [38;2;0;0;0m       [38;2;0;0;226m@  [38;2;248;248;248m@[38;2;252;252;252m@@@@@@@[38;2;240;240;240m@[38;2;198;198;198my[38;2;213;213;213m_ [38;2;169;169;169m~[38;2;137;137;137m5[38;2;196;196;196m@[38;2;252;252;252m@@[38;2;235;235;235m@[38;2;200;200;200mR[38;2;198;198;198mRR[38;2;191;191;191mR  [38;2;0;0;218m$    [39m
 [38;2;0;0;0m       [38;2;0;0;232m@ [38;2;74;74;74m4[38;2;250;250;250m@[38;2;252;252;252m@@@@@@@@[38;2;214;214;214m@[38;2;205;205;205mF[38;2;133;133;133m~ [38;2;179;179;179m_[38;2;197;197;197my[38;2;247;247;247m@[38;2;251;251;251m@[38;2;174;174;174m@[38;2;167;167;167my[38;2;166;166;166myy[38;2;164;164;164my  [38;2;0;0;223m$    [39m
 [38;2;0;0;0m       [38;2;0;0;233m@ [38;2;88;88;89m4[38;2;250;250;250m@[38;2;252;252;252m@@@@@@@[38;2;219;219;219m@[38;2;238;238;238m_[38;2;165;165;165my[38;2;216;216;216mg[38;2;228;228;228m@[38;2;251;251;251m@[38;2;252;252;252m@@@@@@@[38;2;247;247;247m@  [38;2;0;0;219m$    [39m
 [38;2;0;0;0m       [38;2;0;0;237m@ [38;2;120;120;120m4[38;2;252;252;252m@@@@@@@@@@@@@@@@@@@@@[38;2;240;240;240m@ [38;2;0;0;186mJ[38;2;0;0;211m$    [39m
 [38;2;0;0;0m       [38;2;0;0;231m@ [38;2;161;161;161m4[38;2;251;251;251m@[38;2;252;252;252m@@@@@@@@@@@@@@@@@@@@[38;2;223;223;223m@ [38;2;0;0;211mJ[38;2;0;0;222m[    [39m
 [38;2;0;0;0m      [38;2;1;1;199mj[38;2;0;0;221mF [38;2;193;193;193m$[38;2;252;252;252m@@@@@@@@@@@@@@@@@@@@[38;2;251;251;251m@[38;2;158;158;158m@ [38;2;0;0;220m$[38;2;0;0;216m'    [39m
 [38;2;0;0;0m      [38;2;0;0;219mg[38;2;1;1;197m' [38;2;236;236;236m@[38;2;252;252;252m@@@@@@@@@@@@@@@@@@@@[38;2;251;251;251m@[38;2;108;108;108mF [38;2;0;0;230m@     [39m
 [38;2;0;0;0m      [38;2;0;0;235m@ [38;2;112;112;112my[38;2;251;251;251m@[38;2;252;252;252m@@@@@@@@@@@@@@@@@@@@[38;2;242;242;242m@ [38;2;0;0;188mj[38;2;0;0;212m$     [39m
 [38;2;0;0;0m     [38;2;4;3;155mj[38;2;0;0;232m@ [38;2;146;146;146m4[38;2;251;251;251m@[38;2;252;252;252m@@@[38;2;251;251;251m@@[38;2;252;252;252m@@@@@@[38;2;251;251;251m@[38;2;252;252;252m@@@@@@[38;2;251;251;251m@@[38;2;207;207;207mF [38;2;0;0;229mg[38;2;0;0;204m|     [39m
 [38;2;0;0;0m      [38;2;0;0;223m@[38;2;0;0;220my[38;2;0;0;194m,[38;2;204;204;204m~[38;2;181;181;181mR[38;2;175;175;175m@[38;2;182;182;182mF[38;2;196;196;196m~[38;2;170;170;170m~[38;2;246;246;246m~[38;2;199;199;199mR[38;2;207;207;207m@[38;2;192;192;192m@[38;2;213;213;213mF[38;2;231;231;231m~[38;2;160;160;160m~[38;2;226;226;226m~[38;2;186;186;186mP[38;2;197;197;197m@[38;2;203;203;203m@[38;2;166;166;166m@[38;2;158;158;159mF[38;2;179;179;179m~[38;2;136;136;136m~[38;2;0;0;229m_g[38;2;0;0;223mF      [39m
 [38;2;0;0;0m       [38;2;0;0;228m~[38;2;0;0;226m@g[38;2;0;0;221mg[38;2;0;0;224ma[38;2;0;0;226mg[38;2;0;0;227m@[38;2;0;0;226m@[38;2;0;0;227mg[38;2;0;0;222my[38;2;0;0;212my[38;2;0;0;216ma[38;2;0;0;228mg[38;2;0;0;225m@[38;2;0;0;226m@[38;2;0;0;218m@[38;2;0;0;225mg[38;2;0;0;214my[38;2;0;0;215my[38;2;0;0;226mg[38;2;0;0;227mg@@[38;2;0;0;223mP[38;2;0;1;209m~       [39m
 [38;2;0;0;0m         [38;2;0;0;226m`[38;2;0;0;225m~[38;2;0;0;226m~[38;2;0;0;222m`  [38;2;2;1;210m~[38;2;0;0;227m~[38;2;0;0;226m~~[38;2;1;0;211m~  [38;2;1;0;220m`[38;2;0;0;224m~[38;2;0;0;226m~[38;2;0;0;227m~[38;2;0;0;224m~[38;2;2;1;210m`           [39m
 [38;2;0;0;0m                                       [39m
[?25h