[?25l[39m [38;2;0;0;0m              [38;2;0;0;229m_[38;2;0;0;225m_[38;2;1;1;207my[38;2;0;0;220my[38;2;0;0;222mg[38;2;0;0;224mg[38;2;0;0;217mg[38;2;0;0;214my[38;2;0;0;226m_[38;2;0;0;225m_[38;2;0;1;212m_              [39m
 [38;2;0;0;0m           [38;2;1;1;202my[38;2;0;0;228ma[38;2;0;0;225mP~[38;2;0;0;228m~[38;2;77;77;77m_[38;2;226;226;226m_[38;2;241;241;241m_[38;2;244;244;244m_[38;2;238;238;238m_[38;2;206;206;206m_[38;2;0;0;221m~[38;2;0;0;227m~~[38;2;0;0;220mR[38;2;0;0;224mg[38;2;0;0;228m_           [39m
 [38;2;0;0;0m         [38;2;0;0;220ma[38;2;0;0;230mP[38;2;0;0;229m~[38;2;129;129;129m_[38;2;191;191;191my[38;2;244;244;244mg[38;2;241;241;241m@[38;2;251;251;251m@@[38;2;252;252;252m@@@[38;2;251;251;251m@@[38;2;236;236;236m@[38;2;234;234;234mg[38;2;178;178;178my[38;2;107;107;107m_[38;2;0;0;224m~[38;2;0;0;223mR[38;2;0;0;215my         [39m
 [38;2;0;0;0m       [38;2;1;0;212m_[38;2;0;0;224m@[38;2;0;0;219m~[38;2;112;112;112m_[38;2;216;216;216mg[38;2;249;249;249m@[38;2;252;252;252m@@@@@@@@@@@@@[38;2;251;251;251m@[38;2;216;216;216mg[38;2;131;131;131m_[38;2;0;0;218m~[38;2;0;0;222m@[38;2;0;0;217m_       [39m
 [38;2;0;0;0m      [38;2;1;1;189m_[38;2;0;0;226m@ [38;2;131;131;131my[38;2;239;239;239m@[38;2;252;252;252m@@@@@@@@@@@@@@@@@[38;2;249;249;249m@[38;2;156;156;156my [38;2;0;0;222mR[38;2;1;1;205mi      [39m
 [38;2;0;0;0m      [38;2;0;0;224m@[38;2;1;1;199m' [38;2;237;237;237m@[38;2;252;252;252m@@@@@@@@@@@@@@@@@@@[38;2;251;251;251m@[38;2;109;109;109mL [38;2;0;0;233m$      [39m
 [38;2;0;0;0m      [38;2;0;0;232m@ [38;2;143;143;143md[38;2;251;251;251m@[38;2;252;252;252m@@@@@@@@@@@@@@@@@@@@[38;2;208;208;208m$ [38;2;0;0;208m3[38;2;1;1;212m[     [39m
 [38;2;0;0;0m      [38;2;0;0;228m@ [38;2;174;174;174m4[38;2;251;251;251m@[38;2;252;252;252m@@@@@@@@@@@@@@@@@@@@[38;2;214;214;214m@ [38;2;0;1;206m4[38;2;1;1;218m[     [39m
 [38;2;0;0;0m      [38;2;0;0;227m@ [38;2;178;178;178m4[38;2;251;251;251m@[38;2;252;252;252m@@@@@@@@@@@@@@@@@@@@[38;2;210;210;210m@ [38;2;0;0;208m4[38;2;0;1;217m[     [39m
 [38;2;0;0;0m     [38;2;3;2;157mj[38;2;0;0;224m@ [38;2;187;187;187m4[38;2;252;252;252m@@@@@@@@@@@@@@@@@@@@@[38;2;202;202;202m@ [38;2;0;0;212m4[38;2;1;1;215m[     [39m
 [38;2;0;0;0m     [38;2;2;2;173mJ[38;2;0;0;218m@ [38;2;157;157;157m$[38;2;252;252;252m@@@@@@@@@@@@@@@@@@@@@[38;2;201;201;201m$ [38;2;0;0;212mg[38;2;1;1;208m[     [39m
 [38;2;0;0;0m     [38;2;1;2;188mJ[38;2;0;0;209m$ [38;2;180;180;180m$[38;2;252;252;252m@@@@@@@@@@@@@@@@@@@@@[38;2;183;183;183m$ [38;2;0;0;220m0[38;2;0;0;201m|     [39m
 [38;2;0;0;0m     [38;2;1;1;203mJ[38;2;1;1;215m[ [38;2;212;212;212m$[38;2;252;252;252m@@@@@@@@@@@@@@@@@@@@[38;2;251;251;251m@[38;2;141;141;141m@ [38;2;0;0;229m$      [39m
 [38;2;0;0;0m     [38;2;1;0;207m4[38;2;1;1;214m[ [38;2;207;207;207m$[38;2;252;252;252m@@@@@@@@@@@@@@@@@@@@[38;2;251;251;251m@[38;2;129;129;129mF [38;2;0;0;235m$      [39m
 [38;2;0;0;0m     [38;2;1;2;201m`[38;2;0;0;230m@[38;2;0;0;227m_[38;2;103;103;103m`[38;2;193;193;193m4[38;2;238;238;238m@[38;2;225;225;225m@[38;2;215;215;215mF[38;2;252;252;252m~[38;2;175;175;175mT[38;2;181;181;181m@[38;2;247;247;247m@[38;2;250;250;250m@[38;2;244;244;244m@[38;2;175;175;175m@[38;2;173;173;173mT[38;2;252;252;252m~[38;2;169;169;169mA[38;2;235;235;235m@[38;2;250;250;250m@[38;2;248;248;248m@[38;2;211;211;211m@[38;2;200;200;200mF[38;2;252;252;252m~[38;2;209;209;209m~[38;2;1;1;194m_[38;2;0;0;226mg[38;2;0;0;223mF      [39m
 [38;2;0;0;0m      [38;2;0;0;218m`[38;2;0;0;226m4[38;2;0;0;227mg[38;2;0;0;216my[38;2;0;0;226m__[38;2;0;0;222ma[38;2;0;0;223m@[38;2;0;0;225mg[38;2;0;0;227m_[38;2;0;0;226m_[38;2;0;0;227m_[38;2;0;0;226m_[38;2;0;0;214my[38;2;0;0;227mg[38;2;0;0;220m@[38;2;0;0;216my[38;2;0;0;226m_[38;2;0;0;227m_[38;2;0;0;226m_[38;2;0;0;227m_[38;2;0;0;223mg[38;2;0;0;226m@[38;2;0;0;227mg[38;2;0;0;219m@[38;2;0;0;223m~       [39m
 [38;2;0;0;0m        [38;2;0;1;213m`[38;2;0;0;227m~[38;2;0;0;226m~[38;2;0;0;225m~[38;2;0;0;222m~ [38;2;2;1;205m~[38;2;0;0;226m~~[38;2;0;0;227m~[38;2;0;0;226m~[38;2;0;0;229m~[38;2;1;2;206m`[38;2;0;3;199m`[38;2;0;0;226m~~[38;2;0;0;227m~~[38;2;0;0;226m~[38;2;1;1;212m~ [38;2;0;0;227m`         [39m
 [38;2;0;0;0m                                       [39m
 [38;2;0;0;0m                                       [39m
[?25h