[?25l[39m [38;2;0;0;0m                                       [39m
 [38;2;0;0;0m              [38;2;0;0;226m__[38;2;1;1;207my[38;2;0;0;222my[38;2;0;0;221mgg[38;2;0;0;222my[38;2;1;1;207my[38;2;0;0;226m_[38;2;0;0;225m_               [39m
 [38;2;0;0;0m          [38;2;0;0;221m_[38;2;1;0;210ma[38;2;0;0;212m@[38;2;0;0;223m=[38;2;0;0;226m~[38;2;0;0;229m~[38;2;174;174;174m_[38;2;251;251;251m_[38;2;253;253;253m__[38;2;251;251;251m_[38;2;174;174;174m_[38;2;0;0;228m~[38;2;0;0;226m~[38;2;0;0;223m=[38;2;0;0;216m@[38;2;0;0;215my[38;2;0;0;220m_           [39m
 [38;2;0;0;0m        [38;2;0;0;223m_[38;2;0;0;228ma[38;2;0;0;213mF[38;2;0;0;224m`[38;2;149;149;149my[38;2;210;210;210mg[38;2;220;220;220m@[38;2;251;251;251m@@[38;2;252;252;252m@@@@[38;2;251;251;251m@@[38;2;225;225;225m@[38;2;210;210;210mg[38;2;139;139;139my[38;2;0;0;222m`[38;2;0;0;227m~[38;2;1;0;217m@[38;2;0;0;223m_         [39m
 [38;2;0;0;0m       [38;2;0;0;220mg[38;2;0;0;227mF [38;2;188;188;188my[38;2;225;225;225m@[38;2;251;251;251m@[38;2;252;252;252m@@@@@@@@@@@@[38;2;251;251;251m@[38;2;236;236;236m@[38;2;182;182;182my [38;2;0;0;194mN[38;2;0;0;221mg        [39m
 [38;2;0;0;0m      [38;2;0;0;226mg[38;2;0;0;207mF [38;2;227;227;227mg[38;2;251;251;251m@[38;2;252;252;252m@@@@@@@@@@@@@@@@[38;2;251;251;251m@[38;2;200;200;200m@ [38;2;0;0;216m~[38;2;0;0;225m$       [39m
 [38;2;0;0;0m     [38;2;1;0;210mj[38;2;0;0;227mF [38;2;209;209;209mg[38;2;251;251;251m@[38;2;252;252;252m@@@@@@@@@@@@@@@@@@[38;2;251;251;251m@[38;2;188;188;188m@ [38;2;0;0;218m?l      [39m
 [38;2;0;0;0m     [38;2;0;0;218m@  [38;2;246;246;246m@[38;2;252;252;252m@[38;2;237;237;237m@[38;2;219;219;219mP[38;2;216;216;216mPP[38;2;217;217;217mPPP[38;2;199;199;199m@[38;2;251;251;251m@[38;2;248;248;248m@[38;2;174;174;174m@[38;2;217;217;217mPPPPP[38;2;201;201;201mR[38;2;250;250;250m@[38;2;252;252;252m@[38;2;250;250;250m@  [38;2;0;0;226m$      [39m
 [38;2;0;0;0m     [38;2;0;0;224m@  [38;2;249;249;249m@[38;2;251;251;251m@[38;2;205;205;205m$[38;2;168;168;168my[38;2;165;165;165my[38;2;166;166;166my[38;2;167;167;167myyy[38;2;210;210;210my[38;2;250;250;250m@[38;2;229;229;229m@[38;2;180;180;180my[38;2;167;167;167myyyyy[38;2;184;184;184my[38;2;224;224;224m@[38;2;252;252;252m@[38;2;251;251;251m@  [38;2;0;0;226m@      [39m
 [38;2;0;0;0m     [38;2;0;0;224m@  [38;2;249;249;249m@[38;2;252;252;252m@@@@@@@@@@@@@@@@@@@@[38;2;251;251;251m@  [38;2;0;0;226m@      [39m
 [38;2;0;0;0m     [38;2;0;0;224m@  [38;2;250;250;250m@[38;2;252;252;252m@@@@@@@@@@@@@@@@@@@@[38;2;251;251;251m@  [38;2;0;0;226m@      [39m
 [38;2;0;0;0m     [38;2;0;0;224m@  [38;2;250;250;250m@[38;2;252;252;252m@@@@@@@@@@@@@@@@@@@@[38;2;251;251;251m@  [38;2;0;0;226m@      [39m
 [38;2;0;0;0m     [38;2;0;0;224m@  [38;2;249;249;249m@[38;2;252;252;252m@@@@@@@@@@@@@@@@@@@@[38;2;251;251;251m@  [38;2;0;0;226m@      [39m
 [38;2;0;0;0m     [38;2;0;0;224m@  [38;2;249;249;249m@[38;2;252;252;252m@@@@@@@@@@@@@@@@@@@@[38;2;251;251;251m@  [38;2;0;0;226m@      [39m
 [38;2;0;0;0m     [38;2;0;0;215m@[38;2;0;0;213mL [38;2;194;194;194m$[38;2;251;251;251m@[38;2;252;252;252m@@@@[38;2;251;251;251m@@[38;2;252;252;252m@@@@@@[38;2;251;251;251m@@[38;2;252;252;252m@@@@[38;2;251;251;251m@[38;2;210;210;210m@ [38;2;0;0;215mj[38;2;0;0;220m@      [39m
 [38;2;0;0;0m     [38;2;1;1;209m`[38;2;0;0;227m@[38;2;0;0;216my[38;2;0;0;207m_[38;2;218;218;218m~[38;2;173;173;173mP[38;2;204;204;204mP[38;2;213;213;213mF[38;2;250;250;250m~[38;2;102;102;102m~[38;2;0;0;230m_[38;2;164;164;164m~[38;2;140;140;140m5[38;2;199;199;199mP[38;2;203;203;203mP[38;2;190;190;190mF[38;2;184;184;184m~[38;2;0;0;230m_[38;2;173;173;173m`[38;2;242;242;242m~[38;2;185;185;185mP[38;2;205;205;205mP[38;2;206;206;206mF[38;2;236;236;236m~[38;2;0;0;209m_[38;2;0;0;215my[38;2;0;0;228m@[38;2;0;0;231m'      [39m
 [38;2;0;0;0m      [38;2;2;2;199m`[38;2;0;0;226m~[38;2;0;0;225m@[38;2;0;0;224m@[38;2;0;0;227mg[38;2;0;0;229mg[38;2;0;0;227mg[38;2;0;0;226mg[38;2;0;0;227m@[38;2;0;0;218m@[38;2;0;0;227m@[38;2;0;0;226mg[38;2;0;0;228mg[38;2;0;0;229mg[38;2;0;0;226mg[38;2;0;0;227m@[38;2;0;0;217m@[38;2;0;0;227m@[38;2;0;0;221m@[38;2;0;0;228mg[38;2;0;0;229mg[38;2;0;0;227mg[38;2;0;0;222m@[38;2;0;0;224m@[38;2;1;1;209mF[38;2;1;1;210m'       [39m
 [38;2;0;0;0m         [38;2;1;0;220m`[38;2;0;0;221m~[38;2;0;0;225m~[38;2;0;0;224m~[38;2;0;0;228m`   [38;2;1;1;206m~[38;2;0;0;225m~~[38;2;1;1;209m~   [38;2;0;0;227m`[38;2;0;0;221m~[38;2;0;0;225m~[38;2;0;0;221m~[38;2;1;0;219m`          [39m
 [38;2;0;0;0m                                       [39m
[?25h