[?25l[39m [38;2;0;0;0m              [38;2;0;0;223m_[38;2;0;0;225m__[38;2;1;1;204my[38;2;0;1;212my[38;2;1;1;211my[38;2;1;1;204my[38;2;0;0;225m_[38;2;0;0;226m_[38;2;1;0;222m_               [39m
 [38;2;0;0;0m          [38;2;1;1;198m_[38;2;1;1;202my[38;2;0;0;227ma[38;2;0;0;223mP[38;2;0;0;226m~[38;2;0;0;228m~[38;2;0;0;216m~[38;2;201;201;201m_[38;2;233;233;233m__[38;2;201;201;201m_[38;2;0;0;216m~[38;2;0;0;228m~[38;2;0;0;225m~[38;2;0;0;222m4[38;2;0;0;227ma[38;2;1;1;202my[38;2;2;1;200m_           [39m
 [38;2;0;0;0m        [38;2;0;0;211m_[38;2;0;0;228ma[38;2;0;0;220mP[38;2;0;0;218m~[38;2;207;207;207m_y[38;2;250;250;250mg[38;2;244;244;244m@[38;2;251;251;251m@@[38;2;252;252;252m@@[38;2;251;251;251m@@[38;2;247;247;247m@[38;2;250;250;250mg[38;2;207;207;207my_[38;2;0;0;216m~4[38;2;0;0;225mg[38;2;1;0;211m_         [39m
 [38;2;0;0;0m       [38;2;0;0;218my[38;2;0;0;226mP[38;2;1;0;198m'[38;2;164;164;164my[38;2;206;206;206m@[38;2;251;251;251m@[38;2;252;252;252m@@@@@@@@@@@@[38;2;251;251;251m@[38;2;220;220;220m@[38;2;153;153;153my[38;2;2;1;189m`[38;2;0;0;222m4[38;2;0;0;219my        [39m
 [38;2;0;0;0m      [38;2;0;0;222mg[38;2;0;0;219mF [38;2;210;210;210mg[38;2;251;251;251m@[38;2;252;252;252m@@@@@@@@@@@@@@@@[38;2;251;251;251m@[38;2;180;180;180m@ [38;2;0;0;224m~[38;2;0;0;218m$       [39m
 [38;2;0;0;0m     [38;2;1;0;203mj[38;2;0;0;230mF [38;2;196;196;196mg[38;2;251;251;251m@[38;2;252;252;252m@@@@@@@@@@@@@@@@@@[38;2;251;251;251m@[38;2;173;173;173m@ [38;2;0;0;209m5[38;2;0;0;217mi      [39m
 [38;2;0;0;0m     [38;2;0;0;216m@[38;2;0;0;179m[ [38;2;243;243;243m@[38;2;252;252;252m@@@@@@@@@@@@@@@@@@@@[38;2;249;249;249m@  [38;2;0;0;225m$      [39m
 [38;2;0;0;0m     [38;2;0;0;226m@  [38;2;249;249;249m@[38;2;251;251;251m@[38;2;195;195;195mE[38;2;173;173;173m~[38;2;159;159;159m~[38;2;160;160;160m~[38;2;162;162;162m~[38;2;163;163;163m~~[38;2;230;230;230m~[38;2;249;249;249m@[38;2;215;215;215m@[38;2;198;198;198m~[38;2;165;165;165m~[38;2;163;163;163m~~~~[38;2;196;196;196m~[38;2;224;224;224m$[38;2;252;252;252m@[38;2;251;251;251m@  [38;2;0;0;226m@      [39m
 [38;2;0;0;0m     [38;2;0;0;226m@  [38;2;249;249;249m@[38;2;252;252;252m@[38;2;251;251;251m@[38;2;221;221;221m@[38;2;217;217;217m@@[38;2;218;218;218m@@@[38;2;238;238;238m@[38;2;251;251;251m@[38;2;252;252;252m@[38;2;228;228;228m@[38;2;219;219;219m@[38;2;218;218;218m@@@@[38;2;226;226;226m@[38;2;251;251;251m@[38;2;252;252;252m@[38;2;251;251;251m@  [38;2;0;0;226m@      [39m
 [38;2;0;0;0m     [38;2;0;0;226m@  [38;2;249;249;249m@[38;2;252;252;252m@@@@@@@@@@@@@@@@@@@@[38;2;251;251;251m@  [38;2;0;0;226m@      [39m
 [38;2;0;0;0m     [38;2;0;0;226m@  [38;2;249;249;249m@[38;2;252;252;252m@@@@@@@@@@@@@@@@@@@@[38;2;251;251;251m@  [38;2;0;0;226m@      [39m
 [38;2;0;0;0m     [38;2;0;0;226m@  [38;2;249;249;249m@[38;2;252;252;252m@@@@@@@@@@@@@@@@@@@@[38;2;251;251;251m@  [38;2;0;0;227m@      [39m
 [38;2;0;0;0m     [38;2;0;0;226m@  [38;2;249;249;249m@[38;2;252;252;252m@@@@@@@@@@@@@@@@@@@@[38;2;251;251;251m@  [38;2;0;0;227m@      [39m
 [38;2;0;0;0m     [38;2;0;0;225m@  [38;2;249;249;249m@[38;2;252;252;252m@@@@@@@@@@@@@@@@@@@@[38;2;251;251;251m@  [38;2;0;0;227m@      [39m
 [38;2;0;0;0m     [38;2;0;0;215m@[38;2;0;0;211mL [38;2;202;202;202m$[38;2;251;251;251m@[38;2;252;252;252m@@@@[38;2;251;251;251m@@[38;2;252;252;252m@@@@@@[38;2;251;251;251m@@[38;2;252;252;252m@@@@[38;2;251;251;251m@[38;2;218;218;218m@ [38;2;0;0;209mj[38;2;0;0;220m@      [39m
 [38;2;0;0;0m     [38;2;2;1;209m`[38;2;0;0;228m@[38;2;0;0;214my[38;2;0;0;192m_[38;2;228;228;228m~[38;2;186;186;186mP[38;2;193;193;193mR[38;2;205;205;205mP[38;2;172;172;172mF[38;2;135;135;135m~[38;2;139;139;139m`[38;2;188;188;188m~[38;2;178;178;178mF[38;2;187;187;187mR[38;2;166;166;166m@[38;2;200;200;200mF[38;2;208;208;208m~[38;2;132;132;132m`[38;2;113;113;113m~[38;2;245;245;245m~[38;2;197;197;197mP[38;2;194;194;194mR[38;2;197;197;197mP[38;2;242;242;242m~ [38;2;0;0;212my[38;2;0;0;228m@[38;2;0;0;234m'      [39m
 [38;2;0;0;0m      [38;2;2;2;202m`[38;2;0;0;225m~@[38;2;0;0;221m@[38;2;0;0;228mg[38;2;0;0;229mg[38;2;0;0;228mg[38;2;0;0;226mg[38;2;0;0;227m@[38;2;0;0;221m@[38;2;0;0;226m@g[38;2;0;0;229mgg[38;2;0;0;226mg@[38;2;0;0;221m@[38;2;0;0;227m@[38;2;0;0;226mg[38;2;0;0;228mggg[38;2;0;0;226mg@[38;2;0;0;212mF[38;2;0;0;217m'       [39m
 [38;2;0;0;0m         [38;2;0;0;224m`[38;2;0;0;222m~[38;2;0;0;226m~[38;2;0;0;225m~[38;2;0;0;229m`  [38;2;3;3;185m`[38;2;1;1;214m~[38;2;0;0;225m~[38;2;0;0;226m~[38;2;0;0;217m~[38;2;3;3;186m`  [38;2;0;0;229m`[38;2;0;0;223m~[38;2;0;0;226m~[38;2;0;0;224m~[38;2;1;0;225m`          [39m
 [38;2;0;0;0m                                       [39m
[?25h