[?25l[39m [38;2;0;0;0m                                       [39m
 [38;2;0;0;0m              [38;2;0;0;227m_[38;2;0;0;226m_[38;2;1;1;209my[38;2;1;0;216mg[38;2;0;0;222mgg[38;2;0;0;218mg[38;2;0;0;214my[38;2;0;0;225m_[38;2;0;0;227m_[38;2;1;1;205m_              [39m
 [38;2;0;0;0m          [38;2;1;0;210m_y[38;2;0;0;223ma[38;2;0;0;225m=~[38;2;0;0;229m~[38;2;169;169;169m_[38;2;251;251;251m_[38;2;140;140;140my[38;2;143;143;143my[38;2;253;253;253m_[38;2;210;210;210m_[38;2;93;93;93m_[38;2;0;0;227m~[38;2;0;0;225m~[38;2;0;0;212m@[38;2;0;0;218mg[38;2;0;0;229m_           [39m
 [38;2;0;0;0m        [38;2;1;0;208m_[38;2;0;0;228ma[38;2;0;0;221mF[38;2;0;0;210m~[38;2;127;127;127my[38;2;194;194;194mg[38;2;212;212;212m@[38;2;250;250;250m@[38;2;251;251;251m@[38;2;252;252;252m@@@@[38;2;251;251;251m@[38;2;252;252;252m@[38;2;236;236;236m@[38;2;230;230;230mg[38;2;170;170;170my[38;2;1;0;199m`[38;2;0;0;225m~[38;2;0;0;218m@[38;2;0;0;230m_         [39m
 [38;2;0;0;0m       [38;2;1;0;211my[38;2;0;0;229mP[38;2;1;0;200m'[38;2;154;154;154my[38;2;215;215;215m$[38;2;251;251;251m@[38;2;252;252;252m@@@@@@@@@@@@@[38;2;249;249;249m@[38;2;184;184;184mg [38;2;0;0;226m~$[38;2;0;0;222m,       [39m
 [38;2;0;0;0m      [38;2;0;0;227mj[38;2;0;0;228mF [38;2;194;194;194mg[38;2;251;251;251m@[38;2;252;252;252m@@@@@@@@@@@@@@@@@[38;2;233;233;233m@[38;2;118;118;118m_[38;2;2;1;199m`[38;2;0;0;230m$[38;2;1;0;210m,      [39m
 [38;2;0;0;0m      [38;2;0;0;227m@ [38;2;148;148;148mg[38;2;251;251;251m@[38;2;242;242;242m@[38;2;171;171;171mF[38;2;149;149;149mM[38;2;189;189;189m@[38;2;251;251;251m@[38;2;252;252;252m@@@@@@@@@@@@@@[38;2;232;232;232m@ [38;2;1;0;204m`[38;2;0;0;220m$      [39m
 [38;2;0;0;0m     [38;2;2;0;206m4[38;2;1;1;210m[ [38;2;224;224;224m$[38;2;252;252;252m@[38;2;251;251;251m@[38;2;227;227;227mg[38;2;175;175;175my[38;2;128;128;128m_ [38;2;219;219;219m~[38;2;170;170;170m5[38;2;249;249;249m@[38;2;251;251;251m@[38;2;217;217;217m@[38;2;196;196;196mF[38;2;191;191;191mFFFFF[38;2;172;172;172mA[38;2;250;250;250m@[38;2;252;252;252m@[38;2;251;251;251m@[38;2;140;140;141mL [38;2;0;0;236m$      [39m
 [38;2;0;0;0m     [38;2;1;0;211m4[38;2;1;1;204m[ [38;2;234;234;234m$[38;2;252;252;252m@[38;2;250;250;250m@[38;2;177;177;177m@[38;2;159;159;159mF[38;2;114;114;114m~ [38;2;145;145;145my[38;2;195;195;195mg[38;2;247;247;247m@[38;2;252;252;252m@[38;2;217;217;217m@[38;2;212;212;212my[38;2;209;209;209myyyyy[38;2;206;206;206mg[38;2;249;249;249m@[38;2;252;252;252m@@[38;2;141;141;141mF [38;2;0;0;236m$      [39m
 [38;2;0;0;0m     [38;2;0;0;212m4[38;2;0;0;202m[ [38;2;234;234;234m$[38;2;252;252;252m@[38;2;242;242;242m@[38;2;185;185;185my[38;2;197;197;197my[38;2;247;247;247mg[38;2;249;249;249m@[38;2;252;252;252m@@@@@@@@@@@@@@@[38;2;138;138;138mF [38;2;0;0;237m$      [39m
 [38;2;0;0;0m     [38;2;0;0;214m4[38;2;0;0;200m[ [38;2;224;224;224m@[38;2;252;252;252m@@@@@@@@@@@@@@@@@@@@@[38;2;132;132;132mF [38;2;0;0;237m$      [39m
 [38;2;0;0;0m     [38;2;0;0;217m4[38;2;0;0;196m[ [38;2;229;229;229m@[38;2;252;252;252m@@@@@@@@@@@@@@@@@@@@@[38;2;121;121;121mF [38;2;0;0;237m$      [39m
 [38;2;0;0;0m     [38;2;0;0;220m4[38;2;0;0;191m[ [38;2;236;236;236m@[38;2;252;252;252m@@@@@@@@@@@@@@@@@@@@[38;2;251;251;251m@[38;2;120;120;120mL [38;2;0;0;232m@      [39m
 [38;2;0;0;0m     [38;2;0;0;212m$  [38;2;243;243;243m@[38;2;252;252;252m@@@@@@@@@@@@@@@@@@@@[38;2;251;251;251m@[38;2;101;101;102mL [38;2;0;0;231m@      [39m
 [38;2;0;0;0m     [38;2;0;0;213m@  [38;2;240;240;240m@[38;2;252;252;252m@@@@@@@@@@@@@@@@@@@@[38;2;250;250;250m@[38;2;65;65;65m~ [38;2;0;0;227m@      [39m
 [38;2;0;0;0m     [38;2;1;1;210m`[38;2;0;0;224m@[38;2;0;0;210m,[38;2;159;159;159m~[38;2;196;196;196m@[38;2;251;251;251m@[38;2;236;236;236m@[38;2;201;201;201mP[38;2;184;184;184mFA[38;2;242;242;242m@[38;2;252;252;252m@[38;2;251;251;251m@[38;2;249;249;249m@[38;2;189;189;189m@[38;2;191;191;191mF[38;2;166;166;166mP[38;2;212;212;212m@[38;2;252;252;252m@[38;2;251;251;251m@[38;2;252;252;252m@[38;2;225;225;225m@[38;2;209;209;209mF[38;2;183;183;183mF[38;2;138;138;138mF [38;2;0;0;227mg[38;2;1;1;200mF      [39m
 [38;2;0;0;0m      [38;2;1;0;216m`[38;2;0;0;225m4g_[38;2;0;0;226m_[38;2;0;0;225m_[38;2;0;0;215ma[38;2;0;0;226ma[38;2;0;0;212my[38;2;0;0;225m_[38;2;135;135;135m`[38;2;144;144;144m`[38;2;0;0;225m_[38;2;0;0;226m_[38;2;0;0;225mg[38;2;0;0;220mg[38;2;0;0;225m_[38;2;0;0;227m_[38;2;153;153;153m`[38;2;109;109;109m`[38;2;0;0;225m_[38;2;0;0;222ma[38;2;0;0;226ma[38;2;0;0;227mg[38;2;0;0;228mP[38;2;1;1;205m~       [39m
 [38;2;0;0;0m        [38;2;3;3;188m`[38;2;0;0;224m~[38;2;0;0;226m~[38;2;0;0;227m~[38;2;0;0;220m` [38;2;3;2;196m~[38;2;0;0;226m~~~~[38;2;1;0;216m~ [38;2;3;2;191m`[38;2;0;0;223m~[38;2;0;0;226m~~~~[38;2;2;1;204m` [38;2;4;2;200m`         [39m
 [38;2;0;0;0m                                       [39m
[?25h