[?25l[39m [38;2;0;0;0m                                       [39m
 [38;2;0;0;0m              [38;2;0;0;226m_[38;2;0;0;227m_[38;2;1;1;202my[38;2;0;0;217my[38;2;0;1;215mg[38;2;0;0;216mg[38;2;0;0;217my[38;2;1;1;202my[38;2;0;0;227m_[38;2;0;0;228m_               [39m
 [38;2;0;0;0m          [38;2;0;0;217m_[38;2;0;0;211my[38;2;0;0;223ma[38;2;0;0;226m=[38;2;0;0;225m~[38;2;0;0;231m~[38;2;149;149;149m_[38;2;239;239;239m_[38;2;253;253;253m__[38;2;239;239;239m_[38;2;149;149;149m_[38;2;0;0;229m~[38;2;0;0;225m~[38;2;0;0;226m=[38;2;0;0;216m@[38;2;1;0;212my[38;2;1;0;216m_           [39m
 [38;2;0;0;0m        [38;2;0;0;221m_[38;2;0;0;229ma[38;2;0;0;216mF[38;2;0;0;203m~[38;2;138;138;138my[38;2;199;199;199mg[38;2;212;212;212m@[38;2;249;249;249m@[38;2;251;251;251m@@[38;2;252;252;252m@@[38;2;251;251;251m@@@[38;2;219;219;219m@[38;2;199;199;199mg[38;2;232;232;232m_[38;2;0;0;200m~[38;2;0;0;211m?[38;2;0;0;219m$[38;2;0;0;222m_         [39m
 [38;2;0;0;0m       [38;2;0;0;219mg[38;2;0;0;228mF [38;2;180;180;180my[38;2;219;219;219m@[38;2;251;251;251m@[38;2;252;252;252m@@@@@@@@@@@@[38;2;251;251;251m@[38;2;233;233;233m@[38;2;172;172;172my [38;2;0;0;199mN[38;2;0;0;219mg        [39m
 [38;2;0;0;0m      [38;2;0;0;226mg[38;2;0;0;211mF [38;2;222;222;222mg[38;2;251;251;251m@[38;2;252;252;252m@@@@@@@@@@@@@@@@[38;2;251;251;251m@[38;2;195;195;195m@ [38;2;0;0;218m~[38;2;0;0;223m$       [39m
 [38;2;0;0;0m     [38;2;1;0;208mj[38;2;0;0;228mF [38;2;206;206;206mg[38;2;251;251;251m@[38;2;252;252;252m@[38;2;247;247;247m@[38;2;177;177;177m@[38;2;193;193;193mF[38;2;172;172;172mF[38;2;164;164;164mP[38;2;181;181;181m@[38;2;251;251;251m@[38;2;252;252;252m@@[38;2;251;251;251m@[38;2;210;210;210m@F[38;2;175;175;175mF[38;2;156;156;156mM[38;2;174;174;174mR[38;2;238;238;238m@[38;2;252;252;252m@[38;2;251;251;251m@[38;2;184;184;184m@ [38;2;0;0;219m?[38;2;0;0;220mi      [39m
 [38;2;0;0;0m     [38;2;0;0;218m@  [38;2;245;245;245m@[38;2;252;252;252m@[38;2;215;215;215m@[38;2;80;80;80m`[38;2;187;187;187ms[38;2;169;169;169mT[38;2;177;177;177mT[38;2;161;161;161mT[38;2;167;167;167mg[38;2;102;102;102m~[38;2;242;242;242m@[38;2;250;250;250m@[38;2;182;182;182m~[38;2;163;163;163mg[38;2;179;179;179mF[38;2;247;247;247m~[38;2;182;182;182mF[38;2;127;127;127ma[38;2;65;65;65m,[38;2;179;179;179m$[38;2;251;251;251m@[38;2;250;250;250m@  [38;2;0;0;226m$      [39m
 [38;2;0;0;0m     [38;2;0;0;226m@  [38;2;249;249;249m@[38;2;251;251;251m@[38;2;179;179;179m$[38;2;80;80;80m4[38;2;157;157;157my [38;2;190;190;190mF [38;2;180;180;180mf[38;2;143;143;143m_[38;2;236;236;236m@[38;2;240;240;240m@ [38;2;192;192;192m$ [38;2;167;167;167m4 [38;2;97;97;97m4[38;2;87;87;87m~[38;2;204;204;204mg[38;2;251;251;251m@@  [38;2;0;0;226m@      [39m
 [38;2;0;0;0m     [38;2;0;0;226m@  [38;2;249;249;249m@[38;2;252;252;252m@[38;2;251;251;251m@[38;2;186;186;186mg[38;2;220;220;220m_[38;2;152;152;152m?[38;2;181;181;181mF[38;2;164;164;164m5[38;2;233;233;233m@[38;2;251;251;251m@[38;2;252;252;252m@[38;2;251;251;251m@[38;2;205;205;205m@[38;2;147;147;147my[38;2;159;159;159m7[38;2;149;149;149mF[38;2;198;198;198mF[38;2;215;215;215m$[38;2;248;248;248m@[38;2;252;252;252m@@[38;2;251;251;251m@  [38;2;0;0;226m@      [39m
 [38;2;0;0;0m     [38;2;0;0;226m@  [38;2;249;249;249m@[38;2;252;252;252m@@@[38;2;251;251;251m@[38;2;252;252;252m@@@@@@@@@[38;2;251;251;251m@[38;2;252;252;252m@@[38;2;251;251;251m@[38;2;252;252;252m@@@[38;2;251;251;251m@  [38;2;0;0;226m@      [39m
 [38;2;0;0;0m     [38;2;0;0;226m@  [38;2;249;249;249m@[38;2;252;252;252m@@@@@@@@@@@@@@@@@@@@[38;2;251;251;251m@  [38;2;0;0;227m@      [39m
 [38;2;0;0;0m     [38;2;0;0;226m@  [38;2;249;249;249m@[38;2;252;252;252m@@@@@@@@@@@@@@@@@@@@[38;2;251;251;251m@  [38;2;0;0;227m@      [39m
 [38;2;0;0;0m     [38;2;0;0;226m@  [38;2;249;249;249m@[38;2;252;252;252m@@@@@@@@@@@@@@@@@@@@[38;2;251;251;251m@  [38;2;0;0;227m@      [39m
 [38;2;0;0;0m     [38;2;0;0;221m@  [38;2;245;245;245m@[38;2;252;252;252m@@@@@@@@@@@@@@@@@@@@[38;2;249;249;249m@  [38;2;0;0;223m@      [39m
 [38;2;0;0;0m     [38;2;1;0;211m`[38;2;0;0;225m$[38;2;0;0;210m,[38;2;169;169;169m~[38;2;197;197;197m@[38;2;251;251;251m@@[38;2;252;252;252m@[38;2;227;227;227m@[38;2;211;211;211mF[38;2;182;182;182mF[38;2;164;164;164m@[38;2;245;245;245m@[38;2;251;251;251m@[38;2;252;252;252m@[38;2;245;245;245m@[38;2;174;174;174m@[38;2;185;185;185mF[38;2;172;172;172mP[38;2;222;222;222m@[38;2;252;252;252m@[38;2;251;251;251m@@[38;2;210;210;210m@[38;2;197;197;197m~ [38;2;0;0;230ma[38;2;1;1;202m~      [39m
 [38;2;0;0;0m      [38;2;0;0;217m`[38;2;0;0;224m4[38;2;0;0;225mg[38;2;0;0;226m__[38;2;143;143;143m`[38;2;106;106;106m`[38;2;0;0;225m_[38;2;0;0;221ma[38;2;0;0;227ma[38;2;0;0;207my[38;2;0;0;223m_[38;2;137;137;137m`[38;2;136;136;136m`[38;2;0;0;225m_[38;2;0;0;207my[38;2;0;0;226ma[38;2;0;0;216mg[38;2;0;0;225m_[38;2;108;108;108m`[38;2;144;144;144m`[38;2;0;0;225m__g[38;2;0;0;227mP[38;2;1;1;200m~       [39m
 [38;2;0;0;0m        [38;2;3;4;186m`[38;2;0;0;223m~[38;2;0;0;226m~~[38;2;0;0;227m~[38;2;0;0;226m~[38;2;2;0;204m` [38;2;2;1;202m~[38;2;0;0;227m~[38;2;0;0;226m~~[38;2;0;0;227m~[38;2;2;1;204m~ [38;2;2;0;204m`[38;2;0;0;224m~[38;2;0;0;227m~[38;2;0;0;226m~~[38;2;0;0;225m~[38;2;4;3;189m`         [39m
 [38;2;0;0;0m                                       [39m
[?25h