[?25l[39m [38;2;0;0;0m              [38;2;0;0;225m___[38;2;1;1;208my[38;2;0;1;214my[38;2;0;0;214my[38;2;1;1;208my[38;2;0;0;226m_[38;2;0;0;225m_[38;2;0;0;226m_               [39m
 [38;2;0;0;0m          [38;2;1;0;205m_[38;2;1;1;205my[38;2;0;0;227ma[38;2;0;0;222mP[38;2;0;0;226m~[38;2;0;0;228m~[38;2;84;84;84m_[38;2;219;219;219m_[38;2;235;235;235m__[38;2;219;219;219m_[38;2;82;82;82m_[38;2;0;0;228m~[38;2;0;0;225m~[38;2;0;0;221m4[38;2;0;0;227ma[38;2;1;1;205my[38;2;1;0;206m_           [39m
 [38;2;0;0;0m        [38;2;0;0;215m_[38;2;0;0;229ma[38;2;0;0;221mF[38;2;1;0;216m~[38;2;216;216;216m_[38;2;211;211;211my[38;2;251;251;251mg[38;2;246;246;246m@[38;2;251;251;251m@@[38;2;252;252;252m@@[38;2;251;251;251m@@[38;2;249;249;249m@[38;2;251;251;251mg[38;2;211;211;211my[38;2;216;216;216m_[38;2;0;0;214m~[38;2;0;0;212m4[38;2;0;0;226mg[38;2;0;0;215m_         [39m
 [38;2;0;0;0m       [38;2;1;0;212mg[38;2;0;0;224mP[38;2;1;0;193m'[38;2;170;170;170my[38;2;210;210;210m@[38;2;251;251;251m@[38;2;252;252;252m@@@@@@@@@@@@[38;2;251;251;251m@[38;2;224;224;224m@[38;2;160;160;160my [38;2;0;0;220m4[38;2;0;0;214mg        [39m
 [38;2;0;0;0m      [38;2;0;0;223mg[38;2;0;0;217mF [38;2;213;213;213mg[38;2;251;251;251m@[38;2;252;252;252m@@@@@@@@@@@@@@@@[38;2;251;251;251m@[38;2;184;184;184m@ [38;2;0;0;222m~[38;2;0;0;220m$       [39m
 [38;2;0;0;0m     [38;2;1;0;204mj[38;2;0;0;229mF [38;2;199;199;199mg[38;2;251;251;251m@[38;2;252;252;252m@@@@@@@@@@@@@@@@@@[38;2;251;251;251m@[38;2;176;176;176m@ [38;2;0;0;222m?[38;2;0;0;218mi      [39m
 [38;2;0;0;0m     [38;2;0;0;217m@[38;2;0;0;178m[ [38;2;244;244;244m@[38;2;252;252;252m@@[38;2;247;247;247m@[38;2;252;252;252m@@@[38;2;251;251;251m@@[38;2;252;252;252m@@@[38;2;251;251;251m@@@@@@@[38;2;252;252;252m@@[38;2;249;249;249m@  [38;2;0;0;225m$      [39m
 [38;2;0;0;0m     [38;2;0;0;226m@  [38;2;249;249;249m@[38;2;251;251;251m@[38;2;173;173;173m$    [38;2;95;95;95m`[38;2;180;180;180m`[38;2;207;207;207m~[38;2;250;250;250m@[38;2;211;211;211m@[38;2;129;129;129m~[38;2;201;201;201m`````[38;2;116;116;116m~[38;2;219;219;219m$[38;2;252;252;252m@[38;2;251;251;251m@  [38;2;0;0;226m@      [39m
 [38;2;0;0;0m     [38;2;0;0;226m@  [38;2;249;249;249m@[38;2;252;252;252m@[38;2;245;245;245m@[38;2;237;237;237mg[38;2;240;240;240mg[38;2;249;249;249mg[38;2;219;219;219m$[38;2;222;222;222m@[38;2;235;235;235m@[38;2;249;249;249m@[38;2;252;252;252m@[38;2;251;251;251m@[38;2;241;241;241m@[38;2;237;237;237m@@@@@[38;2;239;239;239m@[38;2;252;252;252m@@[38;2;251;251;251m@  [38;2;0;0;226m@      [39m
 [38;2;0;0;0m     [38;2;0;0;226m@  [38;2;249;249;249m@[38;2;252;252;252m@@@@@@@@@@@@@@@@@@@@[38;2;251;251;251m@  [38;2;0;0;226m@      [39m
 [38;2;0;0;0m     [38;2;0;0;226m@  [38;2;249;249;249m@[38;2;252;252;252m@@@@@@@@@@@@@@@@@@@@[38;2;251;251;251m@  [38;2;0;0;226m@      [39m
 [38;2;0;0;0m     [38;2;0;0;226m@  [38;2;249;249;249m@[38;2;252;252;252m@@@@@@@@@@@@@@@@@@@@[38;2;251;251;251m@  [38;2;0;0;227m@      [39m
 [38;2;0;0;0m     [38;2;0;0;226m@  [38;2;249;249;249m@[38;2;252;252;252m@@@@@@@@@@@@@@@@@@@@[38;2;251;251;251m@  [38;2;0;0;227m@      [39m
 [38;2;0;0;0m     [38;2;0;0;225m@  [38;2;249;249;249m@[38;2;252;252;252m@@@@@@@@@@@@@@@@@@@@[38;2;251;251;251m@  [38;2;0;0;227m@      [39m
 [38;2;0;0;0m     [38;2;0;0;215m@[38;2;0;0;214mL [38;2;191;191;191m$[38;2;251;251;251m@[38;2;252;252;252m@@@@[38;2;251;251;251m@@[38;2;252;252;252m@@@@@@[38;2;251;251;251m@@[38;2;252;252;252m@@@@[38;2;251;251;251m@[38;2;212;212;212m@ [38;2;0;0;213mj[38;2;0;0;220m@      [39m
 [38;2;0;0;0m     [38;2;2;1;208m`[38;2;0;0;227m@[38;2;0;0;217my[38;2;0;0;210m_[38;2;217;217;217m~[38;2;172;172;172mP[38;2;204;204;204mP[38;2;212;212;212mF[38;2;249;249;249m~[38;2;102;102;102m~[38;2;0;0;229m_[38;2;164;164;164m~[38;2;140;140;140m5[38;2;199;199;199mP[38;2;203;203;203mP[38;2;190;190;190mF[38;2;184;184;184m~[38;2;0;0;229m_[38;2;173;173;173m`[38;2;242;242;242m~[38;2;186;186;186mP[38;2;205;205;205mP[38;2;206;206;206mF[38;2;237;237;237m~[38;2;0;0;204m_[38;2;0;0;215my[38;2;0;0;228m@[38;2;0;0;233m'      [39m
 [38;2;0;0;0m      [38;2;2;2;197m`[38;2;0;0;226m~[38;2;0;0;225m@[38;2;0;0;224m@[38;2;0;0;226mg[38;2;0;0;229mg[38;2;0;0;227mg[38;2;0;0;218m@[38;2;0;0;227m@[38;2;0;0;217m@[38;2;0;0;227m@[38;2;0;0;226mg[38;2;0;0;229mg[38;2;0;0;228mg[38;2;0;0;226mg[38;2;0;0;227m@[38;2;1;0;217m@[38;2;0;0;227m@[38;2;0;0;220m@[38;2;0;0;227mg[38;2;0;0;229mg[38;2;0;0;227mg[38;2;0;0;223m@[38;2;0;0;225m@[38;2;1;0;210mF[38;2;1;1;210m'       [39m
 [38;2;0;0;0m         [38;2;1;0;217m`[38;2;1;0;220m~[38;2;0;0;226m~[38;2;0;0;224m~[38;2;0;0;227m`   [38;2;2;1;205m~[38;2;0;0;225m~~[38;2;2;1;210m~   [38;2;0;0;226m`[38;2;0;0;221m~[38;2;0;0;225m~[38;2;0;0;222m~[38;2;1;0;220m`          [39m
 [38;2;0;0;0m                                       [39m
[?25h