[?25l[39m [38;2;0;0;0m                                       [39m
 [38;2;0;0;0m                 [38;2;1;0;217m_[38;2;0;0;226m__[38;2;0;1;218m_                  [39m
 [38;2;0;0;0m           [38;2;1;2;190m_[38;2;0;0;225m_[38;2;0;0;224ma[38;2;0;0;223ma[38;2;0;0;221mP[38;2;0;0;225m=[38;2;0;0;226m~~~~[38;2;0;0;224m=[38;2;0;0;220m4[38;2;0;0;224ma[38;2;0;0;221mg[38;2;0;0;225m_[38;2;1;2;193m_            [39m
 [38;2;0;0;0m         [38;2;0;0;229m_[38;2;0;0;228ma[38;2;0;0;216mP[38;2;0;0;225m~[38;2;175;175;175m_[38;2;176;176;176my[38;2;200;200;200mg[38;2;240;240;240mg[38;2;207;207;207m@[38;2;221;221;221m@[38;2;222;222;222m@[38;2;210;210;210m@[38;2;240;240;240mg[38;2;200;200;200mg[38;2;174;174;174my[38;2;175;175;175m_[38;2;0;0;223m~[38;2;0;0;219m=[38;2;0;0;227ma[38;2;0;0;230m_          [39m
 [38;2;0;0;0m       [38;2;0;0;207m_[38;2;0;0;229ma[38;2;0;0;231m~ [38;2;195;195;195my[38;2;224;224;224m$[38;2;251;251;251m@[38;2;252;252;252m@@@@@@@@@@[38;2;251;251;251m@[38;2;224;224;224m@[38;2;192;192;192my [38;2;0;0;227m~[38;2;0;0;221m@[38;2;0;1;207m_        [39m
 [38;2;0;0;0m      [38;2;0;0;216m_[38;2;0;0;217m@[38;2;0;0;192m'[38;2;157;157;157my[38;2;230;230;230m@[38;2;252;252;252m@@@@@@@@@@@@@@@@[38;2;240;240;240m@[38;2;144;144;144my [38;2;0;0;231m4[38;2;0;0;217m_       [39m
 [38;2;0;0;0m      [38;2;0;0;228m@ [38;2;154;154;154my[38;2;249;249;249m@[38;2;252;252;252m@@@@@@@@@@@@@@@@@@[38;2;251;251;251m@[38;2;138;138;138my [38;2;0;0;228mB,      [39m
 [38;2;0;0;0m     [38;2;0;0;215mg[38;2;0;0;196m[ [38;2;223;223;223m@[38;2;252;252;252m@@@@@@@@@@@@@@@@@@@@[38;2;240;240;240m@  [38;2;0;0;217m$      [39m
 [38;2;0;0;0m     [38;2;0;0;225m@  [38;2;250;250;250m@[38;2;251;251;251m@[38;2;182;182;182m@[38;2;244;244;244m~[38;2;242;242;242m~~~~~[38;2;146;146;146mM[38;2;250;250;250m@[38;2;223;223;223m@[38;2;248;248;248m~[38;2;244;244;244m~~~~~[38;2;248;248;248m~[38;2;222;222;222m@[38;2;252;252;252m@[38;2;251;251;251m@  [38;2;0;0;226m@      [39m
 [38;2;0;0;0m     [38;2;0;0;225m@  [38;2;250;250;250m@[38;2;252;252;252m@[38;2;244;244;244m@[38;2;250;250;250mgggggg[38;2;251;251;251mg[38;2;252;252;252m@[38;2;250;250;250m@[38;2;251;251;251mg[38;2;250;250;250mggggg[38;2;251;251;251mg[38;2;250;250;250m@[38;2;252;252;252m@[38;2;251;251;251m@  [38;2;0;0;226m@      [39m
 [38;2;0;0;0m     [38;2;0;0;224m@  [38;2;250;250;250m@[38;2;252;252;252m@@@@@@@@@@@@@@@@@@@@[38;2;251;251;251m@  [38;2;0;0;226m@      [39m
 [38;2;0;0;0m     [38;2;0;0;224m@  [38;2;250;250;250m@[38;2;252;252;252m@@@@@@@@@@@@@@@@@@@@[38;2;251;251;251m@  [38;2;0;0;226m@      [39m
 [38;2;0;0;0m     [38;2;0;0;224m@  [38;2;250;250;250m@[38;2;252;252;252m@@@@@@@@@@@@@@@@@@@@[38;2;251;251;251m@  [38;2;0;0;226m@      [39m
 [38;2;0;0;0m     [38;2;0;0;224m@  [38;2;249;249;249m@[38;2;252;252;252m@@@@@@@@@@@@@@@@@@@@[38;2;251;251;251m@  [38;2;0;0;226m@      [39m
 [38;2;0;0;0m     [38;2;0;0;216m@[38;2;0;0;203mL [38;2;205;205;205m@[38;2;251;251;251m@[38;2;252;252;252m@@@@@[38;2;251;251;251m@[38;2;252;252;252m@@@@@@[38;2;251;251;251m@[38;2;252;252;252m@@@@@[38;2;251;251;251m@[38;2;222;222;222m@ [38;2;0;0;205mj[38;2;0;0;220m@      [39m
 [38;2;0;0;0m     [38;2;1;1;212m`[38;2;0;0;228m@[38;2;0;0;210my [38;2;239;239;239m~[38;2;198;198;198mP[38;2;209;209;209mR[38;2;168;168;168m@[38;2;185;185;185mF[38;2;169;169;169m~[38;2;192;192;192m`[38;2;209;209;209m~[38;2;173;173;173mP[38;2;202;202;202mR[38;2;204;204;204mR[38;2;210;210;210mF[38;2;224;224;224m~[38;2;188;188;188m`[38;2;147;147;147m~[38;2;175;175;175mT[38;2;194;194;194m#[38;2;209;209;209mR[38;2;208;208;208mP[38;2;161;161;161mF [38;2;0;0;209my[38;2;0;0;229m@[38;2;0;0;234m'      [39m
 [38;2;0;0;0m      [38;2;2;2;207m`[38;2;0;0;213m?[38;2;0;0;227m@[38;2;0;0;226mg[38;2;0;0;228mg[38;2;0;0;222mg[38;2;0;0;227mg[38;2;0;0;226mg[38;2;0;0;227m@[38;2;0;0;224m@@[38;2;0;0;228mg[38;2;0;0;224mgg[38;2;0;0;228mg[38;2;0;0;223m@[38;2;0;0;224m@[38;2;0;0;226m@g[38;2;0;0;228mg[38;2;0;0;222mg[38;2;0;0;228mg[38;2;0;0;226mg@[38;2;0;0;215mF[38;2;0;0;221m'       [39m
 [38;2;0;0;0m         [38;2;0;0;226m`[38;2;0;0;224m~[38;2;0;0;226m~~[38;2;2;1;204m~  [38;2;2;1;198m`[38;2;0;0;217m~[38;2;0;0;226m~[38;2;0;0;227m~[38;2;0;0;219m~[38;2;2;2;199m`  [38;2;0;0;227m`[38;2;0;0;226m~~[38;2;0;0;225m~[38;2;0;0;227m`          [39m
 [38;2;0;0;0m                                       [39m
[?25h