[?25l[39m [38;2;0;0;0m              [38;2;0;0;221m_[38;2;0;0;226m_[38;2;0;0;225m_[38;2;1;1;203my[38;2;1;1;211myy[38;2;1;1;205my[38;2;0;0;226m_[38;2;0;0;225m_[38;2;0;0;222m_               [39m
 [38;2;0;0;0m          [38;2;1;1;200m_[38;2;1;1;202my[38;2;0;0;227ma[38;2;0;0;223mP[38;2;0;0;226m~[38;2;0;0;228m~[38;2;0;0;218m~[38;2;202;202;202m_[38;2;233;233;233m__[38;2;201;201;201m_[38;2;0;0;217m~[38;2;0;0;227m~[38;2;0;0;225m~[38;2;0;0;222m4[38;2;0;0;227ma[38;2;1;1;202my[38;2;1;1;201m_           [39m
 [38;2;0;0;0m        [38;2;0;0;213m_[38;2;0;0;228ma[38;2;0;0;219mP[38;2;0;0;218m~[38;2;207;207;207m_y[38;2;250;250;250mg[38;2;244;244;244m@[38;2;251;251;251m@@[38;2;252;252;252m@@[38;2;251;251;251m@@[38;2;247;247;247m@[38;2;250;250;250mg[38;2;207;207;207my[38;2;208;208;208m_[38;2;0;0;217m~[38;2;0;0;216m4[38;2;0;0;224mg[38;2;1;0;212m_         [39m
 [38;2;0;0;0m       [38;2;0;0;217my[38;2;0;0;225mP[38;2;0;0;197m'[38;2;163;163;163my[38;2;206;206;206m@[38;2;251;251;251m@[38;2;252;252;252m@@@@@@@@@@@@[38;2;251;251;251m@[38;2;220;220;220m@[38;2;153;153;153my[38;2;2;1;190m`[38;2;0;0;223m4[38;2;0;0;218my        [39m
 [38;2;0;0;0m      [38;2;0;0;222mg[38;2;0;0;219mF [38;2;210;210;210mg[38;2;251;251;251m@[38;2;252;252;252m@@@@@@@@@@@@@@@@[38;2;251;251;251m@[38;2;180;180;180m@ [38;2;0;0;224m~[38;2;0;0;219m$       [39m
 [38;2;0;0;0m     [38;2;1;0;203mj[38;2;0;0;230mF [38;2;196;196;196mg[38;2;251;251;251m@[38;2;252;252;252m@@@@@@@@@@@@@@@@@@[38;2;251;251;251m@[38;2;173;173;173m@ [38;2;0;0;208m5[38;2;0;0;217mi      [39m
 [38;2;0;0;0m     [38;2;0;0;216m@[38;2;0;0;179m[ [38;2;243;243;243m@[38;2;252;252;252m@@@@@@@@@@@@@@@@@@@@[38;2;249;249;249m@  [38;2;0;0;225m$      [39m
 [38;2;0;0;0m     [38;2;0;0;225m@  [38;2;249;249;249m@[38;2;251;251;251m@[38;2;194;194;194mE[38;2;173;173;173m~[38;2;159;159;159m~[38;2;160;160;160m~[38;2;161;161;161m~[38;2;162;162;162m~[38;2;163;163;163m~[38;2;230;230;230m~[38;2;249;249;249m@[38;2;247;247;247m@[38;2;224;224;224m~[38;2;152;152;152m~[38;2;155;155;155m~[38;2;156;156;156m~[38;2;159;159;159m~[38;2;161;161;161m~[38;2;168;168;168m~[38;2;165;165;165m5[38;2;251;251;251m@@  [38;2;0;0;227m@      [39m
 [38;2;0;0;0m     [38;2;0;0;225m@  [38;2;249;249;249m@[38;2;252;252;252m@[38;2;251;251;251m@[38;2;221;221;221m@[38;2;217;217;217m@@@[38;2;218;218;218m@@[38;2;238;238;238m@[38;2;251;251;251m@[38;2;252;252;252m@[38;2;236;236;236m@[38;2;215;215;215m@[38;2;216;216;216m@[38;2;217;217;217m@@[38;2;218;218;218m@[38;2;220;220;220m@[38;2;249;249;249m@[38;2;252;252;252m@[38;2;251;251;251m@  [38;2;0;0;227m@      [39m
 [38;2;0;0;0m     [38;2;0;0;225m@  [38;2;249;249;249m@[38;2;252;252;252m@@@@@@@@@@@@@@@@@@@@[38;2;251;251;251m@  [38;2;0;0;227m@      [39m
 [38;2;0;0;0m     [38;2;0;0;225m@  [38;2;249;249;249m@[38;2;252;252;252m@@@@@@@@@@@@@@@@@@@@[38;2;251;251;251m@  [38;2;0;0;227m@      [39m
 [38;2;0;0;0m     [38;2;0;0;225m@  [38;2;249;249;249m@[38;2;252;252;252m@@@@@@@@@@@@@@@@@@@@[38;2;251;251;251m@  [38;2;0;0;227m@      [39m
 [38;2;0;0;0m     [38;2;0;0;225m@  [38;2;249;249;249m@[38;2;252;252;252m@@@@@@@@@@@@@@@@@@@@[38;2;251;251;251m@  [38;2;0;0;227m@      [39m
 [38;2;0;0;0m     [38;2;0;0;225m@  [38;2;249;249;249m@[38;2;252;252;252m@@@@@@@@@@@@@@@@@@@@[38;2;251;251;251m@  [38;2;0;0;226m@      [39m
 [38;2;0;0;0m     [38;2;0;0;215m@[38;2;0;0;208mL [38;2;202;202;202m$[38;2;251;251;251m@[38;2;252;252;252m@@@@[38;2;251;251;251m@@[38;2;252;252;252m@@@@@[38;2;251;251;251m@@[38;2;252;252;252m@@@@@@[38;2;218;218;218m@ [38;2;0;0;210mj[38;2;0;0;220m@      [39m
 [38;2;0;0;0m     [38;2;2;1;210m`[38;2;0;0;228m@[38;2;0;0;214my[38;2;0;0;191m,[38;2;229;229;229m~[38;2;187;187;187mP[38;2;213;213;213mP[38;2;203;203;203mF[38;2;216;216;216m~[38;2;145;145;145m`[38;2;106;106;106m~[38;2;244;244;244m~[38;2;194;194;194mPR[38;2;200;200;200mP[38;2;158;158;158mF[38;2;112;112;112m~[38;2;143;143;143m`[38;2;205;205;205m~[38;2;168;168;168mP[38;2;191;191;191mR[38;2;165;165;165m@[38;2;194;194;194mF[38;2;188;188;188m~[38;2;0;0;230m_[38;2;0;0;212my[38;2;0;0;228m@[38;2;0;0;234m'      [39m
 [38;2;0;0;0m      [38;2;2;2;203m`[38;2;0;0;226m~[38;2;0;0;225m@[38;2;0;0;220m@[38;2;0;0;228mg[38;2;0;0;229mg[38;2;0;0;227mg[38;2;0;0;225m@[38;2;0;0;222m@[38;2;0;0;226m@g[38;2;0;0;228mg[38;2;0;0;229mg[38;2;0;0;228mg[38;2;0;0;226mg@[38;2;0;0;222m@[38;2;0;0;225m@[38;2;0;0;227mg[38;2;0;0;229mgg[38;2;0;0;227mg@[38;2;0;0;220m@[38;2;0;0;213mF[38;2;0;0;215m'       [39m
 [38;2;0;0;0m         [38;2;0;0;221m`[38;2;0;0;223m~[38;2;0;0;225m~[38;2;0;0;219m~[38;2;1;1;191m`  [38;2;0;0;228m`[38;2;0;0;224m~[38;2;0;0;226m~[38;2;0;0;224m~[38;2;0;0;227m`  [38;2;2;1;199m`[38;2;0;0;217m~[38;2;0;0;226m~~[38;2;0;1;213m~           [39m
 [38;2;0;0;0m                                       [39m
[?25h