[?25l[39m [38;2;0;0;0m             [38;2;1;0;223m_[38;2;0;0;225m_[38;2;1;0;210my[38;2;0;0;224ma[38;2;0;0;229mggg[38;2;0;0;230mg[38;2;0;0;222mg[38;2;1;0;210my[38;2;0;0;225m_[38;2;0;0;223m_              [39m
 [38;2;0;0;0m          [38;2;0;0;230m_[38;2;0;0;224mg@[38;2;0;0;216mP[38;2;0;0;226m~[38;2;0;0;227m~[38;2;141;141;141m_[38;2;234;234;234m_[38;2;241;241;241m__[38;2;234;234;234m_[38;2;142;142;142m_[38;2;0;0;226m~~[38;2;0;0;225m=@[38;2;0;0;223mg[38;2;0;0;231m_           [39m
 [38;2;0;0;0m        [38;2;0;0;229m_[38;2;0;0;223m@[38;2;0;0;216mF[38;2;1;0;205m~[38;2;132;132;132my[38;2;220;220;220my[38;2;251;251;251mg[38;2;250;250;250m@[38;2;251;251;251m@[38;2;252;252;252m@@@@[38;2;251;251;251m@@[38;2;224;224;224m$[38;2;220;220;220my[38;2;232;232;232m_[38;2;0;0;204m~[38;2;0;0;212m?[38;2;0;0;226m@[38;2;0;0;230m_         [39m
 [38;2;0;0;0m       [38;2;0;0;227mg[38;2;0;0;226mF [38;2;180;180;180my[38;2;217;217;217m@[38;2;251;251;251m@[38;2;252;252;252m@@@@@@@@@@@@[38;2;251;251;251m@[38;2;229;229;229m@[38;2;173;173;173my [38;2;0;0;200m#[38;2;0;0;222m$[38;2;0;1;199m,       [39m
 [38;2;0;0;0m      [38;2;0;0;230mg[38;2;0;0;213mF [38;2;219;219;219mg[38;2;251;251;251m@@@[38;2;252;252;252m@@@@@@@@@@@@@@[38;2;251;251;251m@[38;2;200;200;200m$ [38;2;0;0;219m~[38;2;0;0;229m$       [39m
 [38;2;0;0;0m     [38;2;0;0;216mj[38;2;0;0;227mF [38;2;204;204;204mg[38;2;251;251;251m@@[38;2;134;134;134m~[38;2;136;136;136m`[38;2;237;237;237m~[38;2;178;178;178mA[38;2;236;236;236m@[38;2;251;251;251m@[38;2;252;252;252m@@@[38;2;251;251;251m@@@@@@@[38;2;252;252;252m@[38;2;251;251;251m@[38;2;182;182;182m@ [38;2;0;0;219m?[38;2;0;0;220m[      [39m
 [38;2;0;0;0m     [38;2;0;0;220m@[38;2;0;0;177m[ [38;2;245;245;245m@[38;2;252;252;252m@@[38;2;251;251;251m@[38;2;210;210;210m@[38;2;165;165;165mw  [38;2;137;137;137m~[38;2;205;205;205m$[38;2;251;251;251m@[38;2;213;213;213m@[38;2;191;191;191m~[38;2;163;163;163m~[38;2;164;164;164m~~~[38;2;163;163;163m~[38;2;187;187;187m~[38;2;222;222;222m$[38;2;252;252;252m@[38;2;250;250;250m@  [38;2;0;0;226m$      [39m
 [38;2;0;0;0m     [38;2;0;0;226m@  [38;2;249;249;249m@[38;2;252;252;252m@[38;2;251;251;251m@[38;2;172;172;172mF[38;2;176;176;176m` [38;2;145;145;145my[38;2;192;192;192mg[38;2;223;223;223m$[38;2;251;251;251m@[38;2;252;252;252m@[38;2;251;251;251m@[38;2;228;228;228m@[38;2;233;233;233m$$$$$[38;2;225;225;225m@[38;2;252;252;252m@@[38;2;251;251;251m@  [38;2;0;0;226m@      [39m
 [38;2;0;0;0m     [38;2;0;0;225m@  [38;2;249;249;249m@[38;2;252;252;252m@[38;2;251;251;251m@[38;2;219;219;219m@[38;2;248;248;248mg@[38;2;251;251;251m@[38;2;252;252;252m@@@@@@@@@@@@@@[38;2;251;251;251m@  [38;2;0;0;226m@      [39m
 [38;2;0;0;0m     [38;2;0;0;225m@  [38;2;249;249;249m@[38;2;252;252;252m@@@@@@@@@@@@@@@@@@@@[38;2;251;251;251m@  [38;2;0;0;226m@      [39m
 [38;2;0;0;0m     [38;2;0;0;225m@  [38;2;249;249;249m@[38;2;252;252;252m@@@@@@@@@@@@@@@@@@@@[38;2;251;251;251m@  [38;2;0;0;226m@      [39m
 [38;2;0;0;0m     [38;2;0;0;225m@  [38;2;249;249;249m@[38;2;252;252;252m@@@@@@@@@@@@@@@@@@@@[38;2;251;251;251m@  [38;2;0;0;226m@      [39m
 [38;2;0;0;0m     [38;2;0;0;225m@  [38;2;249;249;249m@[38;2;252;252;252m@@@@@@@@@@@@@@@@@@@@[38;2;251;251;251m@  [38;2;0;0;226m@      [39m
 [38;2;0;0;0m     [38;2;0;0;218m@[38;2;0;0;215m, [38;2;239;239;239m@[38;2;252;252;252m@@@@@@@@@@@@@@@@@@@@[38;2;246;246;246m@ [38;2;0;0;174mj[38;2;0;0;221m@      [39m
 [38;2;0;0;0m     [38;2;1;1;211m`[38;2;0;0;227m@[38;2;0;0;223m_[38;2;194;194;194m`[38;2;175;175;175mA[38;2;232;232;232m@[38;2;247;247;247m@[38;2;241;241;241m@[38;2;176;176;176m@[38;2;251;251;251m~~[38;2;144;144;144m5[38;2;202;202;202m@[38;2;246;246;246m@@[38;2;208;208;208m@[38;2;201;201;201mF[38;2;251;251;251m~~[38;2;197;197;197mR[38;2;240;240;240m@[38;2;247;247;247m@[38;2;233;233;233m@[38;2;209;209;209mP[38;2;133;133;133m~[38;2;0;0;223m_[38;2;0;0;224m$[38;2;0;0;232m'      [39m
 [38;2;0;0;0m      [38;2;1;1;210m`[38;2;0;1;208m4[38;2;0;0;219m@y[38;2;0;0;226m___[38;2;0;0;213my[38;2;0;0;226mg[38;2;0;0;225m@[38;2;0;0;224mg[38;2;0;0;226m____[38;2;0;0;224mg[38;2;0;0;223m@[38;2;0;0;227ma[38;2;0;0;213my[38;2;0;0;226m___[38;2;0;0;219my[38;2;0;0;226ma[38;2;0;0;215mP[38;2;0;0;223m'       [39m
 [38;2;0;0;0m         [38;2;0;0;232m`[38;2;0;0;230m~[38;2;0;0;228m~[38;2;0;0;229m~[38;2;1;0;212m~  [38;2;0;1;210m`[38;2;0;0;226m~[38;2;0;0;229m~[38;2;0;0;228m~~[38;2;0;1;210m`  [38;2;1;1;209m~[38;2;0;0;229m~[38;2;0;0;228m~[38;2;0;0;231m~[38;2;2;2;199m~          [39m
 [38;2;0;0;0m                                       [39m
 [38;2;0;0;0m                                       [39m
[?25h