[?25l[39m [38;2;0;0;0m              [38;2;0;0;229m_[38;2;0;0;226m_[38;2;1;1;209my[38;2;0;0;219my[38;2;0;0;222ma[38;2;0;0;221ma[38;2;0;0;220my[38;2;1;1;209my[38;2;0;0;226m_[38;2;0;0;229m_               [39m
 [38;2;0;0;0m          [38;2;0;0;225m_[38;2;1;0;212ma[38;2;0;0;218m@[38;2;0;0;224mP[38;2;0;0;225m~[38;2;0;0;228m~[38;2;0;0;221m~[38;2;175;175;175m_[38;2;230;230;230m_[38;2;229;229;229m_[38;2;174;174;174m_[38;2;0;0;221m~[38;2;0;0;228m~[38;2;0;0;226m~[38;2;0;0;224m4[38;2;0;0;221m@[38;2;0;0;216my[38;2;0;0;223m_           [39m
 [38;2;0;0;0m        [38;2;0;0;225m_[38;2;0;0;229mg[38;2;0;0;221mP[38;2;0;0;222m~[38;2;199;199;199m_[38;2;203;203;203my[38;2;249;249;249mg[38;2;239;239;239m@[38;2;251;251;251m@@[38;2;252;252;252m@@[38;2;251;251;251m@@[38;2;244;244;244m@[38;2;249;249;249mg[38;2;203;203;203my[38;2;199;199;199m_[38;2;0;0;220m~[38;2;0;0;219m4[38;2;0;0;222m$[38;2;0;0;225m_         [39m
 [38;2;0;0;0m       [38;2;0;0;220mg[38;2;0;0;225mP[38;2;0;1;203m'[38;2;156;156;156my[38;2;246;246;246mg[38;2;251;251;251m@[38;2;252;252;252m@@@@@@@@@@@@[38;2;251;251;251m@[38;2;216;216;216m@[38;2;145;145;145my[38;2;2;1;197m`[38;2;0;0;224m4[38;2;0;0;220mg        [39m
 [38;2;0;0;0m      [38;2;0;0;226mg[38;2;0;0;221mF [38;2;207;207;207mg[38;2;251;251;251m@[38;2;252;252;252m@@@@@@@@@@@@@@@@[38;2;251;251;251m@[38;2;176;176;176m@ [38;2;0;0;209m?[38;2;0;0;224m$       [39m
 [38;2;0;0;0m     [38;2;0;0;211mj[38;2;0;0;229mF [38;2;194;194;194mg[38;2;251;251;251m@@[38;2;211;211;211mP[38;2;191;191;191mF[38;2;210;210;210m@[38;2;251;251;251m@[38;2;252;252;252m@@@@@@@@@@@@@[38;2;251;251;251m@[38;2;170;170;170m@ [38;2;0;0;217m4[38;2;0;0;220ml      [39m
 [38;2;0;0;0m     [38;2;0;0;218m@[38;2;0;0;180m[ [38;2;243;243;243m@[38;2;252;252;252m@[38;2;251;251;251m@[38;2;211;211;211mg[38;2;154;154;154my[38;2;65;65;65m_[38;2;150;150;150m`[38;2;237;237;237m~[38;2;178;178;178mA[38;2;247;247;247m@[38;2;252;252;252m@[38;2;248;248;248m@[38;2;219;219;219mP[38;2;204;204;204mPPPPP[38;2;193;193;193mR[38;2;248;248;248m@[38;2;252;252;252m@[38;2;249;249;249m@  [38;2;0;0;225m$      [39m
 [38;2;0;0;0m     [38;2;0;0;225m@  [38;2;249;249;249m@[38;2;252;252;252m@@[38;2;229;229;229m@[38;2;217;217;217mF[38;2;224;224;224m~ [38;2;136;136;136m_[38;2;177;177;177my[38;2;216;216;216m@[38;2;252;252;252m@[38;2;230;230;230m@[38;2;188;188;188my[38;2;177;177;177myyyyy[38;2;190;190;190my[38;2;225;225;225m@[38;2;252;252;252m@[38;2;251;251;251m@  [38;2;0;0;227m@      [39m
 [38;2;0;0;0m     [38;2;0;0;225m@  [38;2;249;249;249m@[38;2;252;252;252m@[38;2;251;251;251m@[38;2;173;173;173my[38;2;150;150;150my[38;2;192;192;192mg[38;2;214;214;214m@[38;2;251;251;251m@[38;2;252;252;252m@@@@@@@@@@@@@[38;2;251;251;251m@  [38;2;0;0;227m@      [39m
 [38;2;0;0;0m     [38;2;0;0;225m@  [38;2;249;249;249m@[38;2;252;252;252m@@@@@@@@@@@@@@@@@@@@[38;2;251;251;251m@  [38;2;0;0;227m@      [39m
 [38;2;0;0;0m     [38;2;0;0;225m@  [38;2;249;249;249m@[38;2;252;252;252m@@@@@@@@@@@@@@@@@@@@[38;2;251;251;251m@  [38;2;0;0;227m@      [39m
 [38;2;0;0;0m     [38;2;0;0;225m@  [38;2;249;249;249m@[38;2;252;252;252m@@@@@@@@@@@@@@@@@@@@[38;2;251;251;251m@  [38;2;0;0;226m@      [39m
 [38;2;0;0;0m     [38;2;0;0;225m@  [38;2;249;249;249m@[38;2;252;252;252m@@@@@@@@@@@@@@@@@@@@[38;2;251;251;251m@  [38;2;0;0;227m@      [39m
 [38;2;0;0;0m     [38;2;0;0;219m@[38;2;0;0;216m, [38;2;239;239;239m@[38;2;252;252;252m@@@@@@@@@@@@@@@@@@@@[38;2;247;247;247m@ [38;2;0;0;171mj[38;2;0;0;222m@      [39m
 [38;2;0;0;0m     [38;2;1;1;211m`[38;2;0;0;227m@[38;2;0;0;224m_[38;2;195;195;195m`[38;2;177;177;177m#[38;2;234;234;234m@[38;2;247;247;247m@[38;2;242;242;242m@[38;2;179;179;179m@[38;2;251;251;251m~[38;2;252;252;252m~[38;2;148;148;148m5[38;2;206;206;206m@[38;2;247;247;247m@[38;2;246;246;246m@[38;2;212;212;212m@[38;2;204;204;204mF[38;2;252;252;252m~[38;2;251;251;251m~[38;2;200;200;200mR[38;2;242;242;242m@[38;2;247;247;247m@[38;2;236;236;236m@[38;2;214;214;214mP[38;2;141;141;141m~[38;2;0;0;222m_[38;2;0;0;223m$[38;2;0;0;232m'      [39m
 [38;2;0;0;0m      [38;2;0;1;215m`[38;2;0;0;217m4[38;2;0;0;219m@y[38;2;0;0;226m___[38;2;0;0;212my[38;2;0;0;227mg[38;2;0;0;228m@[38;2;0;0;223mg[38;2;0;0;227m_[38;2;0;0;226m__[38;2;0;0;227m_[38;2;0;0;223mg[38;2;0;0;226m@[38;2;0;0;227mg[38;2;0;0;212my[38;2;0;0;226m___[38;2;0;0;218my[38;2;0;0;226mg[38;2;0;0;221mP[38;2;0;0;230m'       [39m
 [38;2;0;0;0m         [38;2;1;0;217m~[38;2;0;0;228m~[38;2;0;0;225m~[38;2;0;0;227m~[38;2;0;0;225m~  `[38;2;0;0;228m~[38;2;0;0;225m~~[38;2;0;0;230m~[38;2;0;0;229m` [38;2;4;3;183m`[38;2;0;0;223m~[38;2;0;0;227m~[38;2;0;0;225m~[38;2;0;0;228m~[38;2;0;0;218m~          [39m
 [38;2;0;0;0m                                       [39m
 [38;2;0;0;0m                                       [39m
[?25h