[?25l[39m [38;2;0;0;0m              [38;2;0;0;231m_[38;2;0;0;225m_[38;2;0;0;227m_[38;2;1;1;208my[38;2;1;1;212my[38;2;1;1;209my[38;2;0;0;227m_[38;2;0;0;225m_[38;2;0;0;231m_                [39m
 [38;2;0;0;0m          [38;2;0;0;228m_[38;2;0;0;224ma[38;2;0;0;222m@[38;2;0;0;215m@[38;2;0;0;226m=~~[38;2;0;0;227m~~~[38;2;0;0;226m~[38;2;0;0;227m~[38;2;0;0;222m4[38;2;0;0;225m@[38;2;0;0;220m@[38;2;0;0;219my[38;2;0;0;225m_            [39m
 [38;2;0;0;0m       [38;2;1;1;201m_[38;2;0;0;221ma[38;2;0;0;226m@[38;2;0;0;210mF[38;2;0;0;223m~[38;2;226;226;226m_[38;2;195;195;195my[38;2;227;227;227mg[38;2;252;252;252mg[38;2;230;230;230m@[38;2;248;248;248m@[38;2;250;250;250m@[38;2;244;244;244m@[38;2;232;232;232m$[38;2;247;247;247mg[38;2;211;211;211my[38;2;245;245;245m_[38;2;1;0;221m`[38;2;0;0;226m~[38;2;0;0;216m@[38;2;0;0;221m$_          [39m
 [38;2;0;0;0m      [38;2;0;0;215my[38;2;0;0;224m@[38;2;0;0;227m~[38;2;131;131;131m_[38;2;195;195;195mg[38;2;235;235;235m@[38;2;251;251;251m@[38;2;252;252;252m@@@@@@@@@@@[38;2;246;246;246m@[38;2;196;196;196mg[38;2;100;100;100m_[38;2;0;0;220m~[38;2;0;0;223m@[38;2;1;0;211mg         [39m
 [38;2;0;0;0m     [38;2;0;0;225mg[38;2;0;0;229mF [38;2;204;204;204my[38;2;247;247;247m@[38;2;252;252;252m@@@@@@@@@@@@@@@@[38;2;247;247;247m@[38;2;145;145;146my [38;2;0;0;228m4[38;2;1;1;209m$        [39m
 [38;2;0;0;0m    [38;2;0;0;224mj[38;2;0;0;229mF [38;2;195;195;195mg[38;2;251;251;251m@[38;2;252;252;252m@@@@@@@@@@@@@@@@@@[38;2;251;251;251m@[38;2;107;107;107my [38;2;0;0;227m@,       [39m
 [38;2;0;0;0m    [38;2;0;0;233m@ [38;2;67;67;68mu[38;2;249;249;249m@[38;2;233;233;233m@[38;2;232;232;232m@@[38;2;233;233;233m@@@[38;2;250;250;250m@[38;2;252;252;252m@@@@@@@@@@@@@[38;2;220;220;220m@ [38;2;1;1;198m4[38;2;0;1;206m$       [39m
 [38;2;0;0;0m    [38;2;0;0;237m@ [38;2;125;125;125m4[38;2;170;170;170my[38;2;174;174;174m_[38;2;173;173;173m_[38;2;172;172;172m____[38;2;167;167;167my[38;2;249;249;249m@[38;2;252;252;252m@@@@@@@@@@@@[38;2;239;239;239m@ [38;2;0;0;183mJ[38;2;0;0;212m$       [39m
 [38;2;0;0;0m    [38;2;0;0;237m@ [38;2;116;116;116m4[38;2;252;252;252m@[38;2;251;251;251m@@@@@@@[38;2;252;252;252m@@@@@@@@@@@@@[38;2;241;241;241m@  [38;2;0;0;215m$       [39m
 [38;2;0;0;0m    [38;2;0;0;235m@ [38;2;93;93;93m4[38;2;251;251;251m@[38;2;252;252;252m@@@@@@@@@@@@@@@@@@@@[38;2;246;246;246m@  [38;2;0;0;220m$       [39m
 [38;2;0;0;0m    [38;2;0;0;229m@  [38;2;250;250;250m@[38;2;252;252;252m@@@@@@@@@@@@@@@@@@@@[38;2;251;251;251m@  [38;2;0;0;228m$       [39m
 [38;2;0;0;0m    [38;2;0;0;218m9  [38;2;241;241;241m@[38;2;252;252;252m@@@@@@@@@@@@@@@@@@@@[38;2;251;251;251m@[38;2;109;109;109mL [38;2;0;0;232m@       [39m
 [38;2;0;0;0m    [38;2;1;1;205m4[38;2;1;0;209m[ [38;2;225;225;225m$[38;2;252;252;252m@@@@@@@@@@@@@@@@@@@@[38;2;251;251;251m@[38;2;177;177;177mL [38;2;0;0;232m$       [39m
 [38;2;0;0;0m     [38;2;0;0;224m$ [38;2;185;185;185m4[38;2;251;251;251m@[38;2;252;252;252m@@@@@@@@@@@@@@@@@@@[38;2;251;251;251m@[38;2;144;144;144m@ [38;2;0;0;221m$[38;2;1;0;196m|      [39m
 [38;2;0;0;0m     [38;2;0;0;228m~[38;2;0;0;220mg[38;2;0;0;206m,[38;2;210;210;210m~[38;2;208;208;208mR[38;2;187;187;187m@[38;2;160;160;160mF[38;2;251;251;251m~[38;2;179;179;179mT[38;2;193;193;193m@[38;2;246;246;246m@[38;2;247;247;247m@[38;2;221;221;221m@[38;2;210;210;210mF[38;2;252;252;252m~~[38;2;192;192;192mA[38;2;237;237;237m@[38;2;247;247;247m@[38;2;240;240;240m@[38;2;171;171;171m@[38;2;252;252;252m~~[38;2;167;167;167mF [38;2;0;0;217mj[38;2;0;0;220m@       [39m
 [38;2;0;0;0m      [38;2;2;1;195m~[38;2;0;0;213m4[38;2;0;0;227ma[38;2;0;0;214my[38;2;0;0;205my[38;2;0;0;226mg[38;2;0;0;218m@[38;2;0;0;226ma[38;2;0;0;207my[38;2;0;0;226m__[38;2;0;0;225m_[38;2;0;0;218ma[38;2;0;0;216m@[38;2;0;0;224ma[38;2;0;0;220my[38;2;0;0;225m_[38;2;0;0;226m__[38;2;0;0;212my[38;2;0;0;228ma[38;2;0;0;217m@[38;2;0;0;227mg[38;2;0;0;216m@[38;2;0;0;230m~        [39m
 [38;2;0;0;0m         [38;2;0;0;227m`[38;2;2;1;201m~   [38;2;0;0;233m`[38;2;0;0;229m~[38;2;0;0;232m~[38;2;0;0;224m~[38;2;0;1;210m`  [38;2;0;0;207m`[38;2;0;0;220m~[38;2;0;0;232m~[38;2;0;0;231m~[38;2;0;0;233m`             [39m
 [38;2;0;0;0m                                       [39m
 [38;2;0;0;0m                                       [39m
[?25h