[?25l[39m [38;2;0;0;0m               [38;2;0;0;224m_[38;2;0;0;228m_[38;2;0;0;225m_[38;2;0;0;224m_[38;2;0;0;225m_[38;2;0;0;228m_[38;2;0;0;230m_                 [39m
 [38;2;0;0;0m          [38;2;0;0;209m_[38;2;0;0;225m_g[38;2;0;0;222m@[38;2;0;0;228m@[38;2;0;0;218m@[38;2;0;0;221mP[38;2;0;0;230m===[38;2;0;0;216mR[38;2;0;0;223m@[38;2;0;0;226m@[38;2;0;0;224m@[38;2;0;0;225mg[38;2;0;0;226m_[38;2;2;2;193m,            [39m
 [38;2;0;0;0m        [38;2;0;0;231m_[38;2;0;0;228mg[38;2;0;0;225m@[38;2;0;0;212mF[38;2;0;0;229m~[38;2;167;167;167m_[38;2;161;161;161my[38;2;198;198;198my[38;2;223;223;223my[38;2;216;216;216mg[38;2;223;223;223mg[38;2;206;206;206mg[38;2;214;214;214my[38;2;184;184;184my[38;2;242;242;242m_[38;2;0;0;235m`[38;2;0;0;226m~[38;2;0;0;227m4@[38;2;0;0;221mg[38;2;1;0;202m_          [39m
 [38;2;0;0;0m      [38;2;0;0;218m_@[38;2;0;0;226mP[38;2;0;0;221m~[38;2;201;201;201m_[38;2;203;203;203mg[38;2;229;229;229m@[38;2;251;251;251m@[38;2;252;252;252m@@@@@@@@[38;2;251;251;251m@@[38;2;238;238;238mg[38;2;156;156;156my[38;2;1;0;195m`[38;2;0;0;214m?[38;2;0;0;228m@[38;2;0;0;210my         [39m
 [38;2;0;0;0m     [38;2;0;0;215mj[38;2;0;0;228m@[38;2;0;0;219m~[38;2;112;112;112m_[38;2;228;228;228mg[38;2;251;251;251m@[38;2;252;252;252m@@@@@@@@@@@@@@[38;2;251;251;251m@[38;2;219;219;219m@[38;2;161;161;161m_[38;2;2;0;202m`[38;2;0;0;219m@[38;2;1;1;209m$        [39m
 [38;2;0;0;0m     [38;2;0;0;231m@[38;2;1;1;200m'[38;2;96;96;96my[38;2;234;234;234m@[38;2;252;252;252m@@@@@@@@@@@@@@@@@@[38;2;250;250;250m@[38;2;101;101;101my [38;2;0;0;225m@[38;2;1;0;208mi       [39m
 [38;2;0;0;0m    [38;2;0;0;216mg[38;2;0;0;209mF [38;2;195;195;195m@[38;2;251;251;251m@[38;2;252;252;252m@@@@@@@@@@@@@@@@@@@[38;2;231;231;231m@ [38;2;0;0;186m?[38;2;0;0;221m$       [39m
 [38;2;0;0;0m    [38;2;0;0;224m@   [38;2;175;175;175m~[38;2;231;231;231m@[38;2;251;251;251m@[38;2;197;197;197mE[38;2;149;149;149m~[38;2;254;254;254m`````[38;2;202;202;202m~[38;2;239;239;239m@[38;2;252;252;252m@@@@@@@@[38;2;251;251;251m@  [38;2;0;0;227m@       [39m
 [38;2;0;0;0m    [38;2;0;0;222m@  [38;2;217;217;217mg[38;2;231;231;231m@[38;2;251;251;251m@[38;2;252;252;252m@[38;2;251;251;251m@[38;2;231;231;231m@[38;2;228;228;228m@@@@@[38;2;238;238;238m@[38;2;251;251;251m@[38;2;252;252;252m@@@@@@@@[38;2;251;251;251m@  [38;2;0;0;228m@       [39m
 [38;2;0;0;0m    [38;2;0;0;215m@  [38;2;247;247;247m@[38;2;252;252;252m@@@@@@@@@@@@@@@@@@@@[38;2;251;251;251m@[38;2;88;88;89mL [38;2;0;0;230m@       [39m
 [38;2;0;0;0m    [38;2;0;0;219m4[38;2;0;0;191m[ [38;2;234;234;234m@[38;2;252;252;252m@@@@@@@@@@@@@@@@@@@@@[38;2;130;130;130mL [38;2;0;0;232m@       [39m
 [38;2;0;0;0m    [38;2;0;1;208m4[38;2;1;1;206m[ [38;2;231;231;231m$[38;2;252;252;252m@@@@@@@@@@@@@@@@@@@@[38;2;251;251;251m@[38;2;169;169;169mL [38;2;0;0;234m$       [39m
 [38;2;0;0;0m    [38;2;1;2;192mJ[38;2;1;0;205m$ [38;2;189;189;189m$[38;2;252;252;252m@@@@@@@@@@@@@@@@@@@@[38;2;251;251;251m@[38;2;172;172;172m$ [38;2;0;0;223mB[38;2;1;0;203m;      [39m
 [38;2;0;0;0m     [38;2;0;0;229m@ [38;2;171;171;171m4[38;2;251;251;251m@[38;2;252;252;252m@@@@@@@@@@@@@@@@@@@[38;2;251;251;251m@[38;2;179;179;179m@ [38;2;0;0;212m2[38;2;1;1;208m[      [39m
 [38;2;0;0;0m     [38;2;0;0;226m~[38;2;0;0;219mg[38;2;0;0;197m,[38;2;164;164;164m7[38;2;194;194;194m@[38;2;248;248;248m@[38;2;251;251;251m@[38;2;231;231;231m@[38;2;216;216;216mF[38;2;252;252;252m~[38;2;137;137;137m5[38;2;195;195;195m@[38;2;249;249;249m@[38;2;252;252;252m@[38;2;246;246;246m@[38;2;180;180;180m@[38;2;159;159;159mF[38;2;251;251;251m~[38;2;188;188;188mA[38;2;241;241;241m@[38;2;251;251;251m@[38;2;250;250;250m@[38;2;218;218;218m@[38;2;200;200;200mF[38;2;85;85;85m~[38;2;0;0;227m_[38;2;0;0;225m@       [39m
 [38;2;0;0;0m      [38;2;2;1;203m~[38;2;0;0;220m4[38;2;0;0;226ma[38;2;0;0;225m_[38;2;0;0;226m_[38;2;0;0;227m_[38;2;0;0;226m_[38;2;0;0;219my[38;2;0;0;216m@[38;2;0;0;225ma[38;2;0;0;224m_[38;2;0;0;226m_[38;2;0;0;227m_[38;2;0;0;226m_[38;2;0;0;205my[38;2;0;0;226ma[38;2;0;0;216m@[38;2;0;0;217my[38;2;0;0;226m_[38;2;0;0;227m__[38;2;0;0;225m_[38;2;0;0;222ma[38;2;0;0;219m@[38;2;0;0;214mF[38;2;1;1;194m'       [39m
 [38;2;0;0;0m         [38;2;2;1;205m~[38;2;0;0;230m~[38;2;0;0;227m~[38;2;0;0;229m~[38;2;0;0;216m`  [38;2;2;1;205m~[38;2;0;0;230m~[38;2;0;0;227m~[38;2;0;0;230m~[38;2;0;0;208m~  [38;2;0;0;215m`[38;2;0;0;227m~[38;2;0;0;229m~~[38;2;0;0;225m~[38;2;0;1;205m`          [39m
 [38;2;0;0;0m                                       [39m
 [38;2;0;0;0m                                       [39m
[?25h