[?25l[39m [38;2;0;0;0m              [38;2;1;0;215m_[38;2;0;0;226m_[38;2;0;0;225m_[38;2;0;0;216my[38;2;0;0;220ma[38;2;0;0;224ma[38;2;0;0;220ma[38;2;0;0;218my[38;2;1;1;201my[38;2;0;0;225m_[38;2;0;0;229m_              [39m
 [38;2;0;0;0m           [38;2;0;0;228m_[38;2;0;0;221mg[38;2;0;0;215m@[38;2;0;0;228m~~[38;2;0;0;215m~[38;2;216;216;216m_[38;2;244;244;244m_[38;2;144;144;144my[38;2;140;140;140my[38;2;241;241;241m_[38;2;193;193;193m_[38;2;0;0;225m~[38;2;0;0;226m~[38;2;0;0;223m=[38;2;0;0;224ma[38;2;1;1;209my[38;2;0;0;216m_          [39m
 [38;2;0;0;0m         [38;2;1;0;216m_[38;2;0;0;228mg[38;2;0;0;216mF[38;2;1;0;218m`[38;2;139;139;139my[38;2;203;203;203mg[38;2;230;230;230m$[38;2;251;251;251m@@[38;2;252;252;252m@@@@[38;2;251;251;251m@@[38;2;220;220;220m@[38;2;208;208;208mg[38;2;154;154;154my[38;2;0;0;227m`~[38;2;0;0;228ma[38;2;0;0;229m_        [39m
 [38;2;0;0;0m        [38;2;0;0;220mj[38;2;0;0;229mP[38;2;0;0;201m'[38;2;140;140;140my[38;2;207;207;207m@[38;2;251;251;251m@[38;2;252;252;252m@@@@@@@@@@@@@[38;2;246;246;246m@[38;2;188;188;188mg[38;2;75;75;75m,[38;2;0;0;226m~[38;2;0;0;223m$[38;2;0;0;228m,      [39m
 [38;2;0;0;0m       [38;2;0;0;212mj[38;2;0;0;227mP [38;2;188;188;188my[38;2;250;250;250m@[38;2;252;252;252m@@@@@@@@@@@@@@@@@[38;2;241;241;241m@[38;2;111;111;112my [38;2;0;0;222m@[38;2;0;0;232m,     [39m
 [38;2;0;0;0m       [38;2;0;0;234m@ [38;2;97;97;98my[38;2;249;249;249m@[38;2;252;252;252m@@@@@@@@@@@@@@@@@@@[38;2;248;248;248m@[38;2;92;92;92m, [38;2;0;0;232m$     [39m
 [38;2;0;0;0m      [38;2;3;2;171mj[38;2;0;0;219m@ [38;2;172;172;172mg[38;2;251;251;251m@[38;2;252;252;252m@@@@@@@@@@@@@@@@@@@[38;2;251;251;251m@[38;2;170;170;170m$ [38;2;0;0;222mB[38;2;1;1;194mi    [39m
 [38;2;0;0;0m      [38;2;3;2;181mJ[38;2;0;0;213m@ [38;2;166;166;166m$[38;2;252;252;252m@@@@@@@@@@@@@@@@@@@@@[38;2;195;195;195m$ [38;2;0;0;215m0[38;2;0;0;204ml    [39m
 [38;2;0;0;0m      [38;2;2;2;187mJ[38;2;0;0;210m$ [38;2;176;176;176m$[38;2;252;252;252m@@@@@@@@@@@@@@@@@@@@@[38;2;187;187;187m$ [38;2;0;0;218m0[38;2;0;0;202m|    [39m
 [38;2;0;0;0m      [38;2;1;1;198mJ[38;2;0;0;217m[ [38;2;201;201;201m$[38;2;252;252;252m@@@@@@@@@@@@@@@@@@@@[38;2;251;251;251m@[38;2;160;160;160m$ [38;2;0;0;225m$[38;2;1;0;194m'    [39m
 [38;2;0;0;0m      [38;2;1;1;207m4[38;2;1;0;209m[ [38;2;229;229;229m$[38;2;252;252;252m@@@@@@@@@@@@@@@@@@@@[38;2;251;251;251m@[38;2;161;161;161mF [38;2;0;0;234m$     [39m
 [38;2;0;0;0m      [38;2;0;0;221mg[38;2;0;0;184m[ [38;2;242;242;242m@[38;2;252;252;252m@@@@@@@@@@@@@@@@@@@@[38;2;251;251;251m@[38;2;91;91;91mF [38;2;0;0;230m@     [39m
 [38;2;0;0;0m      [38;2;0;0;234m@ [38;2;88;88;88m4[38;2;251;251;251m@[38;2;252;252;252m@@@@@@@@@@@@@@@@@@@@[38;2;246;246;246m@  [38;2;0;0;217m$     [39m
 [38;2;0;0;0m      [38;2;0;0;233m@ [38;2;153;153;153m4[38;2;251;251;251m@[38;2;252;252;252m@@@@@@@@@@@@@@@@@@@[38;2;251;251;251m@[38;2;198;198;198m@ [38;2;0;0;229mj[38;2;0;0;220m[     [39m
 [38;2;0;0;0m      [38;2;0;0;231m@[38;2;0;0;229m_ [38;2;175;175;175mT[38;2;167;167;167mM[38;2;224;224;224m@[38;2;251;251;251m@@[38;2;248;248;248m@[38;2;187;187;187m@[38;2;184;184;184mF[38;2;162;162;162mF[38;2;177;177;177m@[38;2;249;249;249m@[38;2;251;251;251m@@[38;2;224;224;224m@[38;2;212;212;212mF[38;2;175;175;175mT5[38;2;237;237;237m@[38;2;251;251;251m@[38;2;229;229;229m@[38;2;207;207;207mF [38;2;0;0;211my[38;2;0;0;223m@      [39m
 [38;2;0;0;0m      [38;2;2;1;197m~[38;2;0;0;219m@[38;2;0;0;218m@[38;2;0;0;226mg[38;2;0;0;220my[38;2;0;0;226m_[38;2;0;0;229m_[38;2;106;106;106m`[38;2;0;0;226m_[38;2;0;0;208my[38;2;0;0;227mg[38;2;0;0;225mg[38;2;0;0;226m_[38;2;0;0;227m_[38;2;122;122;122m`[38;2;0;0;228m_[38;2;0;0;226m_[38;2;0;0;224ma[38;2;0;0;226mg[38;2;0;0;213my[38;2;0;0;226m_[38;2;0;0;228m_[38;2;0;0;226m_[38;2;0;0;222ma[38;2;0;0;225m@[38;2;0;0;219mF       [39m
 [38;2;0;0;0m        [38;2;1;1;219m~[38;2;0;0;209m~[38;2;0;0;227m~[38;2;0;0;217m=[38;2;0;0;232m==[38;2;0;0;219m=[38;2;0;0;226m~[38;2;1;1;209m~[38;2;0;0;224m~[38;2;0;0;227m~[38;2;0;0;231m==[38;2;0;0;230m=[38;2;0;0;226m~[38;2;0;0;224m~[38;2;1;0;214m~[38;2;0;0;226m~[38;2;0;0;225m=[38;2;0;0;230m=[38;2;0;0;226m~[38;2;0;0;228m~         [39m
 [38;2;0;0;0m                                       [39m
 [38;2;0;0;0m                                       [39m
[?25h