[?25l[39m [38;2;0;0;0m                                       [39m
 [38;2;0;0;0m             [38;2;0;0;229m_[38;2;0;0;225m_[38;2;0;0;220my[38;2;0;0;227ma[38;2;0;0;229ma[38;2;0;0;226maa[38;2;0;0;230ma[38;2;0;0;225ma[38;2;0;0;220my[38;2;0;0;225m_[38;2;0;0;227m_              [39m
 [38;2;0;0;0m          [38;2;0;0;229m_[38;2;0;0;228ma[38;2;0;0;225mP~[38;2;0;0;224m~[38;2;210;210;210m_[38;2;157;157;157my[38;2;180;180;180my[38;2;193;193;193myy[38;2;180;180;180my[38;2;152;152;152my[38;2;210;210;210m_[38;2;0;0;221m~[38;2;0;0;226m~4[38;2;0;0;228ma[38;2;0;0;229m_           [39m
 [38;2;0;0;0m        [38;2;1;1;205my[38;2;0;0;216m@[38;2;0;0;228m~[38;2;111;111;111m_[38;2;199;199;199my[38;2;247;247;247mg[38;2;249;249;249m@[38;2;251;251;251m@[38;2;252;252;252m@@@@@@[38;2;251;251;251m@@[38;2;207;207;207m@[38;2;197;197;197my[38;2;111;111;111m_[38;2;0;0;224m~[38;2;0;0;215m@[38;2;1;1;205my         [39m
 [38;2;0;0;0m       [38;2;0;0;229mg~ [38;2;195;195;195mg[38;2;248;248;248m@[38;2;252;252;252m@@@@@@@@@@@@@@[38;2;250;250;250m@[38;2;195;195;195mg [38;2;0;0;225m~[38;2;0;0;227m$[38;2;0;0;212m,       [39m
 [38;2;0;0;0m      [38;2;0;0;223m@[38;2;1;0;197m~[38;2;88;88;88m_[38;2;212;212;212m@[38;2;252;252;252m@@@@@@@@@@@@@@@@@@[38;2;230;230;230m@[38;2;87;87;87m_[38;2;0;0;197m"[38;2;0;0;231m$       [39m
 [38;2;0;0;0m     [38;2;0;0;218mjF [38;2;198;198;198m$[38;2;252;252;252m@@@@@@@@@@@@@@@@@@@@[38;2;212;212;212m@ [38;2;0;0;205m?[38;2;1;1;203m$      [39m
 [38;2;0;0;0m     [38;2;0;0;220m@  [38;2;249;249;249m@[38;2;251;251;251m@[38;2;195;195;195m@[38;2;252;252;252m~~~~~~[38;2;159;159;159m5[38;2;251;251;251m@[38;2;231;231;231m@[38;2;141;141;141mM[38;2;252;252;252m~~~~~[38;2;251;251;251m~[38;2;231;231;231m@[38;2;252;252;252m@[38;2;251;251;251m@  [38;2;0;0;227m$      [39m
 [38;2;0;0;0m     [38;2;0;0;224m@  [38;2;249;249;249m@[38;2;252;252;252m@[38;2;232;232;232m@[38;2;219;219;219mg[38;2;217;217;217mg[38;2;218;218;218mg[38;2;219;219;219mg[38;2;221;221;221mg[38;2;222;222;222mg[38;2;243;243;243mg[38;2;251;251;251m@[38;2;248;248;248m@[38;2;229;229;229mg[38;2;222;222;222mggggg[38;2;231;231;231mg[38;2;246;246;246m@[38;2;252;252;252m@[38;2;251;251;251m@  [38;2;0;0;226m@      [39m
 [38;2;0;0;0m     [38;2;0;0;224m@  [38;2;249;249;249m@[38;2;252;252;252m@@@@@@@@@@@@@@@@@@@@[38;2;251;251;251m@  [38;2;0;0;226m@      [39m
 [38;2;0;0;0m     [38;2;0;0;224m@  [38;2;250;250;250m@[38;2;252;252;252m@@@@@@@@@@@@@@@@@@@@[38;2;251;251;251m@  [38;2;0;0;226m@      [39m
 [38;2;0;0;0m     [38;2;0;0;224m@  [38;2;250;250;250m@[38;2;252;252;252m@@@@@@@@@@@@@@@@@@@@[38;2;251;251;251m@  [38;2;0;0;226m@      [39m
 [38;2;0;0;0m     [38;2;0;0;224m@  [38;2;249;249;249m@[38;2;252;252;252m@@@@@@@@@@@@@@@@@@@@[38;2;251;251;251m@  [38;2;0;0;226m@      [39m
 [38;2;0;0;0m     [38;2;0;0;224m@  [38;2;249;249;249m@[38;2;252;252;252m@@@@@@@@@@@@@@@@@@@@[38;2;251;251;251m@  [38;2;0;0;226m@      [39m
 [38;2;0;0;0m     [38;2;0;0;214m@[38;2;0;0;216mL [38;2;180;180;180m@[38;2;251;251;251m@[38;2;252;252;252m@@@@[38;2;251;251;251m@@@[38;2;252;252;252m@@@@[38;2;251;251;251m@@@[38;2;252;252;252m@@@@[38;2;251;251;251m@[38;2;203;203;203m@ [38;2;0;0;219mj@      [39m
 [38;2;0;0;0m     [38;2;1;1;208m`[38;2;0;0;227m@[38;2;0;0;219my[38;2;0;0;220m_[38;2;201;201;201m~[38;2;179;179;179mF[38;2;195;195;195mP[38;2;202;202;202mF[38;2;242;242;242m~[38;2;124;124;124m`[38;2;0;0;229m_[38;2;136;136;136m~[38;2;176;176;176mT[38;2;188;188;188mP[38;2;191;191;191mP[38;2;179;179;179mF[38;2;153;153;153m~[38;2;0;0;228m_[38;2;118;118;118m`[38;2;234;234;234m~[38;2;168;168;168mP[38;2;195;195;195mPF[38;2;226;226;226m~[38;2;0;0;218m_[38;2;0;0;214ma[38;2;0;0;227m@[38;2;0;0;230m'      [39m
 [38;2;0;0;0m      [38;2;2;2;193m`[38;2;0;0;227m~[38;2;0;0;222m@[38;2;0;0;226m@g[38;2;0;0;227mgg[38;2;0;0;222m@[38;2;0;0;226m@[38;2;0;0;212m@[38;2;0;0;227m@[38;2;0;0;226mg[38;2;0;0;227mgg[38;2;0;0;226mg[38;2;0;0;227m@[38;2;0;0;220mR[38;2;0;0;227m@[38;2;0;0;224m@[38;2;0;0;226mg[38;2;0;0;227mg[38;2;0;0;226mg[38;2;0;0;225m@[38;2;0;0;222m@[38;2;1;1;206mF[38;2;1;1;199m'       [39m
 [38;2;0;0;0m         [38;2;1;1;209m`[38;2;0;1;214m~[38;2;0;0;224m~[38;2;0;0;220m~[38;2;0;0;224m`   [38;2;0;0;228m`[38;2;0;0;223m~~[38;2;1;2;197m~   [38;2;0;0;220m`[38;2;0;0;218m~[38;2;0;0;225m~[38;2;0;0;215m~[38;2;2;1;208m`          [39m
 [38;2;0;0;0m                                       [39m
[?25h