[?25l[39m [38;2;0;0;0m                                       [39m
 [38;2;0;0;0m             [38;2;0;0;214m_[38;2;0;0;226m_[38;2;0;0;227m_[38;2;0;0;219my[38;2;0;0;221mg[38;2;0;0;224mgg[38;2;0;0;221mg[38;2;0;0;219my[38;2;0;0;227m_[38;2;0;0;226m_[38;2;1;0;212m_              [39m
 [38;2;0;0;0m          [38;2;0;0;228m_[38;2;0;0;223ma[38;2;0;0;224m@[38;2;0;0;223mP[38;2;0;0;227m~~[38;2;0;0;230m~[38;2;149;149;149m_[38;2;194;194;194m_[38;2;193;193;193m_[38;2;149;149;149m_[38;2;0;0;230m~[38;2;0;0;227m~[38;2;0;0;226m~[38;2;0;0;224m4[38;2;0;0;226m@[38;2;0;0;218mg[38;2;0;0;228m_           [39m
 [38;2;0;0;0m        [38;2;0;0;229m_g[38;2;0;0;220mP[38;2;0;0;221m~[38;2;198;198;198m_[38;2;206;206;206my[38;2;244;244;244mg[38;2;236;236;236m@[38;2;252;252;252m@[38;2;251;251;251m@@@@[38;2;252;252;252m@[38;2;239;239;239m@[38;2;244;244;244mg[38;2;206;206;206my[38;2;198;198;198m_[38;2;0;0;219m~[38;2;0;0;217m4[38;2;0;0;222m@[38;2;0;0;229m_         [39m
 [38;2;0;0;0m       [38;2;0;0;223mg[38;2;0;0;226mP[38;2;1;0;204m'[38;2;155;155;155my[38;2;246;246;246mg[38;2;251;251;251m@[38;2;252;252;252m@@@@@@@@@@@@[38;2;251;251;251m@[38;2;212;212;212m@[38;2;141;141;142my[38;2;2;1;196m`[38;2;0;0;224m4[38;2;0;0;218m$        [39m
 [38;2;0;0;0m      [38;2;0;0;228mg[38;2;0;0;221mF [38;2;207;207;207mg[38;2;251;251;251m@[38;2;252;252;252m@@@@@@@@@@@@@@@@[38;2;251;251;251m@[38;2;175;175;175m@ [38;2;0;0;210m?[38;2;0;0;226m$       [39m
 [38;2;0;0;0m     [38;2;0;0;214mj[38;2;0;0;229mF [38;2;193;193;193mg[38;2;251;251;251m@@[38;2;232;232;232mF[38;2;190;190;190mF[38;2;211;211;211m@[38;2;251;251;251m@[38;2;252;252;252m@@@@@@@@@@@@@[38;2;251;251;251m@[38;2;168;168;169m@ [38;2;0;0;217m4[38;2;1;0;218m[      [39m
 [38;2;0;0;0m     [38;2;0;0;219m@[38;2;0;0;181m[ [38;2;243;243;243m@[38;2;252;252;252m@[38;2;251;251;251m@[38;2;208;208;208mg[38;2;153;153;153my[38;2;85;85;85m_[38;2;124;124;124m`[38;2;241;241;241m~[38;2;181;181;181m#[38;2;247;247;247m@[38;2;252;252;252m@[38;2;247;247;247m@[38;2;225;225;225mP[38;2;213;213;213mPPPPP[38;2;203;203;203mA[38;2;249;249;249m@[38;2;252;252;252m@[38;2;249;249;249m@  [38;2;0;0;226m$      [39m
 [38;2;0;0;0m     [38;2;0;0;225m@  [38;2;249;249;249m@[38;2;252;252;252m@[38;2;251;251;251m@[38;2;232;232;232m@[38;2;219;219;219mF[38;2;209;209;209m~ [38;2;118;118;118m_[38;2;173;173;173my[38;2;215;215;215m@[38;2;252;252;252m@[38;2;230;230;230m@[38;2;185;185;185my[38;2;173;173;173myyyyy[38;2;189;189;189my[38;2;226;226;226m@[38;2;252;252;252m@[38;2;251;251;251m@  [38;2;0;0;227m@      [39m
 [38;2;0;0;0m     [38;2;0;0;225m@  [38;2;249;249;249m@[38;2;252;252;252m@[38;2;251;251;251m@[38;2;169;169;169my[38;2;144;144;144my[38;2;218;218;218my[38;2;221;221;221m$[38;2;251;251;251m@[38;2;252;252;252m@@@@@@@@@@@@@[38;2;251;251;251m@  [38;2;0;0;227m@      [39m
 [38;2;0;0;0m     [38;2;0;0;225m@  [38;2;249;249;249m@[38;2;252;252;252m@@@@@@@@@@@@@@@@@@@@[38;2;251;251;251m@  [38;2;0;0;227m@      [39m
 [38;2;0;0;0m     [38;2;0;0;225m@  [38;2;249;249;249m@[38;2;252;252;252m@@@@@@@@@@@@@@@@@@@@[38;2;251;251;251m@  [38;2;0;0;226m@      [39m
 [38;2;0;0;0m     [38;2;0;0;225m@  [38;2;249;249;249m@[38;2;252;252;252m@@@@@@@@@@@@@@@@@@@@[38;2;251;251;251m@  [38;2;0;0;227m@      [39m
 [38;2;0;0;0m     [38;2;0;0;225m@  [38;2;249;249;249m@[38;2;252;252;252m@@@@@@@@@@@@@@@@@@@@[38;2;251;251;251m@  [38;2;0;0;226m@      [39m
 [38;2;0;0;0m     [38;2;1;0;213m4[38;2;0;0;221mL [38;2;197;197;197mR[38;2;251;251;251m@[38;2;252;252;252m@@@@[38;2;251;251;251m@[38;2;249;249;249m@[38;2;251;251;251m@[38;2;252;252;252m@@@@[38;2;251;251;251m@[38;2;248;248;248m@[38;2;251;251;251m@[38;2;252;252;252m@@@@[38;2;251;251;251m@[38;2;196;196;196m@ [38;2;0;0;221mj[38;2;0;0;226mF      [39m
 [38;2;0;0;0m      [38;2;0;0;214m4[38;2;0;0;218mg[38;2;0;0;224m_[38;2;177;177;177m~[38;2;168;168;168mF[38;2;197;197;197mF[38;2;190;190;190mF[38;2;233;233;233m~[38;2;0;0;210m_[38;2;0;0;228m_[38;2;101;101;101m~[38;2;247;247;247m~[38;2;190;190;190mF[38;2;197;197;197mF[38;2;162;162;162mF[38;2;125;125;125m~[38;2;0;0;228m_[38;2;0;0;213m_[38;2;221;221;221m~[38;2;178;178;178mF[38;2;199;199;199mF[38;2;185;185;185mF[38;2;208;208;208m~[38;2;0;0;224m_[38;2;0;0;220ma[38;2;0;0;224mP       [39m
 [38;2;0;0;0m       [38;2;1;0;220m`[38;2;0;0;226m~[38;2;0;0;222m4[38;2;0;0;224ma[38;2;0;0;228ma[38;2;0;0;226ma[38;2;0;0;222mP[38;2;0;0;227m~[38;2;0;0;226m~[38;2;0;0;229m=[38;2;0;0;213m@[38;2;0;0;228maa[38;2;1;0;211m@[38;2;0;0;228m=[38;2;0;0;225m~[38;2;0;0;226m~[38;2;0;0;215mR[38;2;0;0;227ma[38;2;0;0;228ma[38;2;0;0;225ma[38;2;0;0;222mP[38;2;0;0;226m~[38;2;1;2;198m~        [39m
 [38;2;0;0;0m                                       [39m
 [38;2;0;0;0m                                       [39m
[?25h