[?25l[39m [38;2;0;0;0m              [38;2;2;1;197m_[38;2;0;0;227m_[38;2;0;0;226m_[38;2;0;0;214my[38;2;0;0;219ma[38;2;0;0;225ma[38;2;0;0;222ma[38;2;0;0;220my[38;2;1;1;208my[38;2;0;0;225m_[38;2;0;0;231m_              [39m
 [38;2;0;0;0m           [38;2;1;1;202m_[38;2;0;0;214my[38;2;0;0;217m@[38;2;0;0;214mP[38;2;0;0;226m~[38;2;0;0;220m~[38;2;185;185;185m_[38;2;242;242;242m_[38;2;146;146;146my[38;2;148;148;148my[38;2;248;248;248m_[38;2;231;231;231m_[38;2;81;81;81m_[38;2;0;0;227m~~[38;2;0;0;215m#g[38;2;0;0;229m_          [39m
 [38;2;0;0;0m          [38;2;0;0;219ma[38;2;0;0;230mP[38;2;0;0;220m~[38;2;137;137;137m_[38;2;202;202;202my[38;2;250;250;250mg@[38;2;251;251;251m@[38;2;252;252;252m@@@@@[38;2;251;251;251m@[38;2;245;245;245m@g[38;2;195;195;195my[38;2;172;172;172m_[38;2;0;0;224m~[38;2;0;0;228m4[38;2;0;0;215my[38;2;2;1;203m,       [39m
 [38;2;0;0;0m         [38;2;0;0;224m@[38;2;0;0;222m~ [38;2;202;202;202mg[38;2;249;249;249m@[38;2;252;252;252m@@@@@@@@@@@@@[38;2;251;251;251m@[38;2;206;206;206m@[38;2;136;136;136my[38;2;0;0;217m`[38;2;0;0;228m4[38;2;0;0;233m_      [39m
 [38;2;0;0;0m        [38;2;0;0;224m@[38;2;1;1;195m~ [38;2;215;215;215m$[38;2;252;252;252m@@@@@@@@@@@@@@@@@[38;2;251;251;251m@[38;2;180;180;180m@ [38;2;0;0;208m?[38;2;1;0;215m$     [39m
 [38;2;0;0;0m       [38;2;1;0;210mj[38;2;0;0;224mF [38;2;211;211;211mg[38;2;251;251;251m@[38;2;252;252;252m@@@@@@@@@@@@@@@@[38;2;251;251;251m@[38;2;242;242;242mF[38;2;251;251;251m~[38;2;141;141;141m= [38;2;0;0;218m?[38;2;0;0;222mi    [39m
 [38;2;0;0;0m       [38;2;0;0;213m@[38;2;0;0;185m[ [38;2;241;241;241m@[38;2;252;252;252m@@@@@@@@@@@@@@@@@@[38;2;227;227;227m@[38;2;215;215;215my[38;2;243;243;243m_  [38;2;0;0;230m$    [39m
 [38;2;0;0;0m       [38;2;0;0;219m@  [38;2;249;249;249m@[38;2;252;252;252m@@@@@@@@@@@@@@@@@[38;2;251;251;251m@[38;2;227;227;227m@[38;2;208;208;208mF[38;2;220;220;220m~  [38;2;0;0;230m@    [39m
 [38;2;0;0;0m       [38;2;0;0;223m@  [38;2;249;249;249m@[38;2;252;252;252m@@@@@@@@@@@@@@@@@[38;2;251;251;251m@[38;2;174;174;174m@[38;2;181;181;181my[38;2;213;213;213mg  [38;2;0;0;227m@    [39m
 [38;2;0;0;0m       [38;2;0;0;232m@ [38;2;71;71;72m4[38;2;250;250;250m@[38;2;252;252;252m@@@@@@@@@@@@@@@@@@@@[38;2;249;249;249m@  [38;2;0;0;222m$    [39m
 [38;2;0;0;0m       [38;2;0;0;236m@ [38;2;121;121;122my[38;2;251;251;251m@[38;2;252;252;252m@@@@@@@@@@@@@@@@@@@@[38;2;238;238;238m@ [38;2;0;0;194mj[38;2;0;0;220mF    [39m
 [38;2;0;0;0m      [38;2;2;2;180mj[38;2;0;0;216m@ [38;2;187;187;187mg[38;2;251;251;251m@[38;2;252;252;252m@@@@@@@@@@@@@@@@@@@@[38;2;187;187;187m@ [38;2;0;0;218mg[38;2;1;1;205m[    [39m
 [38;2;0;0;0m      [38;2;1;0;210mg[38;2;0;0;197mF [38;2;223;223;223m@[38;2;252;252;252m@@@@@@@@@@@@@@@@@@@@[38;2;251;251;251m@[38;2;144;144;145mF [38;2;0;0;235m$     [39m
 [38;2;0;0;0m      [38;2;0;0;233m@ [38;2;70;70;71m4[38;2;250;250;250m@[38;2;252;252;252m@@@@@@@@@@@@@@@@@@@@[38;2;241;241;241m@ [38;2;0;0;194mj[38;2;0;0;217m$     [39m
 [38;2;0;0;0m      [38;2;0;0;230m@[38;2;0;0;216mL [38;2;166;166;166m5[38;2;234;234;234m@[38;2;210;210;210mP[38;2;199;199;199mF[38;2;175;175;175m@[38;2;250;250;250m@[38;2;252;252;252m@[38;2;251;251;251m@[38;2;249;249;249m@[38;2;187;187;187m@[38;2;204;204;204mF[38;2;185;185;185mM[38;2;238;238;238m@[38;2;251;251;251m@[38;2;252;252;252m@[38;2;251;251;251m@[38;2;224;224;224m@[38;2;214;214;214mF[38;2;199;199;199mF[38;2;195;195;195m@[38;2;167;167;167m@[38;2;163;163;163m`[38;2;0;0;230m_[38;2;0;0;227m@[38;2;0;0;228m'     [39m
 [38;2;0;0;0m      [38;2;1;1;205m~[38;2;0;0;226m@g__[38;2;0;0;219ma[38;2;0;0;226mg_[38;2;0;0;228m_[38;2;214;214;214m`[38;2;208;208;208m`[38;2;0;0;228m_[38;2;0;0;206my[38;2;0;0;229mg[38;2;0;0;209my[38;2;0;0;228m_[38;2;187;187;187m`[38;2;215;215;215m`[38;2;121;121;121m`[38;2;0;0;226m_[38;2;0;0;224ma[38;2;0;0;219mg[38;2;0;0;226m_[38;2;0;0;212my[38;2;0;0;228mg[38;2;0;0;226mP[38;2;0;0;230m'      [39m
 [38;2;0;0;0m        [38;2;0;0;226m~[38;2;0;0;227m=[38;2;0;0;226m=[38;2;0;0;227m~[38;2;0;0;226m~[38;2;0;0;229m=[38;2;0;0;217mR[38;2;0;0;218m@[38;2;0;0;221mR[38;2;0;0;229m=[38;2;0;0;226m~[38;2;0;0;227m~~[38;2;0;0;219m4[38;2;0;0;217m@[38;2;0;0;216m@[38;2;0;0;220mP[38;2;0;0;216m=[38;2;0;0;227m~[38;2;0;0;226m~[38;2;0;0;233m=[38;2;0;0;226m~[38;2;2;1;202m~        [39m
 [38;2;0;0;0m                                       [39m
 [38;2;0;0;0m                                       [39m
[?25h