[?25l[39m [38;2;0;0;0m              [38;2;0;0;230m_[38;2;0;0;226m_[38;2;1;1;208my[38;2;0;0;220my[38;2;0;0;222mg[38;2;0;0;224mg[38;2;0;0;217ma[38;2;0;0;213my[38;2;0;0;226m__[38;2;0;1;205m_              [39m
 [38;2;0;0;0m          [38;2;1;1;199m_[38;2;1;1;208my[38;2;0;0;228ma[38;2;0;0;224mP[38;2;0;0;225m~[38;2;0;0;228m~[38;2;79;79;79m_[38;2;224;224;224m_[38;2;239;239;239m_[38;2;241;241;241m_[38;2;235;235;235m_[38;2;177;177;177m_[38;2;0;0;223m~[38;2;0;0;227m~[38;2;0;0;219m=[38;2;0;0;218m@[38;2;0;0;222mg[38;2;0;0;230m_           [39m
 [38;2;0;0;0m        [38;2;3;1;193m_[38;2;0;0;225ma[38;2;0;0;228mP~[38;2;160;160;160m_[38;2;198;198;198my[38;2;248;248;248mg[38;2;243;243;243m@[38;2;251;251;251m@@[38;2;252;252;252m@@@[38;2;251;251;251m@@[38;2;224;224;224m@[38;2;216;216;216mg[38;2;162;162;162my[38;2;0;0;207m`[38;2;0;0;225m~[38;2;0;0;221m@[38;2;1;1;207my         [39m
 [38;2;0;0;0m       [38;2;0;0;224m_[38;2;0;0;222m@[38;2;0;0;206m~[38;2;157;157;157m_[38;2;233;233;233mg[38;2;251;251;251m@[38;2;252;252;252m@@@@@@@@@@@@@[38;2;247;247;247m@[38;2;192;192;192mg[38;2;74;74;74m,[38;2;0;0;225m~[38;2;0;0;224m@[38;2;0;0;233m,       [39m
 [38;2;0;0;0m      [38;2;1;0;210mj[38;2;0;0;216m@ [38;2;175;175;175my[38;2;247;247;247m@[38;2;252;252;252m@@@@@@@@@@@@@@@@@[38;2;240;240;240m@[38;2;159;159;159m_ [38;2;0;0;224m@[38;2;0;0;233m,      [39m
 [38;2;0;0;0m      [38;2;0;0;234m@ [38;2;101;101;102my[38;2;248;248;248m@[38;2;252;252;252m@@@@@@@@@@@@@@@@@@@[38;2;245;245;245m@[38;2;73;73;73m, [38;2;0;0;231m$      [39m
 [38;2;0;0;0m     [38;2;2;2;183mj[38;2;0;0;212m$ [38;2;188;188;188mg[38;2;251;251;251m@[38;2;252;252;252m@@@@@@@@@@@@@@@@@@@[38;2;251;251;251m@[38;2;139;139;139m@ [38;2;0;0;227m$[38;2;0;0;196m,     [39m
 [38;2;0;0;0m     [38;2;1;2;192mJ[38;2;0;0;206m$ [38;2;187;187;187m$[38;2;252;252;252m@@@@@@@@@@@@@@@@@@@@@[38;2;177;177;177m$ [38;2;0;0;223mB[38;2;0;0;194m|     [39m
 [38;2;0;0;0m     [38;2;1;1;193mJ[38;2;1;1;204m$ [38;2;190;190;190m$[38;2;252;252;252m@@@@@@@@@@@@@@@@@@@@@[38;2;173;173;174m$ [38;2;0;0;223mB[38;2;0;0;191m|     [39m
 [38;2;0;0;0m     [38;2;1;1;195mJ[38;2;0;0;218m[ [38;2;198;198;198m$[38;2;252;252;252m@@@@@@@@@@@@@@@@@@@@[38;2;251;251;251m@[38;2;164;164;165m$ [38;2;0;0;224m$[38;2;2;0;190m'     [39m
 [38;2;0;0;0m     [38;2;1;1;202mJ[38;2;1;0;215m[ [38;2;209;209;209m$[38;2;252;252;252m@@@@@@@@@@@@@@@@@@@@[38;2;251;251;251m@[38;2;143;143;143m@ [38;2;0;0;227m$      [39m
 [38;2;0;0;0m     [38;2;2;1;203m4[38;2;1;1;211m[ [38;2;225;225;225m$[38;2;252;252;252m@@@@@@@@@@@@@@@@@@@@[38;2;251;251;251m@[38;2;127;127;127m@ [38;2;0;0;232m$      [39m
 [38;2;0;0;0m     [38;2;1;0;210m4[38;2;0;1;205m[ [38;2;232;232;232m$[38;2;252;252;252m@@@@@@@@@@@@@@@@@@@@[38;2;251;251;251m@[38;2;150;150;150mF [38;2;0;0;235m$      [39m
 [38;2;0;0;0m     [38;2;1;0;215m4[38;2;1;0;207m[ [38;2;221;221;221m$[38;2;252;252;252m@@@@@@@@@@@@@@@@@@@@[38;2;251;251;251m@[38;2;92;92;92mF [38;2;0;0;231m@      [39m
 [38;2;0;0;0m     [38;2;1;2;205m`[38;2;0;0;229m@[38;2;0;0;226m_[38;2;139;139;139m`[38;2;174;174;174mA[38;2;238;238;238m@[38;2;246;246;246m@[38;2;193;193;193m@[38;2;174;174;174mF[38;2;252;252;252m~[38;2;154;154;154m5[38;2;215;215;215m@[38;2;248;248;248m@@[38;2;224;224;224m@[38;2;215;215;215mF[38;2;252;252;252m~[38;2;251;251;251m~[38;2;207;207;207mR[38;2;245;245;245m@[38;2;250;250;250m@[38;2;243;243;243m@[38;2;176;176;176m@[38;2;251;251;251m~[38;2;193;193;193m~[38;2;1;0;204m_[38;2;0;0;228mg[38;2;0;0;217mF      [39m
 [38;2;0;0;0m      [38;2;0;0;218m`[38;2;0;0;225m4[38;2;0;0;228mg[38;2;0;0;216my[38;2;0;0;226m__[38;2;0;0;206my[38;2;0;0;226mg@[38;2;0;0;219mg[38;2;0;0;226m____[38;2;0;0;222ma[38;2;0;0;223m@[38;2;0;0;227mg[38;2;0;0;207my[38;2;0;0;226m___[38;2;0;0;214my[38;2;0;0;227mg[38;2;0;0;226m@[38;2;0;0;213m@[38;2;0;0;215m~       [39m
 [38;2;0;0;0m        [38;2;2;2;207m`[38;2;0;0;229m~[38;2;0;0;225m~[38;2;0;0;226m~[38;2;0;0;229m~[38;2;0;0;219m` [38;2;1;0;221m~[38;2;0;0;226m~~~~[38;2;1;0;218m~ [38;2;0;0;223m`[38;2;0;0;227m~[38;2;0;0;226m~[38;2;0;0;227m~[38;2;0;0;225m~[38;2;0;0;229m~[38;2;1;2;208m`          [39m
 [38;2;0;0;0m                                       [39m
 [38;2;0;0;0m                                       [39m
[?25h