[?25l[39m [38;2;0;0;0m                                       [39m
 [38;2;0;0;0m             [38;2;2;0;198m_[38;2;0;0;226m_[38;2;0;0;225m_[38;2;0;0;215my[38;2;0;0;221mg[38;2;0;0;223mgg[38;2;0;0;220mg[38;2;0;0;216my[38;2;0;0;225m_[38;2;0;0;226m_[38;2;1;1;200m_              [39m
 [38;2;0;0;0m          [38;2;0;0;227m_[38;2;0;0;218ma[38;2;0;0;212m@[38;2;0;0;227m~~[38;2;89;89;89m_[38;2;215;215;215m_[38;2;253;253;253m_[38;2;154;154;154myy[38;2;253;253;253m_[38;2;214;214;214m_[38;2;89;89;89m_[38;2;0;0;226m~~[38;2;0;0;216m@[38;2;0;0;214mg[38;2;0;0;227m_           [39m
 [38;2;0;0;0m        [38;2;0;0;226m_[38;2;0;0;227ma[38;2;0;0;228m~[38;2;0;0;213m`[38;2;163;163;163my[38;2;222;222;222mg[38;2;227;227;227m@[38;2;252;252;252m@[38;2;251;251;251m@[38;2;252;252;252m@@@@[38;2;251;251;251m@[38;2;252;252;252m@[38;2;232;232;232m@[38;2;222;222;222mg[38;2;156;156;156my[38;2;0;0;213m`[38;2;0;0;225m~[38;2;0;0;220m@[38;2;0;0;226m_         [39m
 [38;2;0;0;0m       [38;2;0;0;224mgF [38;2;197;197;197my[38;2;233;233;233m@[38;2;252;252;252m@@@@@@@@@@@@@@[38;2;241;241;241m@[38;2;192;192;192my [38;2;0;0;216m?[38;2;0;0;223mg        [39m
 [38;2;0;0;0m      [38;2;0;0;229mg[38;2;0;0;217m~ [38;2;232;232;232mg[38;2;251;251;251m@[38;2;252;252;252m@@@@@@@@@@@@@@@@[38;2;251;251;251m@[38;2;207;207;207m@ [38;2;0;0;211m~[38;2;0;0;227m$       [39m
 [38;2;0;0;0m     [38;2;0;0;212mj[38;2;0;0;226mF [38;2;213;213;213mg[38;2;251;251;251m@[38;2;252;252;252m@[38;2;242;242;242m@[38;2;205;205;205mP[38;2;173;173;173mFT[38;2;148;148;148mM[38;2;187;187;187mR[38;2;248;248;248m@[38;2;252;252;252m@@@[38;2;190;190;190m@[38;2;189;189;189mF[38;2;174;174;174mT[38;2;177;177;177mT[38;2;192;192;192mF[38;2;226;226;226m@[38;2;251;251;251m@@[38;2;194;194;194m@ [38;2;0;0;215m?[38;2;0;0;220ml      [39m
 [38;2;0;0;0m     [38;2;0;0;219m@  [38;2;247;247;247m@[38;2;252;252;252m@[38;2;206;206;206m@[38;2;64;64;64m~[38;2;183;183;183ms[38;2;238;238;238m~[38;2;173;173;173mT[38;2;231;231;231m~[38;2;156;156;156m$[38;2;149;149;149m`[38;2;239;239;239m@[38;2;249;249;249m@[38;2;156;156;156m~[38;2;171;171;171mg[38;2;166;166;166mF[38;2;252;252;252m~[38;2;156;156;156mF[38;2;136;136;136m3[38;2;69;69;69m,[38;2;169;169;169m$[38;2;251;251;251m@@  [38;2;0;0;226m$      [39m
 [38;2;0;0;0m     [38;2;0;0;226m@  [38;2;249;249;249m@[38;2;251;251;251m@[38;2;186;186;186m$[38;2;71;71;71m4[38;2;170;170;170my [38;2;177;177;177mF [38;2;153;153;153mF[38;2;187;187;187m_[38;2;239;239;239m@[38;2;242;242;242m@ [38;2;187;187;187m$[38;2;73;73;73m_[38;2;178;178;178m?[38;2;117;117;117m_[38;2;80;80;80mJ[38;2;72;72;72m_[38;2;211;211;211mg[38;2;251;251;251m@@  [38;2;0;0;226m@      [39m
 [38;2;0;0;0m     [38;2;0;0;226m@  [38;2;249;249;249m@[38;2;252;252;252m@[38;2;251;251;251m@[38;2;205;205;205mg[38;2;248;248;248m_[38;2;162;162;162m7[38;2;167;167;167mF[38;2;164;164;164mM[38;2;247;247;247m@[38;2;251;251;251m@[38;2;252;252;252m@@[38;2;219;219;219m@[38;2;172;172;172my[38;2;211;211;211m~[38;2;169;169;169mT[38;2;170;170;170mF[38;2;214;214;214m@[38;2;250;250;250m@[38;2;252;252;252m@@[38;2;251;251;251m@  [38;2;0;0;226m@      [39m
 [38;2;0;0;0m     [38;2;0;0;226m@  [38;2;249;249;249m@[38;2;252;252;252m@@@@[38;2;251;251;251m@[38;2;252;252;252m@[38;2;251;251;251m@[38;2;252;252;252m@@@@@@[38;2;251;251;251m@[38;2;252;252;252m@@[38;2;251;251;251m@[38;2;252;252;252m@@@[38;2;251;251;251m@  [38;2;0;0;226m@      [39m
 [38;2;0;0;0m     [38;2;0;0;226m@  [38;2;249;249;249m@[38;2;252;252;252m@@@@@@@@@@@@@@@@@@@@[38;2;251;251;251m@  [38;2;0;0;227m@      [39m
 [38;2;0;0;0m     [38;2;0;0;226m@  [38;2;249;249;249m@[38;2;252;252;252m@@@@@@@@@@@@@@@@@@@@[38;2;251;251;251m@  [38;2;0;0;227m@      [39m
 [38;2;0;0;0m     [38;2;0;0;226m@  [38;2;249;249;249m@[38;2;252;252;252m@@@@@@@@@@@@@@@@@@@@[38;2;251;251;251m@  [38;2;0;0;227m@      [39m
 [38;2;0;0;0m     [38;2;0;0;220m@  [38;2;246;246;246m@[38;2;252;252;252m@@@@@@@@@@@@@@@@@@@@[38;2;249;249;249m@  [38;2;0;0;223m@      [39m
 [38;2;0;0;0m     [38;2;1;0;212m`[38;2;0;0;224m$[38;2;0;0;208m,[38;2;172;172;172m~[38;2;200;200;200m@[38;2;251;251;251m@@[38;2;252;252;252m@[38;2;230;230;230m@[38;2;214;214;214mF[38;2;183;183;183mF[38;2;167;167;167m@[38;2;246;246;246m@[38;2;251;251;251m@@[38;2;247;247;247m@[38;2;177;177;177m@[38;2;187;187;187mF[38;2;176;176;176mP[38;2;225;225;225m@[38;2;252;252;252m@[38;2;251;251;251m@[38;2;252;252;252m@[38;2;213;213;213m@[38;2;200;200;200m~ [38;2;0;0;230ma[38;2;2;1;194mF      [39m
 [38;2;0;0;0m      [38;2;0;0;218m`[38;2;0;0;226m4[38;2;0;0;224mg[38;2;0;0;227m__[38;2;150;150;150m`[38;2;116;116;116m`[38;2;0;0;225m_[38;2;0;0;220ma[38;2;0;0;227ma[38;2;0;0;205my[38;2;0;0;225m_[38;2;142;142;142m``[38;2;0;0;225m_[38;2;0;0;205my[38;2;0;0;224mg[38;2;0;0;215mg[38;2;0;0;225m_[38;2;117;117;117m`[38;2;153;153;153m`[38;2;0;0;226m_[38;2;0;0;227m_[38;2;0;0;224mg[38;2;0;0;228mP[38;2;1;1;203m~       [39m
 [38;2;0;0;0m        [38;2;2;3;190m`[38;2;0;0;224m~[38;2;0;0;226m~~~[38;2;0;0;227m~[38;2;1;0;209m` [38;2;1;1;206m~[38;2;0;0;227m~[38;2;0;0;226m~~[38;2;0;0;227m~[38;2;1;1;209m~ [38;2;2;0;209m`[38;2;0;0;224m~[38;2;0;0;226m~~~[38;2;0;0;224m~[38;2;2;2;195m`         [39m
 [38;2;0;0;0m                                       [39m
[?25h