[?25l[39m [38;2;0;0;0m              [38;2;0;0;230m_[38;2;0;0;226m__[38;2;0;0;227m___[38;2;0;0;226m_[38;2;0;0;225m_[38;2;0;0;227m_                [39m
 [38;2;0;0;0m          [38;2;0;0;229m_[38;2;0;0;218ma[38;2;0;0;227mg[38;2;0;0;228m@[38;2;0;0;222mP[38;2;0;0;224m=[38;2;0;0;227m~[38;2;0;0;226m~~~[38;2;0;0;227m~[38;2;0;0;229m=[38;2;0;0;216m@[38;2;0;0;227m@g[38;2;1;1;211my[38;2;1;0;215m_            [39m
 [38;2;0;0;0m        [38;2;1;0;214ma[38;2;0;0;227m@[38;2;0;0;222mP[38;2;0;0;229m~[38;2;153;153;153m_[38;2;171;171;171my[38;2;215;215;215my[38;2;242;242;242mg[38;2;252;252;252mg[38;2;231;231;231m$[38;2;232;232;232m$[38;2;226;226;226m$[38;2;251;251;251mg[38;2;199;199;199mg[38;2;182;182;182my[38;2;192;192;192m_[38;2;0;0;219m~[38;2;0;0;209m?[38;2;0;0;226m@[38;2;0;0;225mg[38;2;0;0;212m_          [39m
 [38;2;0;0;0m      [38;2;1;0;210my[38;2;0;0;227m@[38;2;0;0;228m~ [38;2;200;200;200my[38;2;212;212;212m@[38;2;251;251;251m@[38;2;252;252;252m@@@@@@@@@@[38;2;251;251;251m@[38;2;229;229;229m@[38;2;195;195;195my [38;2;0;0;226m~[38;2;0;0;227m@[38;2;0;0;211my         [39m
 [38;2;0;0;0m     [38;2;0;0;223mg[38;2;0;0;226mP [38;2;182;182;182my[38;2;239;239;239m@[38;2;252;252;252m@@@@@@@@@@@@@@@@[38;2;234;234;234m@[38;2;171;171;171m_ [38;2;0;0;218m@[38;2;0;0;225mL        [39m
 [38;2;0;0;0m    [38;2;0;0;224mj[38;2;0;0;225mP [38;2;176;176;176mg[38;2;251;251;251m@[38;2;252;252;252m@@@@@@@@@@@@@@@@@@[38;2;249;249;249m@[38;2;115;115;116m_ [38;2;0;0;228m@[38;2;0;0;224m,       [39m
 [38;2;0;0;0m    [38;2;0;0;232m@  [38;2;247;247;247m@[38;2;252;252;252m@@@[38;2;251;251;251m@@@@@@[38;2;252;252;252m@@@@@@@@@@@[38;2;211;211;211m@ [38;2;0;0;206m?[38;2;1;1;205m$       [39m
 [38;2;0;0;0m    [38;2;0;0;237m@ [38;2;118;118;118m4[38;2;252;252;252m@[38;2;250;250;250m@[38;2;166;166;166m_[38;2;70;70;70m_____[38;2;75;75;75m_[38;2;176;176;176my[38;2;251;251;251m@[38;2;252;252;252m@@@@@@@@@@[38;2;239;239;239m@ [38;2;0;0;184mJ[38;2;0;0;212m$       [39m
 [38;2;0;0;0m    [38;2;0;0;237m@ [38;2;117;117;117m4[38;2;252;252;252m@@[38;2;251;251;251m@@@@@@@@[38;2;252;252;252m@@@@@@@@@@@[38;2;241;241;241m@  [38;2;0;0;215m$       [39m
 [38;2;0;0;0m    [38;2;0;0;235m@ [38;2;94;94;94m4[38;2;251;251;251m@[38;2;252;252;252m@@@@@@@@@@@@@@@@@@@@[38;2;246;246;246m@  [38;2;0;0;219m$       [39m
 [38;2;0;0;0m    [38;2;0;0;229m@  [38;2;250;250;250m@[38;2;252;252;252m@@@@@@@@@@@@@@@@@@@@[38;2;251;251;251m@  [38;2;0;0;227m$       [39m
 [38;2;0;0;0m    [38;2;0;0;218m9  [38;2;241;241;241m@[38;2;252;252;252m@@@@@@@@@@@@@@@@@@@@[38;2;251;251;251m@[38;2;108;108;108mL [38;2;0;0;231m@       [39m
 [38;2;0;0;0m    [38;2;1;1;205m4[38;2;1;0;209m[ [38;2;225;225;225m$[38;2;252;252;252m@@@@@@@@@@@@@@@@@@@@[38;2;251;251;251m@[38;2;177;177;177mL [38;2;0;0;232m$       [39m
 [38;2;0;0;0m     [38;2;0;0;221m@ [38;2;187;187;187m4[38;2;251;251;251m@[38;2;252;252;252m@@@@@@@@@@@@@@@@@@@[38;2;251;251;251m@[38;2;146;146;146m@ [38;2;0;0;221m$[38;2;1;0;196m|      [39m
 [38;2;0;0;0m     [38;2;0;0;229m~[38;2;0;0;219mg[38;2;0;0;203m,[38;2;162;162;162m7[38;2;179;179;179m@[38;2;243;243;243m@[38;2;184;184;184m@[38;2;173;173;173mT[38;2;252;252;252m~[38;2;153;153;153m5[38;2;209;209;209m@[38;2;247;247;247m@[38;2;248;248;248m@[38;2;219;219;219m@[38;2;207;207;207mF[38;2;252;252;252m~[38;2;251;251;251m~[38;2;204;204;204mR[38;2;243;243;243m@[38;2;248;248;248m@[38;2;240;240;240m@[38;2;222;222;222mP[38;2;252;252;252m~[38;2;251;251;251m~ [38;2;0;0;232m_[38;2;0;0;221m@       [39m
 [38;2;0;0;0m      [38;2;2;1;197m~[38;2;0;0;214m4[38;2;0;0;227ma[38;2;0;0;211my[38;2;0;0;226m_[38;2;0;0;205my[38;2;0;0;228ma[38;2;0;0;218m@[38;2;0;0;223mg[38;2;0;0;224m_[38;2;0;0;226m__[38;2;0;0;225m_[38;2;0;0;219ma[38;2;0;0;216m@[38;2;0;0;226ma[38;2;0;0;214my[38;2;0;0;226m___[38;2;0;0;213my[38;2;0;0;227ma[38;2;0;0;216m@@[38;2;0;0;230m~        [39m
 [38;2;0;0;0m         [38;2;0;0;230m`[38;2;0;0;227m~[38;2;2;1;200m~   [38;2;2;0;201m~[38;2;0;0;231m~[38;2;0;0;232m~[38;2;0;0;221m~[38;2;1;1;205m`  [38;2;0;0;219m`[38;2;0;0;224m~[38;2;0;0;231m~[38;2;0;0;230m~[38;2;0;0;231m`            [39m
 [38;2;0;0;0m                                       [39m
 [38;2;0;0;0m                                       [39m
[?25h