[?25l[39m [38;2;0;0;0m               [38;2;1;0;218m_[38;2;0;0;230m_[38;2;0;0;224m_[38;2;0;0;225m__[38;2;0;0;224m_[38;2;0;0;229m_[38;2;1;0;218m_                [39m
 [38;2;0;0;0m           [38;2;0;0;229m_[38;2;0;0;219ma[38;2;0;0;226mg[38;2;0;0;227m@[38;2;0;0;224m@[38;2;0;0;221mP[38;2;0;0;230m=[38;2;0;0;227m==[38;2;0;0;230m=[38;2;0;0;215mR[38;2;0;0;224m@[38;2;0;0;227m@[38;2;0;0;217m@[38;2;0;0;214mg[38;2;0;0;230m_            [39m
 [38;2;0;0;0m         [38;2;0;0;215my[38;2;0;0;225m@[38;2;0;0;227mP[38;2;0;0;225m~[38;2;0;0;212m~[38;2;234;234;234m_[38;2;183;183;183my[38;2;216;216;216my[38;2;219;219;219mg[38;2;243;243;243mgg[38;2;219;219;219mg[38;2;216;216;216my[38;2;183;183;183my[38;2;234;234;234m_[38;2;0;0;213m~[38;2;0;0;226m~[38;2;0;0;219mR[38;2;0;0;226m@[38;2;0;0;216my[38;2;1;1;199m,         [39m
 [38;2;0;0;0m       [38;2;0;0;229m_[38;2;0;0;226m@[38;2;0;0;223mF[38;2;1;0;213m`[38;2;153;153;153my[38;2;234;234;234mg[38;2;246;246;246m@[38;2;251;251;251m@[38;2;252;252;252m@@@@@@@@[38;2;251;251;251m@[38;2;249;249;249m@[38;2;234;234;234mg[38;2;143;143;143my[38;2;0;0;213m`[38;2;0;0;218m?[38;2;0;0;227m@[38;2;0;0;228m_        [39m
 [38;2;0;0;0m      [38;2;0;0;227mj[38;2;0;0;224m@[38;2;0;0;198m~[38;2;155;155;155m_[38;2;244;244;244mg[38;2;251;251;251m@[38;2;252;252;252m@@@@@@@@@@@@@@[38;2;251;251;251m@[38;2;214;214;214m@[38;2;156;156;156m_[38;2;1;0;213m`[38;2;0;0;221m@[38;2;0;0;224mL       [39m
 [38;2;0;0;0m     [38;2;2;1;189mj[38;2;0;0;229m@[38;2;0;0;190m'[38;2;118;118;118my[38;2;244;244;244m@[38;2;252;252;252m@[38;2;251;251;251m@@[38;2;252;252;252m@@@@@@@@@@@@@@@[38;2;249;249;249m@[38;2;102;102;102my [38;2;0;0;225m@[38;2;1;0;206mi      [39m
 [38;2;0;0;0m     [38;2;0;0;218mg[38;2;0;0;205mF [38;2;224;224;224m$[38;2;252;252;252m@[38;2;251;251;251m@[38;2;117;117;117m~[38;2;110;110;110m`[38;2;225;225;225m~[38;2;174;174;174mP[38;2;224;224;224m@[38;2;251;251;251m@[38;2;252;252;252m@@@[38;2;251;251;251m@@@@@@@[38;2;252;252;252m@@[38;2;232;232;232m@ [38;2;0;0;186m?[38;2;0;0;221m$      [39m
 [38;2;0;0;0m     [38;2;0;0;226m@  [38;2;250;250;250m@[38;2;252;252;252m@@[38;2;251;251;251m@[38;2;216;216;216m@[38;2;142;142;142mm  [38;2;189;189;189m`[38;2;202;202;202m$[38;2;251;251;251m@[38;2;212;212;212m@[38;2;130;130;130m~[38;2;208;208;208m`[38;2;206;206;206m````[38;2;120;120;120m~[38;2;219;219;219m$[38;2;252;252;252m@[38;2;251;251;251m@  [38;2;0;0;226m@      [39m
 [38;2;0;0;0m     [38;2;0;0;226m@  [38;2;249;249;249m@[38;2;252;252;252m@[38;2;251;251;251m@[38;2;156;156;156mF[38;2;150;150;150m`[38;2;77;77;77m_[38;2;161;161;161my[38;2;211;211;211mg[38;2;226;226;226m@[38;2;251;251;251m@[38;2;252;252;252m@[38;2;251;251;251m@[38;2;240;240;240m@[38;2;237;237;237m@@@@@[38;2;239;239;239m@[38;2;252;252;252m@@[38;2;251;251;251m@  [38;2;0;0;226m@      [39m
 [38;2;0;0;0m     [38;2;0;0;226m@  [38;2;249;249;249m@[38;2;252;252;252m@[38;2;251;251;251m@[38;2;225;225;225m@[38;2;219;219;219m$[38;2;251;251;251m@[38;2;252;252;252m@@@@@@@@@@@@@@@[38;2;251;251;251m@  [38;2;0;0;226m@      [39m
 [38;2;0;0;0m     [38;2;0;0;226m@  [38;2;249;249;249m@[38;2;252;252;252m@@@@@@@@@@@@@@@@@@@@[38;2;251;251;251m@  [38;2;0;0;226m@      [39m
 [38;2;0;0;0m     [38;2;0;0;226m@  [38;2;249;249;249m@[38;2;252;252;252m@@@@@@@@@@@@@@@@@@@@[38;2;251;251;251m@  [38;2;0;0;227m@      [39m
 [38;2;0;0;0m     [38;2;0;0;226m@  [38;2;249;249;249m@[38;2;252;252;252m@@@@@@@@@@@@@@@@@@@@[38;2;251;251;251m@  [38;2;0;0;227m@      [39m
 [38;2;0;0;0m     [38;2;0;0;217m@  [38;2;242;242;242m@[38;2;252;252;252m@@@@@@@@@@@@@@@@@@@@[38;2;248;248;248m@  [38;2;0;0;222m@      [39m
 [38;2;0;0;0m     [38;2;1;1;209m`[38;2;0;0;225m@[38;2;0;0;213m_[38;2;124;124;124m~[38;2;191;191;191mR[38;2;244;244;244m@[38;2;251;251;251m@[38;2;248;248;248m@[38;2;197;197;197m@[38;2;179;179;179mF[38;2;252;252;252m~[38;2;167;167;167m5[38;2;227;227;227m@[38;2;250;250;250m@@[38;2;229;229;229m@[38;2;217;217;217mF[38;2;252;252;252m~[38;2;176;176;176mT[38;2;185;185;185m@[38;2;248;248;248m@[38;2;251;251;251m@[38;2;245;245;245m@[38;2;177;177;177m@[38;2;160;160;160m~[38;2;1;0;209m_[38;2;0;0;232ma[38;2;0;0;231m'      [39m
 [38;2;0;0;0m      [38;2;2;1;207m`[38;2;0;0;216m?[38;2;0;0;227ma[38;2;0;0;211my[38;2;0;0;226m_[38;2;0;0;228m_[38;2;0;0;226m_[38;2;0;0;225m_[38;2;0;0;226ma[38;2;0;0;220m@[38;2;0;0;216mg[38;2;0;0;225m_[38;2;0;0;227m__[38;2;0;0;225m_[38;2;0;0;219ma[38;2;0;0;217m@[38;2;0;0;225ma[38;2;0;0;224m_[38;2;0;0;226m_[38;2;0;0;228m_[38;2;0;0;226m_[38;2;0;0;210my[38;2;0;0;227ma[38;2;0;0;214mP[38;2;0;0;222m'       [39m
 [38;2;0;0;0m         [38;2;0;0;231m`[38;2;0;0;230m~[38;2;0;0;229m~[38;2;0;0;231m~[38;2;1;0;206m~  [38;2;0;2;204m`[38;2;0;0;223m~[38;2;0;0;230m~~[38;2;0;0;224m~[38;2;1;1;202m`  [38;2;1;1;204m~[38;2;0;0;230m~[38;2;0;0;229m~[38;2;0;0;231m~`          [39m
 [38;2;0;0;0m                                       [39m
 [38;2;0;0;0m                                       [39m
[?25h