[?25l[39m [38;2;0;0;0m              [38;2;0;0;229m_[38;2;0;0;225m_[38;2;1;1;211my[38;2;0;0;217ma[38;2;0;0;223mgg[38;2;0;0;221my[38;2;1;1;210my[38;2;0;0;225m_[38;2;0;0;229m_               [39m
 [38;2;0;0;0m          [38;2;0;0;225m_[38;2;0;0;214ma[38;2;0;0;215m@[38;2;0;0;223m=[38;2;0;0;225m~~[38;2;169;169;169m_[38;2;236;236;236m_[38;2;246;246;246m__[38;2;236;236;236m_[38;2;169;169;169m_[38;2;0;0;225m~[38;2;0;0;226m~[38;2;0;0;223m=[38;2;0;0;219m@[38;2;0;0;217my[38;2;0;0;226m_           [39m
 [38;2;0;0;0m        [38;2;0;0;226m_[38;2;0;0;229ma[38;2;0;0;215mF[38;2;1;0;202m~[38;2;141;141;141my[38;2;193;193;193mg[38;2;222;222;222m$[38;2;251;251;251m@@[38;2;252;252;252m@@@@[38;2;251;251;251m@@[38;2;228;228;228m$[38;2;193;193;193mg[38;2;238;238;238m_[38;2;0;0;229m`[38;2;0;0;210m?[38;2;0;0;219m@[38;2;0;0;226m_         [39m
 [38;2;0;0;0m       [38;2;0;0;221mg[38;2;0;0;226mF [38;2;185;185;185my[38;2;221;221;221m@[38;2;251;251;251m@[38;2;252;252;252m@@@@@@@@@@@@[38;2;251;251;251m@[38;2;232;232;232m@[38;2;177;177;177my [38;2;0;0;199mN[38;2;0;0;222mg        [39m
 [38;2;0;0;0m      [38;2;0;0;228mg[38;2;0;0;211mF [38;2;222;222;222mg[38;2;251;251;251m@[38;2;252;252;252m@@@@@@@@@@@@@@@@[38;2;251;251;251m@[38;2;195;195;195m@ [38;2;0;0;218m~[38;2;0;0;226m$       [39m
 [38;2;0;0;0m     [38;2;0;0;211mj[38;2;0;0;227mF [38;2;206;206;206mg[38;2;251;251;251m@@[38;2;212;212;212mF[38;2;145;145;145mM[38;2;180;180;180m@[38;2;248;248;248m@[38;2;251;251;251m@[38;2;252;252;252m@@@@@@@@@@@@[38;2;251;251;251m@[38;2;185;185;185m@ [38;2;0;0;219m?[38;2;0;0;220ml      [39m
 [38;2;0;0;0m     [38;2;0;0;219m@  [38;2;245;245;245m@[38;2;252;252;252m@[38;2;251;251;251m@[38;2;236;236;236mg[38;2;182;182;182my[38;2;159;159;159m_ [38;2;205;205;205m~[38;2;158;158;158m5[38;2;240;240;240m@[38;2;252;252;252m@[38;2;243;243;243m@[38;2;214;214;214mF[38;2;200;200;200mFFFFF[38;2;185;185;185mM[38;2;243;243;243m@[38;2;252;252;252m@[38;2;250;250;250m@  [38;2;0;0;226m$      [39m
 [38;2;0;0;0m     [38;2;0;0;226m@  [38;2;249;249;249m@[38;2;252;252;252m@[38;2;251;251;251m@[38;2;208;208;208m@[38;2;197;197;197mF[38;2;178;178;178m~ [38;2;200;200;200m_[38;2;199;199;199my[38;2;226;226;226m@[38;2;252;252;252m@[38;2;237;237;237m@[38;2;210;210;210my[38;2;200;200;200myyyyy[38;2;213;213;213my[38;2;234;234;234m@[38;2;252;252;252m@[38;2;251;251;251m@  [38;2;0;0;226m@      [39m
 [38;2;0;0;0m     [38;2;0;0;226m@  [38;2;249;249;249m@[38;2;252;252;252m@[38;2;251;251;251m@[38;2;197;197;197my[38;2;178;178;178my[38;2;224;224;224mg[38;2;234;234;234m@[38;2;251;251;251m@[38;2;252;252;252m@@@@@@@@@@@@@[38;2;251;251;251m@  [38;2;0;0;226m@      [39m
 [38;2;0;0;0m     [38;2;0;0;226m@  [38;2;249;249;249m@[38;2;252;252;252m@@@@@@@@@@@@@@@@@@@@[38;2;251;251;251m@  [38;2;0;0;226m@      [39m
 [38;2;0;0;0m     [38;2;0;0;226m@  [38;2;249;249;249m@[38;2;252;252;252m@@@@@@@@@@@@@@@@@@@@[38;2;251;251;251m@  [38;2;0;0;226m@      [39m
 [38;2;0;0;0m     [38;2;0;0;226m@  [38;2;249;249;249m@[38;2;252;252;252m@@@@@@@@@@@@@@@@@@@@[38;2;251;251;251m@  [38;2;0;0;227m@      [39m
 [38;2;0;0;0m     [38;2;0;0;226m@  [38;2;249;249;249m@[38;2;252;252;252m@@@@@@@@@@@@@@@@@@@@[38;2;251;251;251m@  [38;2;0;0;227m@      [39m
 [38;2;0;0;0m     [38;2;0;0;222m@[38;2;0;0;214m, [38;2;242;242;242m@[38;2;252;252;252m@@@@@@@@@@@@@@@@@@@@[38;2;248;248;248m@  [38;2;0;0;224m@      [39m
 [38;2;0;0;0m     [38;2;2;1;194m7[38;2;0;0;225m@[38;2;0;0;214m_[38;2;125;125;125m~[38;2;192;192;192mR[38;2;244;244;244m@[38;2;251;251;251m@[38;2;248;248;248m@[38;2;196;196;196m@[38;2;178;178;178mF[38;2;252;252;252m~[38;2;167;167;167m5[38;2;227;227;227m@[38;2;250;250;250m@@[38;2;229;229;229m@[38;2;217;217;217mF[38;2;252;252;252m~[38;2;176;176;176mT[38;2;186;186;186m@[38;2;248;248;248m@[38;2;251;251;251m@[38;2;245;245;245m@[38;2;177;177;177m@[38;2;161;161;161m~[38;2;0;0;210m_[38;2;0;0;230mg[38;2;0;1;209mF      [39m
 [38;2;0;0;0m      [38;2;0;0;213m~[38;2;0;0;214m@[38;2;0;0;228mg[38;2;0;0;212my[38;2;0;0;226m_[38;2;0;0;228m_[38;2;0;0;226m_[38;2;0;0;227m_[38;2;0;0;225mg[38;2;0;0;223m@[38;2;0;0;215mg[38;2;0;0;226m_[38;2;0;0;227m__[38;2;0;0;226m_[38;2;0;0;218ma[38;2;0;0;221m@[38;2;0;0;225mg[38;2;0;0;227m_[38;2;0;0;226m_[38;2;0;0;228m_[38;2;0;0;226m_[38;2;0;0;211my[38;2;0;0;228mg[38;2;0;0;217m@[38;2;0;0;216m~       [39m
 [38;2;0;0;0m        [38;2;0;0;223m`[38;2;0;0;227m~[38;2;0;0;226m~[38;2;0;0;227m~~[38;2;0;0;225m~[38;2;1;1;209m~[38;2;2;1;189m`[38;2;0;0;227m~[38;2;0;0;226m~[38;2;0;0;227m~~[38;2;0;0;225m~[38;2;0;0;229m~[38;2;2;1;189m`[38;2;2;1;205m~[38;2;0;0;226m~~[38;2;0;0;227m~~~[38;2;0;0;223m`         [39m
 [38;2;0;0;0m                                       [39m
 [38;2;0;0;0m                                       [39m
[?25h