[?25l[39m [38;2;0;0;0m              [38;2;0;0;229m_[38;2;0;0;226m_[38;2;1;1;209my[38;2;0;0;215ma[38;2;0;0;222mgg[38;2;0;0;220my[38;2;1;1;209my[38;2;0;0;226m_[38;2;0;0;229m_               [39m
 [38;2;0;0;0m          [38;2;0;0;224m_[38;2;1;0;214ma[38;2;0;0;219m@[38;2;0;0;222mP[38;2;0;0;225m~[38;2;0;0;228m~[38;2;0;0;217m~[38;2;201;201;201m_[38;2;233;233;233m__[38;2;201;201;201m_[38;2;0;0;216m~[38;2;0;0;227m~[38;2;0;0;226m~[38;2;0;0;222m4@[38;2;0;0;217my[38;2;0;0;225m_           [39m
 [38;2;0;0;0m        [38;2;0;0;226m_[38;2;0;0;229mg[38;2;0;0;219mP[38;2;0;0;218m~[38;2;207;207;207m_y[38;2;250;250;250mg[38;2;243;243;243m@[38;2;251;251;251m@@[38;2;252;252;252m@@[38;2;251;251;251m@@[38;2;247;247;247m@[38;2;250;250;250mg[38;2;207;207;207my_[38;2;0;0;218m~[38;2;0;0;215m4[38;2;0;0;223m$[38;2;0;0;226m_         [39m
 [38;2;0;0;0m       [38;2;0;0;221mg[38;2;0;0;225mP[38;2;0;0;198m'[38;2;164;164;164my[38;2;206;206;206m@[38;2;251;251;251m@[38;2;252;252;252m@@@@@@@@@@@@[38;2;251;251;251m@[38;2;220;220;220m@[38;2;153;153;153my[38;2;2;1;191m`[38;2;0;0;222m4[38;2;0;0;221mg        [39m
 [38;2;0;0;0m      [38;2;0;0;227mg[38;2;0;0;220mF [38;2;210;210;210mg[38;2;251;251;251m@[38;2;252;252;252m@@@@@@@@@@@@@@@@[38;2;251;251;251m@[38;2;180;180;180m@ [38;2;0;0;223m~[38;2;0;0;224m$       [39m
 [38;2;0;0;0m     [38;2;0;0;211mj[38;2;0;0;230mF [38;2;196;196;196mg[38;2;251;251;251m@@[38;2;229;229;229mF[38;2;167;167;167mM[38;2;204;204;204m@[38;2;251;251;251m@[38;2;252;252;252m@@@@@[38;2;234;234;234m@[38;2;195;195;195mF[38;2;180;180;180mA[38;2;237;237;237m@[38;2;251;251;251m@[38;2;252;252;252m@@@[38;2;251;251;251m@[38;2;173;173;173m@ [38;2;0;0;223m?[38;2;0;0;220ml      [39m
 [38;2;0;0;0m     [38;2;0;0;218m@[38;2;0;0;178m[ [38;2;243;243;243m@[38;2;252;252;252m@[38;2;251;251;251m@[38;2;218;218;218mg[38;2;160;160;160my[38;2;82;82;82m_[38;2;134;134;134m`[38;2;234;234;234m~[38;2;185;185;185mP[38;2;246;246;246m@[38;2;252;252;252m@@[38;2;240;240;240m@[38;2;210;210;210my[38;2;235;235;235m_ [38;2;140;140;140m~[38;2;174;174;174mT[38;2;187;187;187m@[38;2;251;251;251m@[38;2;252;252;252m@[38;2;249;249;249m@  [38;2;0;0;226m$      [39m
 [38;2;0;0;0m     [38;2;0;0;226m@  [38;2;249;249;249m@[38;2;252;252;252m@[38;2;251;251;251m@[38;2;226;226;226m@[38;2;214;214;214mF[38;2;218;218;218m~ [38;2;151;151;151m_[38;2;182;182;182my[38;2;218;218;218m@[38;2;252;252;252m@@[38;2;251;251;251m@[38;2;190;190;190m@[38;2;178;178;178mF[38;2;116;116;116m~ [38;2;224;224;224m_[38;2;214;214;214my[38;2;250;250;250m@[38;2;252;252;252m@[38;2;251;251;251m@  [38;2;0;0;226m@      [39m
 [38;2;0;0;0m     [38;2;0;0;226m@  [38;2;249;249;249m@[38;2;252;252;252m@[38;2;251;251;251m@[38;2;180;180;180my[38;2;156;156;156my[38;2;198;198;198mg[38;2;219;219;219m@[38;2;251;251;251m@[38;2;252;252;252m@@@@[38;2;215;215;215m@[38;2;145;145;145my[38;2;183;183;183my[38;2;234;234;234mg[38;2;241;241;241m@[38;2;251;251;251m@[38;2;252;252;252m@@@[38;2;251;251;251m@  [38;2;0;0;226m@      [39m
 [38;2;0;0;0m     [38;2;0;0;226m@  [38;2;249;249;249m@[38;2;252;252;252m@@@@@@@@@@@@@@@@@@@@[38;2;251;251;251m@  [38;2;0;0;226m@      [39m
 [38;2;0;0;0m     [38;2;0;0;226m@  [38;2;249;249;249m@[38;2;252;252;252m@@@@@@@@@@@@@@@@@@@@[38;2;251;251;251m@  [38;2;0;0;226m@      [39m
 [38;2;0;0;0m     [38;2;0;0;226m@  [38;2;249;249;249m@[38;2;252;252;252m@@@@@@@@@@@@@@@@@@@@[38;2;251;251;251m@  [38;2;0;0;227m@      [39m
 [38;2;0;0;0m     [38;2;0;0;226m@  [38;2;249;249;249m@[38;2;252;252;252m@@@@@@@@@@@@@@@@@@@@[38;2;251;251;251m@  [38;2;0;0;227m@      [39m
 [38;2;0;0;0m     [38;2;0;0;220m@[38;2;0;0;214m, [38;2;240;240;240m@[38;2;252;252;252m@@@@@@@@@@@@@@@@@@@@[38;2;247;247;247m@ [38;2;1;0;171mj[38;2;0;0;222m@      [39m
 [38;2;0;0;0m     [38;2;0;1;212m`[38;2;0;0;227m@[38;2;0;0;223m_[38;2;202;202;202m`[38;2;180;180;180m#[38;2;236;236;236m@[38;2;247;247;247m@[38;2;242;242;242m@[38;2;177;177;177m@[38;2;251;251;251m~[38;2;252;252;252m~[38;2;154;154;154m5[38;2;212;212;212m@[38;2;247;247;247m@@[38;2;211;211;211m@[38;2;202;202;202mF[38;2;252;252;252m~[38;2;251;251;251m~[38;2;206;206;206mR[38;2;244;244;244m@[38;2;248;248;248m@[38;2;237;237;237m@[38;2;213;213;213mP[38;2;142;142;142m~[38;2;0;0;220m_[38;2;0;0;224m$[38;2;0;0;232m'      [39m
 [38;2;0;0;0m      [38;2;0;0;217m`[38;2;0;0;220m4[38;2;0;0;218m@[38;2;0;0;217my[38;2;0;0;226m___[38;2;0;0;212my[38;2;0;0;227mg@[38;2;0;0;221mg[38;2;0;0;226m___[38;2;0;0;227m_[38;2;0;0;223mg[38;2;0;0;227m@g[38;2;0;0;210my[38;2;0;0;226m___[38;2;0;0;218my[38;2;0;0;226mg[38;2;0;0;223mP[38;2;0;0;231m'       [39m
 [38;2;0;0;0m         [38;2;0;0;225m~[38;2;0;0;226m~[38;2;0;0;224m~[38;2;0;0;225m~[38;2;0;0;230m~[38;2;2;3;191m` [38;2;0;0;231m`[38;2;0;0;228m~[38;2;0;0;224m~~[38;2;0;0;230m~[38;2;0;0;229m` [38;2;0;2;199m`[38;2;0;0;227m~[38;2;0;0;226m~[38;2;0;0;224m~[38;2;0;0;226m~[38;2;0;0;222m~          [39m
 [38;2;0;0;0m                                       [39m
 [38;2;0;0;0m                                       [39m
[?25h