[?25l[39m [38;2;0;0;0m                                       [39m
 [38;2;0;0;0m              [38;2;0;0;222m_[38;2;0;0;227m_[38;2;0;0;226m_[38;2;1;1;199my[38;2;1;1;206myy[38;2;1;1;198my[38;2;0;0;226m_[38;2;0;0;227m_[38;2;0;0;222m_               [39m
 [38;2;0;0;0m          [38;2;1;2;192m_[38;2;0;0;225m_[38;2;0;0;227mgP~[38;2;0;0;225m~[38;2;0;0;231m~[38;2;120;120;120m_[38;2;150;150;150m__[38;2;121;121;121m_[38;2;0;0;231m~[38;2;0;0;225m~[38;2;0;0;226m~4[38;2;0;0;227mg[38;2;0;0;225m_[38;2;2;2;192m_           [39m
 [38;2;0;0;0m        [38;2;0;0;209m_[38;2;0;0;224mg[38;2;0;0;226mP[38;2;0;0;225m~[38;2;169;169;169m_[38;2;195;195;195my[38;2;237;237;237mg[38;2;228;228;228m@[38;2;251;251;251m@[38;2;252;252;252m@[38;2;251;251;251m@@[38;2;252;252;252m@[38;2;251;251;251m@[38;2;232;232;232m@[38;2;237;237;237mg[38;2;193;193;193my[38;2;170;170;170m_[38;2;0;0;222m~[38;2;0;0;225m4[38;2;0;0;224mg[38;2;0;0;209m_         [39m
 [38;2;0;0;0m       [38;2;0;0;215my[38;2;0;0;229mP[38;2;1;1;211m'[38;2;139;139;140my[38;2;244;244;244mg[38;2;251;251;251m@[38;2;252;252;252m@@@@@@@@@@@@[38;2;251;251;251m@[38;2;215;215;215m$_[38;2;1;1;207m`[38;2;0;0;229m4[38;2;0;0;215my        [39m
 [38;2;0;0;0m      [38;2;0;0;219mg[38;2;0;0;224mF [38;2;198;198;198mg[38;2;251;251;251m@[38;2;252;252;252m@@@@@@@@@@@@@@@@[38;2;251;251;251m@[38;2;164;164;164m@ [38;2;0;0;214m?[38;2;0;0;217m$       [39m
 [38;2;0;0;0m     [38;2;1;0;203mj[38;2;0;0;232mF [38;2;186;186;186mg[38;2;251;251;251m@[38;2;252;252;252m@[38;2;251;251;251m@[38;2;230;230;230m@[38;2;207;207;207mR[38;2;214;214;214mP[38;2;210;210;210mR[38;2;239;239;239m@[38;2;251;251;251m@[38;2;252;252;252m@@@[38;2;247;247;247m@[38;2;197;197;197m@[38;2;218;218;218mP[38;2;199;199;199mR[38;2;214;214;214m@[38;2;251;251;251m@[38;2;252;252;252m@[38;2;251;251;251m@[38;2;165;165;165m$ [38;2;0;0;220m4[38;2;0;0;217mi      [39m
 [38;2;0;0;0m     [38;2;0;0;216m@[38;2;1;1;191m' [38;2;241;241;241m@[38;2;252;252;252m@[38;2;236;236;236m@[38;2;165;165;165m~[38;2;166;166;166ma[38;2;202;202;202m=[38;2;201;201;201m4[38;2;193;193;193m=[38;2;159;159;159my[38;2;195;195;195m~[38;2;248;248;248m@[38;2;251;251;251m@[38;2;200;200;200mF[38;2;155;155;155my[38;2;228;228;228m=[38;2;196;196;196m=[38;2;168;168;168m#[38;2;144;144;144ma[38;2;173;173;173m`[38;2;204;204;204m@[38;2;251;251;251m@[38;2;248;248;248m@  [38;2;0;0;225m$      [39m
 [38;2;0;0;0m     [38;2;0;0;226m@  [38;2;249;249;249m@[38;2;251;251;251m@[38;2;168;168;168m$[38;2;93;93;93m4[38;2;158;158;158mL [38;2;159;159;159m@ [38;2;170;170;170m0 [38;2;227;227;227m@[38;2;237;237;237m@ [38;2;200;200;200m$ [38;2;182;182;182ma [38;2;124;124;124m4[38;2;91;91;91mF[38;2;184;184;184mg[38;2;251;251;251m@@  [38;2;0;0;226m@      [39m
 [38;2;0;0;0m     [38;2;0;0;226m@  [38;2;249;249;249m@[38;2;252;252;252m@[38;2;247;247;247m@[38;2;172;172;172my[38;2;151;151;151m7[38;2;233;233;233m=[38;2;250;250;250m=[38;2;251;251;251m=[38;2;250;250;250mg[38;2;234;234;234m@[38;2;252;252;252m@[38;2;251;251;251m@[38;2;167;167;167m@[38;2;152;152;152m_[38;2;179;179;179m=[38;2;246;246;246m=[38;2;251;251;251m=[38;2;238;238;238mg[38;2;251;251;251mg[38;2;252;252;252m@@[38;2;251;251;251m@  [38;2;0;0;226m@      [39m
 [38;2;0;0;0m     [38;2;0;0;226m@  [38;2;249;249;249m@[38;2;252;252;252m@@@[38;2;251;251;251m@[38;2;231;231;231m@[38;2;219;219;219m@[38;2;229;229;229m@[38;2;251;251;251m@[38;2;252;252;252m@@@@[38;2;251;251;251m@[38;2;240;240;240m@[38;2;222;222;222m@@[38;2;249;249;249m@[38;2;252;252;252m@@@[38;2;251;251;251m@  [38;2;0;0;226m@      [39m
 [38;2;0;0;0m     [38;2;0;0;226m@  [38;2;249;249;249m@[38;2;252;252;252m@@@@@@@@@@@@@@@@@@@@[38;2;251;251;251m@  [38;2;0;0;227m@      [39m
 [38;2;0;0;0m     [38;2;0;0;226m@  [38;2;249;249;249m@[38;2;252;252;252m@@@@@@@@@@@@@@@@@@@@[38;2;251;251;251m@  [38;2;0;0;227m@      [39m
 [38;2;0;0;0m     [38;2;0;0;226m@  [38;2;249;249;249m@[38;2;252;252;252m@@@@@@@@@@@@@@@@@@@@[38;2;251;251;251m@  [38;2;0;0;226m@      [39m
 [38;2;0;0;0m     [38;2;1;0;214m@[38;2;0;0;217m, [38;2;234;234;234m@[38;2;252;252;252m@@@@@@@@@@@@@@@@@@@@[38;2;244;244;244m@ [38;2;1;0;179mj[38;2;0;0;222m$      [39m
 [38;2;0;0;0m     [38;2;2;1;203m`[38;2;0;0;225m@[38;2;0;0;229m_[38;2;163;163;163m`[38;2;171;171;171mP[38;2;216;216;216m@[38;2;236;236;236m@[38;2;228;228;228m@[38;2;166;166;166m@[38;2;247;247;247m~[38;2;232;232;232m~[38;2;177;177;177mT[38;2;190;190;190m@[38;2;234;234;234m@@[38;2;198;198;198m@[38;2;188;188;188mF[38;2;233;233;233m~[38;2;244;244;244m~[38;2;181;181;181mR[38;2;226;226;226m@[38;2;237;237;237m@[38;2;221;221;221m@[38;2;220;220;220mF[38;2;122;122;122m~[38;2;0;0;229m_[38;2;0;0;225m$[38;2;0;0;229m'      [39m
 [38;2;0;0;0m      [38;2;3;3;185m`[38;2;0;0;227m~[38;2;0;0;216m@[38;2;0;0;222mg[38;2;0;0;226m_[38;2;0;0;227m__[38;2;0;0;218ma[38;2;0;0;225ma[38;2;0;0;218mR[38;2;0;0;226mg[38;2;0;0;208my[38;2;0;0;227m__[38;2;0;0;207my[38;2;0;0;226mg[38;2;0;0;225mP[38;2;0;0;216m@[38;2;0;0;220my[38;2;0;0;227m__[38;2;0;0;226m_[38;2;0;0;221mg[38;2;0;0;213m@[38;2;0;0;229m~[38;2;2;1;192m'       [39m
 [38;2;0;0;0m         [38;2;2;2;191m`[38;2;1;1;203m~[38;2;0;0;220m~[38;2;1;1;213m~[38;2;2;1;211m`   [38;2;0;0;227m`[38;2;1;0;219m~~[38;2;0;0;227m`   [38;2;3;1;208m`[38;2;2;1;209m~[38;2;0;0;221m~[38;2;1;1;206m~[38;2;3;2;196m`          [39m
 [38;2;0;0;0m                                       [39m
[?25h