[?25l[39m [38;2;0;0;0m                                       [39m
 [38;2;0;0;0m              [38;2;0;0;226m__[38;2;1;0;211my[38;2;1;0;217mg[38;2;0;0;223mg[38;2;0;0;222mg[38;2;0;1;217mg[38;2;1;0;211my[38;2;0;0;227m_[38;2;0;0;226m_               [39m
 [38;2;0;0;0m          [38;2;0;0;224m_[38;2;0;0;215ma[38;2;0;0;213m@[38;2;0;0;219m=[38;2;0;0;225m~[38;2;0;0;226m~[38;2;190;190;190m_[38;2;253;253;253m_[38;2;142;142;142my[38;2;141;141;141my[38;2;253;253;253m_[38;2;189;189;189m_[38;2;0;0;225m~[38;2;0;0;226m~[38;2;0;0;218m=[38;2;0;0;216m@[38;2;0;0;217my[38;2;0;0;224m_           [39m
 [38;2;0;0;0m        [38;2;0;0;225m_[38;2;0;0;228ma[38;2;0;0;211mF[38;2;0;0;220m`[38;2;154;154;154my[38;2;215;215;215mg[38;2;223;223;223m@[38;2;251;251;251m@@[38;2;252;252;252m@@@@[38;2;251;251;251m@[38;2;252;252;252m@[38;2;228;228;228m@[38;2;215;215;215mg[38;2;146;146;146my[38;2;0;0;219m`[38;2;0;0;226m~[38;2;0;0;218m@[38;2;0;0;225m_         [39m
 [38;2;0;0;0m       [38;2;0;0;222mg[38;2;0;0;226mF [38;2;192;192;192my[38;2;228;228;228m@[38;2;252;252;252m@@@@@@@@@@@@@@[38;2;238;238;238m@[38;2;187;187;187my [38;2;0;0;218m?[38;2;0;0;222mg        [39m
 [38;2;0;0;0m      [38;2;0;0;228mg[38;2;0;0;205mF [38;2;228;228;228mg[38;2;251;251;251m@[38;2;252;252;252m@@@@@@@@@@@@@@@@[38;2;251;251;251m@[38;2;203;203;203m@ [38;2;0;0;212m~[38;2;0;0;226m$       [39m
 [38;2;0;0;0m     [38;2;1;0;211mj[38;2;0;0;227mF [38;2;210;210;210mg[38;2;251;251;251m@@[38;2;200;200;200mF[38;2;173;173;173mT[38;2;196;196;196mR[38;2;247;247;247m@[38;2;251;251;251m@[38;2;252;252;252m@@@@@@@@@@@@[38;2;251;251;251m@[38;2;190;190;190m@ [38;2;0;0;216m?[38;2;0;0;219ml      [39m
 [38;2;0;0;0m     [38;2;0;0;219m@  [38;2;246;246;246m@[38;2;252;252;252m@[38;2;251;251;251m@[38;2;243;243;243mg[38;2;195;195;195my[38;2;186;186;186m_ [38;2;180;180;180m~[38;2;146;146;146m5[38;2;237;237;237m@[38;2;252;252;252m@[38;2;241;241;241m@[38;2;205;205;205mF[38;2;191;191;191mFFFFF[38;2;173;173;173mM[38;2;241;241;241m@[38;2;252;252;252m@[38;2;250;250;250m@  [38;2;0;0;226m$      [39m
 [38;2;0;0;0m     [38;2;0;0;226m@  [38;2;249;249;249m@[38;2;252;252;252m@[38;2;251;251;251m@[38;2;200;200;200m@[38;2;185;185;185mF[38;2;165;165;165m~ [38;2;225;225;225m_[38;2;208;208;208my[38;2;231;231;231m@[38;2;252;252;252m@[38;2;240;240;240m@[38;2;219;219;219my[38;2;209;209;209myyyyy[38;2;222;222;222my[38;2;237;237;237m@[38;2;252;252;252m@[38;2;251;251;251m@  [38;2;0;0;226m@      [39m
 [38;2;0;0;0m     [38;2;0;0;226m@  [38;2;249;249;249m@[38;2;252;252;252m@[38;2;251;251;251m@[38;2;204;204;204my[38;2;184;184;184my[38;2;233;233;233mg[38;2;242;242;242m@[38;2;251;251;251m@[38;2;252;252;252m@@@@@@@@@@@@@[38;2;251;251;251m@  [38;2;0;0;226m@      [39m
 [38;2;0;0;0m     [38;2;0;0;226m@  [38;2;249;249;249m@[38;2;252;252;252m@@@@@@@@@@@@@@@@@@@@[38;2;251;251;251m@  [38;2;0;0;226m@      [39m
 [38;2;0;0;0m     [38;2;0;0;226m@  [38;2;249;249;249m@[38;2;252;252;252m@@@@@@@@@@@@@@@@@@@@[38;2;251;251;251m@  [38;2;0;0;227m@      [39m
 [38;2;0;0;0m     [38;2;0;0;226m@  [38;2;249;249;249m@[38;2;252;252;252m@@@@@@@@@@@@@@@@@@@@[38;2;251;251;251m@  [38;2;0;0;227m@      [39m
 [38;2;0;0;0m     [38;2;0;0;226m@  [38;2;249;249;249m@[38;2;252;252;252m@@@@@@@@@@@@@@@@@@@@[38;2;251;251;251m@  [38;2;0;0;226m@      [39m
 [38;2;0;0;0m     [38;2;0;0;221m@  [38;2;246;246;246m@[38;2;252;252;252m@@@@@@@@@@@@@@@@@@@@[38;2;249;249;249m@  [38;2;0;0;223m@      [39m
 [38;2;0;0;0m     [38;2;1;0;213m`[38;2;0;0;225m$[38;2;0;0;208m,[38;2;172;172;172m~[38;2;199;199;199m@[38;2;251;251;251m@@[38;2;252;252;252m@[38;2;229;229;229m@[38;2;214;214;214mF[38;2;183;183;183mF[38;2;166;166;166m@[38;2;246;246;246m@[38;2;251;251;251m@@[38;2;246;246;246m@[38;2;177;177;177m@[38;2;187;187;187mF[38;2;192;192;192mF[38;2;224;224;224m@[38;2;252;252;252m@[38;2;251;251;251m@@[38;2;212;212;212m@[38;2;200;200;200m~ [38;2;0;0;230ma[38;2;1;1;202m~      [39m
 [38;2;0;0;0m      [38;2;1;0;218m`[38;2;0;0;226m4[38;2;0;0;225mg_[38;2;0;0;226m_[38;2;147;147;147m`[38;2;114;114;114m`[38;2;0;0;225m_[38;2;0;0;219ma[38;2;0;0;227ma[38;2;0;0;205my[38;2;0;0;225m_[38;2;141;141;141m``[38;2;0;0;225m_[38;2;0;0;205my[38;2;0;0;225mg[38;2;0;0;215mg[38;2;0;0;225m_[38;2;115;115;115m`[38;2;150;150;150m`[38;2;0;0;226m_[38;2;0;0;227m_[38;2;0;0;225mg[38;2;0;0;228mP[38;2;1;1;203m~       [39m
 [38;2;0;0;0m        [38;2;4;2;189m`[38;2;0;0;224m~[38;2;0;0;226m~~~[38;2;0;0;227m~[38;2;2;0;208m` [38;2;1;1;204m~[38;2;0;0;226m~~[38;2;0;0;225m~[38;2;0;0;226m~[38;2;2;1;209m~ [38;2;2;0;207m`[38;2;0;0;224m~[38;2;0;0;227m~[38;2;0;0;226m~~[38;2;0;0;225m~[38;2;2;3;193m`         [39m
 [38;2;0;0;0m                                       [39m
[?25h