[?25l[39m [38;2;0;0;0m              [38;2;0;0;231m_[38;2;0;0;225m_[38;2;0;0;227m_[38;2;0;0;214my[38;2;0;0;219myy[38;2;0;0;214my[38;2;0;0;227m_[38;2;0;0;225m_[38;2;0;0;230m_               [39m
 [38;2;0;0;0m          [38;2;0;0;217m_[38;2;1;0;211my[38;2;0;0;227mg[38;2;0;0;219m@[38;2;0;0;224m=[38;2;0;0;226m~[38;2;0;0;228m~~[38;2;0;0;221m~~[38;2;0;0;228m~~[38;2;0;0;226m~[38;2;0;0;223m=[38;2;0;0;219m@[38;2;0;0;228mg[38;2;0;0;211my[38;2;0;0;216m_           [39m
 [38;2;0;0;0m        [38;2;0;0;221m_[38;2;0;0;227mg[38;2;0;0;228mP[38;2;0;0;229m~[38;2;111;111;111m_[38;2;176;176;176my[38;2;221;221;221ma[38;2;220;220;220m$[38;2;246;246;246m@[38;2;251;251;251m@@@@[38;2;248;248;248m@[38;2;225;225;225m$[38;2;212;212;212mg[38;2;173;173;173my[38;2;111;111;111m_[38;2;0;0;225m~[38;2;0;0;219mR[38;2;0;0;227mg[38;2;0;0;221m_         [39m
 [38;2;0;0;0m       [38;2;0;0;215mg@[38;2;0;0;207m~[38;2;186;186;186m_[38;2;231;231;231mg[38;2;250;250;250m@[38;2;252;252;252m@@@@@@@@@@@@[38;2;251;251;251m@[38;2;231;231;231mg[38;2;187;187;187m_[38;2;0;0;204m~[38;2;0;0;221mR[38;2;0;0;216mg        [39m
 [38;2;0;0;0m      [38;2;0;0;223mg[38;2;0;0;228mF [38;2;183;183;183mg[38;2;250;250;250m@[38;2;252;252;252m@@@@@@@@@@@@@@@@[38;2;251;251;251m@[38;2;179;179;179mg [38;2;0;0;207m4[38;2;0;0;221m$       [39m
 [38;2;0;0;0m     [38;2;1;0;209mj[38;2;0;0;215m@ [38;2;173;173;173mg[38;2;251;251;251m@[38;2;252;252;252m@[38;2;194;194;194m@[38;2;192;192;192mR[38;2;241;241;241m@[38;2;251;251;251m@[38;2;252;252;252m@@@@@[38;2;245;245;245m@[38;2;216;216;216mP[38;2;195;195;195m@[38;2;250;250;250m@[38;2;252;252;252m@@@@[38;2;251;251;251m@[38;2;146;146;146m@ [38;2;0;0;217mR[38;2;0;0;221mi      [39m
 [38;2;0;0;0m     [38;2;0;0;216m@[38;2;1;1;194m' [38;2;239;239;239m@[38;2;252;252;252m@[38;2;251;251;251m@[38;2;209;209;209my[38;2;222;222;222m_ [38;2;157;157;157m~[38;2;179;179;179mT[38;2;187;187;187m@[38;2;252;252;252m@@@[38;2;227;227;227m@[38;2;170;170;170my[38;2;113;113;113m_[38;2;99;99;99m`[38;2;226;226;226m~[38;2;174;174;174mP[38;2;227;227;227m@[38;2;251;251;251m@[38;2;252;252;252m@[38;2;247;247;247m@  [38;2;0;0;224m$      [39m
 [38;2;0;0;0m     [38;2;0;0;226m@  [38;2;249;249;249m@[38;2;252;252;252m@@[38;2;247;247;247m@[38;2;180;180;180m@[38;2;145;145;145mF  [38;2;133;133;133my[38;2;202;202;202m@[38;2;251;251;251m@[38;2;252;252;252m@[38;2;251;251;251m@[38;2;231;231;231m@[38;2;218;218;218mF[38;2;87;87;87m^ [38;2;128;128;128m_[38;2;188;188;188my[38;2;248;248;248m@[38;2;252;252;252m@[38;2;251;251;251m@  [38;2;0;0;226m@      [39m
 [38;2;0;0;0m     [38;2;0;0;226m@  [38;2;249;249;249m@[38;2;252;252;252m@[38;2;251;251;251m@[38;2;233;233;233m_[38;2;217;217;217m_[38;2;192;192;192my[38;2;240;240;240mg[38;2;245;245;245m@[38;2;251;251;251m@[38;2;252;252;252m@@@[38;2;209;209;209m@[38;2;204;204;204m_[38;2;141;141;141my[38;2;189;189;189mg[38;2;212;212;212m@[38;2;251;251;251m@[38;2;252;252;252m@@@[38;2;251;251;251m@  [38;2;0;0;226m@      [39m
 [38;2;0;0;0m     [38;2;0;0;226m@  [38;2;249;249;249m@[38;2;252;252;252m@@@[38;2;251;251;251m@[38;2;252;252;252m@@@@@@@@[38;2;251;251;251m@[38;2;252;252;252m@@@@@@@[38;2;251;251;251m@  [38;2;0;0;226m@      [39m
 [38;2;0;0;0m     [38;2;0;0;226m@  [38;2;249;249;249m@[38;2;252;252;252m@@@@@@@@@@@@@@@@@@@@[38;2;251;251;251m@  [38;2;0;0;226m@      [39m
 [38;2;0;0;0m     [38;2;0;0;226m@  [38;2;249;249;249m@[38;2;252;252;252m@@@@@@@@@@@@@@@@@@@@[38;2;251;251;251m@  [38;2;0;0;227m@      [39m
 [38;2;0;0;0m     [38;2;0;0;226m@  [38;2;249;249;249m@[38;2;252;252;252m@@@@@@@@@@@@@@@@@@@@[38;2;251;251;251m@  [38;2;0;0;227m@      [39m
 [38;2;0;0;0m     [38;2;0;0;218m@[38;2;0;0;215m, [38;2;238;238;238m@[38;2;252;252;252m@@@@@@@@@@@@@@@@@@@@[38;2;246;246;246m@ [38;2;1;0;173mj[38;2;0;0;221m@      [39m
 [38;2;0;0;0m     [38;2;1;1;209m`[38;2;0;0;227m@[38;2;0;0;225m_[38;2;190;190;190m`[38;2;173;173;173mA[38;2;231;231;231m@[38;2;246;246;246m@[38;2;240;240;240m@[38;2;175;175;175m@[38;2;252;252;252m~[38;2;251;251;251m~[38;2;144;144;144m5[38;2;201;201;201m@[38;2;246;246;246m@@[38;2;207;207;207m@[38;2;199;199;199mF[38;2;251;251;251m~~[38;2;197;197;197mR[38;2;240;240;240m@[38;2;247;247;247m@[38;2;233;233;233m@[38;2;210;210;210mP[38;2;135;135;135m~[38;2;0;0;223m_[38;2;0;0;225m$[38;2;0;0;232m'      [39m
 [38;2;0;0;0m      [38;2;1;1;206m`[38;2;0;0;214m?[38;2;0;0;219m@[38;2;0;0;220my[38;2;0;0;226m___[38;2;0;0;214my[38;2;0;0;227ma[38;2;0;0;222m@[38;2;0;0;224mg[38;2;0;0;225m_[38;2;0;0;226m__[38;2;0;0;225m_g[38;2;0;0;221m@[38;2;0;0;227ma[38;2;0;0;213my[38;2;0;0;226m___[38;2;0;0;219my[38;2;0;0;225ma[38;2;0;0;215mF[38;2;1;0;221m'       [39m
 [38;2;0;0;0m         [38;2;0;0;229m`~[38;2;0;0;231m~[38;2;0;0;232m~[38;2;2;1;201m~  [38;2;1;2;199m`[38;2;0;0;222m~[38;2;0;0;231m~[38;2;0;0;232m~[38;2;0;0;221m~[38;2;1;2;197m`  [38;2;1;2;201m~[38;2;0;0;230m~~~`          [39m
 [38;2;0;0;0m                                       [39m
 [38;2;0;0;0m                                       [39m
[?25h