[?25l[39m [38;2;0;0;0m                                       [39m
 [38;2;0;0;0m              [38;2;2;1;200m_[38;2;0;0;226m__[38;2;0;0;225m_[38;2;1;1;200my[38;2;1;1;201my[38;2;0;0;224m_[38;2;0;0;226m__[38;2;0;0;223m_               [39m
 [38;2;0;0;0m           [38;2;0;0;227m_[38;2;0;0;225mgP[38;2;0;0;217m=[38;2;0;0;225m~[38;2;0;0;231m~[38;2;119;119;119m_[38;2;155;155;155m_[38;2;162;162;162m_[38;2;136;136;136m_[38;2;0;0;232m~[38;2;0;0;227m~[38;2;0;0;226m~[38;2;0;0;224m4[38;2;0;0;228ma[38;2;0;0;225m_[38;2;0;1;208m_           [39m
 [38;2;0;0;0m         [38;2;0;0;214ma[38;2;0;0;228mP[38;2;0;0;226m~[38;2;113;113;113m_[38;2;183;183;183my[38;2;229;229;229mg[38;2;224;224;224m@[38;2;250;250;250m@[38;2;252;252;252m@[38;2;251;251;251m@@@[38;2;252;252;252m@[38;2;239;239;239m@[38;2;246;246;246mg[38;2;212;212;212my[38;2;221;221;221m_[38;2;0;0;214m~?[38;2;0;0;227ma[38;2;0;0;223m_         [39m
 [38;2;0;0;0m       [38;2;0;0;224m_[38;2;0;0;220m@[38;2;0;0;211m~[38;2;159;159;159m_[38;2;224;224;224mg[38;2;250;250;250m@[38;2;252;252;252m@@@@@@@@@@@@[38;2;251;251;251m@[38;2;228;228;228m@[38;2;175;175;175my [38;2;0;0;219m?[38;2;0;0;223mg        [39m
 [38;2;0;0;0m      [38;2;0;0;215mj[38;2;0;0;228mP [38;2;189;189;189my[38;2;248;248;248m@[38;2;252;252;252m@@@@@@@@@@@@@@@@[38;2;251;251;251m@[38;2;207;207;207m@[38;2;77;77;77m,[38;2;0;0;208m~[38;2;0;0;229m$       [39m
 [38;2;0;0;0m      [38;2;0;0;231m@ [38;2;146;146;146my[38;2;250;250;250m@[38;2;225;225;225mP[38;2;182;182;182mM[38;2;217;217;217m@[38;2;251;251;251m@[38;2;252;252;252m@@@@@@@@@@@@@@@[38;2;217;217;217m@ [38;2;0;0;208m~[38;2;0;0;213m$      [39m
 [38;2;0;0;0m     [38;2;0;0;212mJ[38;2;1;0;213m[ [38;2;216;216;216m$[38;2;251;251;251m@[38;2;203;203;203mg[38;2;144;144;144my[38;2;69;69;69m_[38;2;154;154;154m`[38;2;245;245;245m~[38;2;189;189;189mA[38;2;247;247;247m@[38;2;252;252;252m@[38;2;250;250;250m@[38;2;232;232;232mP[38;2;219;219;219mPPPPP[38;2;203;203;203mR[38;2;250;250;250m@[38;2;252;252;252m@@[38;2;251;251;251m@[38;2;126;126;126mL [38;2;0;0;235m$      [39m
 [38;2;0;0;0m     [38;2;1;0;211m4[38;2;0;0;204m[ [38;2;233;233;233m$[38;2;251;251;251m@[38;2;238;238;238m@[38;2;209;209;209mP[38;2;213;213;213m~ [38;2;83;83;83m_[38;2;162;162;162my[38;2;207;207;207m@[38;2;252;252;252m@[38;2;232;232;232m@[38;2;177;177;177my[38;2;163;163;163myyyyy[38;2;178;178;178my[38;2;217;217;217m@[38;2;252;252;252m@@[38;2;251;251;251m@[38;2;142;142;142mF [38;2;0;0;236m$      [39m
 [38;2;0;0;0m     [38;2;1;0;212m4[38;2;0;0;201m[ [38;2;234;234;234m$[38;2;251;251;251m@[38;2;159;159;159my[38;2;253;253;253m_[38;2;208;208;208my[38;2;251;251;251mg@[38;2;252;252;252m@@@@@@@@@@@@@@@[38;2;139;139;139mF [38;2;0;0;236m$      [39m
 [38;2;0;0;0m     [38;2;0;0;214m4[38;2;0;0;200m[ [38;2;223;223;223m@[38;2;252;252;252m@@@@@@@@@@@@@@@@@@@@@[38;2;134;134;134mF [38;2;0;0;236m$      [39m
 [38;2;0;0;0m     [38;2;0;0;217m4[38;2;0;0;197m[ [38;2;229;229;229m@[38;2;252;252;252m@@@@@@@@@@@@@@@@@@@@@[38;2;122;122;122mF [38;2;0;0;236m$      [39m
 [38;2;0;0;0m     [38;2;0;0;220m4[38;2;0;0;190m[ [38;2;236;236;236m@[38;2;252;252;252m@@@@@@@@@@@@@@@@@@@@[38;2;251;251;251m@[38;2;121;121;121mL [38;2;0;0;232m@      [39m
 [38;2;0;0;0m     [38;2;0;0;213m$  [38;2;243;243;243m@[38;2;252;252;252m@@@@@@@@@@@@@@@@@@@@[38;2;251;251;251m@[38;2;102;102;102mL [38;2;0;0;230m@      [39m
 [38;2;0;0;0m     [38;2;0;0;216m9[38;2;0;0;217m, [38;2;233;233;233m@[38;2;252;252;252m@@@@@@@@@@@@@@@@@@@@[38;2;249;249;249m@[38;2;65;65;65m~ [38;2;0;0;226m@      [39m
 [38;2;0;0;0m     [38;2;2;1;204m`[38;2;0;0;226m@[38;2;0;0;219m_[38;2;105;105;105m~[38;2;184;184;184mR[38;2;207;207;207m@[38;2;194;194;194mF[38;2;251;251;251m~[38;2;155;155;155mM[38;2;207;207;207m@[38;2;249;249;249m@[38;2;251;251;251m@[38;2;233;233;233m@[38;2;204;204;204mP[38;2;251;251;251m~~[38;2;166;166;166m@[38;2;240;240;240m@[38;2;251;251;251m@[38;2;245;245;245m@[38;2;195;195;195m@[38;2;179;179;179mF[38;2;251;251;251m~[38;2;181;181;181mF[38;2;172;172;172m~[38;2;0;0;213m_[38;2;0;0;231ma[38;2;1;1;199m~      [39m
 [38;2;0;0;0m      [38;2;2;2;203m`[38;2;0;0;212m?[38;2;0;0;226ma[38;2;0;0;213my[38;2;0;0;225m_[38;2;0;0;227mg[38;2;0;0;224m@[38;2;0;0;226mg_[38;2;0;0;225m__[38;2;0;0;227m_[38;2;0;0;216ma[38;2;0;0;214m@[38;2;0;0;227ma[38;2;0;0;209my[38;2;0;0;227m_[38;2;0;0;225m__[38;2;0;0;226m_[38;2;0;0;227ma[38;2;0;0;224m@[38;2;0;0;226mg[38;2;0;0;227ma[38;2;0;0;215mF[38;2;0;0;222m'       [39m
 [38;2;0;0;0m         [38;2;0;0;226m`[38;2;1;0;211m~   [38;2;1;0;213m~[38;2;0;0;226m~[38;2;0;0;227m~[38;2;0;0;224m~[38;2;1;0;216m`  [38;2;0;0;227m`[38;2;0;0;225m~[38;2;0;0;227m~[38;2;0;0;226m~[38;2;2;1;201m~  [38;2;4;1;193m`          [39m
 [38;2;0;0;0m                                       [39m
[?25h