[?25l[39m [38;2;0;0;0m              [38;2;0;0;231m_[38;2;0;0;225m_[38;2;1;1;203my[38;2;0;0;216my[38;2;0;0;221myy[38;2;0;0;216my[38;2;1;1;203my[38;2;0;0;225m_[38;2;0;0;231m_               [39m
 [38;2;0;0;0m          [38;2;0;0;218m_[38;2;0;0;213my[38;2;0;0;224ms[38;2;0;0;215mP[38;2;0;0;226m~[38;2;0;0;225m~[38;2;170;170;170m_[38;2;236;236;236m_[38;2;246;246;246m__[38;2;236;236;236m_[38;2;169;169;169m_[38;2;0;0;224m~[38;2;0;0;226m~[38;2;0;0;223m=[38;2;1;0;214m@[38;2;0;0;213my[38;2;1;0;220m_           [39m
 [38;2;0;0;0m        [38;2;0;0;221m_[38;2;0;0;230ma[38;2;0;0;215mF[38;2;1;0;201m~[38;2;140;140;140my[38;2;193;193;193mg[38;2;222;222;222m$[38;2;251;251;251m@@[38;2;252;252;252m@@@@[38;2;251;251;251m@@[38;2;228;228;228m$[38;2;194;194;194mg[38;2;238;238;238m_[38;2;0;0;229m`[38;2;0;0;211m?[38;2;0;0;229ma[38;2;0;0;223m_         [39m
 [38;2;0;0;0m       [38;2;0;0;218mg[38;2;0;0;227mF [38;2;185;185;185my[38;2;221;221;221m@[38;2;251;251;251m@[38;2;252;252;252m@@@@@@@@@@@@[38;2;251;251;251m@[38;2;232;232;232m@[38;2;177;177;177my [38;2;0;0;198mN[38;2;0;0;219mg        [39m
 [38;2;0;0;0m      [38;2;0;0;226mg[38;2;0;0;211mF [38;2;222;222;222mg[38;2;251;251;251m@[38;2;252;252;252m@@@@@@@@@@@@@@@@[38;2;251;251;251m@[38;2;195;195;195m@ [38;2;0;0;218m~[38;2;0;0;224m$       [39m
 [38;2;0;0;0m     [38;2;1;0;208mj[38;2;0;0;228mF [38;2;206;206;206mg[38;2;251;251;251m@@[38;2;244;244;244m@@[38;2;251;251;251m@[38;2;252;252;252m@@@@@@@@@@@@@@[38;2;251;251;251m@[38;2;185;185;185m@ [38;2;0;0;219m?[38;2;0;0;221mi      [39m
 [38;2;0;0;0m     [38;2;0;0;218m@  [38;2;245;245;245m@[38;2;252;252;252m@[38;2;243;243;243m@[38;2;230;230;230m_ [38;2;126;126;126m~[38;2;244;244;244m~[38;2;170;170;170m#[38;2;216;216;216m@[38;2;251;251;251m@[38;2;252;252;252m@[38;2;251;251;251m@[38;2;232;232;232m@[38;2;223;223;223m@@@@@[38;2;234;234;234m@[38;2;251;251;251m@[38;2;252;252;252m@[38;2;250;250;250m@  [38;2;0;0;226m$      [39m
 [38;2;0;0;0m     [38;2;0;0;226m@  [38;2;249;249;249m@[38;2;252;252;252m@@[38;2;237;237;237m@[38;2;222;222;222mP[38;2;73;73;73m\  [38;2;182;182;182m_[38;2;183;183;183m$[38;2;252;252;252m@[38;2;217;217;217m@[38;2;216;216;216m_[38;2;195;195;195m__[38;2;196;196;196m_[38;2;197;197;197m__[38;2;222;222;222m_[38;2;220;220;220m$[38;2;252;252;252m@[38;2;251;251;251m@  [38;2;0;0;226m@      [39m
 [38;2;0;0;0m     [38;2;0;0;226m@  [38;2;249;249;249m@[38;2;252;252;252m@[38;2;244;244;244m@[38;2;242;242;242m_[38;2;241;241;241m_[38;2;201;201;201my[38;2;239;239;239mg[38;2;238;238;238m@[38;2;251;251;251m@[38;2;252;252;252m@@@[38;2;251;251;251m@@@@@@@[38;2;252;252;252m@@[38;2;251;251;251m@  [38;2;0;0;226m@      [39m
 [38;2;0;0;0m     [38;2;0;0;226m@  [38;2;249;249;249m@[38;2;252;252;252m@@@@@@@@@@@@@@@@@@@@[38;2;251;251;251m@  [38;2;0;0;226m@      [39m
 [38;2;0;0;0m     [38;2;0;0;226m@  [38;2;249;249;249m@[38;2;252;252;252m@@@@@@@@@@@@@@@@@@@@[38;2;251;251;251m@  [38;2;0;0;226m@      [39m
 [38;2;0;0;0m     [38;2;0;0;226m@  [38;2;249;249;249m@[38;2;252;252;252m@@@@@@@@@@@@@@@@@@@@[38;2;251;251;251m@  [38;2;0;0;227m@      [39m
 [38;2;0;0;0m     [38;2;0;0;226m@  [38;2;249;249;249m@[38;2;252;252;252m@@@@@@@@@@@@@@@@@@@@[38;2;251;251;251m@  [38;2;0;0;227m@      [39m
 [38;2;0;0;0m     [38;2;0;0;225m@  [38;2;249;249;249m@[38;2;252;252;252m@@@@@@@@@@@@@@@@@@@@[38;2;251;251;251m@  [38;2;0;0;226m@      [39m
 [38;2;0;0;0m     [38;2;0;0;211m@[38;2;0;0;228mL [38;2;210;210;210m4[38;2;251;251;251m@[38;2;252;252;252m@@@[38;2;251;251;251m@[38;2;248;248;248m@[38;2;243;243;243m@[38;2;251;251;251m@[38;2;252;252;252m@@@@[38;2;251;251;251m@[38;2;242;242;242m@[38;2;248;248;248m@[38;2;251;251;251m@[38;2;252;252;252m@@@[38;2;251;251;251m@[38;2;174;174;174m@ [38;2;0;0;228mj[38;2;0;0;217m@      [39m
 [38;2;0;0;0m     [38;2;2;2;202m`[38;2;0;0;223m@g[38;2;0;0;228m_[38;2;133;133;133m~[38;2;248;248;248m~[38;2;177;177;177mF[38;2;166;166;166mF[38;2;204;204;204m~[38;2;0;0;225m_[38;2;0;0;226m_[38;2;109;109;109m`[38;2;237;237;237m~[38;2;170;170;170mF[38;2;178;178;178mF[38;2;242;242;242m~[38;2;108;108;108m`[38;2;0;0;226m_[38;2;0;0;225m_[38;2;179;179;179m~[38;2;174;174;174mT[38;2;180;180;180mF[38;2;251;251;251m~[38;2;156;156;156m~[38;2;0;0;228m_[38;2;0;0;225ma[38;2;0;0;224m@[38;2;0;0;226m'      [39m
 [38;2;0;0;0m       [38;2;0;0;229m~[38;2;0;0;219mR[38;2;0;0;226m@@[38;2;0;0;220m@[38;2;0;0;224m@[38;2;0;0;226m@[38;2;0;0;221m@[38;2;0;0;220m4[38;2;0;0;228m@[38;2;0;0;226m@[38;2;0;0;222m@[38;2;0;0;221m@[38;2;0;0;226m@[38;2;0;0;228m@[38;2;0;0;221mP[38;2;0;0;220m@[38;2;0;0;226m@[38;2;0;0;224m@[38;2;0;0;219m@[38;2;0;0;225m@[38;2;0;0;226m@[38;2;1;0;213m@[38;2;0;0;229m~        [39m
 [38;2;0;0;0m          [38;2;0;0;225m`[38;2;0;0;228m`[38;2;0;0;227m`    [38;2;2;0;213m`[38;2;0;0;228m`[38;2;0;0;227m`[38;2;2;1;213m`    [38;2;0;0;228m`[38;2;4;1;199m~[38;2;1;0;226m`           [39m
 [38;2;0;0;0m                                       [39m
[?25h