[?25l[39m [38;2;0;0;0m              [38;2;0;0;229m_[38;2;0;0;225m_[38;2;1;1;208my[38;2;0;0;219my[38;2;0;0;221ma[38;2;0;0;220may[38;2;1;1;208my[38;2;0;0;225m_[38;2;0;0;229m_               [39m
 [38;2;0;0;0m          [38;2;0;0;223m_[38;2;0;0;216my[38;2;0;0;212m@[38;2;0;0;220m=[38;2;0;0;226m~[38;2;0;0;222m~[38;2;201;201;201m_[38;2;241;241;241m_[38;2;140;140;140my[38;2;139;139;139my[38;2;241;241;241m_[38;2;199;199;199m_[38;2;0;0;222m~[38;2;0;0;226m~[38;2;0;0;220m=[38;2;0;0;215m@[38;2;0;0;216my[38;2;0;0;224m_           [39m
 [38;2;0;0;0m        [38;2;0;0;224m_[38;2;0;0;228ma[38;2;0;0;212mF[38;2;1;0;224m`[38;2;150;150;150my[38;2;204;204;204mg[38;2;228;228;228m$[38;2;251;251;251m@@[38;2;252;252;252m@@@@[38;2;251;251;251m@@[38;2;220;220;220m@[38;2;203;203;203mg[38;2;140;140;140my[38;2;0;0;224m`[38;2;0;0;226m~[38;2;0;0;217m@[38;2;0;0;225m_         [39m
 [38;2;0;0;0m       [38;2;0;0;220mg[38;2;0;0;226mF [38;2;190;190;190my[38;2;227;227;227m@[38;2;251;251;251m@[38;2;252;252;252m@@@@@@@@@@@@@[38;2;237;237;237m@[38;2;183;183;183my [38;2;0;0;195mN[38;2;0;0;221mg        [39m
 [38;2;0;0;0m      [38;2;0;0;228mg[38;2;0;0;208mF [38;2;226;226;226mg[38;2;251;251;251m@[38;2;252;252;252m@@@@@@@@@@@@@@@@[38;2;251;251;251m@[38;2;200;200;200m@ [38;2;0;0;216m~[38;2;0;0;225m$       [39m
 [38;2;0;0;0m     [38;2;0;0;210mj[38;2;0;0;227mF [38;2;209;209;209mg[38;2;251;251;251m@@[38;2;219;219;219mP[38;2;182;182;182mM[38;2;225;225;225m@[38;2;251;251;251m@[38;2;252;252;252m@@@@@@@@@@@@@[38;2;251;251;251m@[38;2;188;188;188m@ [38;2;0;0;218m?l      [39m
 [38;2;0;0;0m     [38;2;0;0;218m@  [38;2;246;246;246m@[38;2;252;252;252m@[38;2;251;251;251m@[38;2;193;193;193mg[38;2;249;249;249m_ [38;2;99;99;99m~[38;2;243;243;243m~[38;2;182;182;182mR[38;2;247;247;247m@[38;2;252;252;252m@[38;2;248;248;248m@[38;2;206;206;206mR[38;2;194;194;194mRRRRR[38;2;178;178;178m@[38;2;250;250;250m@[38;2;252;252;252m@[38;2;250;250;250m@  [38;2;0;0;226m$      [39m
 [38;2;0;0;0m     [38;2;0;0;226m@  [38;2;249;249;249m@[38;2;252;252;252m@[38;2;251;251;251m@[38;2;233;233;233m@[38;2;202;202;202mP[38;2;215;215;215m~ [38;2;104;104;104m_[38;2;165;165;165my[38;2;206;206;206m@[38;2;251;251;251m@[38;2;227;227;227m@[38;2;180;180;180my[38;2;169;169;169myyyyy[38;2;183;183;183my[38;2;222;222;222m@[38;2;252;252;252m@[38;2;251;251;251m@  [38;2;0;0;226m@      [39m
 [38;2;0;0;0m     [38;2;0;0;226m@  [38;2;249;249;249m@[38;2;252;252;252m@[38;2;250;250;250m@[38;2;158;158;158my[38;2;142;142;142my[38;2;216;216;216my[38;2;206;206;206m@[38;2;251;251;251m@[38;2;252;252;252m@@@@@@@@@@@@@[38;2;251;251;251m@  [38;2;0;0;226m@      [39m
 [38;2;0;0;0m     [38;2;0;0;226m@  [38;2;249;249;249m@[38;2;252;252;252m@@@@@@@@@@@@@@@@@@@@[38;2;251;251;251m@  [38;2;0;0;226m@      [39m
 [38;2;0;0;0m     [38;2;0;0;226m@  [38;2;249;249;249m@[38;2;252;252;252m@@@@@@@@@@@@@@@@@@@@[38;2;251;251;251m@  [38;2;0;0;226m@      [39m
 [38;2;0;0;0m     [38;2;0;0;226m@  [38;2;249;249;249m@[38;2;252;252;252m@@@@@@@@@@@@@@@@@@@@[38;2;251;251;251m@  [38;2;0;0;227m@      [39m
 [38;2;0;0;0m     [38;2;0;0;226m@  [38;2;249;249;249m@[38;2;252;252;252m@@@@@@@@@@@@@@@@@@@@[38;2;251;251;251m@  [38;2;0;0;227m@      [39m
 [38;2;0;0;0m     [38;2;0;0;225m@  [38;2;250;250;250m@[38;2;252;252;252m@@@@@@@@@@@@@@@@@@@@[38;2;251;251;251m@  [38;2;0;0;226m@      [39m
 [38;2;0;0;0m     [38;2;0;0;214m9[38;2;0;0;232mL [38;2;168;168;168m4[38;2;250;250;250m@[38;2;252;252;252m@@@[38;2;251;251;251m@[38;2;224;224;224m@[38;2;196;196;196m@[38;2;244;244;244m@[38;2;251;251;251m@[38;2;252;252;252m@@[38;2;251;251;251m@[38;2;244;244;244m@[38;2;196;196;196m@[38;2;222;222;222m@[38;2;251;251;251m@[38;2;252;252;252m@@@[38;2;250;250;250m@[38;2;222;222;222mF [38;2;0;0;218my[38;2;0;0;216m$      [39m
 [38;2;0;0;0m     [38;2;2;2;192m`[38;2;0;0;215m@[38;2;0;0;221m$[38;2;0;0;226m_[38;2;119;119;119m`[38;2;222;222;222m~[38;2;251;251;251m~[38;2;240;240;240m~[38;2;115;115;115m~[38;2;0;0;227m_[38;2;0;0;210my[38;2;0;0;226m_[38;2;181;181;181m~[38;2;247;247;247m~[38;2;249;249;249m~[38;2;200;200;200m~[38;2;0;0;226m_[38;2;0;0;210my[38;2;0;0;227m_[38;2;188;188;188m`[38;2;236;236;236m~[38;2;252;252;252m~[38;2;232;232;232m~[38;2;131;131;131m`[38;2;0;0;226m_[38;2;0;0;227mg[38;2;0;0;218m@[38;2;0;0;214m'      [39m
 [38;2;0;0;0m       [38;2;0;0;228m~[38;2;0;0;221m4[38;2;0;0;227m@[38;2;0;0;226m@@@[38;2;0;0;227m@[38;2;0;0;225mP[38;2;0;0;224m=[38;2;0;0;221m@[38;2;0;0;226m@@@@[38;2;0;0;221m@[38;2;0;0;224m=[38;2;0;0;225m4[38;2;0;0;227m@[38;2;0;0;226m@@@[38;2;0;0;227m@[38;2;0;0;222mP[38;2;0;0;227m~        [39m
 [38;2;0;0;0m           [38;2;3;1;203m`      [38;2;4;2;201m`[38;2;4;2;200m`      [38;2;3;2;204m`            [39m
 [38;2;0;0;0m                                       [39m
[?25h