[?25l[39m [38;2;0;0;0m               [38;2;0;0;229m_[38;2;0;0;226m_[38;2;1;1;208my[38;2;0;0;219mya[38;2;0;0;218may[38;2;1;1;206my[38;2;0;0;225m_[38;2;0;0;231m_              [39m
 [38;2;0;0;0m            [38;2;0;0;226m_g[38;2;0;0;224mP[38;2;0;0;225m~[38;2;0;0;226m~[38;2;100;100;100m_[38;2;233;233;233m_[38;2;247;247;247m_[38;2;139;139;139my[38;2;245;245;245m_[38;2;230;230;230m_[38;2;92;92;92m_[38;2;0;0;227m~~[38;2;0;0;213mR[38;2;0;0;218mg[38;2;0;0;227m_          [39m
 [38;2;0;0;0m          [38;2;0;0;231m_[38;2;0;0;223m@[38;2;0;0;229m~ [38;2;174;174;174my[38;2;237;237;237mg[38;2;239;239;239m@[38;2;251;251;251m@[38;2;252;252;252m@@@@@[38;2;251;251;251m@[38;2;247;247;247m@[38;2;250;250;250mg[38;2;207;207;207my[38;2;215;215;215m_[38;2;0;0;224m~[38;2;0;0;223m4[38;2;0;0;217mg[38;2;0;1;208m_       [39m
 [38;2;0;0;0m         [38;2;0;0;220mg[38;2;0;0;228mF [38;2;183;183;184my[38;2;234;234;234m@[38;2;251;251;251m@[38;2;252;252;252m@@@@@@@@@@@@[38;2;251;251;251m@[38;2;229;229;229m@[38;2;186;186;186my [38;2;0;0;217m?[38;2;0;0;219mg      [39m
 [38;2;0;0;0m        [38;2;0;0;227mj[38;2;0;0;228mF [38;2;191;191;191mg[38;2;251;251;251m@[38;2;252;252;252m@@@@@@@@@@@@@@@@@[38;2;224;224;224m@[38;2;127;127;127m_[38;2;0;0;207m"[38;2;0;0;229m$[38;2;0;0;216m,    [39m
 [38;2;0;0;0m        [38;2;0;0;234m@ [38;2;127;127;128my[38;2;251;251;251m@[38;2;252;252;252m@@@@@@@@@@[38;2;251;251;251m@[38;2;229;229;229mF[38;2;250;250;250m~[38;2;191;191;191mR[38;2;243;243;243m@[38;2;251;251;251m@[38;2;252;252;252m@@@[38;2;240;240;240m@[38;2;69;69;69m,[38;2;2;2;190m`[38;2;0;0;228m$    [39m
 [38;2;0;0;0m       [38;2;2;2;187mJ[38;2;0;0;215mE [38;2;173;173;173m$[38;2;252;252;252m@@@@@@@@@@@[38;2;251;251;251m@[38;2;212;212;212m@[38;2;200;200;200my[38;2;220;220;220m_ [38;2;163;163;163m~[38;2;181;181;181mT[38;2;218;218;218m@[38;2;252;252;252m@[38;2;249;249;249m@[38;2;132;132;132mF [38;2;0;0;228m$[38;2;0;0;192m,   [39m
 [38;2;0;0;0m       [38;2;2;2;193mJ[38;2;1;1;203m$ [38;2;191;191;191m$[38;2;252;252;252m@@@@@@@@@@@[38;2;251;251;251m@[38;2;222;222;222m@[38;2;206;206;206mF[38;2;217;217;217m~ [38;2;178;178;178m_[38;2;189;189;189my[38;2;205;205;205m@[38;2;251;251;251m@[38;2;250;250;250m@[38;2;151;151;151mw [38;2;0;0;225mB[38;2;0;1;192m|   [39m
 [38;2;0;0;0m       [38;2;2;1;202mJ[38;2;0;1;216m[ [38;2;209;209;209m$[38;2;252;252;252m@@@@@@@@@@@[38;2;251;251;251m@[38;2;213;213;213my[38;2;177;177;177my[38;2;216;216;216mg[38;2;228;228;228m@[38;2;251;251;251m@[38;2;252;252;252m@@@[38;2;251;251;251m@[38;2;144;144;144m@ [38;2;0;0;227m$    [39m
 [38;2;0;0;0m       [38;2;1;1;208m4[38;2;1;0;208m[ [38;2;231;231;231m$[38;2;252;252;252m@@@@@@@@@@@@@@@@@@@@[38;2;251;251;251m@[38;2;157;157;157mF [38;2;0;0;235m$    [39m
 [38;2;0;0;0m       [38;2;0;0;224mg  [38;2;245;245;245m@[38;2;252;252;252m@@@@@@@@@@@@@@@@@@@@[38;2;251;251;251m@[38;2;77;77;77mF [38;2;0;0;229m@    [39m
 [38;2;0;0;0m       [38;2;0;0;235m@ [38;2;126;126;127my[38;2;251;251;251m@[38;2;252;252;252m@@@@@@@@@@@@@@@@@@@@[38;2;240;240;240m@ [38;2;0;0;197mj[38;2;0;0;224mF    [39m
 [38;2;0;0;0m      [38;2;1;1;203mj[38;2;0;0;224mF [38;2;192;192;192m$[38;2;252;252;252m@@@@@@@@@@@@@@@@@@@@[38;2;251;251;251m@[38;2;157;157;157m@ [38;2;0;0;230mg[38;2;0;0;224m'    [39m
 [38;2;0;0;0m      [38;2;0;0;220m@  [38;2;245;245;245m@[38;2;252;252;252m@@@@@@@@@@@@@@@@@@@@[38;2;250;250;250m@[38;2;93;93;93m~ [38;2;0;0;226m@     [39m
 [38;2;0;0;0m      [38;2;0;0;233m@[38;2;0;0;219m, [38;2;205;205;205m@[38;2;245;245;245m@[38;2;212;212;212m@[38;2;241;241;241m@[38;2;251;251;251m@[38;2;252;252;252m@@@[38;2;251;251;251m@[38;2;223;223;223m@[38;2;221;221;221m@[38;2;251;251;251m@[38;2;252;252;252m@@@[38;2;251;251;251m@[38;2;240;240;240m@[38;2;211;211;211m@[38;2;246;246;246m@[38;2;251;251;251m@[38;2;238;238;238m@[38;2;151;151;151mF [38;2;0;0;229mg[38;2;1;1;207mF     [39m
 [38;2;0;0;0m      [38;2;0;0;219m?[38;2;0;0;227m@[38;2;0;0;212my[38;2;0;0;222m_[38;2;0;0;226m__[38;2;0;0;225m_[38;2;169;169;169m~[38;2;249;249;249m~[38;2;251;251;251m~[38;2;232;232;232m~[38;2;107;107;107m`[38;2;0;0;226m_[38;2;0;0;228m_[38;2;160;160;160m`[38;2;239;239;239m~[38;2;251;251;251m~[38;2;247;247;247m~[38;2;150;150;150m~[38;2;0;0;227m_[38;2;0;0;226m_[38;2;0;0;216m_[38;2;175;175;175m~[38;2;0;0;228m_[38;2;0;0;214ma[38;2;0;0;227m@[38;2;0;1;206mF      [39m
 [38;2;0;0;0m       [38;2;0;0;218m~[38;2;0;0;220m4[38;2;0;0;228m@[38;2;0;0;226mP[38;2;0;0;228m=[38;2;0;0;227m@[38;2;0;0;226m@@[38;2;0;0;227m@[38;2;0;0;226m@[38;2;0;0;222m@[38;2;0;0;228m=[38;2;0;0;216m@[38;2;0;0;226m@@[38;2;0;0;227m@[38;2;0;0;226m@[38;2;0;0;227m@[38;2;0;0;222mP[38;2;0;0;223m4[38;2;0;0;228m@[38;2;0;0;227m@[38;2;0;0;226mP[38;2;0;0;228m~[38;2;2;2;198m`       [39m
 [38;2;0;0;0m              [38;2;1;1;219m`[38;2;1;1;216m`     [38;2;1;1;214m`[38;2;1;1;223m`[38;2;2;2;191m`               [39m
 [38;2;0;0;0m                                       [39m
[?25h