[?25l[39m [38;2;0;0;0m                                       [39m
 [38;2;0;0;0m            [38;2;1;0;220m_[38;2;0;0;224m_[38;2;1;0;217mg[38;2;0;0;228ma[38;2;0;0;216m#[38;2;0;0;228m=[38;2;0;0;230m==[38;2;0;0;229m=[38;2;0;0;215m#[38;2;0;0;228ma[38;2;0;0;222mg[38;2;0;0;225m_[38;2;0;0;228m_             [39m
 [38;2;0;0;0m         [38;2;2;2;191m_[38;2;1;0;212my[38;2;0;0;214m@[38;2;0;0;226m~[38;2;0;0;227m~[38;2;193;193;193m_[38;2;171;171;171my[38;2;203;203;203my[38;2;202;202;202ma[38;2;219;219;219mg[38;2;222;222;222mg[38;2;200;200;200mg[38;2;208;208;208my[38;2;178;178;178my[38;2;227;227;227m_[38;2;0;0;217m~[38;2;0;0;226m~[38;2;0;0;219mR[38;2;0;0;216mg[38;2;0;0;219m_          [39m
 [38;2;0;0;0m        [38;2;1;1;213mg[38;2;0;0;228mP[38;2;0;0;211m~[38;2;205;205;205m_[38;2;211;211;211mg[38;2;235;235;235m@[38;2;251;251;251m@[38;2;252;252;252m@@@@@@@@[38;2;251;251;251m@[38;2;249;249;249m@[38;2;234;234;234mg[38;2;150;150;150my[38;2;0;0;211m`[38;2;0;0;216m?[38;2;0;0;224mg[38;2;0;0;225m,        [39m
 [38;2;0;0;0m       [38;2;0;0;222m@[38;2;0;0;218m~[38;2;90;90;90m_[38;2;223;223;223mg[38;2;251;251;251m@[38;2;252;252;252m@@@@@@@@@@@@@@[38;2;251;251;251m@[38;2;221;221;221m@[38;2;181;181;181m_[38;2;2;0;199m`[38;2;0;0;223m0[38;2;0;0;212m_       [39m
 [38;2;0;0;0m      [38;2;0;0;225m@[38;2;1;1;207m'[38;2;88;88;88m_[38;2;221;221;221m@[38;2;252;252;252m@[38;2;251;251;251m@@[38;2;252;252;252m@@@@@@@@@@@@@@@[38;2;251;251;251m@[38;2;139;139;139my [38;2;0;0;226mB[38;2;0;0;230m,      [39m
 [38;2;0;0;0m     [38;2;1;0;208mj[38;2;0;0;223mF [38;2;217;217;217mg[38;2;251;251;251m@@[38;2;150;150;150m~[38;2;152;152;152m`[38;2;235;235;235m~[38;2;185;185;185mP[38;2;232;232;232m@[38;2;251;251;251m@[38;2;252;252;252m@@@@@@@@@@@@[38;2;244;244;244m@  [38;2;0;0;224m$      [39m
 [38;2;0;0;0m     [38;2;0;0;219m4[38;2;0;0;196m[ [38;2;231;231;231m@[38;2;252;252;252m@@[38;2;251;251;251m@[38;2;223;223;223m$[38;2;173;173;173mw  [38;2;219;219;219m`[38;2;187;187;187m@[38;2;251;251;251m@[38;2;220;220;220m@[38;2;173;173;173m~[38;2;252;252;252m`[38;2;253;253;253m````[38;2;162;162;162m~[38;2;215;215;215m$[38;2;251;251;251m@@[38;2;119;119;119mL [38;2;0;0;232m@      [39m
 [38;2;0;0;0m     [38;2;0;0;220m4[38;2;0;0;192m[ [38;2;234;234;234m@[38;2;252;252;252m@@[38;2;180;180;180mF[38;2;122;122;122m~ [38;2;143;143;143my[38;2;192;192;192mg[38;2;214;214;214m@[38;2;252;252;252m@@[38;2;251;251;251m@[38;2;235;235;235m@[38;2;228;228;228m@@@@@[38;2;233;233;233m@[38;2;251;251;251m@[38;2;252;252;252m@[38;2;251;251;251m@[38;2;123;123;123mL [38;2;0;0;232m@      [39m
 [38;2;0;0;0m     [38;2;0;0;220m4[38;2;0;0;190m[ [38;2;236;236;236m@[38;2;252;252;252m@[38;2;251;251;251m@[38;2;217;217;217m@[38;2;251;251;251mg[38;2;249;249;249m@[38;2;252;252;252m@@@@@@@@@@@@@@@[38;2;251;251;251m@[38;2;120;120;120mL [38;2;0;0;232m@      [39m
 [38;2;0;0;0m     [38;2;0;0;220m4  [38;2;238;238;238m@[38;2;252;252;252m@@@@@@@@@@@@@@@@@@@@[38;2;251;251;251m@[38;2;116;116;116mL [38;2;0;0;231m@      [39m
 [38;2;0;0;0m     [38;2;0;0;212m$  [38;2;241;241;241m@[38;2;252;252;252m@@@@@@@@@@@@@@@@@@@@[38;2;251;251;251m@[38;2;106;106;106mL [38;2;0;0;231m@      [39m
 [38;2;0;0;0m     [38;2;0;0;214m@  [38;2;245;245;245m@[38;2;252;252;252m@@@@@@@@@@@@@@@@@@@@[38;2;251;251;251m@[38;2;93;93;94mL [38;2;0;0;231m@      [39m
 [38;2;0;0;0m     [38;2;0;0;218m@  [38;2;248;248;248m@[38;2;252;252;252m@@@@@@@@@@@@@@@@@@@@[38;2;251;251;251m@[38;2;80;80;81mL [38;2;0;0;230m@      [39m
 [38;2;0;0;0m     [38;2;0;0;216m@  [38;2;242;242;242m@[38;2;252;252;252m@@@@@@@@@@@@@@@@@@@@[38;2;249;249;249m@  [38;2;0;0;226m@      [39m
 [38;2;0;0;0m     [38;2;1;1;211m`[38;2;0;0;224m@[38;2;0;0;210m,[38;2;156;156;156m~[38;2;187;187;187m@[38;2;250;250;250m@[38;2;251;251;251m@[38;2;202;202;202m@[38;2;193;193;193mF[38;2;178;178;178mF@[38;2;249;249;249m@[38;2;252;252;252m@@[38;2;234;234;234m@[38;2;218;218;218mF[38;2;176;176;176mF[38;2;181;181;181mP[38;2;233;233;233m@[38;2;252;252;252m@@[38;2;248;248;248m@[38;2;185;185;185m@[38;2;186;186;186mF[38;2;198;198;198m~ [38;2;0;0;231ma[38;2;1;1;198mF      [39m
 [38;2;0;0;0m      [38;2;1;0;216m`[38;2;0;0;226m4g[38;2;0;0;225m___[38;2;0;0;227m_[38;2;0;0;226mg[38;2;0;0;225mg__[38;2;131;131;131m`[38;2;105;105;105m`[38;2;0;0;225m_[38;2;0;0;218ma[38;2;0;0;227ma[38;2;0;0;217my[38;2;0;0;225m_[38;2;113;113;113m`[38;2;132;132;132m`[38;2;0;0;225m_[38;2;0;0;226m_g[38;2;0;0;227mg[38;2;0;0;228mP[38;2;1;1;204m~       [39m
 [38;2;0;0;0m        [38;2;2;4;190m`[38;2;0;0;224m~[38;2;0;0;227m~~[38;2;0;0;225m~  [38;2;1;0;220m~[38;2;0;0;226m~~~~[38;2;0;0;224m` [38;2;0;0;229m`[38;2;0;0;226m~~~[38;2;0;0;227m~[38;2;1;0;220m~           [39m
 [38;2;0;0;0m                                       [39m
[?25h