[?25l[39m [38;2;0;0;0m              [38;2;0;0;231m_[38;2;0;0;226m_[38;2;1;1;207my[38;2;0;0;218my[38;2;0;0;219maa[38;2;0;0;218my[38;2;1;1;207my[38;2;0;0;226m_[38;2;0;0;231m_               [39m
 [38;2;0;0;0m          [38;2;0;0;222m_[38;2;0;0;215my[38;2;0;0;216m@[38;2;0;0;226mP~[38;2;0;0;227m~[38;2;0;0;228m~[38;2;101;101;101m_[38;2;180;180;180m__[38;2;101;101;101m_[38;2;0;0;226m~[38;2;0;0;227m~[38;2;0;0;226m~[38;2;0;0;225m4[38;2;0;0;220m@[38;2;0;0;215my[38;2;0;0;223m_           [39m
 [38;2;0;0;0m        [38;2;0;0;225m_[38;2;0;0;229mg[38;2;0;0;225mP[38;2;0;0;229m~[38;2;171;171;171m_[38;2;193;193;193my[38;2;240;240;240mg[38;2;226;226;226m@[38;2;251;251;251m@@@@@@[38;2;233;233;233m@[38;2;240;240;240mg[38;2;193;193;193my[38;2;172;172;172m_[38;2;0;0;224m~[38;2;0;0;225m4[38;2;0;0;222m$[38;2;0;0;226m_         [39m
 [38;2;0;0;0m       [38;2;0;0;218mg[38;2;0;0;228mP[38;2;1;0;208m`[38;2;142;142;142my[38;2;241;241;241mg[38;2;251;251;251m@[38;2;252;252;252m@@@@@@@@@@@@[38;2;251;251;251m@[38;2;204;204;204m@[38;2;129;129;129my[38;2;1;0;207m`[38;2;0;0;226m4[38;2;0;0;220mg        [39m
 [38;2;0;0;0m      [38;2;0;0;225mg[38;2;0;0;224mF [38;2;199;199;199mg[38;2;251;251;251m@[38;2;252;252;252m@@@@@@@@@@@@@@@@[38;2;251;251;251m@[38;2;165;165;165m@ [38;2;0;0;213m?[38;2;0;0;224m$       [39m
 [38;2;0;0;0m     [38;2;0;0;210mj[38;2;0;0;231mF [38;2;187;187;187mg[38;2;251;251;251m@@[38;2;224;224;224mP[38;2;182;182;182mM[38;2;225;225;225m@[38;2;251;251;251m@[38;2;252;252;252m@@@@@@@@@@@@@[38;2;251;251;251m@[38;2;166;166;166m$ [38;2;0;0;213m5[38;2;0;0;223mi      [39m
 [38;2;0;0;0m     [38;2;0;0;218m@[38;2;0;0;181m[ [38;2;242;242;242m@[38;2;252;252;252m@@[38;2;195;195;195mg[38;2;248;248;248m_ [38;2;103;103;103m~[38;2;244;244;244m~[38;2;163;163;163m@[38;2;248;248;248m@[38;2;252;252;252m@[38;2;249;249;249m@[38;2;208;208;208mR[38;2;198;198;198mRRRRR[38;2;180;180;180m@[38;2;250;250;250m@[38;2;252;252;252m@[38;2;248;248;248m@  [38;2;0;0;225m$      [39m
 [38;2;0;0;0m     [38;2;0;0;226m@  [38;2;249;249;249m@[38;2;252;252;252m@@[38;2;238;238;238m@[38;2;210;210;210mP[38;2;151;151;151mT [38;2;96;96;96m_[38;2;164;164;164my[38;2;211;211;211m@[38;2;252;252;252m@[38;2;227;227;227m@[38;2;177;177;177my[38;2;166;166;166myyyyy[38;2;181;181;181my[38;2;221;221;221m@[38;2;252;252;252m@[38;2;251;251;251m@  [38;2;0;0;226m@      [39m
 [38;2;0;0;0m     [38;2;0;0;226m@  [38;2;249;249;249m@[38;2;252;252;252m@[38;2;251;251;251m@[38;2;157;157;157my[38;2;242;242;242m_[38;2;213;213;213my[38;2;249;249;249mg[38;2;250;250;250m@[38;2;252;252;252m@@@@@@@@@@@@@[38;2;251;251;251m@  [38;2;0;0;226m@      [39m
 [38;2;0;0;0m     [38;2;0;0;226m@  [38;2;249;249;249m@[38;2;252;252;252m@@@@@@@@@@@@@@@@@@@@[38;2;251;251;251m@  [38;2;0;0;226m@      [39m
 [38;2;0;0;0m     [38;2;0;0;226m@  [38;2;249;249;249m@[38;2;252;252;252m@@@@@@@@@@@@@@@@@@@@[38;2;251;251;251m@  [38;2;0;0;226m@      [39m
 [38;2;0;0;0m     [38;2;0;0;226m@  [38;2;249;249;249m@[38;2;252;252;252m@@@@@@@@@@@@@@@@@@@@[38;2;251;251;251m@  [38;2;0;0;227m@      [39m
 [38;2;0;0;0m     [38;2;0;0;226m@  [38;2;249;249;249m@[38;2;252;252;252m@@@@@@@@@@@@@@@@@@@@[38;2;251;251;251m@  [38;2;0;0;227m@      [39m
 [38;2;0;0;0m     [38;2;0;0;219m@[38;2;0;0;216m, [38;2;238;238;238m@[38;2;252;252;252m@@@@@@@@@@@@@@@@@@@@[38;2;247;247;247m@ [38;2;1;0;172mj[38;2;0;0;221m@      [39m
 [38;2;0;0;0m     [38;2;1;1;211m`[38;2;0;0;227m@[38;2;0;0;225m_[38;2;192;192;192m`[38;2;174;174;174mA[38;2;232;232;232m@[38;2;247;247;247m@[38;2;241;241;241m@[38;2;176;176;176m@[38;2;251;251;251m~~[38;2;145;145;145m5[38;2;203;203;203m@[38;2;246;246;246m@@[38;2;209;209;209m@[38;2;202;202;202mF[38;2;251;251;251m~~[38;2;198;198;198mR[38;2;241;241;241m@[38;2;247;247;247m@[38;2;234;234;234m@[38;2;211;211;211mP[38;2;138;138;138m~[38;2;0;0;223m_[38;2;0;0;224m$[38;2;0;0;231m'      [39m
 [38;2;0;0;0m      [38;2;1;1;211m`[38;2;1;0;211m4[38;2;0;0;219m@y[38;2;0;0;226m___[38;2;0;0;213my[38;2;0;0;226mg@[38;2;0;0;224mg[38;2;0;0;227m_[38;2;0;0;226m__[38;2;0;0;227m_[38;2;0;0;224mg[38;2;0;0;225m@g[38;2;0;0;213my[38;2;0;0;226m___[38;2;0;0;219my[38;2;0;0;227ma[38;2;0;0;218mP[38;2;0;0;227m'       [39m
 [38;2;0;0;0m         [38;2;2;1;203m~[38;2;0;0;229m~[38;2;0;0;227m~[38;2;0;0;230m~[38;2;1;0;218m~  [38;2;0;0;215m`[38;2;0;0;228m~~[38;2;0;0;227m~[38;2;0;0;230m~[38;2;0;0;217m`  [38;2;0;0;216m~[38;2;0;0;229m~[38;2;0;0;227m~[38;2;0;0;230m~[38;2;1;1;207m~          [39m
 [38;2;0;0;0m                                       [39m
 [38;2;0;0;0m                                       [39m
[?25h