[?25l[39m [38;2;0;0;0m             [38;2;2;2;191m_[38;2;0;0;228m_[38;2;0;0;226m_[38;2;1;1;210my[38;2;0;0;215ma[38;2;0;0;221ma[38;2;0;0;220ma[38;2;0;0;219my[38;2;1;1;208my[38;2;0;0;226m_[38;2;0;0;231m_               [39m
 [38;2;0;0;0m          [38;2;0;0;229m_[38;2;0;0;219ma[38;2;0;0;221m@P[38;2;0;0;225m~[38;2;0;0;228m~[38;2;0;0;218m~[38;2;189;189;189m_[38;2;231;231;231m_[38;2;227;227;227m_[38;2;156;156;156m_[38;2;0;0;222m~[38;2;0;0;228m~[38;2;0;0;226m~[38;2;0;0;227m4[38;2;0;0;217m@[38;2;1;1;210my[38;2;1;0;209m_           [39m
 [38;2;0;0;0m        [38;2;0;0;230m_[38;2;0;0;220m@[38;2;0;0;214mF[38;2;0;0;210m~[38;2;233;233;233m_[38;2;215;215;215my[38;2;251;251;251mg[38;2;246;246;246m@[38;2;251;251;251m@@[38;2;252;252;252m@[38;2;251;251;251m@@@[38;2;237;237;237m@[38;2;240;240;240mg[38;2;189;189;189my[38;2;147;147;147m_[38;2;0;0;225m~[38;2;0;0;228m4[38;2;0;0;226mg[38;2;1;0;208m_         [39m
 [38;2;0;0;0m       [38;2;0;0;229mg[38;2;0;0;222mF [38;2;193;193;193my[38;2;224;224;224m@[38;2;251;251;251m@[38;2;252;252;252m@@@@@@@@@@@@[38;2;251;251;251m@[38;2;234;234;234mg[38;2;168;168;168m_[38;2;0;0;201m~[38;2;0;0;224mR[38;2;0;1;208my        [39m
 [38;2;0;0;0m      [38;2;0;0;227m@[38;2;0;0;207m~[38;2;89;89;89m_[38;2;242;242;242mg[38;2;251;251;251m@[38;2;252;252;252m@@@@@@@@@@@@@@@@[38;2;251;251;251m@[38;2;184;184;184my [38;2;0;0;221m4[38;2;0;0;223mL       [39m
 [38;2;0;0;0m     [38;2;0;0;221mg[38;2;0;0;207mF [38;2;213;213;213m$[38;2;252;252;252m@@@@@@@@@@@@@@@@@@@[38;2;251;251;251m@[38;2;151;151;151mL [38;2;0;0;229m$[38;2;0;0;220m,      [39m
 [38;2;0;0;0m     [38;2;0;0;237m@ [38;2;108;108;108m4[38;2;251;251;251m@[38;2;252;252;252m@@@@@@@@@@@@@@@@@@@@[38;2;222;222;222m@ [38;2;1;0;199m4[38;2;0;0;224m[      [39m
 [38;2;0;0;0m     [38;2;0;0;236m@ [38;2;140;140;140m4[38;2;251;251;251m@[38;2;252;252;252m@@@@@@@@@@@@@@@@@@@@[38;2;237;237;237m@ [38;2;0;0;193mJ[38;2;1;1;206m$      [39m
 [38;2;0;0;0m     [38;2;0;0;236m@ [38;2;140;140;140m4[38;2;251;251;251m@[38;2;252;252;252m@@@@@@@@@@@@@@@@@@@@[38;2;237;237;237m@ [38;2;0;0;193mJ[38;2;1;1;206m$      [39m
 [38;2;0;0;0m     [38;2;0;0;237m@ [38;2;137;137;137m4[38;2;251;251;251m@[38;2;252;252;252m@@@@@@@@@@@@@@@@@@@@[38;2;237;237;237m@ [38;2;0;0;192mJ[38;2;1;0;208m$      [39m
 [38;2;0;0;0m     [38;2;0;0;237m@ [38;2;132;132;133m4[38;2;251;251;251m@[38;2;252;252;252m@@@@@@@@@@@@@@@@@@@@[38;2;238;238;238m@ [38;2;0;0;187mJ[38;2;1;0;210m$      [39m
 [38;2;0;0;0m     [38;2;0;0;237m@ [38;2;123;123;123m4[38;2;252;252;252m@@@@@@@@@@@@@@@@@@@@@[38;2;240;240;240m@ [38;2;0;0;182mJ[38;2;0;0;213m$      [39m
 [38;2;0;0;0m     [38;2;0;0;236m@ [38;2;107;107;107m4[38;2;251;251;251m@[38;2;252;252;252m@@@@@@@@@@@@@@@@@@@@[38;2;243;243;243m@  [38;2;0;0;217m$      [39m
 [38;2;0;0;0m     [38;2;0;0;230m@[38;2;0;0;205m,[38;2;66;66;67m"[38;2;246;246;246m@[38;2;252;252;252m@@@@@@@@@@@@@@@@@@@@[38;2;236;236;236m@ [38;2;0;0;195mj[38;2;0;0;216m$      [39m
 [38;2;0;0;0m     [38;2;0;0;217m`[38;2;0;0;224m@[38;2;0;0;218m_[38;2;135;135;135m~[38;2;252;252;252m~[38;2;172;172;172m5[38;2;228;228;228m@[38;2;247;247;247m@[38;2;245;245;245m@[38;2;193;193;193m@[38;2;172;172;172mF[38;2;251;251;251m~[38;2;178;178;178mT[38;2;191;191;191m@[38;2;246;246;246m@[38;2;247;247;247m@[38;2;223;223;223m@[38;2;215;215;215mF[38;2;252;252;252m~~[38;2;188;188;188mA[38;2;237;237;237m@[38;2;234;234;234m@[38;2;226;226;226mF[38;2;158;158;158m`[38;2;0;0;225m_@[38;2;0;0;232m'      [39m
 [38;2;0;0;0m      [38;2;1;0;218m`[38;2;0;0;220m4[38;2;0;0;226m@[38;2;0;0;223m@[38;2;0;0;215mg[38;2;0;0;226m___[38;2;0;0;206my[38;2;0;0;226mg[38;2;0;0;229m@[38;2;0;0;226mg[38;2;0;0;227m_[38;2;0;0;226m___[38;2;0;0;220ma[38;2;0;0;221m@[38;2;0;0;217m@[38;2;0;0;216my[38;2;0;0;226m__[38;2;0;0;219my[38;2;0;0;225mg[38;2;0;0;220mP[38;2;0;0;227m'       [39m
 [38;2;0;0;0m          [38;2;1;1;205m~[38;2;0;0;228m~[38;2;0;0;225m~[38;2;0;0;226m~[38;2;0;0;230m~[38;2;1;0;208m` [38;2;0;1;213m`[38;2;0;0;229m~[38;2;0;0;226m~[38;2;0;0;225m~[38;2;0;0;230m~[38;2;1;2;203m~  [38;2;1;0;215m~[38;2;0;0;228m~~[38;2;0;0;217m~          [39m
 [38;2;0;0;0m                                       [39m
 [38;2;0;0;0m                                       [39m
[?25h