[?25l[39m [38;2;0;0;0m                                       [39m
 [38;2;0;0;0m            [38;2;1;1;203m_[38;2;0;0;225m_[38;2;0;0;215my[38;2;0;0;226mg[38;2;0;0;227mg[38;2;0;0;219m@[38;2;0;0;222m@[38;2;0;0;223m@[38;2;0;0;220m@[38;2;0;0;227mg[38;2;0;0;225mg[38;2;0;0;214my[38;2;0;0;225m_[38;2;1;1;204m_             [39m
 [38;2;0;0;0m          [38;2;1;1;207my[38;2;0;0;227mg[38;2;0;0;224m@[38;2;0;0;223m=[38;2;0;0;225m~[38;2;0;0;230m~[38;2;167;167;167m_[38;2;249;249;249m_[38;2;253;253;253m__[38;2;249;249;249m_[38;2;167;167;167m_[38;2;0;0;228m~[38;2;0;0;226m~[38;2;0;0;223m=[38;2;0;0;224m@[38;2;0;0;220m@[38;2;1;1;208my[38;2;1;1;204m,          [39m
 [38;2;0;0;0m        [38;2;0;1;214ma[38;2;0;0;228m@[38;2;0;0;214mF[38;2;0;0;225m`[38;2;146;146;146my[38;2;207;207;207mg[38;2;218;218;218m@[38;2;250;250;250m@[38;2;251;251;251m@[38;2;252;252;252m@@@@[38;2;251;251;251m@@[38;2;224;224;224m@[38;2;207;207;207mg[38;2;136;136;136my[38;2;0;0;225m`[38;2;0;0;226m~[38;2;0;0;227m@[38;2;1;0;211mg         [39m
 [38;2;0;0;0m      [38;2;1;2;187m_[38;2;0;0;221m@[38;2;0;0;226mF [38;2;186;186;186my[38;2;224;224;224m@[38;2;251;251;251m@[38;2;252;252;252m@@@@@@@@@@@@[38;2;251;251;251m@[38;2;235;235;235m@[38;2;179;179;179my [38;2;0;0;195mN[38;2;0;0;225m@[38;2;0;0;232m,       [39m
 [38;2;0;0;0m      [38;2;0;0;227m@[38;2;0;0;210mF [38;2;225;225;225mg[38;2;251;251;251m@[38;2;252;252;252m@@@@@@@@@@@@@@@@[38;2;251;251;251m@[38;2;199;199;199m@ [38;2;0;0;216m~[38;2;0;0;228m@[38;2;0;0;196m,      [39m
 [38;2;0;0;0m     [38;2;0;0;220mJ[38;2;0;0;226mF [38;2;208;208;208mg[38;2;251;251;251m@[38;2;252;252;252m@@@@@@@@@@@[38;2;251;251;251m@[38;2;252;252;252m@@@@@@[38;2;251;251;251m@[38;2;187;187;187m@ [38;2;0;0;217m?[38;2;0;0;208m$      [39m
 [38;2;0;0;0m     [38;2;0;0;223m@  [38;2;246;246;246m@[38;2;252;252;252m@[38;2;242;242;242m@[38;2;185;185;185m~[38;2;177;177;177m~[38;2;250;250;250m~[38;2;192;192;192mP[38;2;216;216;216m@[38;2;250;250;250m@[38;2;252;252;252m@@[38;2;251;251;251m@[38;2;170;170;170m@[38;2;138;138;138m~[38;2;232;232;232m~[38;2;144;144;144m5[38;2;202;202;202mR[38;2;240;240;240m@[38;2;251;251;251m@[38;2;252;252;252m@@[38;2;250;250;250m@  [38;2;0;0;224m@      [39m
 [38;2;0;0;0m     [38;2;0;0;226m@  [38;2;249;249;249m@[38;2;252;252;252m@@[38;2;239;239;239m@[38;2;201;201;201mm    [38;2;168;168;168m$[38;2;252;252;252m@@[38;2;251;251;251m@[38;2;209;209;209m@[38;2;192;192;192m=   [38;2;173;173;173m`[38;2;236;236;236m@[38;2;252;252;252m@[38;2;251;251;251m@  [38;2;0;0;226m@      [39m
 [38;2;0;0;0m     [38;2;0;0;226m@  [38;2;249;249;249m@[38;2;252;252;252m@[38;2;239;239;239m@[38;2;186;186;186m_[38;2;190;190;190m_[38;2;172;172;172my[38;2;221;221;221my[38;2;251;251;251mg[38;2;247;247;247m@[38;2;251;251;251m@[38;2;252;252;252m@[38;2;251;251;251m@[38;2;174;174;174m@[38;2;137;137;137m_[38;2;245;245;245m_[38;2;189;189;189my[38;2;226;226;226mg[38;2;229;229;229m$[38;2;251;251;251m@[38;2;252;252;252m@@[38;2;251;251;251m@  [38;2;0;0;226m@      [39m
 [38;2;0;0;0m     [38;2;0;0;226m@  [38;2;249;249;249m@[38;2;252;252;252m@@[38;2;251;251;251m@@[38;2;252;252;252m@@@@@@@@[38;2;251;251;251m@@[38;2;252;252;252m@@@@@@[38;2;251;251;251m@  [38;2;0;0;226m@      [39m
 [38;2;0;0;0m     [38;2;0;0;226m@  [38;2;249;249;249m@[38;2;252;252;252m@@@@@@@@@@@@@@@@@@@@[38;2;251;251;251m@  [38;2;0;0;227m@      [39m
 [38;2;0;0;0m     [38;2;0;0;226m@  [38;2;249;249;249m@[38;2;252;252;252m@@@@@@@@@@@@@@@@@@@@[38;2;251;251;251m@  [38;2;0;0;227m@      [39m
 [38;2;0;0;0m     [38;2;0;0;224m@  [38;2;249;249;249m@[38;2;252;252;252m@@@@@@@@@@@@@@@@@@@@[38;2;251;251;251m@  [38;2;0;0;225m@      [39m
 [38;2;0;0;0m     [38;2;1;1;202m7[38;2;0;0;219mg [38;2;178;178;178m7[38;2;245;245;245m@[38;2;252;252;252m@@@[38;2;251;251;251m@[38;2;200;200;200m@[38;2;202;202;202mR[38;2;230;230;230m@[38;2;251;251;251m@[38;2;252;252;252m@@[38;2;251;251;251m@[38;2;231;231;231m@[38;2;202;202;202mR[38;2;193;193;193m@[38;2;250;250;250m@[38;2;252;252;252m@@@[38;2;247;247;247m@[38;2;208;208;208mF [38;2;0;0;218mg[38;2;0;0;215mF      [39m
 [38;2;0;0;0m      [38;2;0;0;223m~[38;2;0;0;220m@[38;2;0;0;205my[38;2;0;0;226m_[38;2;182;182;182m~[38;2;230;230;230m~[38;2;217;217;217m~[38;2;112;112;112m`[38;2;0;0;227m_[38;2;0;0;219my[38;2;0;0;227m_[38;2;120;120;120m~[38;2;227;227;227m~[38;2;229;229;229m~[38;2;137;137;137m~[38;2;0;0;227m_[38;2;0;0;219my[38;2;0;0;226m_[38;2;112;112;112m`[38;2;208;208;208m~[38;2;232;232;232m~[38;2;202;202;202m~[38;2;0;0;226m__[38;2;0;0;218m$[38;2;0;0;225m~       [39m
 [38;2;0;0;0m        [38;2;0;1;218m~[38;2;0;0;226m~[38;2;0;0;218m=[38;2;0;0;231m=[38;2;0;0;225m=[38;2;0;0;226m~~[38;2;0;0;230m`[38;2;0;0;226m~[38;2;0;0;227m~[38;2;0;0;230m=[38;2;0;0;229m=[38;2;0;0;227m~[38;2;0;0;228m~[38;2;0;0;229m`[38;2;0;0;223m~[38;2;0;0;226m~=[38;2;0;0;232m=[38;2;0;0;221m=[38;2;0;0;226m~[38;2;0;0;218m~         [39m
 [38;2;0;0;0m                                       [39m
 [38;2;0;0;0m                                       [39m
[?25h