[?25l[39m [38;2;0;0;0m                [38;2;0;0;229m_[38;2;0;0;232m_[38;2;0;0;227m__[38;2;0;0;230m_[38;2;0;0;228m_                 [39m
 [38;2;0;0;0m           [38;2;0;0;228m_[38;2;1;1;210my[38;2;0;0;227mg[38;2;0;0;225m@[38;2;0;0;227m@[38;2;0;0;221m@[38;2;0;0;217mR[38;2;0;0;219mPP[38;2;0;0;218mR[38;2;0;0;222m@[38;2;0;0;228m@[38;2;0;0;226m@[38;2;0;0;227mg[38;2;1;1;210my[38;2;0;0;228m_            [39m
 [38;2;0;0;0m         [38;2;1;1;204my[38;2;0;0;219m@[38;2;0;0;222m@[38;2;0;0;227m~[38;2;0;0;230m~[38;2;165;165;165m_[38;2;156;156;156my[38;2;192;192;192my[38;2;213;213;213my[38;2;225;225;225myy[38;2;213;213;213my[38;2;193;193;193my[38;2;151;151;151my[38;2;165;165;165m_[38;2;0;0;227m~[38;2;0;0;226m~[38;2;0;0;222m@[38;2;0;0;223m@[38;2;1;1;206my          [39m
 [38;2;0;0;0m       [38;2;0;0;225m_[38;2;0;0;223m@[38;2;0;0;225mP[38;2;0;0;214m~[38;2;206;206;206m_g[38;2;230;230;230m@[38;2;251;251;251m@[38;2;252;252;252m@@@@@@@@[38;2;251;251;251m@[38;2;238;238;238m@[38;2;206;206;206mg[38;2;205;205;205m_[38;2;0;0;211m~[38;2;0;0;224m4[38;2;0;0;226m@[38;2;0;0;225m_        [39m
 [38;2;0;0;0m      [38;2;0;0;220mj[38;2;0;0;228m@[38;2;0;0;216m~[38;2;109;109;109m_[38;2;228;228;228mg[38;2;251;251;251m@[38;2;252;252;252m@@@@@@@@@@@@@@[38;2;251;251;251m@[38;2;201;201;201m$[38;2;109;109;109m_[38;2;0;0;211m~[38;2;0;0;226m@[38;2;0;0;217mL       [39m
 [38;2;0;0;0m      [38;2;0;0;231m@[38;2;1;1;201m'[38;2;89;89;89my[38;2;233;233;233m@[38;2;252;252;252m@[38;2;251;251;251m@@[38;2;252;252;252m@@@@@@@@@@@@@@@[38;2;243;243;243m@[38;2;120;120;120m_ [38;2;0;0;228m@[38;2;0;0;219m;      [39m
 [38;2;0;0;0m     [38;2;0;0;217mg[38;2;0;0;211mF [38;2;214;214;214m$[38;2;252;252;252m@[38;2;250;250;250m@[38;2;145;145;145m~[38;2;160;160;160m`[38;2;236;236;236m~[38;2;175;175;175mA[38;2;235;235;235m@[38;2;251;251;251m@[38;2;252;252;252m@@@@@@@@@@@@[38;2;225;225;225m@ [38;2;0;0;208m"[38;2;0;0;220m$      [39m
 [38;2;0;0;0m     [38;2;0;0;225m@  [38;2;250;250;250m@[38;2;252;252;252m@@[38;2;251;251;251m@[38;2;220;220;220m$[38;2;167;167;167mw  [38;2;115;115;115m~[38;2;204;204;204m$[38;2;251;251;251m@[38;2;213;213;213m@[38;2;172;172;172m~[38;2;254;254;254m`````[38;2;168;168;168m~[38;2;222;222;222m$[38;2;252;252;252m@[38;2;251;251;251m@  [38;2;0;0;226m@      [39m
 [38;2;0;0;0m     [38;2;0;0;225m@  [38;2;249;249;249m@[38;2;252;252;252m@[38;2;251;251;251m@[38;2;175;175;175mF[38;2;118;118;118m~ [38;2;145;145;145my[38;2;193;193;193mg[38;2;216;216;216m@[38;2;251;251;251m@[38;2;252;252;252m@@[38;2;234;234;234m@[38;2;227;227;227m@@@@@[38;2;233;233;233m@[38;2;251;251;251m@[38;2;252;252;252m@[38;2;251;251;251m@  [38;2;0;0;226m@      [39m
 [38;2;0;0;0m     [38;2;0;0;225m@  [38;2;249;249;249m@[38;2;252;252;252m@[38;2;251;251;251m@[38;2;215;215;215m@[38;2;251;251;251mg[38;2;249;249;249m@[38;2;252;252;252m@@@@@@@@@@@@@@@[38;2;251;251;251m@  [38;2;0;0;226m@      [39m
 [38;2;0;0;0m     [38;2;0;0;225m@  [38;2;249;249;249m@[38;2;252;252;252m@@@@@@@@@@@@@@@@@@@@[38;2;251;251;251m@  [38;2;0;0;226m@      [39m
 [38;2;0;0;0m     [38;2;0;0;225m@  [38;2;249;249;249m@[38;2;252;252;252m@@@@@@@@@@@@@@@@@@@@[38;2;251;251;251m@  [38;2;0;0;226m@      [39m
 [38;2;0;0;0m     [38;2;0;0;225m@  [38;2;249;249;249m@[38;2;252;252;252m@@@@@@@@@@@@@@@@@@@@[38;2;251;251;251m@  [38;2;0;0;226m@      [39m
 [38;2;0;0;0m     [38;2;0;0;220m@  [38;2;244;244;244m@[38;2;252;252;252m@@@@@@@@@@@@@@@@@@@@[38;2;248;248;248m@  [38;2;0;0;222m@      [39m
 [38;2;0;0;0m     [38;2;1;1;211m`[38;2;0;0;223m@[38;2;0;0;215m,[38;2;154;154;154m~[38;2;176;176;176m@[38;2;249;249;249m@[38;2;251;251;251m@[38;2;250;250;250m@[38;2;212;212;212m@[38;2;199;199;199mF[38;2;173;173;173mT[38;2;171;171;171mA[38;2;238;238;238m@[38;2;251;251;251m@@[38;2;239;239;239m@[38;2;225;225;225mF[38;2;173;173;173mT[38;2;147;147;147m5[38;2;203;203;203m@[38;2;250;250;250m@[38;2;251;251;251m@[38;2;249;249;249m@[38;2;191;191;191m@[38;2;177;177;177m~[38;2;1;0;198m_[38;2;0;0;232ma[38;2;0;0;231m'      [39m
 [38;2;0;0;0m      [38;2;1;1;212m`[38;2;0;0;216m4[38;2;0;0;226ma[38;2;0;0;225m_[38;2;0;0;226m_[38;2;0;0;229m_[38;2;0;0;227m_[38;2;0;0;225m_a[38;2;0;0;218m@y[38;2;0;0;226m_[38;2;0;0;228m__[38;2;0;0;226m_[38;2;0;0;218my[38;2;0;0;226ma[38;2;0;0;222mg[38;2;0;0;225m_[38;2;0;0;227m_[38;2;0;0;228m_[38;2;0;0;226m_[38;2;0;0;225m_[38;2;0;0;227ma[38;2;0;0;221mP[38;2;0;0;228m'       [39m
 [38;2;0;0;0m         [38;2;1;1;211m~[38;2;0;0;228m~[38;2;0;0;226m~[38;2;0;0;227m~[38;2;0;0;223m~  [38;2;0;0;222m`[38;2;0;0;229m~[38;2;0;0;227m~[38;2;0;0;226m~[38;2;0;0;231m~[38;2;0;0;222m`  [38;2;0;0;219m~[38;2;0;0;228m~[38;2;0;0;227m~[38;2;0;0;229m~[38;2;1;1;212m~          [39m
 [38;2;0;0;0m                                       [39m
 [38;2;0;0;0m                                       [39m
[?25h