[?25l[39m [38;2;0;0;0m                                       [39m
 [38;2;0;0;0m              [38;2;0;0;226m__[38;2;1;1;199my[38;2;1;0;213my[38;2;0;0;217my[38;2;0;0;216my[38;2;1;1;208my[38;2;0;0;227m_[38;2;0;0;226m_[38;2;0;0;223m_               [39m
 [38;2;0;0;0m          [38;2;0;0;228m_[38;2;0;0;217ma@[38;2;0;0;221mP[38;2;0;0;226m~~[38;2;0;0;232m~[38;2;136;136;136m_[38;2;155;155;155m_[38;2;146;146;146m_[38;2;104;104;104m_[38;2;0;0;230m~[38;2;0;0;226m~[38;2;0;0;224m=[38;2;0;0;219m@[38;2;0;0;227mg[38;2;0;0;226m_            [39m
 [38;2;0;0;0m        [38;2;0;0;229m_[38;2;0;0;219m@[38;2;0;0;212mF[38;2;0;0;210m~[38;2;135;135;135my[38;2;187;187;187mg[38;2;248;248;248mg[38;2;238;238;238m@[38;2;252;252;252m@@[38;2;251;251;251m@@[38;2;252;252;252m@[38;2;249;249;249m@[38;2;222;222;222m@[38;2;218;218;218mg[38;2;165;165;165my[38;2;68;68;68m,[38;2;0;0;225m~[38;2;0;0;216m@[38;2;1;0;213mg[38;2;1;1;202m,         [39m
 [38;2;0;0;0m      [38;2;1;2;188m_[38;2;0;0;229mg[38;2;0;0;217mF [38;2;199;199;199my[38;2;228;228;228m@[38;2;251;251;251m@[38;2;252;252;252m@@@@@@@@@@@@[38;2;249;249;249m@[38;2;200;200;200mg[38;2;99;99;99m_[38;2;0;0;221m~[38;2;0;0;225m@[38;2;0;0;219m_        [39m
 [38;2;0;0;0m      [38;2;0;0;229m@[38;2;1;0;195m~[38;2;123;123;123m_[38;2;210;210;210m@[38;2;251;251;251m@[38;2;252;252;252m@@@@@@@@@@@@@@@@[38;2;246;246;246m@[38;2;134;134;134my [38;2;0;0;223m0[38;2;1;1;203mi       [39m
 [38;2;0;0;0m     [38;2;0;0;229mg[38;2;1;1;208m' [38;2;221;221;221m@[38;2;252;252;252m@[38;2;249;249;249m@[38;2;198;198;198mM[38;2;177;177;177mA[38;2;234;234;234m@[38;2;251;251;251m@[38;2;252;252;252m@@@@@@@@@@@@@[38;2;250;250;250m@[38;2;102;102;102m_ [38;2;0;0;230m@       [39m
 [38;2;0;0;0m     [38;2;0;0;233m@ [38;2;139;139;140md[38;2;251;251;251m@[38;2;252;252;252m@[38;2;249;249;249m@[38;2;213;213;213my[38;2;232;232;232m_ [38;2;110;110;110m~[38;2;172;172;172mT[38;2;175;175;175m@[38;2;251;251;251m@[38;2;252;252;252m@[38;2;244;244;244m@[38;2;225;225;225mP[38;2;220;220;220mPPPPP[38;2;189;189;189m@[38;2;251;251;251m@[38;2;252;252;252m@[38;2;197;197;197m$ [38;2;0;0;213m9[38;2;0;0;212ml      [39m
 [38;2;0;0;0m     [38;2;0;0;229m@ [38;2;176;176;177m4[38;2;251;251;251m@[38;2;252;252;252m@@[38;2;230;230;230m@[38;2;218;218;218mF[38;2;173;173;173m~ [38;2;124;124;124m_[38;2;176;176;176my[38;2;233;233;233m@[38;2;251;251;251m@[38;2;221;221;221m$[38;2;166;166;166my[38;2;160;160;160myyyyy[38;2;189;189;189my[38;2;238;238;238m@[38;2;252;252;252m@[38;2;214;214;214m@ [38;2;1;0;207m4[38;2;1;1;219m[      [39m
 [38;2;0;0;0m     [38;2;0;0;230m@ [38;2;172;172;172m4[38;2;251;251;251m@[38;2;252;252;252m@[38;2;242;242;242m@[38;2;252;252;252m_[38;2;139;139;139my[38;2;217;217;217my[38;2;222;222;222m$[38;2;251;251;251m@[38;2;252;252;252m@@@@@@@@@@@@@[38;2;220;220;220m@ [38;2;0;0;204m4[38;2;1;0;221m[      [39m
 [38;2;0;0;0m     [38;2;0;0;233m@ [38;2;163;163;163m4[38;2;251;251;251m@[38;2;252;252;252m@@@@@@@@@@@@@@@@@@@@[38;2;228;228;228m@ [38;2;0;0;200m4[38;2;1;0;223m[      [39m
 [38;2;0;0;0m     [38;2;0;0;235m@ [38;2;149;149;150m4[38;2;251;251;251m@[38;2;252;252;252m@@@@@@@@@@@@@@@@@@@@[38;2;236;236;236m@ [38;2;1;0;196mJ[38;2;0;0;224m[      [39m
 [38;2;0;0;0m     [38;2;0;0;236m@ [38;2;133;133;134m4[38;2;251;251;251m@[38;2;252;252;252m@@@@@@@@@@@@@@@@@@@@[38;2;238;238;238m@ [38;2;0;0;187mJ[38;2;0;1;209m$      [39m
 [38;2;0;0;0m     [38;2;0;0;237m@ [38;2;112;112;112m4[38;2;252;252;252m@@@@@@@@@@@@@@@@@@@@@[38;2;242;242;242m@  [38;2;0;0;217m$      [39m
 [38;2;0;0;0m     [38;2;0;0;222m@[38;2;0;0;215m, [38;2;235;235;235m@[38;2;252;252;252m@@@@@@[38;2;251;251;251m@[38;2;252;252;252m@@@@@@[38;2;251;251;251m@@[38;2;252;252;252m@@@@@[38;2;217;217;217m@ [38;2;0;0;213mj[38;2;0;0;223mF      [39m
 [38;2;0;0;0m     [38;2;2;2;204m`[38;2;0;0;222m@[38;2;0;0;226m_[38;2;118;118;118m`[38;2;245;245;245m~[38;2;194;194;194mR[38;2;204;204;204m@[38;2;194;194;194m@[38;2;215;215;215mF[38;2;230;230;230m~[38;2;159;159;159m~[38;2;228;228;228m~[38;2;183;183;183mP[38;2;194;194;194m@[38;2;204;204;204m@[38;2;170;170;170m@[38;2;160;160;160mF[38;2;175;175;175m~[38;2;190;190;190m~[38;2;137;137;137m5[38;2;205;205;205mR[38;2;204;204;204m@R[38;2;183;183;183mF[38;2;69;69;70m~[38;2;0;0;228m_[38;2;0;0;219m@[38;2;1;0;201m'      [39m
 [38;2;0;0;0m       [38;2;0;0;228m~[38;2;0;0;221m4[38;2;0;0;228ma[38;2;0;0;221mg[38;2;0;0;213my[38;2;0;0;215my[38;2;0;0;227mg[38;2;0;0;213m@[38;2;0;0;228m=[38;2;0;0;216m@[38;2;0;0;227mg[38;2;0;0;217my[38;2;0;0;213my[38;2;0;0;223ma[38;2;0;0;228ma[38;2;0;0;221mP[38;2;0;0;226m4[38;2;0;0;227ma[38;2;0;0;216mg[38;2;0;0;213my[38;2;0;0;221ma[38;2;0;0;227ma[38;2;0;0;225mP[38;2;0;0;227m~        [39m
 [38;2;0;0;0m           [38;2;1;1;222m`[38;2;1;1;216m`     [38;2;2;1;216m`[38;2;1;0;221m`     [38;2;2;1;195m`[38;2;1;1;222m`[38;2;2;2;197m`           [39m
 [38;2;0;0;0m                                       [39m
[?25h