[?25l[39m [38;2;0;0;0m                                       [39m
 [38;2;0;0;0m             [38;2;1;1;201m_[38;2;0;0;226m_[38;2;0;0;225m_[38;2;1;0;209my[38;2;0;0;222my[38;2;0;0;220mg[38;2;0;0;219mgy[38;2;1;1;202my[38;2;0;0;226m_[38;2;0;0;228m_               [39m
 [38;2;0;0;0m          [38;2;0;0;231m_[38;2;0;0;223ma[38;2;0;0;219m#[38;2;0;0;227m~[38;2;0;0;226m~[38;2;85;85;85m_[38;2;195;195;195m_[38;2;252;252;252m_[38;2;253;253;253m__[38;2;239;239;239m_[38;2;140;140;140m_[38;2;0;0;229m~[38;2;0;0;226m~[38;2;0;0;222m4[38;2;0;0;228ma[38;2;1;1;201my[38;2;1;1;208m,           [39m
 [38;2;0;0;0m        [38;2;0;0;231m_[38;2;0;0;215m@[38;2;0;0;228m~[38;2;77;77;77m_[38;2;177;177;177my[38;2;231;231;231mg[38;2;230;230;230m@[38;2;252;252;252m@[38;2;251;251;251m@[38;2;252;252;252m@@@[38;2;251;251;251m@@[38;2;248;248;248m@[38;2;208;208;208m@[38;2;212;212;212my[38;2;194;194;194m_[38;2;0;0;217m~[38;2;0;0;223m4[38;2;0;0;222mg[38;2;0;0;223m,         [39m
 [38;2;0;0;0m       [38;2;0;0;231ma[38;2;0;0;228m~ [38;2;194;194;194mg[38;2;245;245;245m@[38;2;252;252;252m@@@@@@@@@@@@@[38;2;251;251;251m@[38;2;215;215;215m$[38;2;188;188;188m_[38;2;0;0;211m`[38;2;0;0;224m#[38;2;0;0;228m_        [39m
 [38;2;0;0;0m      [38;2;0;0;227m@[38;2;2;1;201m'[38;2;109;109;109my[38;2;228;228;228m@[38;2;252;252;252m@@@@@@@@@@@@@@@@@[38;2;251;251;251m@[38;2;163;163;163mg [38;2;0;0;222m4[38;2;0;0;211mL       [39m
 [38;2;0;0;0m     [38;2;0;0;229mg[38;2;2;1;203m' [38;2;229;229;229m@[38;2;252;252;252m@@[38;2;250;250;250m@[38;2;200;200;200mF[38;2;145;145;145mM[38;2;178;178;178m@[38;2;249;249;249m@[38;2;252;252;252m@@@@@@@@@@@@[38;2;251;251;251m@[38;2;144;144;144mL [38;2;0;0;231m$[38;2;0;0;199m,      [39m
 [38;2;0;0;0m     [38;2;0;0;235m@ [38;2;140;140;141m4[38;2;251;251;251m@[38;2;252;252;252m@@[38;2;251;251;251m@[38;2;236;236;236mg[38;2;184;184;184my[38;2;170;170;170m_ [38;2;204;204;204m~[38;2;162;162;162mM[38;2;242;242;242m@[38;2;252;252;252m@[38;2;239;239;239m@[38;2;207;207;207mF[38;2;198;198;198mFFFFF[38;2;174;174;174mP[38;2;244;244;244m@[38;2;209;209;209m@ [38;2;1;0;207m4[38;2;1;0;218m[      [39m
 [38;2;0;0;0m     [38;2;0;0;233m@ [38;2;161;161;161m4[38;2;251;251;251m@[38;2;252;252;252m@@[38;2;251;251;251m@[38;2;202;202;202m@[38;2;189;189;189mF[38;2;172;172;172m~ [38;2;220;220;220m_[38;2;205;205;205my[38;2;233;233;233m@[38;2;252;252;252m@[38;2;236;236;236m@[38;2;212;212;212my[38;2;202;202;202myyyyy[38;2;219;219;219my[38;2;238;238;238m@[38;2;229;229;229m@ [38;2;1;1;198m4[38;2;1;0;223m[      [39m
 [38;2;0;0;0m     [38;2;0;0;234m@ [38;2;156;156;156m4[38;2;251;251;251m@[38;2;252;252;252m@@[38;2;251;251;251m@[38;2;199;199;199my[38;2;180;180;180my[38;2;228;228;228mg[38;2;239;239;239m@[38;2;251;251;251m@[38;2;252;252;252m@@@@@@@@@@@@[38;2;232;232;232m@ [38;2;0;0;199mJ[38;2;0;0;223m[      [39m
 [38;2;0;0;0m     [38;2;0;0;235m@ [38;2;149;149;149m4[38;2;251;251;251m@[38;2;252;252;252m@@@@@@@@@@@@@@@@@@@@[38;2;237;237;237m@ [38;2;0;0;196mJ[38;2;0;0;226m[      [39m
 [38;2;0;0;0m     [38;2;0;0;237m@ [38;2;138;138;138m4[38;2;251;251;251m@[38;2;252;252;252m@@@@@@@@@@@@@@@@@@@@[38;2;238;238;238m@ [38;2;0;0;190mJ[38;2;1;1;207m$      [39m
 [38;2;0;0;0m     [38;2;0;0;237m@ [38;2;124;124;124m4[38;2;252;252;252m@@@@@@@@@@@@@@@@@@@@@[38;2;240;240;240m@ [38;2;0;0;182mJ[38;2;0;0;212m$      [39m
 [38;2;0;0;0m     [38;2;0;0;236m@ [38;2;102;102;102m4[38;2;251;251;251m@[38;2;252;252;252m@@@@@@@@@@@@@@@@@@@@[38;2;244;244;244m@  [38;2;0;0;218m$      [39m
 [38;2;0;0;0m     [38;2;0;0;231m@[38;2;0;0;191m, [38;2;249;249;249m@[38;2;252;252;252m@@@@@@@@@@@@@@@@@@@@[38;2;244;244;244m@ [38;2;0;0;178mj[38;2;0;0;218m$      [39m
 [38;2;0;0;0m     [38;2;0;0;218m`[38;2;0;0;222m$[38;2;0;0;203m,[38;2;188;188;188m~[38;2;162;162;162mM[38;2;187;187;187m@[38;2;250;250;250m@[38;2;251;251;251m@[38;2;252;252;252m@[38;2;238;238;238m@[38;2;203;203;203mP[38;2;184;184;184mF[38;2;179;179;179mA[38;2;239;239;239m@[38;2;252;252;252m@[38;2;251;251;251m@[38;2;250;250;250m@[38;2;191;191;191m@[38;2;190;190;190mF[38;2;186;186;186mF[38;2;207;207;207m@[38;2;252;252;252m@[38;2;251;251;251m@[38;2;206;206;206m@[38;2;178;178;178m~ [38;2;0;0;232ma'      [39m
 [38;2;0;0;0m      [38;2;2;1;198m~[38;2;0;0;228m4[38;2;0;0;225mgg[38;2;0;0;226m__[38;2;145;145;145m`[38;2;129;129;129m`[38;2;0;0;225m_[38;2;0;0;214my[38;2;0;0;226ma[38;2;0;0;215my[38;2;0;0;225m_[38;2;130;130;130m`[38;2;144;144;144m`[38;2;0;0;226m__[38;2;0;0;225mg[38;2;0;0;223mg[38;2;0;0;227m__[38;2;0;0;226m__g[38;2;0;0;227mP[38;2;0;0;230m'       [39m
 [38;2;0;0;0m          [38;2;1;0;217m~[38;2;0;0;226m~~~~[38;2;0;0;225m` `~[38;2;0;0;226m~~~[38;2;0;0;219m~  [38;2;0;0;222m~[38;2;0;0;226m~~[38;2;0;0;224m~[38;2;4;3;189m`         [39m
 [38;2;0;0;0m                                       [39m
[?25h