[?25l[39m [38;2;0;0;0m                                       [39m
 [38;2;0;0;0m              [38;2;0;0;219m_[38;2;0;0;225m_[38;2;0;0;226m__[38;2;1;1;203my[38;2;1;1;204my[38;2;0;0;226m___[38;2;0;0;220m_               [39m
 [38;2;0;0;0m          [38;2;1;3;186m_[38;2;0;0;225m_[38;2;0;0;226mg[38;2;0;0;227mP[38;2;0;0;226m~[38;2;0;0;225m~[38;2;0;0;231m~[38;2;121;121;121m_[38;2;150;150;150m__[38;2;121;121;121m_[38;2;0;0;231m~[38;2;0;0;225m~~[38;2;0;0;226m4[38;2;0;0;227mg[38;2;0;0;225m_[38;2;1;2;199m,           [39m
 [38;2;0;0;0m        [38;2;0;0;206m_[38;2;0;0;226maP[38;2;0;0;225m~[38;2;170;170;170m_[38;2;195;195;195my[38;2;237;237;237mg[38;2;228;228;228m@[38;2;251;251;251m@[38;2;252;252;252m@[38;2;251;251;251m@@[38;2;252;252;252m@@[38;2;232;232;232m@[38;2;237;237;237mg[38;2;194;194;194my[38;2;171;171;171m_[38;2;0;0;222m~[38;2;0;0;225m4[38;2;0;0;223mg[38;2;0;0;206m_         [39m
 [38;2;0;0;0m       [38;2;0;0;214my[38;2;0;0;230mP[38;2;1;1;211m'[38;2;140;140;140my[38;2;244;244;244mg[38;2;251;251;251m@[38;2;252;252;252m@@@@@@@@@@@@[38;2;251;251;251m@[38;2;216;216;216m$[38;2;124;124;125my[38;2;1;1;207m`[38;2;0;0;229m4[38;2;0;0;215my        [39m
 [38;2;0;0;0m      [38;2;0;0;219mg[38;2;0;0;224mF [38;2;199;199;199mg[38;2;251;251;251m@[38;2;252;252;252m@@@@@@@@@@@@@@@@[38;2;251;251;251m@[38;2;165;165;165m@ [38;2;0;0;214m?[38;2;0;0;215m$       [39m
 [38;2;0;0;0m     [38;2;1;1;202mj[38;2;0;0;232mF [38;2;186;186;186mg[38;2;251;251;251m@[38;2;252;252;252m@[38;2;251;251;251m@[38;2;228;228;228m@[38;2;204;204;204mR[38;2;210;210;210mP[38;2;207;207;207mR[38;2;236;236;236m@[38;2;251;251;251m@[38;2;252;252;252m@@@[38;2;245;245;245m@[38;2;193;193;193m@[38;2;213;213;213mP[38;2;195;195;195mR[38;2;210;210;210m@[38;2;251;251;251m@[38;2;252;252;252m@[38;2;251;251;251m@[38;2;165;165;165m$ [38;2;0;0;220m4[38;2;0;0;216mi      [39m
 [38;2;0;0;0m     [38;2;0;0;216m@[38;2;1;1;191m' [38;2;241;241;241m@[38;2;252;252;252m@[38;2;235;235;235m@[38;2;160;160;160m~[38;2;168;168;168ma[38;2;192;192;192m=[38;2;198;198;198m4[38;2;183;183;183m=[38;2;161;161;161my[38;2;191;191;191m~[38;2;248;248;248m@[38;2;251;251;251m@[38;2;197;197;197mF[38;2;158;158;158my[38;2;225;225;225m=[38;2;169;169;169mF[38;2;166;166;166m#[38;2;146;146;146ma[38;2;164;164;164m`[38;2;203;203;203m@[38;2;251;251;251m@[38;2;248;248;248m@  [38;2;0;0;225m$      [39m
 [38;2;0;0;0m     [38;2;0;0;226m@  [38;2;249;249;249m@[38;2;251;251;251m@[38;2;168;168;168m$[38;2;93;93;93m4[38;2;159;159;159mL [38;2;157;157;157m@ [38;2;168;168;168m0 [38;2;228;228;228m@[38;2;237;237;237m@ [38;2;200;200;200m$ [38;2;177;177;177ma [38;2;124;124;124m4[38;2;89;89;89mF[38;2;185;185;185mg[38;2;251;251;251m@@  [38;2;0;0;226m@      [39m
 [38;2;0;0;0m     [38;2;0;0;226m@  [38;2;249;249;249m@[38;2;252;252;252m@[38;2;248;248;248m@[38;2;176;176;176my[38;2;149;149;149m7[38;2;230;230;230m=[38;2;251;251;251m==g[38;2;236;236;236m@[38;2;252;252;252m@[38;2;251;251;251m@[38;2;169;169;169m@[38;2;161;161;161m_[38;2;168;168;168m=[38;2;249;249;249m=[38;2;250;250;250m=[38;2;238;238;238mg[38;2;220;220;220m$[38;2;252;252;252m@@[38;2;251;251;251m@  [38;2;0;0;226m@      [39m
 [38;2;0;0;0m     [38;2;0;0;226m@  [38;2;249;249;249m@[38;2;252;252;252m@@@[38;2;251;251;251m@[38;2;233;233;233m@[38;2;223;223;223m@[38;2;230;230;230m@[38;2;252;252;252m@@@@@[38;2;251;251;251m@[38;2;242;242;242m@[38;2;225;225;225m@@[38;2;249;249;249m@[38;2;252;252;252m@@@[38;2;251;251;251m@  [38;2;0;0;226m@      [39m
 [38;2;0;0;0m     [38;2;0;0;226m@  [38;2;249;249;249m@[38;2;252;252;252m@@@@@@@@@@@@@@@@@@@@[38;2;251;251;251m@  [38;2;0;0;227m@      [39m
 [38;2;0;0;0m     [38;2;0;0;226m@  [38;2;249;249;249m@[38;2;252;252;252m@@@@@@@@@@@@@@@@@@@@[38;2;251;251;251m@  [38;2;0;0;227m@      [39m
 [38;2;0;0;0m     [38;2;0;0;226m@  [38;2;249;249;249m@[38;2;252;252;252m@@@@@@@@@@@@@@@@@@@@[38;2;251;251;251m@  [38;2;0;0;226m@      [39m
 [38;2;0;0;0m     [38;2;0;0;215m@[38;2;0;0;216m, [38;2;237;237;237m@[38;2;252;252;252m@@@@@@@@@@@@@@@@@@@@[38;2;245;245;245m@ [38;2;1;0;175mj[38;2;0;0;222m$      [39m
 [38;2;0;0;0m     [38;2;2;1;204m`[38;2;0;0;225m@[38;2;0;0;228m_[38;2;177;177;177m`[38;2;167;167;167m#[38;2;223;223;223m@[38;2;242;242;242m@[38;2;232;232;232m@[38;2;174;174;174m@[38;2;251;251;251m~[38;2;239;239;239m~[38;2;140;140;140m5[38;2;199;199;199m@[38;2;239;239;239m@@[38;2;206;206;206m@[38;2;195;195;195mF[38;2;240;240;240m~[38;2;248;248;248m~[38;2;163;163;163m@[38;2;231;231;231m@[38;2;243;243;243m@[38;2;227;227;227m@[38;2;224;224;224mF[38;2;132;132;132m~[38;2;0;0;226m_[38;2;0;0;224m$[38;2;0;0;229m'      [39m
 [38;2;0;0;0m      [38;2;2;3;193m`[38;2;0;0;228m~[38;2;0;0;217m@g[38;2;0;0;227m___[38;2;0;0;211ma[38;2;0;0;226ma[38;2;0;0;220mR[38;2;0;0;226mg_[38;2;0;0;227m__[38;2;0;0;202my[38;2;0;0;226mg[38;2;0;0;220mR[38;2;0;0;227ma[38;2;0;0;215my[38;2;0;0;227m___[38;2;0;0;219ma[38;2;0;0;224ms[38;2;1;1;207mF[38;2;1;1;202m'       [39m
 [38;2;0;0;0m         [38;2;2;1;206m`[38;2;1;1;213m~[38;2;0;0;224m~[38;2;0;0;219m~`   [38;2;0;0;227m`[38;2;0;0;223m~~[38;2;2;1;198m~   [38;2;0;0;220m`[38;2;1;0;218m~[38;2;0;0;224m~[38;2;1;0;217m~[38;2;2;1;208m`          [39m
 [38;2;0;0;0m                                       [39m
[?25h