[?25l[39m [38;2;0;0;0m                                       [39m
 [38;2;0;0;0m              [38;2;0;0;225m_[38;2;0;0;226m__[38;2;1;1;206my[38;2;0;0;213my[38;2;0;0;214my[38;2;1;1;207my[38;2;0;0;227m_[38;2;0;0;226m_[38;2;0;0;227m_               [39m
 [38;2;0;0;0m           [38;2;0;0;225m_[38;2;0;0;228mg[38;2;0;0;214m@[38;2;0;0;219m=[38;2;0;0;225m~[38;2;0;0;231m~[38;2;112;112;112m_[38;2;147;147;147m_[38;2;152;152;152m_[38;2;129;129;129m_[38;2;0;0;232m~[38;2;0;0;225m~[38;2;0;0;226m~[38;2;0;0;224m4[38;2;0;0;227ma[38;2;0;0;211my[38;2;0;0;218m_           [39m
 [38;2;0;0;0m        [38;2;1;2;192m_[38;2;0;0;220mg[38;2;0;0;229mP[38;2;0;0;227m~[38;2;113;113;113m_[38;2;182;182;182my[38;2;228;228;228mg[38;2;223;223;223m@[38;2;249;249;249m@[38;2;252;252;252m@[38;2;251;251;251m@@[38;2;252;252;252m@@[38;2;237;237;237m@[38;2;244;244;244mg[38;2;207;207;207my[38;2;212;212;212m_[38;2;0;0;217m~[38;2;0;0;212m4[38;2;0;0;221m$[38;2;0;0;228m_         [39m
 [38;2;0;0;0m       [38;2;0;0;212mj[38;2;0;0;220m@[38;2;0;0;211m~[38;2;165;165;165m_[38;2;225;225;225mg[38;2;250;250;250m@[38;2;252;252;252m@@@@@@@@@@@@@[38;2;221;221;221m@[38;2;164;164;164my [38;2;0;0;199mN[38;2;0;0;225mg[38;2;1;1;191m,       [39m
 [38;2;0;0;0m      [38;2;0;0;223mj[38;2;0;0;225mP [38;2;193;193;193my[38;2;248;248;248m@[38;2;252;252;252m@@@@@@@@@@@@@@@@[38;2;251;251;251m@[38;2;201;201;201m@[38;2;68;68;68m,[38;2;0;0;214m~[38;2;0;0;229m$       [39m
 [38;2;0;0;0m      [38;2;0;0;229m@ [38;2;153;153;154my[38;2;212;212;212m@[38;2;202;202;202mF[38;2;191;191;191m@[38;2;251;251;251m@[38;2;252;252;252m@@@@@@@@@@@@@@@@[38;2;208;208;208m@ [38;2;0;0;214m~[38;2;0;0;212m$      [39m
 [38;2;0;0;0m     [38;2;1;0;208m4[38;2;1;0;210m[ [38;2;222;222;222m$[38;2;215;215;215m$[38;2;173;173;173my[38;2;138;138;138m_ [38;2;222;222;222m~[38;2;168;168;168m5[38;2;232;232;232m@[38;2;252;252;252m@@[38;2;206;206;206m@[38;2;220;220;220mPPPPP[38;2;196;196;196mR[38;2;237;237;237m@[38;2;252;252;252m@@@[38;2;251;251;251m@[38;2;104;104;104mL [38;2;0;0;231m@      [39m
 [38;2;0;0;0m     [38;2;0;0;213m4[38;2;0;0;198m[ [38;2;224;224;224m@[38;2;249;249;249m@[38;2;189;189;189m@[38;2;179;179;179mF  [38;2;232;232;232m_[38;2;200;200;200mg[38;2;251;251;251m@[38;2;250;250;250m@[38;2;197;197;197my[38;2;159;159;159myyyyy[38;2;163;163;163my[38;2;208;208;208mg[38;2;251;251;251m@[38;2;252;252;252m@@[38;2;251;251;251m@[38;2;131;131;131mF [38;2;0;0;236m$      [39m
 [38;2;0;0;0m     [38;2;0;0;215m4[38;2;0;0;198m[ [38;2;225;225;225m@[38;2;153;153;153m$[38;2;249;249;249m_[38;2;184;184;184my[38;2;238;238;238mg[38;2;245;245;245m@[38;2;251;251;251m@[38;2;252;252;252m@@@@@@@@@@@@@@@[38;2;127;127;127mF [38;2;0;0;236m$      [39m
 [38;2;0;0;0m     [38;2;0;0;216m4[38;2;0;0;196m[ [38;2;229;229;229m@[38;2;252;252;252m@@@@@@@@@@@@@@@@@@@@@[38;2;120;120;120mF [38;2;0;0;236m$      [39m
 [38;2;0;0;0m     [38;2;0;0;219m4[38;2;0;0;191m[ [38;2;234;234;234m@[38;2;252;252;252m@@@@@@@@@@@@@@@@@@@@[38;2;251;251;251m@[38;2;125;125;125mL [38;2;0;0;232m@      [39m
 [38;2;0;0;0m     [38;2;0;0;215mg  [38;2;240;240;240m@[38;2;252;252;252m@@@@@@@@@@@@@@@@@@@@[38;2;251;251;251m@[38;2;110;110;111mL [38;2;0;0;235m$      [39m
 [38;2;0;0;0m     [38;2;0;0;213m@  [38;2;245;245;245m@[38;2;252;252;252m@@@@@@@@@@@@@@@@@@@@[38;2;251;251;251m@[38;2;93;93;94mL [38;2;0;0;230m@      [39m
 [38;2;0;0;0m     [38;2;0;0;212m9[38;2;0;0;201mL [38;2;211;211;211m@[38;2;252;252;252m@@@@@@@@@@@@@@@@@@@@[38;2;242;242;242m@  [38;2;0;0;221m@      [39m
 [38;2;0;0;0m     [38;2;2;2;193m`[38;2;0;0;221m@[38;2;0;0;229m_[38;2;65;65;65m`[38;2;177;177;177mT[38;2;162;162;162mF[38;2;202;202;202m~[38;2;220;220;220m~[38;2;178;178;178mF[38;2;193;193;193m@[38;2;219;219;219m@[38;2;194;194;194m@[38;2;205;205;205mF[38;2;223;223;223m~[38;2;196;196;196m~[38;2;246;246;246m~[38;2;199;199;199mR[38;2;216;216;216m@[38;2;212;212;212m@[38;2;213;213;213mP[38;2;243;243;243m~[38;2;195;195;195m~[38;2;231;231;231m~[38;2;184;184;184mF[38;2;127;127;127m`[38;2;0;0;228m_[38;2;0;0;224m$[38;2;0;0;226m'      [39m
 [38;2;0;0;0m       [38;2;0;0;229m~[38;2;0;0;228m4[38;2;0;0;227ma[38;2;0;0;228ma[38;2;0;0;221mP[38;2;0;0;212m@[38;2;0;0;227mg[38;2;0;0;214my[38;2;0;0;204my[38;2;0;0;215my[38;2;0;0;227mg[38;2;0;0;225mP[38;2;0;0;224m4[38;2;0;0;227ma[38;2;0;0;221my[38;2;0;0;204my[38;2;0;0;207my[38;2;0;0;223mg[38;2;0;0;224ma[38;2;0;0;228m=[38;2;0;0;217m@[38;2;0;0;225mg[38;2;0;0;226mP[38;2;0;0;228m~        [39m
 [38;2;0;0;0m              [38;2;1;1;222m`[38;2;0;0;227m`[38;2;1;1;221m`    [38;2;2;1;205m`[38;2;0;0;229m`[38;2;0;0;226m`               [39m
 [38;2;0;0;0m                                       [39m
[?25h