[?25l[39m [38;2;0;0;0m              [38;2;0;0;231m_[38;2;0;0;225m_[38;2;1;1;205my[38;2;0;0;218my[38;2;0;0;217ma[38;2;0;0;216ma[38;2;0;0;217my[38;2;1;1;205my[38;2;0;0;225m_[38;2;0;0;231m_               [39m
 [38;2;0;0;0m          [38;2;0;0;220m_[38;2;1;0;214my[38;2;0;0;224ms[38;2;0;0;222m=[38;2;0;0;225m~[38;2;0;0;224m~[38;2;183;183;183m_[38;2;238;238;238m_[38;2;247;247;247m_[38;2;248;248;248m_[38;2;238;238;238m_[38;2;182;182;182m_[38;2;0;0;223m~[38;2;0;0;227m~[38;2;0;0;221m=[38;2;0;0;215m@[38;2;0;0;214my[38;2;0;0;221m_           [39m
 [38;2;0;0;0m        [38;2;0;0;221m_[38;2;0;0;229ma[38;2;0;0;214mF[38;2;0;0;227m`[38;2;144;144;144my[38;2;197;197;197mg[38;2;224;224;224m$[38;2;251;251;251m@@[38;2;252;252;252m@@@@[38;2;251;251;251m@@[38;2;230;230;230m$[38;2;197;197;197mg[38;2;241;241;241m_[38;2;0;0;226m`[38;2;0;0;209m?[38;2;0;0;220m$[38;2;0;0;221m_         [39m
 [38;2;0;0;0m       [38;2;0;0;219mg[38;2;0;0;227mF [38;2;186;186;186my[38;2;223;223;223m@[38;2;251;251;251m@[38;2;252;252;252m@@@@@@@@@@@@[38;2;251;251;251m@[38;2;234;234;234m@[38;2;179;179;179my [38;2;0;0;197mN[38;2;0;0;219mg        [39m
 [38;2;0;0;0m      [38;2;0;0;226mg[38;2;0;0;210mF [38;2;223;223;223mg[38;2;251;251;251m@[38;2;252;252;252m@@@@@@@@@@@@@@@@[38;2;251;251;251m@[38;2;197;197;197m@ [38;2;0;0;217m~[38;2;0;0;224m$       [39m
 [38;2;0;0;0m     [38;2;1;0;209mj[38;2;0;0;228mF [38;2;208;208;208mg[38;2;251;251;251m@[38;2;252;252;252m@[38;2;186;186;186m@[38;2;189;189;189m#[38;2;238;238;238m@[38;2;251;251;251m@[38;2;252;252;252m@@@@@[38;2;243;243;243m@[38;2;207;207;207mP[38;2;186;186;186m@[38;2;250;250;250m@[38;2;252;252;252m@@@@[38;2;251;251;251m@[38;2;186;186;186m@ [38;2;0;0;219m?[38;2;0;0;221mi      [39m
 [38;2;0;0;0m     [38;2;0;0;218m@  [38;2;246;246;246m@[38;2;252;252;252m@@[38;2;215;215;215my[38;2;228;228;228m_ [38;2;155;155;155m~[38;2;136;136;136m5[38;2;197;197;197m@[38;2;252;252;252m@@@[38;2;229;229;229m@[38;2;178;178;178my[38;2;122;122;122m_[38;2;90;90;90m`[38;2;225;225;225m~[38;2;168;168;168m#[38;2;234;234;234m@[38;2;252;252;252m@@[38;2;250;250;250m@  [38;2;0;0;226m$      [39m
 [38;2;0;0;0m     [38;2;0;0;226m@  [38;2;249;249;249m@[38;2;252;252;252m@@[38;2;251;251;251m@[38;2;205;205;205m@[38;2;171;171;171mF  [38;2;221;221;221m_[38;2;199;199;199m@[38;2;251;251;251m@[38;2;252;252;252m@@[38;2;245;245;245m@[38;2;222;222;222mP[38;2;96;96;96m^ [38;2;88;88;88m_[38;2;178;178;178my[38;2;248;248;248m@[38;2;252;252;252m@[38;2;251;251;251m@  [38;2;0;0;226m@      [39m
 [38;2;0;0;0m     [38;2;0;0;226m@  [38;2;249;249;249m@[38;2;252;252;252m@[38;2;251;251;251m@[38;2;168;168;168m_[38;2;111;111;111m_[38;2;170;170;170my[38;2;226;226;226mg[38;2;237;237;237m@[38;2;251;251;251m@[38;2;252;252;252m@@@[38;2;204;204;204m@ [38;2;206;206;206m_[38;2;202;202;202my[38;2;247;247;247mg[38;2;250;250;250m@[38;2;252;252;252m@@@[38;2;251;251;251m@  [38;2;0;0;226m@      [39m
 [38;2;0;0;0m     [38;2;0;0;226m@  [38;2;249;249;249m@[38;2;252;252;252m@@[38;2;251;251;251m@@[38;2;252;252;252m@@@@@@@@[38;2;251;251;251m@@[38;2;252;252;252m@@@@@@[38;2;251;251;251m@  [38;2;0;0;226m@      [39m
 [38;2;0;0;0m     [38;2;0;0;226m@  [38;2;249;249;249m@[38;2;252;252;252m@@@@@@@@@@@@@@@@@@@@[38;2;251;251;251m@  [38;2;0;0;226m@      [39m
 [38;2;0;0;0m     [38;2;0;0;226m@  [38;2;249;249;249m@[38;2;252;252;252m@@@@@@@@@@@@@@@@@@@@[38;2;251;251;251m@  [38;2;0;0;227m@      [39m
 [38;2;0;0;0m     [38;2;0;0;226m@  [38;2;249;249;249m@[38;2;252;252;252m@@@@@@@@@@@@@@@@@@@@[38;2;251;251;251m@  [38;2;0;0;227m@      [39m
 [38;2;0;0;0m     [38;2;0;0;226m@  [38;2;249;249;249m@[38;2;252;252;252m@@@@@@@@@@@@@@@@@@@@[38;2;251;251;251m@  [38;2;0;0;227m@      [39m
 [38;2;0;0;0m     [38;2;0;0;209m@[38;2;0;0;229mL [38;2;200;200;200m4[38;2;251;251;251m@[38;2;252;252;252m@@@[38;2;251;251;251m@[38;2;235;235;235m@[38;2;239;239;239m@[38;2;251;251;251m@[38;2;252;252;252m@@@[38;2;251;251;251m@[38;2;245;245;245m@[38;2;228;228;228m@[38;2;249;249;249m@[38;2;251;251;251m@[38;2;252;252;252m@@@[38;2;250;250;250m@[38;2;161;161;161m@ [38;2;0;0;229mj[38;2;0;0;215m@      [39m
 [38;2;0;0;0m     [38;2;2;2;199m`[38;2;0;0;221m@[38;2;0;0;225mg[38;2;0;0;227m_[38;2;101;101;101m~[38;2;244;244;244m~[38;2;162;162;162mF[38;2;244;244;244m~[38;2;148;148;148m`[38;2;0;0;226m_[38;2;0;0;227m_[38;2;101;101;101m~[38;2;244;244;244m~[38;2;163;163;163mF[38;2;251;251;251m~[38;2;185;185;185m~[38;2;0;0;227m_[38;2;0;0;226m_[38;2;0;0;219m_[38;2;217;217;217m~[38;2;174;174;174mT[38;2;163;163;163mF[38;2;235;235;235m~[38;2;0;0;215m_[38;2;0;0;225m_[38;2;0;0;224mg[38;2;0;0;223m@[38;2;0;0;222m'      [39m
 [38;2;0;0;0m       [38;2;0;0;229m~[38;2;0;0;216mR[38;2;0;0;227m@[38;2;0;0;226m@@@[38;2;0;0;227m@[38;2;0;0;225mP[38;2;0;0;226m4[38;2;0;0;227m@[38;2;0;0;226m@@@@[38;2;0;0;217m@[38;2;0;0;228m=[38;2;0;0;227m@[38;2;0;0;226m@@[38;2;0;0;225m@[38;2;0;0;226m@@[38;2;0;0;220mP[38;2;0;0;228m~        [39m
 [38;2;0;0;0m          [38;2;1;1;218m`[38;2;0;0;228m`[38;2;2;1;208m`    [38;2;2;1;217m`[38;2;1;0;229m`[38;2;0;0;225m`     [38;2;0;0;227m`[38;2;1;0;228m`[38;2;2;1;200m`           [39m
 [38;2;0;0;0m                                       [39m
[?25h