[?25l[39m [38;2;0;0;0m             [38;2;3;2;184m_[38;2;0;0;229m_[38;2;0;0;225m_[38;2;1;1;211my[38;2;0;0;217ma[38;2;0;0;223mgg[38;2;0;0;222my[38;2;1;1;210my[38;2;0;0;225m_[38;2;0;0;229m_               [39m
 [38;2;0;0;0m          [38;2;0;0;226m_[38;2;1;0;214ma[38;2;0;0;215m@[38;2;0;0;223m=[38;2;0;0;225m~~[38;2;169;169;169m_[38;2;236;236;236m_[38;2;246;246;246m__[38;2;236;236;236m_[38;2;169;169;169m_[38;2;0;0;225m~[38;2;0;0;226m~[38;2;0;0;223m=[38;2;0;0;219m@[38;2;0;0;217my[38;2;0;0;225m_           [39m
 [38;2;0;0;0m        [38;2;0;0;226m_[38;2;0;0;229ma[38;2;0;0;214mF[38;2;1;0;202m~[38;2;139;139;139my[38;2;193;193;193mg[38;2;222;222;222m$[38;2;251;251;251m@@[38;2;252;252;252m@@@@[38;2;251;251;251m@@[38;2;228;228;228m$[38;2;194;194;194mg[38;2;238;238;238m_[38;2;0;0;229m`[38;2;0;0;210m?[38;2;0;0;220m@[38;2;0;0;226m_         [39m
 [38;2;0;0;0m       [38;2;0;0;221mg[38;2;0;0;226mF [38;2;185;185;185my[38;2;221;221;221m@[38;2;251;251;251m@[38;2;252;252;252m@@@@@@@@@@@@[38;2;251;251;251m@[38;2;232;232;232m@[38;2;178;178;178my [38;2;0;0;198mN[38;2;0;0;222mg        [39m
 [38;2;0;0;0m      [38;2;0;0;228mg[38;2;0;0;211mF [38;2;222;222;222mg[38;2;251;251;251m@[38;2;252;252;252m@@@@@@@@@@@@@@@@[38;2;251;251;251m@[38;2;195;195;195m@ [38;2;0;0;218m~[38;2;0;0;226m$       [39m
 [38;2;0;0;0m     [38;2;0;0;211mj[38;2;0;0;228mF [38;2;207;207;207mg[38;2;251;251;251m@@[38;2;216;216;216mF[38;2;149;149;149mM[38;2;184;184;184m@[38;2;249;249;249m@[38;2;251;251;251m@[38;2;252;252;252m@@@@[38;2;228;228;228m@[38;2;170;170;170mF[38;2;166;166;166m5[38;2;223;223;223m@[38;2;251;251;251m@[38;2;252;252;252m@@@[38;2;251;251;251m@[38;2;185;185;185m@ [38;2;0;0;220m?l      [39m
 [38;2;0;0;0m     [38;2;0;0;219m@  [38;2;245;245;245m@[38;2;252;252;252m@[38;2;251;251;251m@[38;2;234;234;234mg[38;2;179;179;179my[38;2;145;145;145m_[38;2;69;69;69m`[38;2;210;210;210m~[38;2;166;166;166mP[38;2;241;241;241m@[38;2;252;252;252m@@[38;2;245;245;245m@[38;2;193;193;193mg[38;2;248;248;248m_ [38;2;99;99;99m~[38;2;244;244;244m~[38;2;170;170;170m@[38;2;251;251;251m@[38;2;252;252;252m@[38;2;250;250;250m@  [38;2;0;0;226m$      [39m
 [38;2;0;0;0m     [38;2;0;0;226m@  [38;2;249;249;249m@[38;2;252;252;252m@[38;2;251;251;251m@[38;2;210;210;210m@[38;2;200;200;200mF[38;2;186;186;186m~ [38;2;193;193;193m_[38;2;196;196;196my[38;2;224;224;224m@[38;2;252;252;252m@@[38;2;249;249;249m@[38;2;172;172;172m@[38;2;251;251;251m~[38;2;139;139;139m` [38;2;144;144;144my[38;2;198;198;198mg[38;2;251;251;251m@[38;2;252;252;252m@[38;2;251;251;251m@  [38;2;0;0;226m@      [39m
 [38;2;0;0;0m     [38;2;0;0;226m@  [38;2;249;249;249m@[38;2;252;252;252m@[38;2;251;251;251m@[38;2;194;194;194my[38;2;174;174;174my[38;2;220;220;220mg[38;2;232;232;232m@[38;2;251;251;251m@[38;2;252;252;252m@@@@[38;2;220;220;220m@[38;2;163;163;163my[38;2;199;199;199my[38;2;245;245;245mg[38;2;247;247;247m@[38;2;251;251;251m@[38;2;252;252;252m@@@[38;2;251;251;251m@  [38;2;0;0;226m@      [39m
 [38;2;0;0;0m     [38;2;0;0;226m@  [38;2;249;249;249m@[38;2;252;252;252m@@@@@@@@@@@@@@@@@@@@[38;2;251;251;251m@  [38;2;0;0;226m@      [39m
 [38;2;0;0;0m     [38;2;0;0;226m@  [38;2;249;249;249m@[38;2;252;252;252m@@@@@@@@@@@@@@@@@@@@[38;2;251;251;251m@  [38;2;0;0;226m@      [39m
 [38;2;0;0;0m     [38;2;0;0;226m@  [38;2;249;249;249m@[38;2;252;252;252m@@@@@@@@@@@@@@@@@@@@[38;2;251;251;251m@  [38;2;0;0;227m@      [39m
 [38;2;0;0;0m     [38;2;0;0;226m@  [38;2;249;249;249m@[38;2;252;252;252m@@@@@@@@@@@@@@@@@@@@[38;2;251;251;251m@  [38;2;0;0;227m@      [39m
 [38;2;0;0;0m     [38;2;0;0;222m@  [38;2;242;242;242m@[38;2;252;252;252m@@@@@@@@@@@@@@@@@@@@[38;2;247;247;247m@  [38;2;0;0;224m@      [39m
 [38;2;0;0;0m     [38;2;1;2;194m7[38;2;0;0;225m@[38;2;0;0;213m_[38;2;128;128;128m~[38;2;193;193;193mR[38;2;244;244;244m@[38;2;251;251;251m@[38;2;247;247;247m@[38;2;189;189;189m@[38;2;170;170;170mF[38;2;252;252;252m~[38;2;173;173;173m5[38;2;232;232;232m@[38;2;250;250;250m@@[38;2;224;224;224m@[38;2;211;211;211mF[38;2;252;252;252m~[38;2;178;178;178mT[38;2;194;194;194m@[38;2;248;248;248m@[38;2;251;251;251m@[38;2;244;244;244m@[38;2;171;171;171m@[38;2;160;160;160m~[38;2;0;0;210m_[38;2;0;0;230mg[38;2;0;1;208mF      [39m
 [38;2;0;0;0m      [38;2;1;0;214m~[38;2;0;0;214m@[38;2;0;0;227mg[38;2;0;0;211my[38;2;0;0;226m_[38;2;0;0;228m_[38;2;0;0;226m_[38;2;0;0;205my[38;2;0;0;226mg[38;2;0;0;223m@[38;2;0;0;220my[38;2;0;0;226m_[38;2;0;0;227m__[38;2;0;0;226m_[38;2;0;0;221ma[38;2;0;0;223m@[38;2;0;0;224mg[38;2;0;0;226m__[38;2;0;0;227m_[38;2;0;0;226m_[38;2;0;0;213my[38;2;0;0;227mg[38;2;0;0;217m@[38;2;0;0;216m~       [39m
 [38;2;0;0;0m        [38;2;0;0;224m`[38;2;0;0;226m~~[38;2;0;0;227m~~[38;2;0;0;226m~[38;2;2;2;201m~[38;2;3;1;196m`[38;2;0;0;227m~[38;2;0;0;226m~[38;2;0;0;227m~~[38;2;0;0;225m~[38;2;0;0;227m~ [38;2;1;1;214m~[38;2;0;0;226m~~[38;2;0;0;227m~[38;2;0;0;226m~[38;2;0;0;228m~[38;2;1;0;220m`         [39m
 [38;2;0;0;0m                                       [39m
 [38;2;0;0;0m                                       [39m
[?25h