[?25l[39m [38;2;0;0;0m             [38;2;0;0;231m_[38;2;0;0;225m_[38;2;0;0;217my[38;2;0;0;228mga[38;2;0;0;226ma[38;2;0;0;227ma[38;2;0;0;228mag[38;2;0;0;218my[38;2;0;0;226m_[38;2;0;0;229m_              [39m
 [38;2;0;0;0m          [38;2;0;0;228m_[38;2;0;0;227mgP[38;2;0;0;225m~[38;2;0;0;227m~[38;2;153;153;153m_[38;2;245;245;245m_[38;2;159;159;159my[38;2;173;173;173myy[38;2;159;159;159my[38;2;244;244;244m_[38;2;154;154;154m_[38;2;0;0;226m~[38;2;0;0;225m~[38;2;0;0;228m4[38;2;0;0;226mg[38;2;0;0;228m_           [39m
 [38;2;0;0;0m        [38;2;0;0;230m_[38;2;0;0;221m@[38;2;0;0;228m~[38;2;70;70;70m_[38;2;181;181;181my[38;2;240;240;240mg[38;2;243;243;243m@[38;2;251;251;251m@[38;2;252;252;252m@@@@@@[38;2;251;251;251m@[38;2;247;247;247m@[38;2;240;240;240mg[38;2;177;177;177my[38;2;70;70;70m_[38;2;0;0;224m~[38;2;0;0;221m@[38;2;0;0;230m_         [39m
 [38;2;0;0;0m       [38;2;0;0;229mg[38;2;0;0;218mF [38;2;181;181;181mg[38;2;242;242;242m@[38;2;252;252;252m@@@@@@@@@@@@@@[38;2;247;247;247m@[38;2;180;180;180mg [38;2;0;0;227m~[38;2;0;0;226m$[38;2;0;0;209m,       [39m
 [38;2;0;0;0m      [38;2;0;0;223m@[38;2;1;0;206m~ [38;2;241;241;241mg[38;2;251;251;251m@[38;2;237;237;237m@[38;2;225;225;225m@[38;2;251;251;251m@[38;2;252;252;252m@@@@@@@@@@@@@@[38;2;219;219;219m@[38;2;77;77;77m,[38;2;0;0;209m"[38;2;0;0;231m$       [39m
 [38;2;0;0;0m     [38;2;0;0;218mj[38;2;0;0;222mF [38;2;219;219;219mg[38;2;251;251;251m@@[38;2;155;155;155my [38;2;188;188;188m`[38;2;246;246;246m~[38;2;169;169;169m@[38;2;247;247;247m@[38;2;251;251;251m@[38;2;252;252;252m@[38;2;251;251;251m@@[38;2;252;252;252m@@@@@[38;2;251;251;251m@[38;2;252;252;252m@@[38;2;203;203;203m@ [38;2;0;0;210m?[38;2;1;1;203m$      [39m
 [38;2;0;0;0m     [38;2;0;0;222m@  [38;2;248;248;248m@[38;2;252;252;252m@@@[38;2;246;246;246m@[38;2;219;219;219m=   [38;2;202;202;202m$[38;2;251;251;251m@[38;2;213;213;213m@      [38;2;73;73;73m`[38;2;217;217;217m$[38;2;252;252;252m@[38;2;251;251;251m@  [38;2;0;0;228m$      [39m
 [38;2;0;0;0m     [38;2;0;0;226m@  [38;2;249;249;249m@[38;2;252;252;252m@[38;2;251;251;251m@[38;2;218;218;218m~ [38;2;180;180;180m_[38;2;194;194;194my[38;2;244;244;244mg[38;2;250;250;250m@[38;2;252;252;252m@@@@@@@@@@@@[38;2;251;251;251m@  [38;2;0;0;226m@      [39m
 [38;2;0;0;0m     [38;2;0;0;225m@  [38;2;249;249;249m@[38;2;252;252;252m@@[38;2;244;244;244m@[38;2;234;234;234m@[38;2;251;251;251m@[38;2;252;252;252m@@@@@@@@@@@@@@@[38;2;251;251;251m@  [38;2;0;0;226m@      [39m
 [38;2;0;0;0m     [38;2;0;0;225m@  [38;2;249;249;249m@[38;2;252;252;252m@@@@@@@@@@@@@@@@@@@@[38;2;251;251;251m@  [38;2;0;0;226m@      [39m
 [38;2;0;0;0m     [38;2;0;0;225m@  [38;2;249;249;249m@[38;2;252;252;252m@@@@@@@@@@@@@@@@@@@@[38;2;251;251;251m@  [38;2;0;0;226m@      [39m
 [38;2;0;0;0m     [38;2;0;0;225m@  [38;2;249;249;249m@[38;2;252;252;252m@@@@@@@@@@@@@@@@@@@@[38;2;251;251;251m@  [38;2;0;0;226m@      [39m
 [38;2;0;0;0m     [38;2;0;0;225m@  [38;2;249;249;249m@[38;2;252;252;252m@@@@@@@@@@@@@@@@@@@@[38;2;251;251;251m@  [38;2;0;0;226m@      [39m
 [38;2;0;0;0m     [38;2;0;0;222m@[38;2;0;0;214m, [38;2;241;241;241m@[38;2;252;252;252m@@@@@@@@@@@@@@@@@@@@[38;2;247;247;247m@  [38;2;0;0;223m@      [39m
 [38;2;0;0;0m     [38;2;0;0;214m`[38;2;0;0;225m@[38;2;0;0;218m_[38;2;116;116;116m~[38;2;190;190;190mA[38;2;241;241;241m@[38;2;250;250;250m@[38;2;246;246;246m@[38;2;189;189;189m@[38;2;168;168;168mF[38;2;252;252;252m~[38;2;165;165;165mM[38;2;219;219;219m@[38;2;248;248;248m@@[38;2;222;222;222m@[38;2;211;211;211mF[38;2;252;252;252m~[38;2;173;173;173mT[38;2;211;211;211mR[38;2;245;245;245m@[38;2;249;249;249m@[38;2;242;242;242m@[38;2;168;168;168m@[38;2;149;149;149m~[38;2;0;0;216m_[38;2;0;0;230mg[38;2;1;1;201mF      [39m
 [38;2;0;0;0m      [38;2;1;0;204m~[38;2;0;0;227m4g[38;2;0;0;215my[38;2;0;0;226m___[38;2;0;0;206my[38;2;0;0;226mg@[38;2;0;0;219mg[38;2;0;0;226m____[38;2;0;0;222ma[38;2;0;0;223m@[38;2;0;0;226mg[38;2;0;0;207my[38;2;0;0;226m___[38;2;0;0;215my[38;2;0;0;228mg[38;2;0;0;226mP[38;2;0;1;208m~       [39m
 [38;2;0;0;0m        [38;2;1;1;211m`[38;2;0;0;228m~[38;2;0;0;225m~[38;2;0;0;227m~[38;2;0;0;226m~[38;2;0;0;229m~[38;2;0;0;220m` ~[38;2;0;0;226m~~~[38;2;0;0;225m~[38;2;0;0;220m~ [38;2;2;0;220m`[38;2;0;0;227m~[38;2;0;0;225m~[38;2;0;0;226m~[38;2;0;0;225m~[38;2;0;0;229m~[38;2;2;1;211m`         [39m
 [38;2;0;0;0m                                       [39m
 [38;2;0;0;0m                                       [39m
[?25h