[?25l[39m [38;2;0;0;0m             [38;2;1;0;222m_[38;2;0;0;224m_[38;2;1;1;207my[38;2;0;0;221ma[38;2;0;0;229mg[38;2;0;0;230mggg[38;2;0;0;218mg[38;2;1;1;207my[38;2;0;0;225m_[38;2;0;0;220m_              [39m
 [38;2;0;0;0m          [38;2;0;0;230m_[38;2;0;0;225ma@[38;2;0;0;220mP[38;2;0;0;226m~[38;2;0;0;228m~[38;2;90;90;90m_[38;2;223;223;223m_[38;2;236;236;236m__[38;2;222;222;222m_[38;2;91;91;91m_[38;2;0;0;227m~[38;2;0;0;226m~[38;2;0;0;219m4[38;2;0;0;226m@[38;2;0;0;222mg[38;2;0;0;230m_           [39m
 [38;2;0;0;0m        [38;2;0;0;230m_[38;2;0;0;222m@[38;2;0;0;219mF[38;2;1;0;213m~[38;2;218;218;218m_[38;2;212;212;212my[38;2;251;251;251mg[38;2;247;247;247m@[38;2;251;251;251m@@[38;2;252;252;252m@@[38;2;251;251;251m@@[38;2;249;249;249m@[38;2;251;251;251mg[38;2;212;212;212my[38;2;218;218;218m_[38;2;0;0;212m~[38;2;0;0;214m?[38;2;0;0;225m@[38;2;0;0;229m_         [39m
 [38;2;0;0;0m       [38;2;0;0;226mg[38;2;0;0;222mP[38;2;0;0;193m'[38;2;171;171;171my[38;2;211;211;211m@[38;2;251;251;251m@[38;2;252;252;252m@@@@@@@@@@@@[38;2;251;251;251m@[38;2;224;224;224m@[38;2;162;162;162my [38;2;0;0;219m4[38;2;0;0;222m$[38;2;0;1;195m,       [39m
 [38;2;0;0;0m      [38;2;0;0;230mg[38;2;0;0;217mF [38;2;214;214;214mg[38;2;251;251;251m@@@[38;2;252;252;252m@@@@@@@@@@@@@@[38;2;251;251;251m@[38;2;192;192;192m$ [38;2;0;0;221m~[38;2;0;0;228m$       [39m
 [38;2;0;0;0m     [38;2;0;0;216mj[38;2;0;0;228mF [38;2;200;200;200mg[38;2;251;251;251m@@[38;2;162;162;162m~[38;2;205;205;205m`[38;2;245;245;245m~[38;2;188;188;188mR[38;2;242;242;242m@[38;2;251;251;251m@[38;2;252;252;252m@@@@@@@@@@@[38;2;251;251;251m@[38;2;177;177;177m@ [38;2;0;0;221m?[38;2;0;0;220m[      [39m
 [38;2;0;0;0m     [38;2;0;0;220m@[38;2;0;0;179m[ [38;2;244;244;244m@[38;2;252;252;252m@@[38;2;250;250;250m@[38;2;245;245;245mg[38;2;166;166;166mw  [38;2;164;164;164m~[38;2;198;198;198m@[38;2;251;251;251m@[38;2;215;215;215m@~[38;2;202;202;202m~~~~~[38;2;212;212;212m~@[38;2;252;252;252m@[38;2;249;249;249m@  [38;2;0;0;226m$      [39m
 [38;2;0;0;0m     [38;2;0;0;226m@  [38;2;249;249;249m@[38;2;252;252;252m@[38;2;251;251;251m@[38;2;188;188;188mF[38;2;135;135;135m~ [38;2;231;231;231m_[38;2;211;211;211my[38;2;251;251;251mg[38;2;252;252;252m@@[38;2;251;251;251m@[38;2;229;229;229m$[38;2;224;224;224m$$$$$[38;2;229;229;229m$[38;2;251;251;251m@[38;2;252;252;252m@[38;2;251;251;251m@  [38;2;0;0;226m@      [39m
 [38;2;0;0;0m     [38;2;0;0;225m@  [38;2;249;249;249m@[38;2;252;252;252m@[38;2;251;251;251m@[38;2;209;209;209m@[38;2;243;243;243mg[38;2;244;244;244m@[38;2;251;251;251m@[38;2;252;252;252m@@@@@@@@@@@@@@[38;2;251;251;251m@  [38;2;0;0;226m@      [39m
 [38;2;0;0;0m     [38;2;0;0;225m@  [38;2;249;249;249m@[38;2;252;252;252m@@@@@@@@@@@@@@@@@@@@[38;2;251;251;251m@  [38;2;0;0;226m@      [39m
 [38;2;0;0;0m     [38;2;0;0;225m@  [38;2;249;249;249m@[38;2;252;252;252m@@@@@@@@@@@@@@@@@@@@[38;2;251;251;251m@  [38;2;0;0;226m@      [39m
 [38;2;0;0;0m     [38;2;0;0;225m@  [38;2;249;249;249m@[38;2;252;252;252m@@@@@@@@@@@@@@@@@@@@[38;2;251;251;251m@  [38;2;0;0;226m@      [39m
 [38;2;0;0;0m     [38;2;0;0;225m@  [38;2;249;249;249m@[38;2;252;252;252m@@@@@@@@@@@@@@@@@@@@[38;2;251;251;251m@  [38;2;0;0;226m@      [39m
 [38;2;0;0;0m     [38;2;0;0;218m@[38;2;0;0;215m, [38;2;239;239;239m@[38;2;252;252;252m@@@@@@@@@@@@@@@@@@@@[38;2;246;246;246m@ [38;2;0;0;175mj[38;2;0;0;221m@      [39m
 [38;2;0;0;0m     [38;2;1;1;210m`[38;2;0;0;227m@[38;2;0;0;224m_[38;2;194;194;194m`[38;2;174;174;174mA[38;2;231;231;231m@[38;2;247;247;247m@[38;2;241;241;241m@[38;2;176;176;176m@[38;2;252;252;252m~[38;2;251;251;251m~[38;2;143;143;143m5[38;2;201;201;201m@[38;2;246;246;246m@@[38;2;207;207;207m@[38;2;200;200;200mF[38;2;251;251;251m~~[38;2;196;196;196mR[38;2;240;240;240m@[38;2;246;246;246m@[38;2;232;232;232m@[38;2;209;209;209mP[38;2;132;132;132m~[38;2;0;0;224m_$[38;2;0;0;232m'      [39m
 [38;2;0;0;0m      [38;2;1;1;209m`[38;2;0;0;216m?[38;2;0;0;219m@y[38;2;0;0;226m___[38;2;0;0;213my[38;2;0;0;227ma[38;2;0;0;224m@g[38;2;0;0;226m____[38;2;0;0;224mg[38;2;0;0;222m@[38;2;0;0;227ma[38;2;0;0;213my[38;2;0;0;226m___[38;2;0;0;219my[38;2;0;0;225ma[38;2;0;1;213mP[38;2;0;0;221m'       [39m
 [38;2;0;0;0m         [38;2;0;0;231m`[38;2;0;0;230m~[38;2;0;0;229m~[38;2;0;0;231m~[38;2;1;1;207m~  [38;2;1;1;204m`[38;2;0;0;223m~[38;2;0;0;230m~~[38;2;0;0;225m~[38;2;1;1;203m`  [38;2;2;1;203m~[38;2;0;0;230m~~[38;2;0;0;231m~[38;2;0;0;230m`          [39m
 [38;2;0;0;0m                                       [39m
 [38;2;0;0;0m                                       [39m
[?25h