[?25l[39m [38;2;0;0;0m                                       [39m
 [38;2;0;0;0m              [38;2;0;0;229m_[38;2;0;0;227m__[38;2;1;0;214my[38;2;0;0;219myy[38;2;0;0;214my[38;2;0;0;227m__[38;2;0;0;228m_               [39m
 [38;2;0;0;0m          [38;2;0;0;214m_[38;2;0;0;209my[38;2;0;0;226mg[38;2;0;0;225mP[38;2;0;0;226m~[38;2;0;0;225m~[38;2;0;0;232m~[38;2;126;126;126m_[38;2;154;154;154m__[38;2;126;126;126m_[38;2;0;0;231m~[38;2;0;0;225m~[38;2;0;0;226m~[38;2;0;0;225m4g[38;2;0;0;209my[38;2;0;0;211m_           [39m
 [38;2;0;0;0m        [38;2;0;0;219m_[38;2;0;0;227mg[38;2;0;0;224mP[38;2;0;0;225m~[38;2;174;174;174m_[38;2;196;196;196my[38;2;238;238;238mg[38;2;229;229;229m@[38;2;251;251;251m@[38;2;252;252;252m@[38;2;251;251;251m@@[38;2;252;252;252m@@[38;2;233;233;233m@[38;2;238;238;238mg[38;2;195;195;195my[38;2;175;175;175m_[38;2;0;0;222m~[38;2;0;0;223m4[38;2;0;0;227mg[38;2;0;0;220m_         [39m
 [38;2;0;0;0m       [38;2;0;0;215mg[38;2;0;0;228mP[38;2;1;0;210m'[38;2;142;142;142my[38;2;245;245;245mg[38;2;251;251;251m@[38;2;252;252;252m@@@@@@@@@@@@[38;2;251;251;251m@[38;2;217;217;217m$[38;2;127;127;127my[38;2;2;0;207m`[38;2;0;0;227m4[38;2;0;0;216mg        [39m
 [38;2;0;0;0m      [38;2;0;0;223mg[38;2;0;0;224mF [38;2;200;200;200mg[38;2;251;251;251m@[38;2;252;252;252m@@@@@@@@@@@@@@@@[38;2;251;251;251m@[38;2;166;166;166m@ [38;2;0;0;213m?[38;2;0;0;221m$       [39m
 [38;2;0;0;0m     [38;2;0;0;207mj[38;2;0;0;230mF [38;2;187;187;187mg[38;2;251;251;251m@@[38;2;222;222;222mP[38;2;184;184;184mM[38;2;221;221;221m@[38;2;251;251;251m@[38;2;252;252;252m@@@@@@@@@@@@@[38;2;251;251;251m@[38;2;167;167;167m$ [38;2;0;0;219m4[38;2;0;0;220mi      [39m
 [38;2;0;0;0m     [38;2;0;0;217m@[38;2;0;0;182m[ [38;2;242;242;242m@[38;2;252;252;252m@@[38;2;198;198;198mg[38;2;138;138;138my [38;2;174;174;174m`[38;2;247;247;247m~[38;2;194;194;194mA[38;2;249;249;249m@[38;2;252;252;252m@[38;2;249;249;249m@[38;2;230;230;230mP[38;2;220;220;220mPPPPP[38;2;177;177;177m@[38;2;250;250;250m@[38;2;252;252;252m@[38;2;248;248;248m@  [38;2;0;0;225m$      [39m
 [38;2;0;0;0m     [38;2;0;0;225m@  [38;2;249;249;249m@[38;2;252;252;252m@[38;2;251;251;251m@[38;2;237;237;237m@[38;2;207;207;207mP[38;2;209;209;209m~ [38;2;86;86;86m_[38;2;163;163;163my[38;2;212;212;212m@[38;2;252;252;252m@[38;2;228;228;228m@[38;2;173;173;173my[38;2;161;161;161myyyyy[38;2;179;179;179my[38;2;222;222;222m@[38;2;252;252;252m@[38;2;251;251;251m@  [38;2;0;0;227m@      [39m
 [38;2;0;0;0m     [38;2;0;0;225m@  [38;2;249;249;249m@[38;2;252;252;252m@[38;2;251;251;251m@[38;2;154;154;154my[38;2;252;252;252m_[38;2;208;208;208my[38;2;251;251;251mg@[38;2;252;252;252m@@@@@@@@@@@@@[38;2;251;251;251m@  [38;2;0;0;227m@      [39m
 [38;2;0;0;0m     [38;2;0;0;225m@  [38;2;249;249;249m@[38;2;252;252;252m@@@@@@@@@@@@@@@@@@@@[38;2;251;251;251m@  [38;2;0;0;227m@      [39m
 [38;2;0;0;0m     [38;2;0;0;225m@  [38;2;249;249;249m@[38;2;252;252;252m@@@@@@@@@@@@@@@@@@@@[38;2;251;251;251m@  [38;2;0;0;226m@      [39m
 [38;2;0;0;0m     [38;2;0;0;225m@  [38;2;249;249;249m@[38;2;252;252;252m@@@@@@@@@@@@@@@@@@@@[38;2;251;251;251m@  [38;2;0;0;227m@      [39m
 [38;2;0;0;0m     [38;2;0;0;225m@  [38;2;249;249;249m@[38;2;252;252;252m@@@@@@@@@@@@@@@@@@@@[38;2;251;251;251m@  [38;2;0;0;226m@      [39m
 [38;2;0;0;0m     [38;2;0;0;215m9[38;2;0;0;200mL [38;2;210;210;210m@[38;2;252;252;252m@@@@@@[38;2;251;251;251m@[38;2;252;252;252m@@@@@@[38;2;251;251;251m@[38;2;252;252;252m@@@@@@[38;2;229;229;229m@ [38;2;0;0;200mj[38;2;0;0;216m$      [39m
 [38;2;0;0;0m     [38;2;2;2;189m`[38;2;0;0;216m@[38;2;0;0;206my [38;2;244;244;244m~[38;2;189;189;189mR[38;2;217;217;217mR[38;2;204;204;204mR[38;2;196;196;196mF[38;2;197;197;197m~[38;2;127;127;127m~[38;2;227;227;227m~[38;2;185;185;185mP[38;2;214;214;214mR[38;2;215;215;215mR[38;2;218;218;218mF[38;2;235;235;235m~[38;2;130;130;130m~[38;2;178;178;178m~[38;2;142;142;142m5[38;2;201;201;201mR[38;2;218;218;218mR[38;2;171;171;171m@[38;2;178;178;178mF[38;2;72;72;72m~[38;2;0;0;229m_[38;2;0;0;220m@[38;2;0;0;214m'      [39m
 [38;2;0;0;0m       [38;2;0;0;228m~[38;2;0;0;221m4[38;2;0;0;227ma[38;2;0;0;225mg[38;2;0;0;220my[38;2;0;0;221mg[38;2;0;0;228ma[38;2;0;0;225mP=[38;2;0;0;216m@[38;2;0;0;227mg[38;2;0;0;221my[38;2;0;0;217ma[38;2;0;0;227mg[38;2;0;0;213m@[38;2;0;0;225m=4[38;2;0;0;228ma[38;2;0;0;222mg[38;2;0;0;219my[38;2;0;0;224mg[38;2;0;0;228ma[38;2;0;0;222mP[38;2;0;0;227m~        [39m
 [38;2;0;0;0m           [38;2;1;2;205m`      [38;2;2;1;200m`[38;2;2;2;200m`      [38;2;2;1;209m`            [39m
 [38;2;0;0;0m                                       [39m
[?25h