[?25l[39m [38;2;0;0;0m                                       [39m
 [38;2;0;0;0m             [38;2;0;0;222m_[38;2;0;0;225m_[38;2;1;1;205my[38;2;0;0;218ma[38;2;0;0;223mg[38;2;0;0;226mgg[38;2;0;0;223mg[38;2;0;0;215mg[38;2;1;1;204my[38;2;0;0;225m_[38;2;0;0;221m_              [39m
 [38;2;0;0;0m          [38;2;0;0;230m_[38;2;0;0;225ma@[38;2;0;0;223mP[38;2;0;0;227m~[38;2;0;0;226m~[38;2;85;85;85m_[38;2;158;158;158m_[38;2;206;206;206m_[38;2;207;207;207m_[38;2;158;158;158m_[38;2;86;86;86m_[38;2;0;0;227m~[38;2;0;0;226m~[38;2;0;0;223m4[38;2;0;0;226m@[38;2;0;0;221mg[38;2;0;0;230m_           [39m
 [38;2;0;0;0m        [38;2;0;0;230m_[38;2;0;0;220m@[38;2;0;0;219mP[38;2;0;0;221m~[38;2;205;205;205m_[38;2;208;208;208my[38;2;245;245;245mg[38;2;238;238;238m@[38;2;252;252;252m@[38;2;251;251;251m@@@@[38;2;252;252;252m@[38;2;241;241;241m@[38;2;245;245;245mg[38;2;209;209;209my[38;2;205;205;205m_[38;2;0;0;218m~[38;2;0;0;217m4[38;2;0;0;224m@[38;2;0;0;230m_         [39m
 [38;2;0;0;0m       [38;2;0;0;225mgP[38;2;1;0;202m'[38;2;158;158;158my[38;2;246;246;246mg[38;2;251;251;251m@[38;2;252;252;252m@@@@@@@@@@@@[38;2;251;251;251m@[38;2;214;214;214m@[38;2;146;146;146my[38;2;1;1;193m`[38;2;0;0;222m4[38;2;0;0;225mg[38;2;2;0;190m,       [39m
 [38;2;0;0;0m      [38;2;0;0;229mg[38;2;0;0;221mF [38;2;210;210;210mg[38;2;251;251;251m@[38;2;252;252;252m@@@@@@@@@@@@@@@@[38;2;251;251;251m@[38;2;178;178;178m@ [38;2;0;0;208m?[38;2;0;0;227m$       [39m
 [38;2;0;0;0m     [38;2;0;0;215mj[38;2;0;0;229mF [38;2;195;195;195mg[38;2;251;251;251m@@[38;2;229;229;229mF[38;2;186;186;186mF[38;2;208;208;208m@[38;2;251;251;251m@[38;2;252;252;252m@@@@@@@@@@@@@[38;2;251;251;251m@[38;2;171;171;171m@ [38;2;0;0;209m5[38;2;0;0;219m[      [39m
 [38;2;0;0;0m     [38;2;0;0;219m@[38;2;0;0;180m[ [38;2;243;243;243m@[38;2;252;252;252m@[38;2;251;251;251m@[38;2;211;211;211mg[38;2;157;157;157my[38;2;95;95;95m_[38;2;108;108;108m`[38;2;238;238;238m~[38;2;178;178;178m#[38;2;246;246;246m@[38;2;252;252;252m@[38;2;247;247;247m@[38;2;222;222;222mP[38;2;209;209;209mPPPPP[38;2;200;200;200mA[38;2;249;249;249m@[38;2;252;252;252m@[38;2;249;249;249m@  [38;2;0;0;226m$      [39m
 [38;2;0;0;0m     [38;2;0;0;225m@  [38;2;249;249;249m@[38;2;252;252;252m@[38;2;251;251;251m@[38;2;229;229;229m@[38;2;217;217;217mF[38;2;209;209;209m~ [38;2;131;131;131m_[38;2;176;176;176my[38;2;216;216;216m@[38;2;252;252;252m@[38;2;231;231;231m@[38;2;188;188;188my[38;2;177;177;177myyyyy[38;2;192;192;192my[38;2;227;227;227m@[38;2;252;252;252m@[38;2;251;251;251m@  [38;2;0;0;227m@      [39m
 [38;2;0;0;0m     [38;2;0;0;225m@  [38;2;249;249;249m@[38;2;252;252;252m@[38;2;251;251;251m@[38;2;174;174;174my[38;2;149;149;149my[38;2;220;220;220my[38;2;224;224;224m$[38;2;251;251;251m@[38;2;252;252;252m@@@@@@@@@@@@@[38;2;251;251;251m@  [38;2;0;0;227m@      [39m
 [38;2;0;0;0m     [38;2;0;0;225m@  [38;2;249;249;249m@[38;2;252;252;252m@@@@@@@@@@@@@@@@@@@@[38;2;251;251;251m@  [38;2;0;0;227m@      [39m
 [38;2;0;0;0m     [38;2;0;0;225m@  [38;2;249;249;249m@[38;2;252;252;252m@@@@@@@@@@@@@@@@@@@@[38;2;251;251;251m@  [38;2;0;0;226m@      [39m
 [38;2;0;0;0m     [38;2;0;0;225m@  [38;2;249;249;249m@[38;2;252;252;252m@@@@@@@@@@@@@@@@@@@@[38;2;251;251;251m@  [38;2;0;0;227m@      [39m
 [38;2;0;0;0m     [38;2;0;0;225m@  [38;2;249;249;249m@[38;2;252;252;252m@@@@@@@@@@@@@@@@@@@@[38;2;251;251;251m@  [38;2;0;0;226m@      [39m
 [38;2;0;0;0m     [38;2;1;0;211m4[38;2;0;0;225mL [38;2;220;220;220m4[38;2;251;251;251m@[38;2;252;252;252m@@@@[38;2;250;250;250m@[38;2;246;246;246m@[38;2;251;251;251m@[38;2;252;252;252m@@@@[38;2;251;251;251m@[38;2;246;246;246m@[38;2;249;249;249m@[38;2;252;252;252m@@@@[38;2;251;251;251m@[38;2;186;186;186m@ [38;2;0;0;225mjF      [39m
 [38;2;0;0;0m      [38;2;0;0;221m?g[38;2;0;0;227m_[38;2;159;159;159m~[38;2;175;175;175mT[38;2;190;190;190mT[38;2;181;181;181mF[38;2;224;224;224m~[38;2;0;0;221m_[38;2;0;0;226m_[38;2;155;155;155m`[38;2;242;242;242m~[38;2;181;181;181mF[38;2;187;187;187mF[38;2;248;248;248m~[38;2;156;156;156m`[38;2;0;0;225m_[38;2;0;0;221m_[38;2;204;204;204m~[38;2;167;167;167mF[38;2;188;188;188mF[38;2;173;173;173mF[38;2;186;186;186m~[38;2;0;0;226m_[38;2;0;0;223ma[38;2;0;0;227mF       [39m
 [38;2;0;0;0m       [38;2;1;1;214m`[38;2;0;0;225m~[38;2;0;0;230m=[38;2;0;0;212m@[38;2;0;0;226ma[38;2;0;0;211m@[38;2;0;0;221mP[38;2;0;0;226m~~[38;2;0;0;224m=[38;2;0;0;216mR[38;2;0;0;224maa[38;2;0;0;220mP[38;2;0;0;224m=[38;2;0;0;227m~[38;2;0;0;226m~[38;2;0;0;221m4[38;2;0;0;214m@[38;2;0;0;226ma[38;2;0;0;218m#[38;2;0;0;230m=[38;2;0;0;225m~[38;2;0;0;222m'        [39m
 [38;2;0;0;0m                                       [39m
 [38;2;0;0;0m                                       [39m
[?25h