[?25l[39m [38;2;0;0;0m                                       [39m
 [38;2;0;0;0m             [38;2;0;0;227m_[38;2;0;0;225m_[38;2;1;0;211my[38;2;0;0;222mg[38;2;0;0;229ma[38;2;0;0;230maa[38;2;0;0;228ma[38;2;0;0;221mg[38;2;1;1;210my[38;2;0;0;226m_[38;2;0;0;225m_              [39m
 [38;2;0;0;0m          [38;2;0;0;230m_[38;2;0;0;227maP[38;2;0;0;226m~[38;2;0;0;230m~[38;2;166;166;166m_[38;2;253;253;253m_[38;2;168;168;168my[38;2;178;178;178myy[38;2;166;166;166my[38;2;252;252;252m_[38;2;156;156;156m_[38;2;0;0;228m~[38;2;0;0;226m~[38;2;0;0;227m4[38;2;0;0;223mg[38;2;0;0;230m_           [39m
 [38;2;0;0;0m        [38;2;0;0;229m_[38;2;0;0;217m@[38;2;0;0;228m~[38;2;88;88;88m_[38;2;189;189;189my[38;2;242;242;242mg[38;2;244;244;244m@[38;2;251;251;251m@[38;2;252;252;252m@@@@@@[38;2;251;251;251m@[38;2;245;245;245m@[38;2;238;238;238mg[38;2;178;178;178my[38;2;66;66;66m,[38;2;0;0;225m~[38;2;0;0;219m@[38;2;0;0;229m_         [39m
 [38;2;0;0;0m       [38;2;0;0;229mg[38;2;0;0;212mF [38;2;188;188;188mg[38;2;246;246;246m@[38;2;252;252;252m@@@@@@@@@@@@@@[38;2;249;249;249m@[38;2;203;203;203my [38;2;0;0;227m~[38;2;0;0;222m$        [39m
 [38;2;0;0;0m      [38;2;0;0;223m@[38;2;1;0;198m~[38;2;90;90;90m_[38;2;210;210;210m@[38;2;251;251;251m@[38;2;252;252;252m@@@@@@@@@@@@@@@@@[38;2;214;214;214m@[38;2;68;68;68m,[38;2;0;0;204m~[38;2;0;0;228m$       [39m
 [38;2;0;0;0m     [38;2;0;0;221mj[38;2;0;0;217mF [38;2;202;202;202m$[38;2;252;252;252m@@@[38;2;234;234;234m@[38;2;240;240;240m~[38;2;247;247;247m~[38;2;185;185;185mR[38;2;243;243;243m@[38;2;251;251;251m@[38;2;252;252;252m@@@@@@@@@@@[38;2;194;194;194m@ [38;2;0;0;215m?[38;2;0;0;220ml      [39m
 [38;2;0;0;0m     [38;2;0;0;226m@  [38;2;250;250;250m@[38;2;252;252;252m@@@[38;2;251;251;251m@[38;2;247;247;247mg[38;2;202;202;202my[38;2;150;150;150m_ [38;2;155;155;155m~[38;2;179;179;179mT[38;2;247;247;247m@[38;2;251;251;251m@[38;2;193;193;193m@[38;2;251;251;251m~[38;2;252;252;252m~~~~[38;2;251;251;251m~[38;2;151;151;151m5[38;2;247;247;247m@  [38;2;0;0;223m$      [39m
 [38;2;0;0;0m     [38;2;0;0;228m@  [38;2;249;249;249m@[38;2;252;252;252m@@@[38;2;246;246;246m@[38;2;215;215;215mF[38;2;227;227;227m~[38;2;66;66;66m`[38;2;150;150;150m_[38;2;180;180;180my[38;2;232;232;232mg[38;2;251;251;251m@[38;2;252;252;252m@[38;2;230;230;230m@[38;2;222;222;222mg[38;2;220;220;220mgggg[38;2;219;219;219mg[38;2;239;239;239mg[38;2;251;251;251m@  [38;2;0;0;226m$      [39m
 [38;2;0;0;0m     [38;2;0;0;228m@  [38;2;249;249;249m@[38;2;252;252;252m@@@[38;2;246;246;246m@[38;2;211;211;211my[38;2;192;192;192mg[38;2;228;228;228m$[38;2;251;251;251m@[38;2;252;252;252m@@@@@@@@@@@@@  [38;2;0;0;226m$      [39m
 [38;2;0;0;0m     [38;2;0;0;229m@  [38;2;249;249;249m@[38;2;252;252;252m@@@@@@@@@@@@@@@@@@@@@  [38;2;0;0;223m@      [39m
 [38;2;0;0;0m     [38;2;0;0;228m@  [38;2;249;249;249m@[38;2;252;252;252m@@@@@@@@@@@@@@@@@@@@@  [38;2;0;0;226m$      [39m
 [38;2;0;0;0m     [38;2;0;0;228m@  [38;2;249;249;249m@[38;2;252;252;252m@@@@@@@@@@@@@@@@@@@@@  [38;2;0;0;227m$      [39m
 [38;2;0;0;0m     [38;2;0;0;227m@  [38;2;249;249;249m@[38;2;252;252;252m@@@@@@@@@@@@@@@@@@@@@  [38;2;0;0;225m@      [39m
 [38;2;0;0;0m     [38;2;0;0;223m@[38;2;0;0;204m, [38;2;247;247;247m@[38;2;252;252;252m@@@@@@@@@@@@@@@@@@@@[38;2;249;249;249m@  [38;2;0;0;225m$      [39m
 [38;2;0;0;0m     [38;2;1;0;214m`[38;2;0;0;224m$[38;2;0;0;206m,[38;2;177;177;177m~[38;2;186;186;186mFP[38;2;235;235;235m@[38;2;252;252;252m@[38;2;251;251;251m@@[38;2;202;202;202m@[38;2;196;196;196mF[38;2;186;186;186mF[38;2;199;199;199m@[38;2;251;251;251m@@[38;2;252;252;252m@[38;2;235;235;235m@[38;2;219;219;219mF[38;2;184;184;184mF[38;2;183;183;183mR[38;2;244;244;244m@[38;2;251;251;251m@[38;2;213;213;213m@[38;2;198;198;198m~ [38;2;0;0;231ma[38;2;0;0;232m'      [39m
 [38;2;0;0;0m      [38;2;0;0;218m`[38;2;0;0;227m4[38;2;0;0;228mg[38;2;0;0;227ma[38;2;0;0;217my[38;2;0;0;225m_[38;2;130;130;130m`[38;2;153;153;153m`[38;2;0;0;225m__[38;2;0;0;224mg[38;2;0;0;225mg__[38;2;152;152;152m`[38;2;125;125;125m`[38;2;0;0;225m_[38;2;0;0;216ma[38;2;0;0;227ma[38;2;0;0;208my[38;2;0;0;225m_[38;2;0;0;227m__[38;2;0;0;225mg[38;2;0;0;228mP[38;2;2;1;203m~       [39m
 [38;2;0;0;0m        [38;2;3;3;197m` [38;2;1;0;223m`[38;2;0;0;226m~~~~[38;2;0;0;223m~  [38;2;1;0;222m~[38;2;0;0;226m~~~~[38;2;1;0;218m` [38;2;2;2;197m~[38;2;0;0;226m~~[38;2;0;0;225m~[38;2;4;2;194m`         [39m
 [38;2;0;0;0m                                       [39m
[?25h