[?25l[39m [38;2;0;0;0m                                       [39m
 [38;2;0;0;0m             [38;2;0;0;228m_[38;2;0;0;226m_[38;2;0;0;216my[38;2;0;0;223mg[38;2;0;0;227mg[38;2;0;0;228mgg[38;2;0;0;227mg[38;2;0;0;223mg[38;2;0;0;216my[38;2;0;0;226m_[38;2;0;0;229m_              [39m
 [38;2;0;0;0m          [38;2;0;0;230m_[38;2;0;0;226mg[38;2;0;0;228m@[38;2;0;0;221mP[38;2;0;0;226m~[38;2;0;0;228m~[38;2;109;109;109m_[38;2;185;185;185m_[38;2;235;235;235m_[38;2;236;236;236m_[38;2;185;185;185m_[38;2;109;109;109m_[38;2;0;0;228m~[38;2;0;0;226m~[38;2;0;0;222m4[38;2;0;0;227m@[38;2;0;0;226mg[38;2;0;0;230m_           [39m
 [38;2;0;0;0m        [38;2;0;0;230m_[38;2;0;0;224m@[38;2;0;0;220mF[38;2;0;0;216m~[38;2;217;217;217m_[38;2;214;214;214my[38;2;248;248;248mg[38;2;242;242;242m@[38;2;252;252;252m@[38;2;251;251;251m@@@@[38;2;252;252;252m@[38;2;245;245;245m@[38;2;205;205;205m@[38;2;214;214;214my[38;2;218;218;218m_[38;2;0;0;213m~[38;2;0;0;215m?[38;2;0;0;226m@[38;2;0;0;230m_         [39m
 [38;2;0;0;0m       [38;2;0;0;227mg[38;2;0;0;223mP[38;2;0;0;195m'[38;2;164;164;165my[38;2;218;218;218m$[38;2;251;251;251m@[38;2;252;252;252m@@@@@@@@@@@@[38;2;251;251;251m@[38;2;220;220;220m@[38;2;153;153;153my [38;2;0;0;220m4[38;2;0;0;224m$[38;2;1;0;211m,       [39m
 [38;2;0;0;0m      [38;2;0;0;221m@[38;2;0;0;218mF [38;2;215;215;215mg[38;2;251;251;251m@[38;2;252;252;252m@@@@@@@@@@@@@@@@[38;2;251;251;251m@[38;2;191;191;191m$ [38;2;0;0;222m~[38;2;0;0;229m$       [39m
 [38;2;0;0;0m     [38;2;0;0;218mj[38;2;0;0;229mF [38;2;199;199;199mg[38;2;251;251;251m@@[38;2;225;225;225mF[38;2;177;177;177mF[38;2;199;199;199m@[38;2;251;251;251m@[38;2;252;252;252m@@@@@@@@@@@@@[38;2;251;251;251m@[38;2;175;175;175m@ [38;2;0;0;221m?[      [39m
 [38;2;0;0;0m     [38;2;0;0;221m@[38;2;0;0;178m[ [38;2;244;244;244m@[38;2;252;252;252m@[38;2;251;251;251m@[38;2;219;219;219mg[38;2;166;166;166my[38;2;121;121;121m_[38;2;72;72;72m`[38;2;230;230;230m~[38;2;179;179;179mP[38;2;244;244;244m@[38;2;252;252;252m@[38;2;246;246;246m@[38;2;213;213;213mP[38;2;196;196;196mPPPPP[38;2;190;190;190mA[38;2;247;247;247m@[38;2;252;252;252m@[38;2;249;249;249m@  [38;2;0;0;226m$      [39m
 [38;2;0;0;0m     [38;2;0;0;226m@  [38;2;249;249;249m@[38;2;252;252;252m@@[38;2;223;223;223m@[38;2;212;212;212mF[38;2;208;208;208m~ [38;2;160;160;160m_[38;2;182;182;182my[38;2;220;220;220m@[38;2;252;252;252m@[38;2;233;233;233m@[38;2;195;195;195my[38;2;185;185;185myyyyy[38;2;199;199;199my[38;2;230;230;230m@[38;2;252;252;252m@[38;2;251;251;251m@  [38;2;0;0;226m@      [39m
 [38;2;0;0;0m     [38;2;0;0;226m@  [38;2;249;249;249m@[38;2;252;252;252m@[38;2;251;251;251m@[38;2;184;184;184my[38;2;162;162;162my[38;2;195;195;195mg[38;2;217;217;217m@[38;2;251;251;251m@[38;2;252;252;252m@@@@@@@@@@@@@[38;2;251;251;251m@  [38;2;0;0;226m@      [39m
 [38;2;0;0;0m     [38;2;0;0;226m@  [38;2;249;249;249m@[38;2;252;252;252m@@@@@@@@@@@@@@@@@@@@[38;2;251;251;251m@  [38;2;0;0;226m@      [39m
 [38;2;0;0;0m     [38;2;0;0;226m@  [38;2;249;249;249m@[38;2;252;252;252m@@@@@@@@@@@@@@@@@@@@[38;2;251;251;251m@  [38;2;0;0;227m@      [39m
 [38;2;0;0;0m     [38;2;0;0;226m@  [38;2;249;249;249m@[38;2;252;252;252m@@@@@@@@@@@@@@@@@@@@[38;2;251;251;251m@  [38;2;0;0;227m@      [39m
 [38;2;0;0;0m     [38;2;0;0;225m@  [38;2;249;249;249m@[38;2;252;252;252m@@@@@@@@@@@@@@@@@@@@[38;2;251;251;251m@  [38;2;0;0;226m@      [39m
 [38;2;0;0;0m     [38;2;1;1;206m4[38;2;0;0;230mL [38;2;199;199;199m4[38;2;251;251;251m@[38;2;252;252;252m@@@[38;2;251;251;251m@[38;2;245;245;245m@[38;2;230;230;230m@[38;2;249;249;249m@[38;2;252;252;252m@@@@[38;2;250;250;250m@[38;2;230;230;230m@[38;2;243;243;243m@[38;2;251;251;251m@[38;2;252;252;252m@@@[38;2;251;251;251m@[38;2;162;162;162m@ [38;2;0;0;229mj[38;2;0;0;224mF      [39m
 [38;2;0;0;0m      [38;2;0;0;232m~[38;2;0;0;227ma[38;2;0;0;225m_[38;2;189;189;189m`[38;2;244;244;244m~[38;2;162;162;162mF[38;2;251;251;251m~[38;2;177;177;177m~[38;2;0;0;226m_[38;2;0;0;225m_[38;2;0;0;216m_[38;2;221;221;221m~[38;2;174;174;174mT[38;2;161;161;161mF[38;2;233;233;233m~[38;2;0;0;217m_[38;2;0;0;225m_[38;2;0;0;227m_[38;2;156;156;156m~[38;2;249;249;249m~[38;2;166;166;166mF[38;2;249;249;249m~[38;2;131;131;131m~[38;2;0;0;226m_[38;2;0;0;227ma[38;2;0;0;219mF       [39m
 [38;2;0;0;0m       [38;2;2;2;195m`[38;2;0;0;227m~[38;2;0;0;224m=[38;2;0;0;217m4[38;2;0;0;216mR[38;2;0;0;219mP[38;2;0;0;229m=[38;2;0;0;226m~[38;2;0;0;229m~[38;2;0;0;227m~[38;2;0;0;230m=[38;2;0;0;215mR[38;2;0;0;216mR[38;2;0;0;229m=[38;2;0;0;227m~[38;2;0;0;229m~[38;2;0;0;226m~[38;2;0;0;231m=[38;2;0;0;213mR[38;2;0;0;216mR[38;2;0;0;219mP[38;2;0;0;225m=[38;2;0;0;228m~[38;2;2;2;200m`        [39m
 [38;2;0;0;0m                                       [39m
 [38;2;0;0;0m                                       [39m
[?25h