[?25l[39m [38;2;0;0;0m              [38;2;0;0;229m_[38;2;0;0;224m_[38;2;0;0;226m_[38;2;1;0;213my[38;2;0;0;218myy[38;2;0;1;213my[38;2;0;0;226m_[38;2;0;0;224m_[38;2;0;0;230m_               [39m
 [38;2;0;0;0m          [38;2;0;0;214m_[38;2;1;1;210my[38;2;0;0;224ma[38;2;0;0;218mP[38;2;0;0;226m~[38;2;0;0;227m~[38;2;132;132;132m_[38;2;232;232;232m_[38;2;240;240;240m__[38;2;232;232;232m_[38;2;132;132;132m_[38;2;0;0;227m~[38;2;0;0;226m~[38;2;0;0;225m=[38;2;0;0;226ma[38;2;0;1;210my[38;2;1;0;213m_           [39m
 [38;2;0;0;0m        [38;2;0;0;218m_[38;2;0;0;230ma[38;2;0;0;218mF[38;2;1;0;209m~[38;2;229;229;229m_[38;2;218;218;218my[38;2;252;252;252mg[38;2;249;249;249m@[38;2;251;251;251m@[38;2;252;252;252m@@@@[38;2;251;251;251m@[38;2;250;250;250m@[38;2;223;223;223m$[38;2;219;219;219my[38;2;229;229;229m_[38;2;0;0;206m~[38;2;0;0;213m?[38;2;0;0;229ma[38;2;0;0;219m_         [39m
 [38;2;0;0;0m       [38;2;1;0;215mg[38;2;0;0;228mF [38;2;179;179;179my[38;2;216;216;216m@[38;2;251;251;251m@[38;2;252;252;252m@@@@@@@@@@@@[38;2;251;251;251m@[38;2;228;228;228m@[38;2;171;171;171my [38;2;0;0;201m#[38;2;0;0;217mg        [39m
 [38;2;0;0;0m      [38;2;0;0;224mg[38;2;0;0;214mF [38;2;218;218;218mg[38;2;251;251;251m@[38;2;252;252;252m@@@@@@@@@@@@@@@@[38;2;251;251;251m@[38;2;198;198;198m$ [38;2;0;0;220m~[38;2;0;0;222m$       [39m
 [38;2;0;0;0m     [38;2;1;0;207mj[38;2;0;0;229mF [38;2;204;204;204mg[38;2;251;251;251m@[38;2;252;252;252m@@@@@@@@@@@@@@@@@@[38;2;251;251;251m@[38;2;181;181;181m@ [38;2;0;0;220m?[38;2;0;0;221mi      [39m
 [38;2;0;0;0m     [38;2;0;0;217m@[38;2;0;0;177m[ [38;2;245;245;245m@[38;2;252;252;252m@[38;2;237;237;237m@[38;2;221;221;221m~[38;2;226;226;226m~[38;2;157;157;157mF[38;2;194;194;194mP[38;2;206;206;206m@[38;2;250;250;250m@[38;2;251;251;251m@[38;2;252;252;252m@@@@@@@@@@@[38;2;250;250;250m@  [38;2;0;0;226m$      [39m
 [38;2;0;0;0m     [38;2;0;0;226m@  [38;2;249;249;249m@[38;2;252;252;252m@[38;2;251;251;251m@[38;2;182;182;182m@[38;2;193;193;193m=    [38;2;139;139;139m@[38;2;251;251;251m@[38;2;214;214;214m@[38;2;97;97;97m_     [38;2;105;105;105m_[38;2;216;216;216m$[38;2;252;252;252m@[38;2;251;251;251m@  [38;2;0;0;226m@      [39m
 [38;2;0;0;0m     [38;2;0;0;226m@  [38;2;249;249;249m@[38;2;252;252;252m@[38;2;239;239;239m@[38;2;155;155;155my[38;2;160;160;160my[38;2;209;209;209my[38;2;236;236;236mg[38;2;222;222;222m@[38;2;250;250;250m@[38;2;251;251;251m@[38;2;252;252;252m@@[38;2;251;251;251m@@@@@@@[38;2;252;252;252m@@[38;2;251;251;251m@  [38;2;0;0;226m@      [39m
 [38;2;0;0;0m     [38;2;0;0;226m@  [38;2;249;249;249m@[38;2;252;252;252m@@@@@@@@@@@@@@@@@@@@[38;2;251;251;251m@  [38;2;0;0;226m@      [39m
 [38;2;0;0;0m     [38;2;0;0;226m@  [38;2;249;249;249m@[38;2;252;252;252m@@@@@@@@@@@@@@@@@@@@[38;2;251;251;251m@  [38;2;0;0;226m@      [39m
 [38;2;0;0;0m     [38;2;0;0;226m@  [38;2;249;249;249m@[38;2;252;252;252m@@@@@@@@@@@@@@@@@@@@[38;2;251;251;251m@  [38;2;0;0;227m@      [39m
 [38;2;0;0;0m     [38;2;0;0;226m@  [38;2;249;249;249m@[38;2;252;252;252m@@@@@@@@@@@@@@@@@@@@[38;2;251;251;251m@  [38;2;0;0;227m@      [39m
 [38;2;0;0;0m     [38;2;0;0;225m@  [38;2;249;249;249m@[38;2;252;252;252m@@@@@@@@@@@@@@@@@@@@[38;2;251;251;251m@  [38;2;0;0;226m@      [39m
 [38;2;0;0;0m     [38;2;0;0;213m@[38;2;0;0;221mL [38;2;197;197;197mR[38;2;251;251;251m@[38;2;252;252;252m@@@@[38;2;251;251;251m@[38;2;248;248;248m@[38;2;251;251;251m@[38;2;252;252;252m@@@@[38;2;251;251;251m@[38;2;248;248;248m@[38;2;251;251;251m@[38;2;252;252;252m@@@@[38;2;251;251;251m@[38;2;196;196;196m@ [38;2;0;0;222mj[38;2;0;0;219m@      [39m
 [38;2;0;0;0m     [38;2;2;1;206m`[38;2;0;0;225m@[38;2;0;0;216mg[38;2;0;0;225m_[38;2;177;177;177m~[38;2;168;168;168mF[38;2;197;197;197mF[38;2;191;191;191mF[38;2;233;233;233m~[38;2;0;0;210m_[38;2;0;0;228m_[38;2;102;102;102m~[38;2;247;247;247m~[38;2;190;190;190mF[38;2;198;198;198mF[38;2;162;162;162mF[38;2;125;125;125m~[38;2;0;0;227m_[38;2;0;0;212m_[38;2;222;222;222m~[38;2;178;178;178mF[38;2;199;199;199mF[38;2;185;185;185mF[38;2;208;208;208m~[38;2;0;0;224m_[38;2;0;0;220ma[38;2;0;0;227m@[38;2;0;0;230m'      [39m
 [38;2;0;0;0m      [38;2;4;3;184m`[38;2;0;0;228m~[38;2;0;0;220m@[38;2;0;0;226m@ggg[38;2;0;0;225m@@[38;2;0;0;216mR[38;2;0;0;227m@[38;2;0;0;222m@[38;2;0;0;226mgg[38;2;0;0;221m@[38;2;0;0;228m@[38;2;0;0;224mP[38;2;0;0;226m@@ggg@[38;2;0;0;220m@[38;2;0;0;228m~[38;2;1;1;194m'       [39m
 [38;2;0;0;0m         [38;2;3;2;193m`[38;2;2;1;203m~[38;2;0;0;219m~[38;2;0;1;213m~[38;2;2;1;211m`   [38;2;0;0;227m`[38;2;0;1;220m~[38;2;1;1;219m~[38;2;1;0;226m`   [38;2;2;1;209m`[38;2;3;1;210m~[38;2;2;0;222m~[38;2;2;1;207m~[38;2;3;2;198m`          [39m
 [38;2;0;0;0m                                       [39m
[?25h