[?25l[39m [38;2;0;0;0m                                       [39m
 [38;2;0;0;0m             [38;2;1;0;221m_[38;2;0;0;226m_[38;2;1;1;207my[38;2;0;0;221mg[38;2;0;0;228ma[38;2;0;0;230maa[38;2;0;0;228ma[38;2;0;0;223mg[38;2;0;0;214my[38;2;0;0;227m_[38;2;0;0;228m_              [39m
 [38;2;0;0;0m          [38;2;0;0;228m_[38;2;0;0;223ma[38;2;0;0;225mP[38;2;0;0;226m~[38;2;0;0;229m~[38;2;136;136;136m_[38;2;250;250;250m_[38;2;165;165;165my[38;2;177;177;177my[38;2;179;179;179my[38;2;169;169;169my[38;2;253;253;253m_[38;2;185;185;185m_[38;2;0;0;226m~[38;2;0;0;225m~[38;2;0;0;226m4[38;2;0;0;228ma_           [39m
 [38;2;0;0;0m        [38;2;0;0;224m_[38;2;0;0;227ma[38;2;0;0;229m~[38;2;1;0;202m`[38;2;168;168;168my[38;2;230;230;230mg[38;2;236;236;236m@[38;2;251;251;251m@[38;2;252;252;252m@@@@@@[38;2;251;251;251m@[38;2;250;250;250m@[38;2;205;205;205m@[38;2;200;200;200my[38;2;133;133;133m_[38;2;0;0;223m~[38;2;0;0;220mR[38;2;1;0;212my         [39m
 [38;2;0;0;0m       [38;2;1;0;217mg[38;2;0;0;228mF [38;2;188;188;188my[38;2;231;231;231m@[38;2;252;252;252m@@@@@@@@@@@@@@[38;2;251;251;251m@[38;2;212;212;212mg[38;2;94;94;94m_[38;2;0;0;219m~[38;2;0;0;223m@[38;2;0;0;232m,       [39m
 [38;2;0;0;0m      [38;2;0;0;218mg[38;2;0;0;220mF [38;2;216;216;216mg[38;2;251;251;251m@[38;2;252;252;252m@@@@@@@@@@@@@@@@@[38;2;242;242;242m@[38;2;142;142;142m_ [38;2;0;0;226m@[38;2;0;0;220m,      [39m
 [38;2;0;0;0m     [38;2;2;2;178mj[38;2;0;0;220m@ [38;2;167;167;168mg[38;2;251;251;251m@[38;2;246;246;246m@~[38;2;243;243;243m~[38;2;185;185;185mP[38;2;232;232;232m@[38;2;251;251;251m@[38;2;252;252;252m@@@@@@@@@@@@@[38;2;238;238;238m@ [38;2;3;1;192m`[38;2;0;0;222m$      [39m
 [38;2;0;0;0m     [38;2;1;0;211m4[38;2;1;1;207m[ [38;2;231;231;231m$[38;2;252;252;252m@[38;2;251;251;251m@[38;2;212;212;212m@y[38;2;203;203;203m_ [38;2;220;220;220m`[38;2;249;249;249m~[38;2;235;235;235m@[38;2;252;252;252m@[38;2;220;220;220m@[38;2;251;251;251m~[38;2;252;252;252m~~~~[38;2;251;251;251m~[38;2;175;175;175mT[38;2;239;239;239m@[38;2;252;252;252m@[38;2;251;251;251m@[38;2;140;140;140mL [38;2;0;0;236m$      [39m
 [38;2;0;0;0m     [38;2;1;0;213m4[38;2;1;0;201m[ [38;2;221;221;221m@[38;2;252;252;252m@[38;2;251;251;251m@[38;2;209;209;209mP[38;2;240;240;240m~[38;2;125;125;125m`[38;2;98;98;98m_[38;2;166;166;166my[38;2;219;219;219mg[38;2;247;247;247m@[38;2;252;252;252m@[38;2;243;243;243m@[38;2;225;225;225mg[38;2;219;219;219mggggg[38;2;232;232;232mg[38;2;249;249;249m@[38;2;252;252;252m@@[38;2;136;136;136mF [38;2;0;0;236m$      [39m
 [38;2;0;0;0m     [38;2;0;0;214m4[38;2;0;0;200m[ [38;2;223;223;223m@[38;2;252;252;252m@[38;2;251;251;251m@[38;2;220;220;220my[38;2;216;216;216my[38;2;251;251;251mg@[38;2;252;252;252m@@@@@@@@@@@@@@@[38;2;132;132;132mF [38;2;0;0;237m$      [39m
 [38;2;0;0;0m     [38;2;1;0;215m4[38;2;0;0;198m[ [38;2;226;226;226m@[38;2;252;252;252m@@@@@@@@@@@@@@@@@@@@@[38;2;126;126;126mF [38;2;0;0;237m$      [39m
 [38;2;0;0;0m     [38;2;0;0;218m4[38;2;0;0;194m[ [38;2;232;232;232m@[38;2;252;252;252m@@@@@@@@@@@@@@@@@@@@@[38;2;130;130;130mL [38;2;0;0;232m@      [39m
 [38;2;0;0;0m     [38;2;0;0;221m4  [38;2;238;238;238m@[38;2;252;252;252m@@@@@@@@@@@@@@@@@@@@[38;2;251;251;251m@[38;2;115;115;115mL [38;2;0;0;231m@      [39m
 [38;2;0;0;0m     [38;2;0;0;214m$  [38;2;244;244;244m@[38;2;252;252;252m@@@@@@@@@@@@@@@@@@@@[38;2;251;251;251m@[38;2;97;97;97mL [38;2;0;0;230m@      [39m
 [38;2;0;0;0m     [38;2;0;0;214m@  [38;2;241;241;241m@[38;2;252;252;252m@@@@@@@@@@@@@@@@@@@@[38;2;250;250;250m@[38;2;63;63;64m~ [38;2;0;0;227m@      [39m
 [38;2;0;0;0m     [38;2;1;1;210m`[38;2;0;0;223m@[38;2;0;0;209m,[38;2;162;162;162m~[38;2;198;198;198m@[38;2;251;251;251m@[38;2;246;246;246m@[38;2;177;177;177m@[38;2;188;188;188mF[38;2;178;178;178mM[38;2;227;227;227m@[38;2;252;252;252m@[38;2;251;251;251m@[38;2;252;252;252m@[38;2;214;214;214m@[38;2;202;202;202mF[38;2;163;163;163mM[38;2;185;185;185m@[38;2;250;250;250m@[38;2;251;251;251m@[38;2;252;252;252m@[38;2;240;240;240m@[38;2;209;209;209mP[38;2;185;185;185mF[38;2;210;210;210m~ [38;2;0;0;227mg[38;2;1;1;200mF      [39m
 [38;2;0;0;0m      [38;2;1;0;216m`[38;2;0;0;226m4[38;2;0;0;224mg[38;2;0;0;225m_[38;2;0;0;227m_[38;2;0;0;225m_[38;2;0;0;205my[38;2;0;0;224mg[38;2;0;0;221my[38;2;0;0;225m_[38;2;119;119;119m`[38;2;152;152;152m`[38;2;0;0;227m__[38;2;0;0;226mag[38;2;0;0;225m__[38;2;150;150;150m`[38;2;134;134;134m`[38;2;0;0;225m_[38;2;0;0;214my[38;2;0;0;226ma[38;2;0;0;228mg[38;2;0;0;229mP[38;2;1;0;205m~       [39m
 [38;2;0;0;0m        [38;2;2;4;189m`[38;2;0;0;224m~[38;2;0;0;226m~[38;2;0;0;227m~[38;2;1;0;206m~ [38;2;2;0;216m`[38;2;0;0;226m~~~~[38;2;0;0;225m~[38;2;3;3;184m` [38;2;0;0;219m~[38;2;0;0;226m~~~~[38;2;0;0;227m` [38;2;3;3;196m`         [39m
 [38;2;0;0;0m                                       [39m
[?25h