[?25l[39m [38;2;0;0;0m                                       [39m
 [38;2;0;0;0m             [38;2;0;0;221m_[38;2;0;0;226m_[38;2;1;1;204my[38;2;0;0;217mg[38;2;0;0;225ma[38;2;0;0;229maa[38;2;0;0;225ma[38;2;1;0;217mg[38;2;1;1;204my[38;2;0;0;226m_[38;2;1;0;222m_              [39m
 [38;2;0;0;0m          [38;2;0;0;229m_[38;2;0;0;225ma[38;2;0;0;226mP[38;2;0;0;227m~[38;2;0;0;229m~[38;2;134;134;134m_[38;2;248;248;248m_[38;2;159;159;159my[38;2;169;169;169myy[38;2;156;156;156my[38;2;248;248;248m_[38;2;134;134;134m_[38;2;0;0;227m~[38;2;0;0;226m~[38;2;0;0;219mR[38;2;0;0;221mg[38;2;0;0;231m_           [39m
 [38;2;0;0;0m        [38;2;0;0;229m_[38;2;0;0;216m@[38;2;0;0;228m~[38;2;1;0;192m`[38;2;177;177;177my[38;2;235;235;235mg[38;2;237;237;237m@[38;2;251;251;251m@@[38;2;252;252;252m@@@@@[38;2;251;251;251m@[38;2;242;242;242m@[38;2;235;235;235mg[38;2;172;172;172my[38;2;0;0;192m`[38;2;0;0;225m~[38;2;0;0;219m@[38;2;0;0;229m_         [39m
 [38;2;0;0;0m       [38;2;0;0;227mg[38;2;0;0;220mF [38;2;206;206;206my[38;2;243;243;243m@[38;2;252;252;252m@@@@@@@@@@@@@@[38;2;249;249;249m@[38;2;202;202;202my [38;2;0;0;228m~[38;2;0;0;222m$[38;2;1;1;192m,       [39m
 [38;2;0;0;0m      [38;2;0;0;231mg[38;2;0;0;208m~ [38;2;238;238;238mg[38;2;251;251;251m@[38;2;252;252;252m@@@@@@@@@@@@@@@@@[38;2;216;216;216m@[38;2;73;73;73m,[38;2;0;0;202m~[38;2;0;0;229m$       [39m
 [38;2;0;0;0m     [38;2;0;0;214mj[38;2;0;0;223mF [38;2;218;218;218mg[38;2;251;251;251m@@[38;2;177;177;177mF[38;2;248;248;248m~[38;2;186;186;186mP[38;2;233;233;233m@[38;2;251;251;251m@[38;2;252;252;252m@@@@@@@@@@@@@[38;2;201;201;201m@ [38;2;0;0;204m4[38;2;0;0;218m[      [39m
 [38;2;0;0;0m     [38;2;0;0;220m@  [38;2;248;248;248m@[38;2;252;252;252m@[38;2;251;251;251m@[38;2;213;213;213m@[38;2;211;211;211my[38;2;219;219;219m_ [38;2;222;222;222m`[38;2;172;172;172mT[38;2;226;226;226m@[38;2;252;252;252m@[38;2;235;235;235m@[38;2;175;175;175mF[38;2;174;174;174mTTTTT[38;2;149;149;149mM[38;2;235;235;235m@[38;2;252;252;252m@[38;2;251;251;251m@  [38;2;0;0;227m$      [39m
 [38;2;0;0;0m     [38;2;0;0;225m@  [38;2;249;249;249m@[38;2;252;252;252m@[38;2;251;251;251m@[38;2;180;180;180m@[38;2;249;249;249m~[38;2;113;113;113m~ [38;2;148;148;148my[38;2;197;197;197mg[38;2;240;240;240m@[38;2;252;252;252m@[38;2;246;246;246m@[38;2;215;215;215mg[38;2;204;204;204mgggg[38;2;203;203;203mg[38;2;219;219;219mg[38;2;243;243;243m@[38;2;252;252;252m@[38;2;251;251;251m@  [38;2;0;0;227m@      [39m
 [38;2;0;0;0m     [38;2;0;0;225m@  [38;2;249;249;249m@[38;2;252;252;252m@[38;2;251;251;251m@[38;2;220;220;220my[38;2;204;204;204my[38;2;248;248;248mg[38;2;250;250;250m@[38;2;252;252;252m@@@@@@@@@@@@@@[38;2;251;251;251m@  [38;2;0;0;227m@      [39m
 [38;2;0;0;0m     [38;2;0;0;225m@  [38;2;249;249;249m@[38;2;252;252;252m@@@@@@@@@@@@@@@@@@@@[38;2;251;251;251m@  [38;2;0;0;227m@      [39m
 [38;2;0;0;0m     [38;2;0;0;225m@  [38;2;249;249;249m@[38;2;252;252;252m@@@@@@@@@@@@@@@@@@@@[38;2;251;251;251m@  [38;2;0;0;226m@      [39m
 [38;2;0;0;0m     [38;2;0;0;225m@  [38;2;249;249;249m@[38;2;252;252;252m@@@@@@@@@@@@@@@@@@@@[38;2;251;251;251m@  [38;2;0;0;227m@      [39m
 [38;2;0;0;0m     [38;2;0;0;225m@  [38;2;249;249;249m@[38;2;252;252;252m@@@@@@@@@@@@@@@@@@@@[38;2;251;251;251m@  [38;2;0;0;226m@      [39m
 [38;2;0;0;0m     [38;2;0;0;221m@  [38;2;246;246;246m@[38;2;252;252;252m@@@@@@@@@@@@@@@@@@@@[38;2;249;249;249m@  [38;2;0;0;223m@      [39m
 [38;2;0;0;0m     [38;2;1;0;213m`[38;2;0;0;225m$[38;2;0;0;208m,[38;2;173;173;173m~[38;2;201;201;201m@[38;2;251;251;251m@@[38;2;252;252;252m@[38;2;230;230;230m@[38;2;214;214;214mF[38;2;184;184;184mF[38;2;167;167;167m@[38;2;246;246;246m@[38;2;251;251;251m@@[38;2;247;247;247m@[38;2;178;178;178m@[38;2;188;188;188mF[38;2;177;177;177mP[38;2;226;226;226m@[38;2;251;251;251m@@[38;2;252;252;252m@[38;2;214;214;214m@[38;2;201;201;201m~ [38;2;0;0;230ma[38;2;0;0;231m'      [39m
 [38;2;0;0;0m      [38;2;0;0;218m`[38;2;0;0;226m4[38;2;0;0;225mg[38;2;0;0;227m__[38;2;152;152;152m`[38;2;117;117;117m`[38;2;0;0;225m_[38;2;0;0;220ma[38;2;0;0;227ma[38;2;0;0;205my[38;2;0;0;225m_[38;2;143;143;143m``[38;2;0;0;225m_[38;2;0;0;205my[38;2;0;0;224mg[38;2;0;0;215mg[38;2;0;0;225m_[38;2;118;118;118m`[38;2;153;153;153m`[38;2;0;0;228m_[38;2;0;0;227m_[38;2;0;0;225mg[38;2;0;0;228mP[38;2;1;1;203m~       [39m
 [38;2;0;0;0m        [38;2;3;2;190m`[38;2;0;0;223m~[38;2;0;0;226m~~~~[38;2;0;0;209m` [38;2;2;1;207m~[38;2;0;0;226m~~~~[38;2;1;1;207m~ [38;2;1;0;209m`[38;2;0;0;224m~[38;2;0;0;227m~[38;2;0;0;226m~~[38;2;0;0;225m~[38;2;2;3;195m`         [39m
 [38;2;0;0;0m                                       [39m
[?25h