[?25l[39m [38;2;0;0;0m                                       [39m
 [38;2;0;0;0m              [38;2;0;0;220m_[38;2;0;0;226m__[38;2;0;0;224m_[38;2;1;1;204my[38;2;1;1;203my[38;2;2;1;197my[38;2;0;0;226m_[38;2;0;0;225m_[38;2;0;0;218m_               [39m
 [38;2;0;0;0m          [38;2;1;2;187m_[38;2;0;0;224m_[38;2;0;0;227ma[38;2;0;0;225mP[38;2;0;0;226m~~[38;2;0;0;231m~[38;2;142;142;142m_[38;2;181;181;181m__[38;2;142;142;142m_[38;2;0;0;232m~[38;2;0;0;227m~[38;2;0;0;226m~[38;2;0;0;225m4[38;2;0;0;229ma[38;2;0;0;224m_[38;2;1;2;198m,           [39m
 [38;2;0;0;0m        [38;2;0;0;207m_[38;2;0;0;226ma[38;2;0;0;223mP~[38;2;191;191;191m_[38;2;203;203;203my[38;2;243;243;243mg[38;2;234;234;234m@[38;2;252;252;252m@[38;2;251;251;251m@@@@[38;2;252;252;252m@[38;2;238;238;238m@[38;2;243;243;243mg[38;2;203;203;203my[38;2;192;192;192m_[38;2;0;0;220m~[38;2;0;0;221m4[38;2;0;0;223mg[38;2;0;0;206m_         [39m
 [38;2;0;0;0m       [38;2;0;0;214my[38;2;0;0;228mP[38;2;1;0;205m'[38;2;152;152;152my[38;2;245;245;245mg[38;2;251;251;251m@[38;2;252;252;252m@@@@@@@@@@@@[38;2;251;251;251m@[38;2;210;210;210m@[38;2;138;138;138my[38;2;0;2;200m`[38;2;0;0;227m4[38;2;0;0;215my        [39m
 [38;2;0;0;0m      [38;2;0;0;220mg[38;2;0;0;222mF [38;2;205;205;205mg[38;2;251;251;251m@[38;2;252;252;252m@@@@@@@@@@@@@@@@[38;2;251;251;251m@[38;2;172;172;172m@ [38;2;0;0;210m?[38;2;0;0;216m$       [39m
 [38;2;0;0;0m     [38;2;1;0;202mj[38;2;0;0;231mF [38;2;192;192;192mg[38;2;251;251;251m@@[38;2;213;213;213mP[38;2;177;177;177mM[38;2;214;214;214m@[38;2;251;251;251m@[38;2;252;252;252m@@@@@@@@@@@@@[38;2;251;251;251m@[38;2;166;166;167m@ [38;2;0;0;219m4[38;2;0;0;215mi      [39m
 [38;2;0;0;0m     [38;2;0;0;216m@[38;2;0;0;180m[ [38;2;242;242;242m@[38;2;252;252;252m@[38;2;251;251;251m@[38;2;205;205;205mg[38;2;149;149;149my[38;2;77;77;77m_[38;2;137;137;137m`[38;2;242;242;242m~[38;2;185;185;185mA[38;2;247;247;247m@[38;2;252;252;252m@[38;2;248;248;248m@[38;2;226;226;226mP[38;2;216;216;216mPPPPP[38;2;206;206;206mA[38;2;250;250;250m@[38;2;252;252;252m@[38;2;249;249;249m@  [38;2;0;0;225m$      [39m
 [38;2;0;0;0m     [38;2;0;0;226m@  [38;2;249;249;249m@[38;2;252;252;252m@[38;2;251;251;251m@[38;2;233;233;233m@[38;2;221;221;221mF[38;2;208;208;208m~ [38;2;108;108;108m_[38;2;171;171;171my[38;2;214;214;214m@[38;2;252;252;252m@[38;2;229;229;229m@[38;2;182;182;182my[38;2;170;170;170myyyyy[38;2;186;186;186my[38;2;224;224;224m@[38;2;252;252;252m@[38;2;251;251;251m@  [38;2;0;0;226m@      [39m
 [38;2;0;0;0m     [38;2;0;0;226m@  [38;2;249;249;249m@[38;2;252;252;252m@[38;2;251;251;251m@[38;2;165;165;165my[38;2;139;139;139my[38;2;215;215;215my[38;2;219;219;219m$[38;2;251;251;251m@[38;2;252;252;252m@@@@@@@@@@@@@[38;2;251;251;251m@  [38;2;0;0;226m@      [39m
 [38;2;0;0;0m     [38;2;0;0;226m@  [38;2;249;249;249m@[38;2;252;252;252m@@@@@@@@@@@@@@@@@@@@[38;2;251;251;251m@  [38;2;0;0;226m@      [39m
 [38;2;0;0;0m     [38;2;0;0;226m@  [38;2;249;249;249m@[38;2;252;252;252m@@@@@@@@@@@@@@@@@@@@[38;2;251;251;251m@  [38;2;0;0;227m@      [39m
 [38;2;0;0;0m     [38;2;0;0;226m@  [38;2;249;249;249m@[38;2;252;252;252m@@@@@@@@@@@@@@@@@@@@[38;2;251;251;251m@  [38;2;0;0;227m@      [39m
 [38;2;0;0;0m     [38;2;0;0;226m@  [38;2;249;249;249m@[38;2;252;252;252m@@@@@@@@@@@@@@@@@@@@[38;2;251;251;251m@  [38;2;0;0;226m@      [39m
 [38;2;0;0;0m     [38;2;0;0;219m@  [38;2;243;243;243m@[38;2;252;252;252m@@@@@@@@@@@@@@@@@@@@[38;2;248;248;248m@  [38;2;0;0;222m@      [39m
 [38;2;0;0;0m     [38;2;1;1;210m`[38;2;0;0;224m@[38;2;0;0;206m_[38;2;147;147;147m~[38;2;175;175;175m@[38;2;247;247;247m@[38;2;251;251;251m@[38;2;250;250;250m@[38;2;209;209;209m@[38;2;194;194;194mF[38;2;174;174;174mT[38;2;170;170;170mA[38;2;233;233;233m@[38;2;251;251;251m@@[38;2;235;235;235m@[38;2;223;223;223mF[38;2;162;162;162mF[38;2;155;155;155mM[38;2;202;202;202m@[38;2;250;250;250m@[38;2;251;251;251m@[38;2;248;248;248m@[38;2;190;190;190m@[38;2;176;176;176m~[38;2;0;0;202m_[38;2;0;0;232ma'      [39m
 [38;2;0;0;0m      [38;2;1;1;211m`[38;2;1;0;212m4[38;2;0;0;228ma[38;2;0;0;226m_[38;2;0;0;225m_[38;2;0;0;223m__[38;2;0;0;225m_g[38;2;0;0;222m@[38;2;0;0;218my[38;2;0;0;225m_[38;2;0;0;223m__[38;2;0;0;225m_[38;2;0;0;213ma[38;2;0;0;218m@[38;2;0;0;225mg_[38;2;0;0;223m_[38;2;0;0;225m___[38;2;0;0;228ma[38;2;0;0;220mP[38;2;0;0;227m'       [39m
 [38;2;0;0;0m         [38;2;2;1;207m~[38;2;0;0;226m~[38;2;0;0;227m~[38;2;0;0;226m~[38;2;0;0;219m~  [38;2;0;0;220m`[38;2;0;0;224m~[38;2;0;0;226m~~~[38;2;0;0;219m`  [38;2;1;0;216m~[38;2;0;0;227m~[38;2;0;0;226m~~[38;2;1;0;210m~          [39m
 [38;2;0;0;0m                                       [39m
[?25h