[?25l[39m [38;2;0;0;0m              [38;2;0;0;230m_[38;2;0;0;224m_[38;2;0;0;227m_[38;2;1;1;204my[38;2;1;1;209my[38;2;1;1;205my[38;2;0;0;227m_[38;2;0;0;224m_[38;2;0;0;231m_                [39m
 [38;2;0;0;0m          [38;2;0;0;228m_[38;2;0;0;224ma[38;2;0;0;221m@[38;2;0;0;220m@[38;2;0;0;218mP[38;2;0;0;227m~[38;2;0;0;226m~~~~~[38;2;0;0;217m=[38;2;0;0;223m4[38;2;0;0;227m@[38;2;0;0;219m@[38;2;0;0;216my[38;2;0;0;223m_            [39m
 [38;2;0;0;0m       [38;2;1;1;198m_[38;2;0;0;221ma[38;2;0;0;227m@[38;2;0;0;215mF[38;2;0;0;228m~[38;2;210;210;210m_[38;2;187;187;187my[38;2;219;219;219ma[38;2;252;252;252mg[38;2;233;233;233m$[38;2;238;238;238m@[38;2;242;242;242m@[38;2;231;231;231m@[38;2;224;224;224m$[38;2;236;236;236mg[38;2;202;202;202my[38;2;235;235;235m_[38;2;0;0;229m`[38;2;0;0;226m~[38;2;0;0;221m@[38;2;0;0;219m$[38;2;0;0;217m_          [39m
 [38;2;0;0;0m      [38;2;0;0;214my[38;2;0;0;225m@[38;2;0;0;228m~[38;2;112;112;112m_[38;2;185;185;185mg[38;2;230;230;230m@[38;2;251;251;251m@[38;2;252;252;252m@@@@@@@@@@[38;2;251;251;251m@[38;2;242;242;242m@[38;2;182;182;182mg[38;2;77;77;77m_[38;2;0;0;224m~[38;2;0;0;225m@[38;2;0;0;214my         [39m
 [38;2;0;0;0m     [38;2;0;0;225mg[38;2;0;0;229mF [38;2;201;201;201my[38;2;246;246;246m@[38;2;252;252;252m@@@@@@@@@@@@@@@@[38;2;243;243;243m@[38;2;128;128;128my [38;2;0;0;223mR[38;2;0;0;225mL        [39m
 [38;2;0;0;0m    [38;2;0;0;225mj[38;2;0;0;230mF [38;2;192;192;192mg[38;2;251;251;251m@[38;2;252;252;252m@@@@@@@@@@@@@@@@@@[38;2;250;250;250m@[38;2;105;105;105mL [38;2;0;0;228m@[38;2;0;0;223m,       [39m
 [38;2;0;0;0m    [38;2;0;0;233m@ [38;2;69;69;69mu[38;2;249;249;249m@[38;2;250;250;250m@[38;2;245;245;245m@@@@@[38;2;248;248;248m@[38;2;251;251;251m@[38;2;252;252;252m@@@@@@@@@@@@[38;2;216;216;216m@ [38;2;1;0;201m4[38;2;1;1;204m$       [39m
 [38;2;0;0;0m    [38;2;0;0;237m@ [38;2;128;128;128m4[38;2;237;237;237m@[38;2;194;194;194m_[38;2;156;156;156m_[38;2;155;155;155m____[38;2;162;162;162m_[38;2;192;192;192mg[38;2;251;251;251m@[38;2;252;252;252m@@@@@@@@@@@[38;2;239;239;239m@ [38;2;0;0;186mJ[38;2;1;0;210m$       [39m
 [38;2;0;0;0m    [38;2;0;0;237m@ [38;2;120;120;121m4[38;2;252;252;252m@[38;2;251;251;251m@[38;2;252;252;252m@@@@@[38;2;251;251;251m@[38;2;252;252;252m@@@@@@@@@@@@@[38;2;240;240;240m@ [38;2;0;0;182mJ[38;2;1;0;213m$       [39m
 [38;2;0;0;0m    [38;2;0;0;235m@ [38;2;98;98;98m4[38;2;251;251;251m@[38;2;252;252;252m@@@@@@@@@@@@@@@@@@@@[38;2;245;245;245m@  [38;2;0;0;219m$       [39m
 [38;2;0;0;0m    [38;2;0;0;229m@  [38;2;250;250;250m@[38;2;252;252;252m@@@@@@@@@@@@@@@@@@@@[38;2;251;251;251m@  [38;2;0;0;226m$       [39m
 [38;2;0;0;0m    [38;2;0;0;212m@  [38;2;242;242;242m@[38;2;252;252;252m@@@@@@@@@@@@@@@@@@@@[38;2;251;251;251m@[38;2;103;103;104mL [38;2;0;0;231m@       [39m
 [38;2;0;0;0m    [38;2;1;1;206m4[38;2;0;0;209m[ [38;2;226;226;226m$[38;2;252;252;252m@@@@@@@@@@@@@@@@@@@@[38;2;251;251;251m@[38;2;176;176;176mL [38;2;0;0;233m$       [39m
 [38;2;0;0;0m     [38;2;0;0;223m$ [38;2;186;186;187m4[38;2;251;251;251m@[38;2;252;252;252m@@@@@@@@@@@@@@@@@@@[38;2;251;251;251m@[38;2;143;143;143m@ [38;2;0;0;223m$[38;2;1;0;193m|      [39m
 [38;2;0;0;0m     [38;2;0;0;229m~[38;2;0;0;220mg[38;2;0;0;204m,[38;2;158;158;158m7[38;2;210;210;210mR[38;2;213;213;213m@[38;2;203;203;203mF[38;2;252;252;252m~[38;2;251;251;251m~[38;2;199;199;199mR[38;2;241;241;241m@[38;2;248;248;248m@[38;2;239;239;239m@[38;2;218;218;218mP[38;2;252;252;252m~~[38;2;167;167;167m5[38;2;220;220;220m@[38;2;247;247;247m@[38;2;246;246;246m@[38;2;200;200;200m@[38;2;179;179;179mF[38;2;251;251;251m~~ [38;2;0;0;217mj[38;2;0;0;220m@       [39m
 [38;2;0;0;0m      [38;2;0;0;219m`[38;2;0;0;211m4[38;2;0;0;227ma[38;2;0;0;213my[38;2;0;0;224m_[38;2;0;0;220mg[38;2;0;0;217m@[38;2;0;0;226ma[38;2;0;0;217my[38;2;0;0;225m_[38;2;0;0;226m__[38;2;0;0;214my[38;2;0;0;227ma[38;2;0;0;216m@[38;2;0;0;221mg[38;2;0;0;225m_[38;2;0;0;226m__[38;2;0;0;225m_[38;2;0;0;226ma[38;2;0;0;217m@[38;2;0;0;228ma[38;2;0;0;215m@[38;2;0;0;230m~        [39m
 [38;2;0;0;0m         [38;2;0;0;227m`[38;2;0;0;215m~[38;2;2;2;191m`  [38;2;0;0;218m`[38;2;0;0;223m~[38;2;0;0;232m~[38;2;0;0;227m~[38;2;0;0;229m`   [38;2;0;1;205m~[38;2;0;0;230m~[38;2;0;0;231m~[38;2;1;0;210m~             [39m
 [38;2;0;0;0m                                       [39m
 [38;2;0;0;0m                                       [39m
[?25h