[?25l[39m [38;2;0;0;0m                                       [39m
 [38;2;0;0;0m              [38;2;0;0;227m___[38;2;0;0;213my[38;2;0;0;219myy[38;2;1;0;214my[38;2;0;0;227m__[38;2;0;0;228m_               [39m
 [38;2;0;0;0m          [38;2;0;0;211m_[38;2;1;0;209my[38;2;0;0;226mg[38;2;0;0;225mP[38;2;0;0;226m~[38;2;0;0;225m~[38;2;0;0;232m~[38;2;125;125;125m_[38;2;155;155;155m_[38;2;154;154;154m_[38;2;126;126;126m_[38;2;0;0;231m~[38;2;0;0;225m~[38;2;0;0;226m~[38;2;0;0;225m4g[38;2;1;0;209my[38;2;0;0;214m_           [39m
 [38;2;0;0;0m        [38;2;0;0;219m_[38;2;0;0;227mg[38;2;0;0;224mP[38;2;0;0;226m~[38;2;175;175;175m_[38;2;196;196;196my[38;2;238;238;238mg[38;2;229;229;229m@[38;2;251;251;251m@[38;2;252;252;252m@[38;2;251;251;251m@@[38;2;252;252;252m@[38;2;251;251;251m@[38;2;233;233;233m@[38;2;238;238;238mg[38;2;195;195;195my[38;2;175;175;175m_[38;2;0;0;222m~[38;2;0;0;224m4[38;2;0;0;227mg[38;2;0;0;220m_         [39m
 [38;2;0;0;0m       [38;2;1;0;215mg[38;2;0;0;228mP[38;2;1;1;210m'[38;2;142;142;142my[38;2;245;245;245mg[38;2;251;251;251m@[38;2;252;252;252m@@@@@@@@@@@@[38;2;251;251;251m@[38;2;217;217;217m$[38;2;127;127;127my[38;2;2;0;206m`[38;2;0;0;228m4[38;2;0;0;216mg        [39m
 [38;2;0;0;0m      [38;2;0;0;223mg[38;2;0;0;224mF [38;2;200;200;200mg[38;2;251;251;251m@[38;2;252;252;252m@@@@@@@@@@@@@@@@[38;2;251;251;251m@[38;2;166;166;166m@ [38;2;0;0;213m?[38;2;0;0;222m$       [39m
 [38;2;0;0;0m     [38;2;1;0;207mj[38;2;0;0;231mF [38;2;187;187;187mg[38;2;251;251;251m@[38;2;252;252;252m@[38;2;251;251;251m@[38;2;242;242;242m@[38;2;199;199;199m@[38;2;208;208;208mR[38;2;200;200;200m@[38;2;247;247;247m@[38;2;252;252;252m@@@@[38;2;251;251;251m@[38;2;214;214;214m@[38;2;210;210;210mR[38;2;189;189;189m@[38;2;231;231;231m@[38;2;251;251;251m@[38;2;252;252;252m@[38;2;251;251;251m@[38;2;167;167;167m$ [38;2;0;0;219m4[38;2;0;0;220mi      [39m
 [38;2;0;0;0m     [38;2;0;0;217m@[38;2;0;0;181m[ [38;2;242;242;242m@[38;2;252;252;252m@[38;2;242;242;242m@[38;2;197;197;197m~[38;2;172;172;172my[38;2;238;238;238m=[38;2;190;190;190m#[38;2;230;230;230m=[38;2;147;147;147my[38;2;220;220;220m~[38;2;250;250;250m@[38;2;251;251;251m@[38;2;219;219;219mF[38;2;137;137;137my[38;2;229;229;229m=[38;2;237;237;237m=[38;2;244;244;244m=[38;2;132;132;132ma[38;2;128;128;128m~[38;2;215;215;215m@[38;2;252;252;252m@[38;2;248;248;248m@  [38;2;0;0;225m$      [39m
 [38;2;0;0;0m     [38;2;0;0;226m@  [38;2;249;249;249m@[38;2;251;251;251m@[38;2;167;167;167m$[38;2;94;94;94m4[38;2;118;118;118mE [38;2;172;172;172m$ [38;2;178;178;178m$ [38;2;225;225;225m@[38;2;236;236;236m@ [38;2;200;200;200m$ [38;2;197;197;197ma [38;2;128;128;128m4[38;2;96;96;96mF[38;2;176;176;176mg[38;2;251;251;251m@@  [38;2;0;0;226m@      [39m
 [38;2;0;0;0m     [38;2;0;0;226m@  [38;2;249;249;249m@[38;2;252;252;252m@[38;2;244;244;244m@[38;2;144;144;144my[38;2;157;157;157m?[38;2;212;212;212m=[38;2;192;192;192ma[38;2;199;199;199ma[38;2;222;222;222mg[38;2;218;218;218m@[38;2;251;251;251m@@[38;2;177;177;177mg[38;2;144;144;144m~[38;2;219;219;219m=[38;2;164;164;164ma[38;2;213;213;213mm[38;2;217;217;217ma[38;2;248;248;248mg[38;2;251;251;251m@[38;2;252;252;252m@[38;2;251;251;251m@  [38;2;0;0;226m@      [39m
 [38;2;0;0;0m     [38;2;0;0;226m@  [38;2;249;249;249m@[38;2;252;252;252m@@@[38;2;247;247;247m@[38;2;214;214;214m@[38;2;252;252;252mg[38;2;211;211;211m@[38;2;251;251;251m@[38;2;252;252;252m@@@@[38;2;251;251;251m@[38;2;225;225;225m@[38;2;252;252;252mgg[38;2;245;245;245m@[38;2;252;252;252m@@@[38;2;251;251;251m@  [38;2;0;0;226m@      [39m
 [38;2;0;0;0m     [38;2;0;0;226m@  [38;2;249;249;249m@[38;2;252;252;252m@@@@@@@@@@@@@@@@@@@@[38;2;251;251;251m@  [38;2;0;0;227m@      [39m
 [38;2;0;0;0m     [38;2;0;0;226m@  [38;2;249;249;249m@[38;2;252;252;252m@@@@@@@@@@@@@@@@@@@@[38;2;251;251;251m@  [38;2;0;0;227m@      [39m
 [38;2;0;0;0m     [38;2;0;0;226m@  [38;2;249;249;249m@[38;2;252;252;252m@@@@@@@@@@@@@@@@@@@@[38;2;251;251;251m@  [38;2;0;0;226m@      [39m
 [38;2;0;0;0m     [38;2;0;0;215m9[38;2;0;0;200mL [38;2;210;210;210m@[38;2;252;252;252m@@@@@@[38;2;251;251;251m@[38;2;252;252;252m@@@@@@[38;2;251;251;251m@[38;2;252;252;252m@@@@@@[38;2;229;229;229m@ [38;2;0;0;199mj[38;2;1;0;216m$      [39m
 [38;2;0;0;0m     [38;2;3;2;189m`[38;2;0;0;217m@[38;2;0;0;206my [38;2;244;244;244m~[38;2;189;189;189mR[38;2;217;217;217mR[38;2;204;204;204mR[38;2;196;196;196mF[38;2;197;197;197m~[38;2;126;126;126m~[38;2;227;227;227m~[38;2;185;185;185mP[38;2;214;214;214mR[38;2;215;215;215mR[38;2;218;218;218mF[38;2;235;235;235m~[38;2;129;129;129m~[38;2;178;178;178m~[38;2;142;142;142m5[38;2;201;201;201mR[38;2;217;217;217mR[38;2;171;171;171m@[38;2;178;178;178mF[38;2;72;72;72m~[38;2;0;0;228m_[38;2;0;0;220m@[38;2;0;0;213m'      [39m
 [38;2;0;0;0m       [38;2;0;0;228m~[38;2;0;0;221m4[38;2;0;0;228ma[38;2;0;0;225mg[38;2;0;0;219my[38;2;0;0;221mg[38;2;0;0;227ma[38;2;0;0;225mP=[38;2;0;0;216m@[38;2;0;0;227mg[38;2;0;0;221my[38;2;0;0;216ma[38;2;0;0;227mg[38;2;0;0;212m@[38;2;0;0;224m=[38;2;0;0;225m4[38;2;0;0;228ma[38;2;0;0;221mg[38;2;0;0;220my[38;2;0;0;225mg[38;2;0;0;227ma[38;2;0;0;222mP[38;2;0;0;228m~        [39m
 [38;2;0;0;0m           [38;2;1;1;207m`      [38;2;2;1;200m`[38;2;2;2;198m`      [38;2;2;1;209m`            [39m
 [38;2;0;0;0m                                       [39m
[?25h