[?25l[39m [38;2;0;0;0m                                       [39m
 [38;2;0;0;0m             [38;2;0;0;226m__[38;2;1;1;206my[38;2;0;0;218mg[38;2;0;0;226ma[38;2;0;0;228maa[38;2;0;0;223mg[38;2;0;0;216mg[38;2;1;1;202my[38;2;0;0;226m_[38;2;0;0;218m_              [39m
 [38;2;0;0;0m          [38;2;0;0;230m_[38;2;0;0;227ma[38;2;0;0;226mP~[38;2;0;0;230m~[38;2;148;148;148m_[38;2;250;250;250m_[38;2;161;161;161my[38;2;169;169;169myy[38;2;153;153;153my[38;2;244;244;244m_[38;2;122;122;122m_[38;2;0;0;227m~[38;2;0;0;226m~[38;2;0;0;220mR[38;2;0;0;217mg[38;2;0;0;228m_           [39m
 [38;2;0;0;0m        [38;2;0;0;231m_[38;2;0;0;216m@[38;2;0;0;227m~[38;2;86;86;86m_[38;2;186;186;186my[38;2;240;240;240mg[38;2;241;241;241m@[38;2;251;251;251m@[38;2;252;252;252m@@@@@[38;2;251;251;251m@@[38;2;239;239;239m@[38;2;229;229;229mg[38;2;161;161;161my[38;2;0;0;205m`[38;2;0;0;226m~[38;2;0;0;220m@[38;2;0;0;226m_         [39m
 [38;2;0;0;0m       [38;2;0;0;229mg[38;2;0;0;209mF [38;2;189;189;189mg[38;2;246;246;246m@[38;2;252;252;252m@@@@@@@@@@@@@@[38;2;242;242;242m@[38;2;190;190;190my [38;2;0;0;219m?[38;2;0;0;221mg        [39m
 [38;2;0;0;0m      [38;2;0;0;225m@[38;2;1;0;209m'[38;2;103;103;104m_[38;2;215;215;215m@[38;2;252;252;252m@@@@@@@@@@@@@@@@@[38;2;251;251;251m@[38;2;199;199;199m@ [38;2;0;0;217m~[38;2;0;0;223m$       [39m
 [38;2;0;0;0m     [38;2;0;0;223mJ[38;2;0;0;211mF [38;2;212;212;212m$[38;2;252;252;252m@@@[38;2;208;208;208m@[38;2;246;246;246m~[38;2;178;178;178mT[38;2;183;183;183m@[38;2;250;250;250m@[38;2;252;252;252m@@@@@@@@@@@[38;2;251;251;251m@[38;2;171;171;171m@ [38;2;0;0;218m4[38;2;0;0;215mi      [39m
 [38;2;0;0;0m     [38;2;0;0;231m@ [38;2;70;70;70mu[38;2;250;250;250m@[38;2;252;252;252m@@@[38;2;250;250;250m@[38;2;232;232;232mg[38;2;180;180;180my[38;2;89;89;89m_ [38;2;212;212;212m~[38;2;182;182;182mM[38;2;251;251;251m@@[38;2;169;169;169m@[38;2;174;174;174mTTTTTT[38;2;180;180;180m5[38;2;243;243;243m@  [38;2;0;0;218m$      [39m
 [38;2;0;0;0m     [38;2;0;0;234m@ [38;2;89;89;89m4[38;2;251;251;251m@[38;2;252;252;252m@@@[38;2;240;240;240m@[38;2;208;208;208mF[38;2;221;221;221m~ [38;2;170;170;170m_[38;2;185;185;185my[38;2;237;237;237mg[38;2;251;251;251m@@[38;2;208;208;208m@[38;2;204;204;204mg[38;2;203;203;203mggggg[38;2;241;241;241mg[38;2;247;247;247m@  [38;2;0;0;219m$      [39m
 [38;2;0;0;0m     [38;2;0;0;233m@ [38;2;87;87;87m4[38;2;250;250;250m@[38;2;252;252;252m@@@[38;2;227;227;227m@[38;2;198;198;198my[38;2;206;206;206ma[38;2;220;220;220m@[38;2;251;251;251m@[38;2;252;252;252m@@@@@@@@@@@@[38;2;247;247;247m@  [38;2;0;0;220m$      [39m
 [38;2;0;0;0m     [38;2;0;0;233m@ [38;2;82;82;83m4[38;2;250;250;250m@[38;2;252;252;252m@@@@@@@@@@@@@@@@@@@@[38;2;248;248;248m@  [38;2;0;0;221m$      [39m
 [38;2;0;0;0m     [38;2;0;0;233m@ [38;2;77;77;78m4[38;2;250;250;250m@[38;2;252;252;252m@@@@@@@@@@@@@@@@@@@@[38;2;250;250;250m@  [38;2;0;0;222m$      [39m
 [38;2;0;0;0m     [38;2;0;0;232m@ [38;2;68;68;69m4[38;2;250;250;250m@[38;2;252;252;252m@@@@@@@@@@@@@@@@@@@@[38;2;251;251;251m@  [38;2;0;0;224m$      [39m
 [38;2;0;0;0m     [38;2;0;0;231m@  [38;2;249;249;249m@[38;2;252;252;252m@@@@@@@@@@@@@@@@@@@@[38;2;251;251;251m@  [38;2;0;0;226m$      [39m
 [38;2;0;0;0m     [38;2;0;0;225m@[38;2;0;0;201m, [38;2;247;247;247m@[38;2;252;252;252m@@@@@@@@@@@@@@@@@@@@[38;2;249;249;249m@  [38;2;0;0;224m$      [39m
 [38;2;0;0;0m     [38;2;1;0;215m`[38;2;0;0;224m$[38;2;0;0;205m,[38;2;181;181;181m~[38;2;184;184;184mF[38;2;182;182;182mA[38;2;241;241;241m@[38;2;251;251;251m@@[38;2;250;250;250m@[38;2;193;193;193m@[38;2;192;192;192mF[38;2;170;170;170mP[38;2;211;211;211m@[38;2;252;252;252m@[38;2;251;251;251m@[38;2;252;252;252m@[38;2;228;228;228m@[38;2;212;212;212mF[38;2;183;183;183mF[38;2;169;169;169m@[38;2;247;247;247m@[38;2;251;251;251m@[38;2;212;212;212m@[38;2;193;193;193m~ [38;2;0;0;231ma[38;2;0;0;232m'      [39m
 [38;2;0;0;0m      [38;2;2;1;196m~[38;2;0;0;228m4[38;2;0;0;227mg[38;2;0;0;226ma[38;2;0;0;213my[38;2;0;0;225m_[38;2;137;137;137m`[38;2;150;150;150m`[38;2;0;0;225m__g[38;2;0;0;222mg[38;2;0;0;225m_[38;2;0;0;227m_[38;2;153;153;153m`[38;2;115;115;115m`[38;2;0;0;225m_[38;2;0;0;222ma[38;2;0;0;227ma_[38;2;0;0;225m_[38;2;0;0;228m_[38;2;0;0;227m_[38;2;0;0;225mg[38;2;0;0;228mP[38;2;1;1;202m~       [39m
 [38;2;0;0;0m        [38;2;3;3;194m` [38;2;0;0;226m`~~~~[38;2;0;0;220m~ [38;2;3;2;186m`[38;2;0;0;223m~[38;2;0;0;226m~~~[38;2;0;0;227m~[38;2;2;0;209m` [38;2;1;1;207m~[38;2;0;0;226m~[38;2;0;0;227m~[38;2;0;0;225m~[38;2;3;3;195m`         [39m
 [38;2;0;0;0m                                       [39m
[?25h