[?25l[39m [38;2;0;0;0m              [38;2;0;0;231m_[38;2;0;0;225m_[38;2;0;0;227m_[38;2;0;0;214my[38;2;0;0;219myy[38;2;0;0;214my[38;2;0;0;227m_[38;2;0;0;225m_[38;2;0;0;230m_               [39m
 [38;2;0;0;0m          [38;2;0;0;216m_[38;2;0;0;212my[38;2;0;0;227mg[38;2;0;0;219m@[38;2;0;0;223m=[38;2;0;0;226m~[38;2;0;0;228m~~[38;2;0;0;221m~[38;2;0;0;222m~[38;2;0;0;228m~~[38;2;0;0;226m~[38;2;0;0;223m=[38;2;0;0;219m@[38;2;0;0;228mg[38;2;1;0;211my[38;2;1;0;217m_           [39m
 [38;2;0;0;0m        [38;2;0;0;221m_[38;2;0;0;228mgP[38;2;0;0;229m~[38;2;111;111;111m_[38;2;176;176;176my[38;2;221;221;221ma[38;2;220;220;220m$[38;2;246;246;246m@[38;2;251;251;251m@@@@[38;2;248;248;248m@[38;2;226;226;226m$[38;2;212;212;212mg[38;2;173;173;173my[38;2;112;112;112m_[38;2;0;0;225m~[38;2;0;0;229m4[38;2;0;0;227mg[38;2;0;0;221m_         [39m
 [38;2;0;0;0m       [38;2;1;0;215mg[38;2;0;0;215m@[38;2;0;0;207m~[38;2;185;185;185m_[38;2;231;231;231mg[38;2;250;250;250m@[38;2;252;252;252m@@@@@@@@@@@@[38;2;251;251;251m@[38;2;231;231;231mg[38;2;186;186;186m_[38;2;0;0;203m~[38;2;0;0;230m4[38;2;0;0;216mg        [39m
 [38;2;0;0;0m      [38;2;0;0;223mg[38;2;0;0;228mF [38;2;183;183;183mg[38;2;250;250;250m@[38;2;252;252;252m@@@@@@@@@@@@@@@@[38;2;251;251;251m@[38;2;179;179;179mg [38;2;0;0;195m5[38;2;0;0;221m$       [39m
 [38;2;0;0;0m     [38;2;0;0;208mj[38;2;0;0;215m@ [38;2;173;173;173mg[38;2;251;251;251m@[38;2;252;252;252m@[38;2;193;193;193m@[38;2;198;198;198mA[38;2;240;240;240m@[38;2;251;251;251m@[38;2;252;252;252m@@@@@@@@@@@@@[38;2;251;251;251m@[38;2;146;146;146m@ [38;2;0;0;217mR[38;2;0;0;221mi      [39m
 [38;2;0;0;0m     [38;2;0;0;217m@[38;2;1;1;195m' [38;2;239;239;239m@[38;2;252;252;252m@[38;2;251;251;251m@[38;2;210;210;210my[38;2;225;225;225m_ [38;2;155;155;155m~[38;2;178;178;178mT[38;2;186;186;186m@[38;2;252;252;252m@@[38;2;251;251;251m@[38;2;205;205;205m@[38;2;219;219;219mRRRRR[38;2;206;206;206m@[38;2;251;251;251m@[38;2;252;252;252m@[38;2;247;247;247m@  [38;2;0;0;224m$      [39m
 [38;2;0;0;0m     [38;2;0;0;226m@  [38;2;249;249;249m@[38;2;252;252;252m@@[38;2;247;247;247m@[38;2;179;179;179m@[38;2;145;145;145mF  [38;2;134;134;134my[38;2;202;202;202m@[38;2;251;251;251m@[38;2;221;221;221m@[38;2;141;141;141my[38;2;253;253;253m____[38;2;252;252;252m_[38;2;151;151;151my[38;2;214;214;214m@[38;2;252;252;252m@[38;2;251;251;251m@  [38;2;0;0;226m@      [39m
 [38;2;0;0;0m     [38;2;0;0;226m@  [38;2;249;249;249m@[38;2;252;252;252m@[38;2;251;251;251m@[38;2;234;234;234m_[38;2;220;220;220m_[38;2;192;192;192my[38;2;240;240;240mg[38;2;246;246;246m@[38;2;251;251;251m@[38;2;252;252;252m@@@@@@@@@@@@[38;2;251;251;251m@  [38;2;0;0;226m@      [39m
 [38;2;0;0;0m     [38;2;0;0;226m@  [38;2;249;249;249m@[38;2;252;252;252m@@@[38;2;251;251;251m@[38;2;252;252;252m@@@@@@@@@@@@@@@@[38;2;251;251;251m@  [38;2;0;0;226m@      [39m
 [38;2;0;0;0m     [38;2;0;0;226m@  [38;2;249;249;249m@[38;2;252;252;252m@@@@@@@@@@@@@@@@@@@@[38;2;251;251;251m@  [38;2;0;0;226m@      [39m
 [38;2;0;0;0m     [38;2;0;0;226m@  [38;2;249;249;249m@[38;2;252;252;252m@@@@@@@@@@@@@@@@@@@@[38;2;251;251;251m@  [38;2;0;0;227m@      [39m
 [38;2;0;0;0m     [38;2;0;0;226m@  [38;2;249;249;249m@[38;2;252;252;252m@@@@@@@@@@@@@@@@@@@@[38;2;251;251;251m@  [38;2;0;0;227m@      [39m
 [38;2;0;0;0m     [38;2;0;0;217m@[38;2;0;0;216m, [38;2;238;238;238m@[38;2;252;252;252m@@@@@@@@@@@@@@@@@@@@[38;2;246;246;246m@ [38;2;1;0;172mj[38;2;0;0;221m@      [39m
 [38;2;0;0;0m     [38;2;1;1;209m`[38;2;0;0;227m@[38;2;0;0;226m_[38;2;188;188;188m`[38;2;172;172;172mA[38;2;230;230;230m@[38;2;246;246;246m@[38;2;240;240;240m@[38;2;175;175;175m@[38;2;252;252;252m~[38;2;251;251;251m~[38;2;143;143;143m5[38;2;201;201;201m@[38;2;246;246;246m@@[38;2;208;208;208m@[38;2;200;200;200mF[38;2;251;251;251m~~[38;2;196;196;196mR[38;2;240;240;240m@[38;2;247;247;247m@[38;2;233;233;233m@[38;2;210;210;210mP[38;2;135;135;135m~[38;2;0;0;223m_[38;2;0;0;224m$[38;2;0;0;232m'      [39m
 [38;2;0;0;0m      [38;2;2;1;206m`[38;2;0;0;214m?[38;2;0;0;219m@[38;2;0;0;220my[38;2;0;0;226m___[38;2;0;0;213my[38;2;0;0;227ma[38;2;0;0;223m@[38;2;0;0;224mg[38;2;0;0;226m____[38;2;0;0;224mg[38;2;0;0;221m@[38;2;0;0;228ma[38;2;0;0;213my[38;2;0;0;226m___[38;2;0;0;219my[38;2;0;0;225ma[38;2;0;0;216mF[38;2;0;0;220m'       [39m
 [38;2;0;0;0m         [38;2;0;0;230m`[38;2;0;0;229m~[38;2;0;0;231m~[38;2;0;0;232m~[38;2;2;1;201m~  [38;2;1;2;196m`[38;2;0;0;220m~[38;2;0;0;231m~[38;2;0;0;232m~[38;2;0;0;222m~[38;2;1;2;196m`  [38;2;1;2;199m~[38;2;0;0;231m~[38;2;0;0;230m~~`          [39m
 [38;2;0;0;0m                                       [39m
 [38;2;0;0;0m                                       [39m
[?25h