[?25l[39m [38;2;0;0;0m             [38;2;0;0;229m_[38;2;0;0;225m_[38;2;0;0;216my[38;2;0;0;226mg[38;2;0;0;228ma[38;2;0;0;226maa[38;2;0;0;228ma[38;2;0;0;227mg[38;2;0;0;217my[38;2;0;0;225m_[38;2;0;0;229m_              [39m
 [38;2;0;0;0m          [38;2;0;0;228m_[38;2;0;0;225mg[38;2;0;0;226mP[38;2;0;0;225m~[38;2;0;0;224m~[38;2;192;192;192m_[38;2;143;143;143my[38;2;169;169;169my[38;2;184;184;184my[38;2;183;183;183my[38;2;168;168;168my[38;2;139;139;139my[38;2;192;192;192m_[38;2;0;0;223m~[38;2;0;0;226m~[38;2;0;0;227m4[38;2;0;0;225mg[38;2;0;0;229m_           [39m
 [38;2;0;0;0m        [38;2;0;0;231m_[38;2;0;0;219m@[38;2;0;0;229m~[38;2;89;89;89m_[38;2;187;187;187my[38;2;246;246;246mg[38;2;248;248;248m@[38;2;251;251;251m@[38;2;252;252;252m@@@@@@[38;2;251;251;251m@[38;2;250;250;250m@[38;2;246;246;246mg[38;2;185;185;185my[38;2;90;90;90m_[38;2;0;0;225m~[38;2;0;0;219m@[38;2;0;0;231m_         [39m
 [38;2;0;0;0m       [38;2;0;0;229mg[38;2;0;0;214mF [38;2;189;189;189mg[38;2;246;246;246m@[38;2;252;252;252m@@@@@@@@@@@@@@[38;2;250;250;250m@[38;2;188;188;188mg [38;2;0;0;226m~$[38;2;0;0;207m,       [39m
 [38;2;0;0;0m      [38;2;0;0;222m@[38;2;0;0;203m~ [38;2;214;214;214m$[38;2;251;251;251m@[38;2;232;232;232m@[38;2;217;217;217m@[38;2;251;251;251m@[38;2;252;252;252m@@@@@@@@@@@@@@[38;2;224;224;224m@[38;2;82;82;83m,[38;2;0;0;205m"[38;2;0;0;231m$       [39m
 [38;2;0;0;0m     [38;2;0;0;218mj[38;2;0;0;221mF [38;2;221;221;221mg[38;2;251;251;251m@@[38;2;163;163;163my[38;2;74;74;74m_[38;2;161;161;161m`[38;2;244;244;244m~[38;2;190;190;190mR[38;2;244;244;244m@[38;2;251;251;251m@[38;2;252;252;252m@@[38;2;251;251;251m@[38;2;250;250;250m@@@@@[38;2;251;251;251m@@[38;2;252;252;252m@[38;2;207;207;207m@ [38;2;0;0;207m?[38;2;1;1;201m$      [39m
 [38;2;0;0;0m     [38;2;0;0;222m@  [38;2;248;248;248m@[38;2;252;252;252m@@[38;2;251;251;251m@[38;2;243;243;243m@[38;2;214;214;214m=   [38;2;202;202;202m$[38;2;251;251;251m@[38;2;214;214;214m@      [38;2;87;87;87m_[38;2;218;218;218m$[38;2;252;252;252m@[38;2;251;251;251m@  [38;2;0;0;227m$      [39m
 [38;2;0;0;0m     [38;2;0;0;226m@  [38;2;249;249;249m@[38;2;252;252;252m@[38;2;251;251;251m@[38;2;193;193;193m~ [38;2;201;201;201m_y[38;2;248;248;248mg[38;2;251;251;251m@[38;2;252;252;252m@@@[38;2;251;251;251m@[38;2;252;252;252m@@@@@@@@[38;2;251;251;251m@  [38;2;0;0;226m@      [39m
 [38;2;0;0;0m     [38;2;0;0;225m@  [38;2;249;249;249m@[38;2;252;252;252m@@[38;2;247;247;247m@[38;2;240;240;240m@[38;2;251;251;251m@[38;2;252;252;252m@@@@@@@@@@@@@@@[38;2;251;251;251m@  [38;2;0;0;226m@      [39m
 [38;2;0;0;0m     [38;2;0;0;225m@  [38;2;249;249;249m@[38;2;252;252;252m@@@@@@@@@@@@@@@@@@@@[38;2;251;251;251m@  [38;2;0;0;226m@      [39m
 [38;2;0;0;0m     [38;2;0;0;225m@  [38;2;249;249;249m@[38;2;252;252;252m@@@@@@@@@@@@@@@@@@@@[38;2;251;251;251m@  [38;2;0;0;226m@      [39m
 [38;2;0;0;0m     [38;2;0;0;225m@  [38;2;249;249;249m@[38;2;252;252;252m@@@@@@@@@@@@@@@@@@@@[38;2;251;251;251m@  [38;2;0;0;226m@      [39m
 [38;2;0;0;0m     [38;2;0;0;225m@  [38;2;249;249;249m@[38;2;252;252;252m@@@@@@@@@@@@@@@@@@@@[38;2;251;251;251m@  [38;2;0;0;226m@      [39m
 [38;2;0;0;0m     [38;2;0;0;223m@  [38;2;243;243;243m@[38;2;252;252;252m@@@@@@@@@@@@@@@@@@@@[38;2;248;248;248m@  [38;2;0;0;224m@      [39m
 [38;2;0;0;0m     [38;2;2;1;200m7[38;2;0;0;223m@[38;2;0;0;215m,[38;2;147;147;147m~[38;2;206;206;206mR[38;2;247;247;247m@[38;2;251;251;251m@[38;2;249;249;249m@[38;2;207;207;207m@[38;2;192;192;192mF[38;2;251;251;251m~[38;2;174;174;174m5[38;2;234;234;234m@[38;2;251;251;251m@@[38;2;236;236;236m@[38;2;222;222;222mF[38;2;251;251;251m~[38;2;151;151;151mM[38;2;196;196;196m@[38;2;249;249;249m@[38;2;251;251;251m@[38;2;247;247;247m@[38;2;186;186;186m@[38;2;169;169;169m~[38;2;0;1;203m_[38;2;0;0;229mg[38;2;0;0;215mF      [39m
 [38;2;0;0;0m      [38;2;0;0;221m~@[38;2;0;0;226mg[38;2;0;0;206my[38;2;0;0;227m_[38;2;0;0;228m_[38;2;0;0;226m__[38;2;0;0;223mg[38;2;0;0;220m@[38;2;0;0;219my[38;2;0;0;226m_[38;2;0;0;228m__[38;2;0;0;226m_[38;2;0;0;219my[38;2;0;0;226mg[38;2;0;0;224mg[38;2;0;0;226m__[38;2;0;0;228m_[38;2;0;0;226m_[38;2;0;0;206my[38;2;0;0;226mg[38;2;0;0;223m@[38;2;0;0;221m~       [39m
 [38;2;0;0;0m        [38;2;1;1;212m~[38;2;0;0;225m~[38;2;0;0;227m~[38;2;0;0;225m=[38;2;0;0;227m~[38;2;0;0;225m~[38;2;0;0;222m~[38;2;0;0;221m`[38;2;0;0;227m~[38;2;0;0;226m~[38;2;0;0;222m=[38;2;0;0;221m=[38;2;0;0;227m~[38;2;0;0;229m~[38;2;0;0;223m`[38;2;1;0;221m~[38;2;0;0;226m~[38;2;0;0;227m~[38;2;0;0;225m=[38;2;0;0;227m~[38;2;0;0;225m~[38;2;1;0;212m~         [39m
 [38;2;0;0;0m                                       [39m
 [38;2;0;0;0m                                       [39m
[?25h