[?25l[39m [38;2;0;0;0m              [38;2;0;0;229m_[38;2;0;0;225m_[38;2;1;1;210my[38;2;0;0;216ma[38;2;0;0;222mggy[38;2;1;1;210my[38;2;0;0;225m_[38;2;0;0;229m_               [39m
 [38;2;0;0;0m          [38;2;0;0;225m_[38;2;1;0;214ma[38;2;0;0;214m@[38;2;0;0;221m=[38;2;0;0;225m~[38;2;0;0;222m~[38;2;192;192;192m_[38;2;240;240;240m_[38;2;250;250;250m__[38;2;240;240;240m_[38;2;192;192;192m_[38;2;0;0;222m~[38;2;0;0;226m~[38;2;0;0;220m=[38;2;0;0;217m@[38;2;0;0;218my[38;2;0;0;225m_           [39m
 [38;2;0;0;0m        [38;2;0;0;226m_[38;2;0;0;228ma[38;2;0;0;213mF[38;2;0;0;226m`[38;2;147;147;147my[38;2;200;200;200mg[38;2;227;227;227m$[38;2;251;251;251m@@[38;2;252;252;252m@@@@[38;2;251;251;251m@@[38;2;231;231;231m$[38;2;200;200;200mg[38;2;137;137;137my[38;2;0;0;226m`[38;2;0;0;209m?[38;2;0;0;220m@[38;2;0;0;226m_         [39m
 [38;2;0;0;0m       [38;2;0;0;222mg[38;2;0;0;226mF [38;2;188;188;188my[38;2;225;225;225m@[38;2;251;251;251m@[38;2;252;252;252m@@@@@@@@@@@@[38;2;251;251;251m@[38;2;235;235;235m@[38;2;181;181;181my [38;2;0;0;195mN[38;2;0;0;222mg        [39m
 [38;2;0;0;0m      [38;2;0;0;228mg[38;2;0;0;210mF [38;2;225;225;225mg[38;2;251;251;251m@[38;2;252;252;252m@@@@@@@@@@@@@@@@[38;2;251;251;251m@[38;2;198;198;198m@ [38;2;0;0;216m~[38;2;0;0;226m$       [39m
 [38;2;0;0;0m     [38;2;0;0;211mj[38;2;0;0;227mF [38;2;208;208;208mg[38;2;251;251;251m@@[38;2;214;214;214mF[38;2;146;146;146mM[38;2;181;181;181m@[38;2;248;248;248m@[38;2;251;251;251m@[38;2;252;252;252m@@@@[38;2;227;227;227m@[38;2;165;165;165mF[38;2;164;164;164m5[38;2;221;221;221m@[38;2;251;251;251m@[38;2;252;252;252m@@@[38;2;251;251;251m@[38;2;187;187;187m@ [38;2;0;0;217m?[38;2;0;0;220ml      [39m
 [38;2;0;0;0m     [38;2;0;0;219m@  [38;2;246;246;246m@[38;2;252;252;252m@[38;2;251;251;251m@[38;2;236;236;236mg[38;2;181;181;181my[38;2;156;156;156m_ [38;2;206;206;206m~[38;2;158;158;158m5[38;2;240;240;240m@[38;2;252;252;252m@@[38;2;246;246;246m@[38;2;196;196;196mg[38;2;140;140;140my [38;2;172;172;172m`[38;2;243;243;243m~[38;2;168;168;168m@[38;2;251;251;251m@[38;2;252;252;252m@[38;2;250;250;250m@  [38;2;0;0;226m$      [39m
 [38;2;0;0;0m     [38;2;0;0;226m@  [38;2;249;249;249m@[38;2;252;252;252m@[38;2;251;251;251m@[38;2;208;208;208m@[38;2;197;197;197mF[38;2;179;179;179m~ [38;2;199;199;199m_[38;2;198;198;198my[38;2;225;225;225m@[38;2;252;252;252m@@[38;2;249;249;249m@[38;2;224;224;224mP[38;2;251;251;251m~[38;2;88;88;88m~ [38;2;147;147;147my[38;2;200;200;200mg[38;2;251;251;251m@[38;2;252;252;252m@[38;2;251;251;251m@  [38;2;0;0;226m@      [39m
 [38;2;0;0;0m     [38;2;0;0;226m@  [38;2;249;249;249m@[38;2;252;252;252m@[38;2;251;251;251m@[38;2;197;197;197my[38;2;177;177;177my[38;2;223;223;223mg[38;2;234;234;234m@[38;2;251;251;251m@[38;2;252;252;252m@@@@[38;2;221;221;221m@[38;2;167;167;167my[38;2;202;202;202my[38;2;246;246;246mg[38;2;248;248;248m@[38;2;251;251;251m@[38;2;252;252;252m@@@[38;2;251;251;251m@  [38;2;0;0;226m@      [39m
 [38;2;0;0;0m     [38;2;0;0;226m@  [38;2;249;249;249m@[38;2;252;252;252m@@@@@@@@@@@@@@@@@@@@[38;2;251;251;251m@  [38;2;0;0;226m@      [39m
 [38;2;0;0;0m     [38;2;0;0;226m@  [38;2;249;249;249m@[38;2;252;252;252m@@@@@@@@@@@@@@@@@@@@[38;2;251;251;251m@  [38;2;0;0;226m@      [39m
 [38;2;0;0;0m     [38;2;0;0;226m@  [38;2;249;249;249m@[38;2;252;252;252m@@@@@@@@@@@@@@@@@@@@[38;2;251;251;251m@  [38;2;0;0;227m@      [39m
 [38;2;0;0;0m     [38;2;0;0;226m@  [38;2;249;249;249m@[38;2;252;252;252m@@@@@@@@@@@@@@@@@@@@[38;2;251;251;251m@  [38;2;0;0;227m@      [39m
 [38;2;0;0;0m     [38;2;0;0;223m@  [38;2;243;243;243m@[38;2;252;252;252m@@@@@@@@@@@@@@@@@@@@[38;2;248;248;248m@  [38;2;0;0;225m@      [39m
 [38;2;0;0;0m     [38;2;1;1;200m7[38;2;0;0;223m@[38;2;1;0;205m_[38;2;145;145;145m~[38;2;205;205;205mR[38;2;247;247;247m@[38;2;251;251;251m@[38;2;249;249;249m@[38;2;196;196;196m@[38;2;182;182;182mF[38;2;251;251;251m~[38;2;178;178;178mA[38;2;239;239;239m@[38;2;251;251;251m@@[38;2;231;231;231m@[38;2;216;216;216mF[38;2;251;251;251m~[38;2;148;148;148m5[38;2;208;208;208m@[38;2;250;250;250m@[38;2;251;251;251m@[38;2;246;246;246m@[38;2;178;178;178m@[38;2;171;171;171m~[38;2;1;0;203m_[38;2;0;0;229mg[38;2;0;0;214mF      [39m
 [38;2;0;0;0m      [38;2;0;0;221m~@[38;2;0;0;226mg[38;2;0;0;206my[38;2;0;0;227m_[38;2;0;0;228m_[38;2;0;0;226m__[38;2;0;0;225mg[38;2;0;0;218m@[38;2;0;0;216my[38;2;0;0;226m_[38;2;0;0;227m_[38;2;0;0;228m_[38;2;0;0;226m_[38;2;0;0;218ma[38;2;0;0;220m@[38;2;0;0;222mg[38;2;0;0;226m_[38;2;0;0;227m_[38;2;0;0;228m_[38;2;0;0;226m_[38;2;0;0;209my[38;2;0;0;226mg[38;2;0;0;223m@[38;2;0;0;222m~       [39m
 [38;2;0;0;0m        [38;2;2;1;212m~[38;2;0;0;225m~[38;2;0;0;227m~[38;2;0;0;225m=[38;2;0;0;227m~[38;2;0;0;225m~[38;2;1;0;215m~[38;2;0;0;222m`[38;2;0;0;227m~[38;2;0;0;226m~[38;2;0;0;223m=[38;2;0;0;219m=[38;2;0;0;226m~[38;2;0;0;230m~[38;2;0;0;219m`[38;2;0;0;224m~[38;2;0;0;226m~[38;2;1;0;218m=[38;2;0;0;226m=[38;2;0;0;227m~[38;2;0;0;226m~[38;2;2;1;205m~         [39m
 [38;2;0;0;0m                                       [39m
 [38;2;0;0;0m                                       [39m
[?25h