[?25l[39m [38;2;0;0;0m               [38;2;0;0;231m_[38;2;0;0;224m_[38;2;0;0;227m____[38;2;0;0;224m_[38;2;0;0;231m_[38;2;4;2;183m_               [39m
 [38;2;0;0;0m           [38;2;0;0;227m_[38;2;0;0;224mg[38;2;0;0;223m@[38;2;0;0;226m@[38;2;0;0;222mP[38;2;0;0;225m=[38;2;0;0;227m~~~~[38;2;0;0;225m=[38;2;0;0;222m4[38;2;0;0;227m@[38;2;0;0;225m@g[38;2;0;0;227m_            [39m
 [38;2;0;0;0m        [38;2;2;1;194m_[38;2;0;0;222ma[38;2;0;0;228m@[38;2;0;0;221mP[38;2;0;0;229m~[38;2;140;140;140m_[38;2;168;168;168my[38;2;212;212;212my[38;2;236;236;236mg[38;2;252;252;252mg[38;2;221;221;221m$[38;2;222;222;222m$[38;2;252;252;252mg[38;2;236;236;236mg[38;2;212;212;212my[38;2;163;163;163my[38;2;140;140;140m_[38;2;0;0;226m~[38;2;0;0;221m4[38;2;0;0;228m@[38;2;0;0;218mg[38;2;0;0;226m,         [39m
 [38;2;0;0;0m       [38;2;1;0;208my[38;2;0;0;228m@[38;2;0;0;212mF [38;2;188;188;188my[38;2;205;205;205m@[38;2;251;251;251m@[38;2;252;252;252m@@@@@@@@@@[38;2;251;251;251m@[38;2;216;216;216m@[38;2;184;184;184my [38;2;0;0;225m~[38;2;0;0;228m@[38;2;1;1;209my        [39m
 [38;2;0;0;0m      [38;2;0;0;215ma[38;2;0;0;218m@[38;2;1;0;198m'[38;2;141;141;141my[38;2;222;222;222m@[38;2;251;251;251m@[38;2;252;252;252m@@@@@@@@@@@@@@@[38;2;235;235;235m@[38;2;125;125;125my [38;2;0;0;222mR[38;2;0;0;209m$       [39m
 [38;2;0;0;0m     [38;2;1;1;196mj[38;2;0;0;227m@ [38;2;148;148;148my[38;2;248;248;248m@[38;2;252;252;252m@[38;2;248;248;248m@[38;2;244;244;244m@[38;2;251;251;251m@[38;2;252;252;252m@@@@@@@@@@@@@@[38;2;251;251;251m@[38;2;131;131;132my [38;2;0;0;222m@[38;2;0;0;214mi      [39m
 [38;2;0;0;0m     [38;2;0;0;220mg[38;2;0;0;197mF [38;2;220;220;220m@[38;2;252;252;252m@[38;2;251;251;251m@[38;2;227;227;227m_ [38;2;152;152;152m~[38;2;177;177;177mT[38;2;184;184;184m@[38;2;250;250;250m@[38;2;252;252;252m@@@@@@@@@@@@[38;2;239;239;239m@  [38;2;0;0;222m$      [39m
 [38;2;0;0;0m     [38;2;0;0;225m@  [38;2;249;249;249m@[38;2;252;252;252m@@[38;2;251;251;251m@[38;2;242;242;242m@[38;2;202;202;202m=   [38;2;203;203;203m$[38;2;251;251;251m@[38;2;212;212;212m@      [38;2;67;67;67m_[38;2;215;215;215m$[38;2;252;252;252m@[38;2;251;251;251m@  [38;2;0;0;227m@      [39m
 [38;2;0;0;0m     [38;2;0;0;225m@  [38;2;249;249;249m@[38;2;252;252;252m@[38;2;251;251;251m@[38;2;209;209;209m~ [38;2;195;195;195m_[38;2;193;193;193my[38;2;241;241;241mg[38;2;246;246;246m@[38;2;251;251;251m@[38;2;252;252;252m@@@@@@@@@@@[38;2;251;251;251m@  [38;2;0;0;227m@      [39m
 [38;2;0;0;0m     [38;2;0;0;225m@  [38;2;249;249;249m@[38;2;252;252;252m@@[38;2;248;248;248m@[38;2;239;239;239m@[38;2;251;251;251m@[38;2;252;252;252m@@@@@@@@@@@@@@@[38;2;251;251;251m@  [38;2;0;0;227m@      [39m
 [38;2;0;0;0m     [38;2;0;0;225m@  [38;2;249;249;249m@[38;2;252;252;252m@@@@@@@@@@@@@@@@@@@@[38;2;251;251;251m@  [38;2;0;0;227m@      [39m
 [38;2;0;0;0m     [38;2;0;0;225m@  [38;2;249;249;249m@[38;2;252;252;252m@@@@@@@@@@@@@@@@@@@@[38;2;251;251;251m@  [38;2;0;0;226m@      [39m
 [38;2;0;0;0m     [38;2;0;0;225m@  [38;2;249;249;249m@[38;2;252;252;252m@@@@@@@@@@@@@@@@@@@@[38;2;251;251;251m@  [38;2;0;0;227m@      [39m
 [38;2;0;0;0m     [38;2;0;0;217m@[38;2;0;0;215m, [38;2;240;240;240m@[38;2;252;252;252m@@@@@@@@@@@@@@@@@@@@[38;2;247;247;247m@ [38;2;1;0;169mj[38;2;0;0;221m@      [39m
 [38;2;0;0;0m     [38;2;1;1;208m`[38;2;0;0;226m@[38;2;0;0;220m_[38;2;106;106;106m~[38;2;184;184;184mA[38;2;239;239;239m@[38;2;249;249;249m@[38;2;245;245;245m@[38;2;185;185;185m@[38;2;163;163;163mF[38;2;252;252;252m~[38;2;162;162;162mM[38;2;215;215;215m@[38;2;248;248;248m@@[38;2;219;219;219m@[38;2;209;209;209mF[38;2;252;252;252m~[38;2;251;251;251m~[38;2;208;208;208mR[38;2;245;245;245m@[38;2;249;249;249m@[38;2;240;240;240m@[38;2;221;221;221mP[38;2;148;148;148m~[38;2;0;0;216m_[38;2;0;0;222m$[38;2;0;0;232m'      [39m
 [38;2;0;0;0m      [38;2;2;2;202m`[38;2;1;0;212m?[38;2;0;0;227ma[38;2;0;0;217my[38;2;0;0;226m___[38;2;0;0;208my[38;2;0;0;227ma[38;2;0;0;219m@[38;2;0;0;220mg[38;2;0;0;225m_[38;2;0;0;226m__[38;2;0;0;225m_[38;2;0;0;223ma[38;2;0;0;217m@[38;2;0;0;227ma[38;2;0;0;208my[38;2;0;0;226m___[38;2;0;0;216my[38;2;0;0;227ms[38;2;0;0;215mF[38;2;0;0;216m'       [39m
 [38;2;0;0;0m         [38;2;0;0;224m`[38;2;0;0;227m~[38;2;0;0;232m~[38;2;0;0;230m~[38;2;0;0;233m`   [38;2;0;0;215m~[38;2;0;0;231m~[38;2;0;0;232m~[38;2;0;0;215m~   [38;2;0;0;233m`[38;2;0;0;229m~[38;2;0;0;232m~[38;2;0;0;229m~[38;2;0;0;226m`          [39m
 [38;2;0;0;0m                                       [39m
 [38;2;0;0;0m                                       [39m
[?25h