[?25l[39m [38;2;0;0;0m                                       [39m
 [38;2;0;0;0m             [38;2;1;0;211m_[38;2;0;0;227m__[38;2;1;0;214my[38;2;0;0;219ma[38;2;0;0;222ma[38;2;0;0;221ma[38;2;0;1;214mg[38;2;1;1;209my[38;2;0;0;226m_[38;2;0;0;227m_               [39m
 [38;2;0;0;0m          [38;2;0;0;231m_[38;2;0;0;224ma@[38;2;0;0;221mP[38;2;0;0;227m~[38;2;0;0;226m~[38;2;83;83;83m_[38;2;146;146;146m_[38;2;177;177;177m_[38;2;165;165;165m_[38;2;125;125;125m_[38;2;0;0;230m~[38;2;0;0;225m~[38;2;0;0;226m~[38;2;0;0;220mR[38;2;0;0;227mg[38;2;1;1;208my[38;2;2;1;202m_           [39m
 [38;2;0;0;0m        [38;2;0;0;229m_[38;2;0;0;223m@[38;2;0;0;214mF[38;2;0;0;209m~[38;2;133;133;133my[38;2;187;187;187mg[38;2;248;248;248mg[38;2;240;240;240m@[38;2;252;252;252m@[38;2;251;251;251m@@@[38;2;252;252;252m@[38;2;251;251;251m@[38;2;229;229;229m@g[38;2;178;178;178my[38;2;102;102;102m_[38;2;0;0;225m~[38;2;0;0;220mR[38;2;0;0;223mg[38;2;0;0;228m,         [39m
 [38;2;0;0;0m      [38;2;1;2;187m_[38;2;0;0;230mg[38;2;0;0;221mF [38;2;195;195;195my[38;2;225;225;225m@[38;2;251;251;251m@[38;2;252;252;252m@@@@@@@@@@@@[38;2;251;251;251m@[38;2;219;219;219mg[38;2;137;137;137m_[38;2;0;0;212m~[38;2;0;0;221m@[38;2;0;0;229m_        [39m
 [38;2;0;0;0m      [38;2;0;0;229m@[38;2;1;0;203m~[38;2;103;103;103m_[38;2;200;200;200m@[38;2;251;251;251m@[38;2;252;252;252m@@@@@@@@@@@@@@@@[38;2;250;250;250m@[38;2;165;165;166my [38;2;0;0;227m4[38;2;0;0;217mL       [39m
 [38;2;0;0;0m     [38;2;0;0;225mg[38;2;0;0;201mF [38;2;220;220;220m$[38;2;252;252;252m@[38;2;248;248;248m@[38;2;193;193;193mM[38;2;175;175;175m#[38;2;230;230;230m@[38;2;251;251;251m@[38;2;252;252;252m@@@@@@@@@@@@@[38;2;251;251;251m@[38;2;124;124;124mL [38;2;0;0;228m@[38;2;0;0;210m,      [39m
 [38;2;0;0;0m     [38;2;0;0;236m@ [38;2;121;121;121m4[38;2;251;251;251m@[38;2;252;252;252m@[38;2;249;249;249m@[38;2;216;216;216my[38;2;237;237;237m_ [38;2;214;214;214m`[38;2;248;248;248m~[38;2;171;171;171m@[38;2;251;251;251m@[38;2;252;252;252m@[38;2;242;242;242m@[38;2;222;222;222mP[38;2;217;217;217mPPPPP[38;2;184;184;184m@[38;2;251;251;251m@[38;2;252;252;252m@[38;2;210;210;210m@ [38;2;0;0;207m?[38;2;1;0;221m[      [39m
 [38;2;0;0;0m     [38;2;0;0;235m@ [38;2;152;152;152m4[38;2;251;251;251m@[38;2;252;252;252m@@[38;2;223;223;223m@[38;2;213;213;213mF[38;2;172;172;172m~ [38;2;154;154;154m_[38;2;184;184;184my[38;2;237;237;237m@[38;2;251;251;251m@[38;2;220;220;220m$[38;2;172;172;172my[38;2;166;166;166myyyyy[38;2;196;196;196my[38;2;240;240;240m@[38;2;252;252;252m@[38;2;235;235;235m@ [38;2;0;0;198mJ[38;2;1;0;226m[      [39m
 [38;2;0;0;0m     [38;2;0;0;236m@ [38;2;148;148;148m4[38;2;251;251;251m@[38;2;252;252;252m@[38;2;241;241;241m@[38;2;252;252;252m_[38;2;152;152;152my[38;2;192;192;192mg[38;2;228;228;228m$[38;2;251;251;251m@[38;2;252;252;252m@@@@@@@@@@@@@[38;2;236;236;236m@ [38;2;0;0;197mJ[38;2;1;0;226m[      [39m
 [38;2;0;0;0m     [38;2;0;0;236m@ [38;2;141;141;142m4[38;2;251;251;251m@[38;2;252;252;252m@@@@@@@@@@@@@@@@@@@@[38;2;238;238;238m@ [38;2;0;0;193mJ[38;2;1;1;206m$      [39m
 [38;2;0;0;0m     [38;2;0;0;236m@ [38;2;133;133;133m4[38;2;251;251;251m@[38;2;252;252;252m@@@@@@@@@@@@@@@@@@@@[38;2;238;238;238m@ [38;2;0;0;187mJ[38;2;1;0;210m$      [39m
 [38;2;0;0;0m     [38;2;0;0;237m@ [38;2;117;117;117m4[38;2;252;252;252m@@@@@@@@@@@@@@@@@@@@@[38;2;241;241;241m@  [38;2;0;0;215m$      [39m
 [38;2;0;0;0m     [38;2;0;0;235m@ [38;2;97;97;97m4[38;2;251;251;251m@[38;2;252;252;252m@@@@@@@@@@@@@@@@@@@@[38;2;245;245;245m@  [38;2;0;0;220m$      [39m
 [38;2;0;0;0m     [38;2;1;0;211m@[38;2;0;0;207m_ [38;2;206;206;206m@[38;2;251;251;251m@[38;2;252;252;252m@@@@[38;2;251;251;251m@@@[38;2;252;252;252m@@@@@[38;2;251;251;251m@@[38;2;252;252;252m@@@@[38;2;251;251;251m@[38;2;197;197;197m@ [38;2;0;0;223mj[38;2;0;0;222mF      [39m
 [38;2;0;0;0m     [38;2;3;3;187m`[38;2;0;0;228m4[38;2;0;0;214my_[38;2;218;218;218m~[38;2;170;170;170mP[38;2;204;204;204mP[38;2;196;196;196mP[38;2;164;164;164mF[38;2;113;113;113m~[38;2;0;0;232m_[38;2;151;151;151m~[38;2;179;179;180mT[38;2;197;197;197mP[38;2;204;204;204mP[38;2;194;194;194mF[38;2;197;197;197m~[38;2;0;0;228m_[38;2;159;159;159m`[38;2;238;238;238m~[38;2;181;181;181mP[38;2;204;204;204mP[38;2;205;205;205mF[38;2;233;233;233m~[38;2;0;0;209m_[38;2;0;0;220my[38;2;0;0;227mP       [39m
 [38;2;0;0;0m       [38;2;0;0;217m~[38;2;0;0;225m~[38;2;1;0;209m@[38;2;0;0;228ma[38;2;0;0;227mg[38;2;0;0;228ma[38;2;0;0;223ma[38;2;0;0;218mP[38;2;0;0;226m~[38;2;0;0;224m4[38;2;0;0;226ma[38;2;0;0;228ma[38;2;0;0;227mg[38;2;0;0;228ma[38;2;0;0;223mP[38;2;0;0;226m~[38;2;0;0;217m=[38;2;1;0;214m@[38;2;0;0;228mag[38;2;0;0;227ma[38;2;1;0;211m@[38;2;0;0;226m~[38;2;0;0;213m~        [39m
 [38;2;0;0;0m                                       [39m
 [38;2;0;0;0m                                       [39m
[?25h