[?25l[39m [38;2;0;0;0m                  [38;2;2;0;200m__                   [39m
 [38;2;0;0;0m            [38;2;0;0;226m_[38;2;0;0;216ma[38;2;0;0;226ma[38;2;0;0;219mP[38;2;0;0;225m=[38;2;0;0;229m~[38;2;0;0;228m~~~[38;2;0;0;225m=[38;2;0;0;220m4[38;2;0;0;228ma[38;2;1;0;213mg[38;2;0;0;226m_             [39m
 [38;2;0;0;0m         [38;2;0;0;230m_[38;2;0;0;228ma[38;2;0;0;222mP[38;2;0;0;229m~[38;2;140;140;140m_[38;2;168;168;168my[38;2;212;212;212my[38;2;235;235;235mg[38;2;252;252;252mg[38;2;221;221;221m$[38;2;222;222;222m$[38;2;252;252;252mg[38;2;235;235;235mg[38;2;212;212;212my[38;2;163;163;163my[38;2;140;140;140m_[38;2;0;0;226m~[38;2;0;0;221m4[38;2;0;0;228ma[38;2;0;0;229m_          [39m
 [38;2;0;0;0m       [38;2;1;1;202m_[38;2;0;0;229ma[38;2;0;0;212mF [38;2;188;188;188my[38;2;205;205;205m@[38;2;251;251;251m@[38;2;252;252;252m@@@@@@@@@@[38;2;251;251;251m@[38;2;216;216;216m@[38;2;184;184;184my [38;2;0;0;226m~[38;2;0;0;223m$[38;2;0;0;231m,        [39m
 [38;2;0;0;0m      [38;2;0;0;214m_[38;2;0;0;219m@[38;2;1;0;198m'[38;2;142;142;142my[38;2;222;222;222m@[38;2;251;251;251m@[38;2;252;252;252m@@@@@@@@@@@@@@@[38;2;235;235;235m@[38;2;125;125;125my [38;2;0;0;226m#[38;2;0;0;214m_       [39m
 [38;2;0;0;0m      [38;2;0;0;228m@ [38;2;148;148;148my[38;2;248;248;248m@[38;2;252;252;252m@[38;2;248;248;248m@[38;2;244;244;244m@[38;2;251;251;251m@[38;2;252;252;252m@@@@@@@@@@@@@@[38;2;251;251;251m@[38;2;132;132;132my [38;2;0;0;223m@[38;2;0;0;225m,      [39m
 [38;2;0;0;0m     [38;2;0;0;214mg[38;2;1;0;196mF [38;2;220;220;220m@[38;2;252;252;252m@[38;2;251;251;251m@[38;2;228;228;228m_ [38;2;152;152;152m~[38;2;177;177;177mT[38;2;184;184;184m@[38;2;250;250;250m@[38;2;252;252;252m@@@@@@@@@@@@[38;2;239;239;239m@  [38;2;0;0;217m$      [39m
 [38;2;0;0;0m     [38;2;0;0;225m@  [38;2;249;249;249m@[38;2;252;252;252m@@[38;2;251;251;251m@[38;2;242;242;242m@[38;2;202;202;202m=   $[38;2;251;251;251m@[38;2;212;212;212m@      [38;2;67;67;67m_[38;2;215;215;215m$[38;2;252;252;252m@[38;2;251;251;251m@  [38;2;0;0;226m@      [39m
 [38;2;0;0;0m     [38;2;0;0;225m@  [38;2;249;249;249m@[38;2;252;252;252m@[38;2;251;251;251m@[38;2;209;209;209m~ [38;2;195;195;195m_[38;2;194;194;194my[38;2;241;241;241mg[38;2;246;246;246m@[38;2;251;251;251m@[38;2;252;252;252m@@@@@@@@@@@[38;2;251;251;251m@  [38;2;0;0;227m@      [39m
 [38;2;0;0;0m     [38;2;0;0;225m@  [38;2;249;249;249m@[38;2;252;252;252m@@[38;2;248;248;248m@[38;2;240;240;240m@[38;2;251;251;251m@[38;2;252;252;252m@@@@@@@@@@@@@@@[38;2;251;251;251m@  [38;2;0;0;227m@      [39m
 [38;2;0;0;0m     [38;2;0;0;225m@  [38;2;249;249;249m@[38;2;252;252;252m@@@@@@@@@@@@@@@@@@@@[38;2;251;251;251m@  [38;2;0;0;227m@      [39m
 [38;2;0;0;0m     [38;2;0;0;225m@  [38;2;249;249;249m@[38;2;252;252;252m@@@@@@@@@@@@@@@@@@@@[38;2;251;251;251m@  [38;2;0;0;226m@      [39m
 [38;2;0;0;0m     [38;2;0;0;225m@  [38;2;249;249;249m@[38;2;252;252;252m@@@@@@@@@@@@@@@@@@@@[38;2;251;251;251m@  [38;2;0;0;227m@      [39m
 [38;2;0;0;0m     [38;2;0;0;226m@  [38;2;249;249;249m@[38;2;252;252;252m@@@@@@@@@@@@@@@@@@@@[38;2;251;251;251m@  [38;2;0;0;226m@      [39m
 [38;2;0;0;0m     [38;2;0;0;220m@  [38;2;243;243;243m@[38;2;252;252;252m@@@@@@@@@@@@@@@@@@@@[38;2;248;248;248m@  [38;2;0;0;223m@      [39m
 [38;2;0;0;0m     [38;2;1;0;212m`[38;2;0;0;224m@[38;2;1;0;207m_[38;2;148;148;148m~[38;2;174;174;174m@[38;2;247;247;247m@[38;2;251;251;251m@[38;2;250;250;250m@[38;2;209;209;209m@[38;2;194;194;194mF[38;2;174;174;174mT[38;2;170;170;170mA[38;2;233;233;233m@[38;2;251;251;251m@@[38;2;235;235;235m@[38;2;223;223;223mF[38;2;162;162;162mF[38;2;155;155;155mM[38;2;201;201;201m@[38;2;250;250;250m@[38;2;252;252;252m@[38;2;248;248;248m@[38;2;190;190;190m@[38;2;177;177;177m~[38;2;1;0;203m_[38;2;0;0;230mg[38;2;0;0;231m'      [39m
 [38;2;0;0;0m      [38;2;0;0;218m`[38;2;0;0;225m4[38;2;0;0;228mg[38;2;0;0;225m___[38;2;0;0;223m_[38;2;0;0;227m_[38;2;0;0;225mg[38;2;0;0;222m@[38;2;0;0;218my[38;2;0;0;226m_[38;2;0;0;225m_[38;2;0;0;223m_[38;2;0;0;226m_[38;2;0;0;215ma[38;2;0;0;218m@[38;2;0;0;225mg[38;2;0;0;227m_[38;2;0;0;223m_[38;2;0;0;225m__[38;2;0;0;227m_[38;2;0;0;228mg[38;2;0;0;227mP[38;2;1;1;202m~       [39m
 [38;2;0;0;0m        [38;2;3;3;190m`[38;2;0;0;223m~[38;2;0;0;226m~[38;2;0;0;227m~~[38;2;0;0;226m~[38;2;0;0;209m` [38;2;1;1;205m~[38;2;0;0;226m~[38;2;0;0;227m~~[38;2;0;0;226m~[38;2;1;1;209m~ [38;2;1;0;208m`[38;2;0;0;224m~[38;2;0;0;227m~~[38;2;0;0;226m~[38;2;0;0;225m~[38;2;4;2;195m`         [39m
 [38;2;0;0;0m                                       [39m
[?25h