[?25l[39m [38;2;0;0;0m              [38;2;0;0;231m_[38;2;0;0;225m_[38;2;0;0;227m_[38;2;0;0;212my[38;2;0;0;217myy[38;2;1;0;212my[38;2;0;0;227m_[38;2;0;0;224m_[38;2;0;0;231m_               [39m
 [38;2;0;0;0m          [38;2;1;0;214m_[38;2;1;1;210my[38;2;0;0;227mg[38;2;0;0;228m@[38;2;0;0;223mP[38;2;0;0;227m~[38;2;0;0;226m~[38;2;0;0;227m~~[38;2;0;0;228m~[38;2;0;0;227m~[38;2;0;0;226m~[38;2;0;0;227m~[38;2;0;0;223m4[38;2;0;0;228m@[38;2;0;0;227mg[38;2;1;1;210my[38;2;0;0;215m_           [39m
 [38;2;0;0;0m        [38;2;0;0;219m_[38;2;0;0;226mg[38;2;0;0;222m@[38;2;0;0;226m~[38;2;0;0;203m~[38;2;135;135;135my[38;2;206;206;206my[38;2;242;242;242mg[38;2;227;227;227m$[38;2;240;240;240m@[38;2;250;250;250m@@[38;2;243;243;243m@[38;2;230;230;230m$[38;2;242;242;242mg[38;2;206;206;206my[38;2;242;242;242m_[38;2;0;0;202m~[38;2;0;0;226m~[38;2;0;0;222m@[38;2;0;0;226mg[38;2;0;0;219m_         [39m
 [38;2;0;0;0m       [38;2;1;0;215ma[38;2;0;0;223m@[38;2;0;0;225m~[38;2;120;120;120m_[38;2;199;199;199mg[38;2;239;239;239m@[38;2;251;251;251m@[38;2;252;252;252m@@@@@@@@@@[38;2;251;251;251m@[38;2;245;245;245m@[38;2;198;198;198mg[38;2;120;120;120m_[38;2;0;0;222m~[38;2;0;0;221m@[38;2;0;0;215mg        [39m
 [38;2;0;0;0m      [38;2;0;0;222mg[38;2;0;0;225mP [38;2;188;188;188my[38;2;245;245;245m@[38;2;252;252;252m@@@@@@@@@@@@@@@@[38;2;249;249;249m@[38;2;180;180;180my [38;2;0;0;221m4[38;2;0;0;220m$       [39m
 [38;2;0;0;0m     [38;2;1;0;208mj[38;2;0;0;220m@ [38;2;153;153;153mg[38;2;251;251;251m@@[38;2;229;229;229mF[38;2;169;169;169mM[38;2;205;205;205m@[38;2;251;251;251m@[38;2;252;252;252m@@@@@@@@@@@@@[38;2;251;251;251m@[38;2;162;162;162my [38;2;0;0;224mR[38;2;0;0;221mi      [39m
 [38;2;0;0;0m     [38;2;0;0;216m@[38;2;0;0;192m[ [38;2;233;233;233m@[38;2;252;252;252m@@[38;2;217;217;217mg[38;2;159;159;159my[38;2;78;78;78m_[38;2;138;138;138m`[38;2;235;235;235m~[38;2;172;172;172mA[38;2;246;246;246m@[38;2;252;252;252m@[38;2;247;247;247m@[38;2;167;167;167m@[38;2;197;197;197mP[38;2;196;196;196mPPPP[38;2;186;186;186mR[38;2;247;247;247m@[38;2;252;252;252m@[38;2;245;245;245m@  [38;2;0;0;224m$      [39m
 [38;2;0;0;0m     [38;2;0;0;226m@  [38;2;249;249;249m@[38;2;252;252;252m@@[38;2;226;226;226m@[38;2;215;215;215mF[38;2;220;220;220m~ [38;2;147;147;147m_[38;2;180;180;180my[38;2;217;217;217m@[38;2;252;252;252m@[38;2;232;232;232m@[38;2;190;190;190my[38;2;180;180;180myyyyy[38;2;194;194;194my[38;2;226;226;226m@[38;2;252;252;252m@[38;2;251;251;251m@  [38;2;0;0;226m@      [39m
 [38;2;0;0;0m     [38;2;0;0;225m@  [38;2;249;249;249m@[38;2;252;252;252m@[38;2;251;251;251m@[38;2;178;178;178my[38;2;155;155;155my[38;2;197;197;197mg[38;2;218;218;218m@[38;2;251;251;251m@[38;2;252;252;252m@@@@@@@@@@@@@[38;2;251;251;251m@  [38;2;0;0;226m@      [39m
 [38;2;0;0;0m     [38;2;0;0;225m@  [38;2;249;249;249m@[38;2;252;252;252m@@@@@@@@@@@@@@@@@@@@[38;2;251;251;251m@  [38;2;0;0;226m@      [39m
 [38;2;0;0;0m     [38;2;0;0;225m@  [38;2;249;249;249m@[38;2;252;252;252m@@@@@@@@@@@@@@@@@@@@[38;2;251;251;251m@  [38;2;0;0;226m@      [39m
 [38;2;0;0;0m     [38;2;0;0;225m@  [38;2;249;249;249m@[38;2;252;252;252m@@@@@@@@@@@@@@@@@@@@[38;2;251;251;251m@  [38;2;0;0;226m@      [39m
 [38;2;0;0;0m     [38;2;0;0;225m@  [38;2;249;249;249m@[38;2;252;252;252m@@@@@@@@@@@@@@@@@@@@[38;2;251;251;251m@  [38;2;0;0;226m@      [39m
 [38;2;0;0;0m     [38;2;0;0;217m@[38;2;0;0;214m, [38;2;240;240;240m@[38;2;252;252;252m@@@@@@@@@@@@@@@@@@@@[38;2;247;247;247m@ [38;2;0;0;173mj[38;2;0;0;223m$      [39m
 [38;2;0;0;0m     [38;2;1;1;208m`[38;2;0;0;226m@[38;2;0;0;222m_[38;2;202;202;202m`[38;2;180;180;180mA[38;2;236;236;236m@[38;2;248;248;248m@[38;2;244;244;244m@[38;2;181;181;181m@[38;2;173;173;173mT[38;2;252;252;252m~[38;2;150;150;150m5[38;2;209;209;209m@[38;2;247;247;247m@@[38;2;214;214;214m@[38;2;205;205;205mF[38;2;252;252;252m~[38;2;251;251;251m~[38;2;202;202;202mR[38;2;243;243;243m@[38;2;248;248;248m@[38;2;237;237;237m@[38;2;214;214;214mP[38;2;140;140;140m~[38;2;0;0;221m_[38;2;0;0;224m$[38;2;0;0;231m'      [39m
 [38;2;0;0;0m      [38;2;1;2;202m`[38;2;0;1;212m?[38;2;0;0;226ma[38;2;0;0;218my[38;2;0;0;225m_[38;2;0;0;226m__[38;2;0;0;210my[38;2;0;0;227ma[38;2;0;0;218m@[38;2;0;0;222mg[38;2;0;0;225m_[38;2;0;0;226m__[38;2;0;0;225m_[38;2;0;0;224ma[38;2;0;0;215m@[38;2;0;0;227ma[38;2;0;0;211my[38;2;0;0;226m__[38;2;0;0;225m_[38;2;0;0;218my[38;2;0;0;226ms[38;2;0;0;214mF[38;2;0;1;213m'       [39m
 [38;2;0;0;0m         [38;2;1;0;221m`[38;2;0;0;225m~[38;2;0;0;232m~[38;2;0;0;230m~[38;2;0;0;231m`   [38;2;0;1;208m~[38;2;0;0;231m~~[38;2;1;0;211m~   [38;2;0;0;229m`[38;2;0;0;227m~[38;2;0;0;232m~[38;2;0;0;224m~[38;2;0;0;220m`          [39m
 [38;2;0;0;0m                                       [39m
 [38;2;0;0;0m                                       [39m
[?25h