[?25l[39m [38;2;0;0;0m                                       [39m
 [38;2;0;0;0m              [38;2;0;0;225m_[38;2;0;0;226m__[38;2;1;1;203my[38;2;1;0;212myy[38;2;1;1;203my[38;2;0;0;225m_[38;2;0;0;226m__               [39m
 [38;2;0;0;0m          [38;2;1;1;198m_[38;2;0;0;223m_[38;2;0;0;228ma[38;2;0;0;224mP[38;2;0;0;226m~[38;2;0;0;228m~[38;2;97;97;97m_[38;2;170;170;170m_[38;2;220;220;220m_[38;2;221;221;221m_[38;2;169;169;169m_[38;2;97;97;97m_[38;2;0;0;228m~[38;2;0;0;226m~[38;2;0;0;224m4[38;2;0;0;228ma[38;2;1;1;201my[38;2;1;1;199m_           [39m
 [38;2;0;0;0m        [38;2;0;0;212m_[38;2;0;0;227ma[38;2;0;0;219mP~[38;2;212;212;212m_[38;2;211;211;211my[38;2;247;247;247mg[38;2;240;240;240m@[38;2;252;252;252m@[38;2;251;251;251m@@@@[38;2;252;252;252m@[38;2;243;243;243m@[38;2;247;247;247mg[38;2;212;212;212my[38;2;213;213;213m_[38;2;0;0;216m~[38;2;0;0;215m4[38;2;0;0;224mg[38;2;0;0;213m_         [39m
 [38;2;0;0;0m       [38;2;1;0;211mg[38;2;0;0;226mP[38;2;1;0;198m'[38;2;161;161;161my[38;2;247;247;247mg[38;2;251;251;251m@[38;2;252;252;252m@@@@@@@@@@@@@[38;2;217;217;217m@[38;2;149;149;149my[38;2;3;1;188m`[38;2;0;0;223m4[38;2;0;0;219my        [39m
 [38;2;0;0;0m      [38;2;0;0;222mg[38;2;0;0;219mF [38;2;212;212;212mg[38;2;251;251;251m@[38;2;252;252;252m@@@@@@@@@@@@@@@@[38;2;251;251;251m@[38;2;188;188;188m$ [38;2;0;0;207m?[38;2;0;0;218m$       [39m
 [38;2;0;0;0m     [38;2;1;0;205mj[38;2;0;0;230mF [38;2;197;197;197mg[38;2;251;251;251m@[38;2;252;252;252m@[38;2;251;251;251m@[38;2;196;196;196m@[38;2;213;213;213mF[38;2;195;195;195mF[38;2;185;185;185mM[38;2;205;205;205m@[38;2;251;251;251m@[38;2;252;252;252m@@[38;2;251;251;251m@[38;2;227;227;227m@[38;2;208;208;208mP[38;2;200;200;200mF[38;2;201;201;201mF[38;2;202;202;202mR[38;2;247;247;247m@[38;2;252;252;252m@[38;2;251;251;251m@[38;2;173;173;173m@ [38;2;0;0;209m5[38;2;0;0;217mi      [39m
 [38;2;0;0;0m     [38;2;0;0;217m@[38;2;0;0;180m[ [38;2;244;244;244m@[38;2;252;252;252m@[38;2;223;223;223m@[38;2;147;147;147m`[38;2;183;183;183ma[38;2;173;173;173mF[38;2;164;164;164mM[38;2;139;139;139mM[38;2;155;155;155mg[38;2;147;147;147m~[38;2;245;245;245m@[38;2;251;251;251m@[38;2;144;144;144mF[38;2;179;179;179my[38;2;165;165;165mF[38;2;164;164;164mF[38;2;203;203;203mF[38;2;146;146;146mq [38;2;191;191;191m$[38;2;251;251;251m@[38;2;249;249;249m@  [38;2;0;0;225m$      [39m
 [38;2;0;0;0m     [38;2;0;0;226m@  [38;2;249;249;249m@[38;2;251;251;251m@[38;2;174;174;174m$[38;2;87;87;87m4[38;2;177;177;177mL [38;2;182;182;182mP [38;2;162;162;162m#[38;2;98;98;98m_[38;2;233;233;233m@[38;2;239;239;239m@ [38;2;196;196;196m$ [38;2;194;194;194m4 [38;2;108;108;108m4[38;2;85;85;85m~[38;2;197;197;197mg[38;2;251;251;251m@@  [38;2;0;0;226m@      [39m
 [38;2;0;0;0m     [38;2;0;0;226m@  [38;2;249;249;249m@[38;2;252;252;252m@[38;2;250;250;250m@[38;2;203;203;203my[38;2;175;175;175m~[38;2;132;132;132mH[38;2;215;215;215m=[38;2;173;173;173m#[38;2;229;229;229m$[38;2;249;249;249m@[38;2;252;252;252m@[38;2;251;251;251m@[38;2;201;201;201m$[38;2;233;233;233m_[38;2;152;152;152m?[38;2;199;199;199m=[38;2;191;191;191mP[38;2;212;212;212m$[38;2;237;237;237m@[38;2;251;251;251m@[38;2;252;252;252m@[38;2;251;251;251m@  [38;2;0;0;226m@      [39m
 [38;2;0;0;0m     [38;2;0;0;226m@  [38;2;249;249;249m@[38;2;252;252;252m@@@[38;2;251;251;251m@@[38;2;242;242;242m@[38;2;249;249;249m@[38;2;252;252;252m@@@@@[38;2;251;251;251m@[38;2;252;252;252m@[38;2;245;245;245m@@[38;2;252;252;252m@@@@[38;2;251;251;251m@  [38;2;0;0;226m@      [39m
 [38;2;0;0;0m     [38;2;0;0;226m@  [38;2;249;249;249m@[38;2;252;252;252m@@@@@@@@@@@@@@@@@@@@[38;2;251;251;251m@  [38;2;0;0;227m@      [39m
 [38;2;0;0;0m     [38;2;0;0;226m@  [38;2;249;249;249m@[38;2;252;252;252m@@@@@@@@@@@@@@@@@@@@[38;2;251;251;251m@  [38;2;0;0;227m@      [39m
 [38;2;0;0;0m     [38;2;0;0;226m@  [38;2;249;249;249m@[38;2;252;252;252m@@@@@@@@@@@@@@@@@@@@[38;2;251;251;251m@  [38;2;0;0;227m@      [39m
 [38;2;0;0;0m     [38;2;0;0;220m@  [38;2;245;245;245m@[38;2;252;252;252m@@@@@@@@@@@@@@@@@@@@[38;2;249;249;249m@  [38;2;0;0;223m@      [39m
 [38;2;0;0;0m     [38;2;1;1;212m`[38;2;0;0;224m@[38;2;0;0;213m,[38;2;160;160;160m~[38;2;186;186;186m@[38;2;250;250;250m@[38;2;252;252;252m@[38;2;251;251;251m@[38;2;219;219;219m@[38;2;203;203;203mF[38;2;173;173;173mF[38;2;184;184;184mA[38;2;241;241;241m@[38;2;252;252;252m@@[38;2;242;242;242m@[38;2;214;214;214mP[38;2;177;177;177mF[38;2;182;182;182mF[38;2;213;213;213m@[38;2;251;251;251m@[38;2;252;252;252m@[38;2;250;250;250m@[38;2;201;201;201m@[38;2;187;187;187m~[38;2;1;0;191m_[38;2;0;0;231ma[38;2;0;0;233m'      [39m
 [38;2;0;0;0m      [38;2;1;0;215m`[38;2;0;0;220m4[38;2;0;0;226mg[38;2;0;0;225m__[38;2;125;125;125m`[38;2;0;0;225m_[38;2;0;0;227m_[38;2;0;0;224ma[38;2;0;0;217m@[38;2;0;0;212my[38;2;0;0;225m_[38;2;114;114;114m``[38;2;0;0;225m_[38;2;0;0;213my[38;2;0;0;226ma[38;2;0;0;221mg[38;2;0;0;227m_[38;2;0;0;225m_[38;2;126;126;126m`[38;2;0;0;225m_[38;2;0;0;226m_g[38;2;0;0;224mP[38;2;0;0;231m'       [39m
 [38;2;0;0;0m         [38;2;1;0;217m~[38;2;0;0;226m~[38;2;0;0;227m~[38;2;0;0;226m~[38;2;0;0;224m~[38;2;3;2;192m` [38;2;0;0;227m`[38;2;0;0;226m~[38;2;0;0;227m~~[38;2;0;0;226m~[38;2;0;0;227m` [38;2;3;2;192m`[38;2;0;0;221m~[38;2;0;0;226m~[38;2;0;0;227m~[38;2;0;0;226m~[38;2;1;0;219m~          [39m
 [38;2;0;0;0m                                       [39m
[?25h