[?25l[39m [38;2;0;0;0m             [38;2;3;2;184m_[38;2;0;0;229m_[38;2;0;0;225m_[38;2;1;1;211my[38;2;0;0;217ma[38;2;0;0;225ma[38;2;0;0;224ma[38;2;0;0;222my[38;2;1;1;211my[38;2;0;0;225m_[38;2;0;0;228m_               [39m
 [38;2;0;0;0m          [38;2;0;0;225m_[38;2;1;0;214ma[38;2;0;0;219m#[38;2;0;0;210mF[38;2;0;0;226m~[38;2;0;0;219m~[38;2;215;215;215m_[38;2;245;245;245m_[38;2;147;147;147myy[38;2;245;245;245m_[38;2;215;215;215m_[38;2;0;0;219m~[38;2;0;0;226m~[38;2;0;0;227m~[38;2;0;0;215m@[38;2;0;0;218my[38;2;0;0;225m_           [39m
 [38;2;0;0;0m        [38;2;0;0;226m_[38;2;0;0;228ma[38;2;0;0;210mF[38;2;1;0;218m`[38;2;156;156;156my[38;2;219;219;219ma[38;2;231;231;231m$[38;2;251;251;251m@@[38;2;252;252;252m@@@@[38;2;251;251;251m@@[38;2;226;226;226m@[38;2;210;210;210mg[38;2;147;147;147my[38;2;1;0;218m`[38;2;0;0;225m~[38;2;0;0;219m@[38;2;0;0;226m_         [39m
 [38;2;0;0;0m       [38;2;0;0;222mg[38;2;0;0;225mF [38;2;193;193;193my[38;2;231;231;231m@[38;2;251;251;251m@[38;2;252;252;252m@@@@@@@@@@@@@[38;2;240;240;240m@[38;2;187;187;187my [38;2;0;0;218m?[38;2;0;0;222mg        [39m
 [38;2;0;0;0m      [38;2;0;0;228mg[38;2;0;0;205mF [38;2;229;229;229mg[38;2;251;251;251m@[38;2;252;252;252m@@@@@@@@@@@@@@@@[38;2;251;251;251m@[38;2;203;203;203m@ [38;2;0;0;213m~[38;2;0;0;226m$       [39m
 [38;2;0;0;0m     [38;2;0;0;211mj[38;2;0;0;227mF [38;2;211;211;211mg[38;2;251;251;251m@@[38;2;218;218;218mF[38;2;152;152;152mM[38;2;188;188;188m@[38;2;250;250;250m@[38;2;251;251;251m@[38;2;252;252;252m@@@@[38;2;229;229;229m@[38;2;175;175;175mFP[38;2;226;226;226m@[38;2;251;251;251m@[38;2;252;252;252m@@@[38;2;251;251;251m@[38;2;191;191;191m@ [38;2;0;0;217m?[38;2;0;0;220ml      [39m
 [38;2;0;0;0m     [38;2;0;0;219m@  [38;2;246;246;246m@[38;2;252;252;252m@[38;2;251;251;251m@[38;2;231;231;231mg[38;2;176;176;176my[38;2;132;132;132m_[38;2;82;82;82m`[38;2;216;216;216m~[38;2;169;169;169mP[38;2;242;242;242m@[38;2;252;252;252m@@[38;2;244;244;244m@[38;2;189;189;189mg[38;2;246;246;246m_ [38;2;107;107;107m~[38;2;245;245;245m~[38;2;173;173;173m@[38;2;251;251;251m@[38;2;252;252;252m@[38;2;250;250;250m@  [38;2;0;0;226m$      [39m
 [38;2;0;0;0m     [38;2;0;0;226m@  [38;2;249;249;249m@[38;2;252;252;252m@[38;2;251;251;251m@[38;2;213;213;213m@[38;2;202;202;202mF[38;2;193;193;193m~ [38;2;187;187;187m_[38;2;193;193;193my[38;2;223;223;223m@[38;2;252;252;252m@@[38;2;250;250;250m@[38;2;175;175;175m@[38;2;251;251;251m~[38;2;139;139;139m` [38;2;140;140;140my[38;2;195;195;195mg[38;2;251;251;251m@[38;2;252;252;252m@[38;2;251;251;251m@  [38;2;0;0;226m@      [39m
 [38;2;0;0;0m     [38;2;0;0;226m@  [38;2;249;249;249m@[38;2;252;252;252m@[38;2;251;251;251m@[38;2;192;192;192my[38;2;170;170;170my[38;2;217;217;217mg[38;2;230;230;230m@[38;2;251;251;251m@[38;2;252;252;252m@@@@[38;2;219;219;219m@[38;2;160;160;160my[38;2;196;196;196my[38;2;243;243;243mg[38;2;247;247;247m@[38;2;251;251;251m@[38;2;252;252;252m@@@[38;2;251;251;251m@  [38;2;0;0;226m@      [39m
 [38;2;0;0;0m     [38;2;0;0;226m@  [38;2;249;249;249m@[38;2;252;252;252m@@@@@@@@@@@@@@@@@@@@[38;2;251;251;251m@  [38;2;0;0;226m@      [39m
 [38;2;0;0;0m     [38;2;0;0;226m@  [38;2;249;249;249m@[38;2;252;252;252m@@@@@@@@@@@@@@@@@@@@[38;2;251;251;251m@  [38;2;0;0;226m@      [39m
 [38;2;0;0;0m     [38;2;0;0;226m@  [38;2;249;249;249m@[38;2;252;252;252m@@@@@@@@@@@@@@@@@@@@[38;2;251;251;251m@  [38;2;0;0;227m@      [39m
 [38;2;0;0;0m     [38;2;0;0;226m@  [38;2;249;249;249m@[38;2;252;252;252m@@@@@@@@@@@@@@@@@@@@[38;2;251;251;251m@  [38;2;0;0;227m@      [39m
 [38;2;0;0;0m     [38;2;0;0;225m@  [38;2;247;247;247m@[38;2;252;252;252m@@@@@@@@@@@@@@@@@@@@[38;2;250;250;250m@  [38;2;0;0;226m@      [39m
 [38;2;0;0;0m     [38;2;1;0;210m4[38;2;0;0;221m$[38;2;0;0;198m,[38;2;186;186;186m~[38;2;214;214;214m@[38;2;251;251;251m@[38;2;252;252;252m@[38;2;251;251;251m@[38;2;226;226;226m@[38;2;214;214;214mF[38;2;200;200;200mF[38;2;196;196;196m@[38;2;251;251;251m@[38;2;252;252;252m@[38;2;251;251;251m@[38;2;246;246;246m@[38;2;226;226;226mP[38;2;200;200;200mF[38;2;191;191;191mA[38;2;245;245;245m@[38;2;251;251;251m@[38;2;252;252;252m@[38;2;251;251;251m@[38;2;209;209;209m@[38;2;139;139;139mF [38;2;0;0;224mgF      [39m
 [38;2;0;0;0m      [38;2;0;0;217m?[38;2;0;0;227m@[38;2;0;0;218mg[38;2;0;0;226m_[38;2;135;135;135m`[38;2;214;214;214m`[38;2;140;140;140m`[38;2;0;0;226m_[38;2;0;0;220ma[38;2;0;0;225mg[38;2;0;0;226m_[38;2;0;0;229m_[38;2;214;214;214m`[38;2;202;202;202m`[38;2;0;0;228m_[38;2;0;0;208my[38;2;0;0;229mg[38;2;0;0;208my[38;2;0;0;228m_[38;2;200;200;200m`[38;2;214;214;214m`[38;2;0;0;228m_[38;2;0;0;226m_a[38;2;0;0;227m@[38;2;0;0;223mF       [39m
 [38;2;0;0;0m       [38;2;1;2;208m`[38;2;0;0;225m~[38;2;0;0;229m=[38;2;0;0;217mR[38;2;0;0;218m@R[38;2;0;0;231m=[38;2;0;0;227m~~[38;2;0;0;223m=[38;2;0;0;213mR[38;2;0;0;217m@[38;2;0;0;214m@[38;2;0;0;218mP[38;2;0;0;226m~[38;2;0;0;227m~[38;2;0;0;226m~[38;2;0;0;219m4[38;2;0;0;213m@[38;2;0;0;218m@[38;2;0;0;221mP[38;2;0;0;226m=[38;2;0;0;228m~[38;2;1;1;210m`        [39m
 [38;2;0;0;0m                                       [39m
 [38;2;0;0;0m                                       [39m
[?25h