[?25l[39m [38;2;0;0;0m                                       [39m
 [38;2;0;0;0m              [38;2;0;0;226m__[38;2;1;1;207my[38;2;0;0;219my[38;2;0;0;220ma[38;2;0;0;219ma[38;2;0;0;220my[38;2;1;1;207my[38;2;0;0;226m_[38;2;0;0;227m_               [39m
 [38;2;0;0;0m          [38;2;0;0;220m_[38;2;1;1;209ma[38;2;0;0;218m$[38;2;0;0;225mP[38;2;0;0;226m~[38;2;0;0;225m~[38;2;0;0;232m~[38;2;133;133;133m_[38;2;165;165;165m__[38;2;133;133;133m_[38;2;0;0;231m~[38;2;0;0;225m~[38;2;0;0;226m~[38;2;0;0;225m4[38;2;0;0;220m@[38;2;0;0;214my[38;2;0;0;220m_           [39m
 [38;2;0;0;0m        [38;2;0;0;224m_[38;2;0;0;229mg[38;2;0;0;224mP[38;2;0;0;225m~[38;2;182;182;182m_[38;2;199;199;199my[38;2;240;240;240mg[38;2;231;231;231m@[38;2;251;251;251m@[38;2;252;252;252m@[38;2;251;251;251m@@@@[38;2;235;235;235m@[38;2;240;240;240mg[38;2;198;198;198my[38;2;182;182;182m_[38;2;0;0;222m~[38;2;0;0;221m4$[38;2;0;0;224m_         [39m
 [38;2;0;0;0m       [38;2;1;0;219mg[38;2;0;0;228mP[38;2;0;1;208m'[38;2;147;147;147my[38;2;245;245;245mg[38;2;251;251;251m@[38;2;252;252;252m@@@@@@@@@@@@[38;2;251;251;251m@[38;2;218;218;218m$[38;2;132;132;132my[38;2;2;1;204m`[38;2;0;0;227m4[38;2;0;0;220mg        [39m
 [38;2;0;0;0m      [38;2;0;0;225mg[38;2;0;0;223mF [38;2;202;202;202mg[38;2;251;251;251m@[38;2;252;252;252m@@@@@@@@@@@@@@@@[38;2;251;251;251m@[38;2;169;169;169m@ [38;2;0;0;213m?[38;2;0;0;224m$       [39m
 [38;2;0;0;0m     [38;2;0;0;209mj[38;2;0;0;230mF [38;2;189;189;189mg[38;2;251;251;251m@[38;2;252;252;252m@[38;2;251;251;251m@[38;2;241;241;241m@[38;2;196;196;196m@[38;2;207;207;207mR[38;2;198;198;198m@[38;2;247;247;247m@[38;2;251;251;251m@[38;2;252;252;252m@@@[38;2;250;250;250m@[38;2;212;212;212m@[38;2;208;208;208mR[38;2;213;213;213mR[38;2;229;229;229m@[38;2;251;251;251m@[38;2;252;252;252m@[38;2;251;251;251m@[38;2;169;169;169m$ [38;2;0;0;219m4[38;2;0;0;222mi      [39m
 [38;2;0;0;0m     [38;2;0;0;218m@[38;2;0;0;181m[ [38;2;242;242;242m@[38;2;252;252;252m@[38;2;242;242;242m@[38;2;198;198;198m~[38;2;176;176;176my[38;2;242;242;242m=[38;2;194;194;194m#[38;2;235;235;235m=[38;2;143;143;143my[38;2;163;163;163m7[38;2;250;250;250m@[38;2;251;251;251m@[38;2;222;222;222mF[38;2;131;131;131my[38;2;227;227;227m=[38;2;241;241;241m=[38;2;246;246;246m=[38;2;131;131;131ma[38;2;130;130;130m~[38;2;217;217;217m@[38;2;252;252;252m@[38;2;248;248;248m@  [38;2;0;0;225m$      [39m
 [38;2;0;0;0m     [38;2;0;0;226m@  [38;2;249;249;249m@[38;2;251;251;251m@[38;2;166;166;166m$[38;2;93;93;93m4[38;2;137;137;137mF [38;2;178;178;178m$ [38;2;188;188;188m$ [38;2;223;223;223m@[38;2;236;236;236m@ [38;2;199;199;199m$ [38;2;209;209;209ma [38;2;130;130;130m4[38;2;99;99;99mF[38;2;170;170;170mg[38;2;252;252;252m@[38;2;251;251;251m@  [38;2;0;0;226m@      [39m
 [38;2;0;0;0m     [38;2;0;0;226m@  [38;2;249;249;249m@[38;2;252;252;252m@[38;2;239;239;239m@[38;2;206;206;206m_[38;2;163;163;163m?[38;2;183;183;183m*[38;2;207;207;207ma[38;2;204;204;204ma[38;2;225;225;225my[38;2;250;250;250mg[38;2;251;251;251m@@[38;2;196;196;196my[38;2;154;154;154m~[38;2;213;213;213m=[38;2;165;165;165ma[38;2;228;228;228ma[38;2;218;218;218my[38;2;234;234;234mg[38;2;251;251;251m@[38;2;252;252;252m@[38;2;251;251;251m@  [38;2;0;0;226m@      [39m
 [38;2;0;0;0m     [38;2;0;0;226m@  [38;2;249;249;249m@[38;2;252;252;252m@@[38;2;251;251;251m@[38;2;233;233;233m@[38;2;244;244;244mg[38;2;231;231;231mg[38;2;243;243;243mg[38;2;251;251;251m@[38;2;252;252;252m@@@@[38;2;248;248;248m@[38;2;250;250;250mg[38;2;233;233;233mg[38;2;234;234;234mg[38;2;237;237;237m@[38;2;252;252;252m@@@[38;2;251;251;251m@  [38;2;0;0;226m@      [39m
 [38;2;0;0;0m     [38;2;0;0;226m@  [38;2;249;249;249m@[38;2;252;252;252m@@@@@@@@@@@@@@@@@@@@[38;2;251;251;251m@  [38;2;0;0;227m@      [39m
 [38;2;0;0;0m     [38;2;0;0;226m@  [38;2;249;249;249m@[38;2;252;252;252m@@@@@@@@@@@@@@@@@@@@[38;2;251;251;251m@  [38;2;0;0;227m@      [39m
 [38;2;0;0;0m     [38;2;0;0;226m@  [38;2;249;249;249m@[38;2;252;252;252m@@@@@@@@@@@@@@@@@@@@[38;2;251;251;251m@  [38;2;0;0;226m@      [39m
 [38;2;0;0;0m     [38;2;0;0;211m9[38;2;0;0;208mL [38;2;201;201;201m$[38;2;251;251;251m@[38;2;252;252;252m@@@@[38;2;251;251;251m@@[38;2;252;252;252m@@@@@@[38;2;251;251;251m@@[38;2;252;252;252m@@@@[38;2;251;251;251m@[38;2;218;218;218m@ [38;2;0;0;209mj[38;2;1;0;213m$      [39m
 [38;2;0;0;0m      [38;2;0;0;228m4[38;2;0;0;215my[38;2;0;0;193m_[38;2;228;228;228m~[38;2;186;186;186mP[38;2;193;193;193mR[38;2;205;205;205mP[38;2;171;171;171mF[38;2;135;135;135m~[38;2;139;139;139m`[38;2;188;188;188m~[38;2;178;178;178mF[38;2;187;187;187mR[38;2;214;214;214mP[38;2;200;200;200mF[38;2;208;208;208m~[38;2;134;134;134m`[38;2;113;113;113m~[38;2;245;245;245m~[38;2;197;197;197mP[38;2;195;195;195mR[38;2;197;197;197mP[38;2;242;242;242m~ [38;2;0;0;213my[38;2;0;0;231mP[38;2;0;0;199m'      [39m
 [38;2;0;0;0m       [38;2;0;0;220m~[38;2;0;0;221m=[38;2;0;0;216m@[38;2;0;0;228ma[38;2;0;0;229mg[38;2;0;0;227mg[38;2;0;0;226ma[38;2;0;0;220mP[38;2;0;0;226m~[38;2;0;0;216mR[38;2;0;0;227ma[38;2;0;0;229mg[38;2;0;0;228mga[38;2;0;0;224mP[38;2;0;0;227m~[38;2;0;0;220m4[38;2;0;0;226ma[38;2;0;0;227mg[38;2;0;0;229mg[38;2;0;0;226mg[38;2;0;0;222ms[38;2;1;0;211mP[38;2;0;0;220m~        [39m
 [38;2;0;0;0m                                       [39m
 [38;2;0;0;0m                                       [39m
[?25h