[?25l[39m [38;2;0;0;0m                                       [39m
 [38;2;0;0;0m              [38;2;0;0;226m___[38;2;1;1;198my[38;2;1;1;203my[38;2;1;1;202my[38;2;0;0;227m_[38;2;0;0;226m_[38;2;0;0;227m_[38;2;3;2;185m_               [39m
 [38;2;0;0;0m          [38;2;0;0;224m_[38;2;0;0;211my[38;2;0;0;226ma[38;2;0;0;221mP[38;2;0;0;226m~~[38;2;0;0;232m~[38;2;137;137;137m_[38;2;156;156;156m_[38;2;145;145;145m_[38;2;100;100;100m_[38;2;0;0;230m~[38;2;0;0;226m~[38;2;0;0;225m=[38;2;0;0;218m@[38;2;0;0;221mg[38;2;0;0;231m_            [39m
 [38;2;0;0;0m        [38;2;0;0;229m_[38;2;0;0;226ma[38;2;0;0;209mF[38;2;0;0;206m~[38;2;141;141;141my[38;2;192;192;192mg[38;2;249;249;249mg[38;2;239;239;239m@[38;2;252;252;252m@[38;2;251;251;251m@@@[38;2;252;252;252m@[38;2;248;248;248m@[38;2;220;220;220m@[38;2;214;214;214mg[38;2;159;159;159my[38;2;0;0;209m`[38;2;0;0;225m~[38;2;0;0;217m@[38;2;1;1;210my          [39m
 [38;2;0;0;0m       [38;2;0;0;230ma[38;2;0;0;213mF [38;2;205;205;205my[38;2;234;234;234m@[38;2;251;251;251m@[38;2;252;252;252m@@@@@@@@@@@@[38;2;249;249;249m@[38;2;191;191;191mg[38;2;83;83;83m_[38;2;0;0;223m~[38;2;0;0;224m@[38;2;0;1;204m_        [39m
 [38;2;0;0;0m      [38;2;0;0;227m@[38;2;1;1;207m'[38;2;101;101;101my[38;2;220;220;220m@[38;2;252;252;252m@@@@@@@@@@@@@@@@@[38;2;242;242;242m@[38;2;114;114;114my [38;2;0;0;221m@[38;2;0;0;233m,       [39m
 [38;2;0;0;0m     [38;2;0;0;222m@[38;2;1;1;202m' [38;2;232;232;232m@[38;2;252;252;252m@[38;2;251;251;251m@[38;2;224;224;224mP[38;2;185;185;185mM[38;2;222;222;222m@[38;2;251;251;251m@[38;2;252;252;252m@@@@@@@@@@@@@[38;2;247;247;247m@[38;2;89;89;89m, [38;2;0;0;232m$       [39m
 [38;2;0;0;0m     [38;2;0;0;229m@ [38;2;152;152;152ma[38;2;251;251;251m@[38;2;252;252;252m@@[38;2;198;198;198mg[38;2;137;137;137my [38;2;177;177;177m`[38;2;247;247;247m~[38;2;195;195;195mA[38;2;249;249;249m@[38;2;252;252;252m@[38;2;250;250;250m@[38;2;205;205;205mR[38;2;220;220;220mPPPPP[38;2;177;177;177m@[38;2;250;250;250m@[38;2;251;251;251m@[38;2;176;176;176m$ [38;2;0;0;219mB[38;2;1;0;200mi      [39m
 [38;2;0;0;0m    [38;2;3;2;167mJ[38;2;0;0;221m@ [38;2;151;151;151m$[38;2;252;252;252m@@[38;2;251;251;251m@[38;2;239;239;239m@[38;2;210;210;210mP[38;2;150;150;150mT [38;2;77;77;77m_[38;2;161;161;161my[38;2;210;210;210m@[38;2;252;252;252m@[38;2;229;229;229m@[38;2;172;172;172my[38;2;160;160;160myyyyy[38;2;177;177;177my[38;2;219;219;219m@[38;2;252;252;252m@[38;2;207;207;207m$ [38;2;0;0;215m4[38;2;1;1;212m[      [39m
 [38;2;0;0;0m    [38;2;3;2;161mJ[38;2;0;0;224m@ [38;2;190;190;190m4[38;2;252;252;252m@@[38;2;251;251;251m@[38;2;160;160;160my[38;2;252;252;252m_[38;2;205;205;205my[38;2;250;250;250mg[38;2;251;251;251m@[38;2;252;252;252m@@@@@@@@@@@@@[38;2;201;201;201m@ [38;2;0;0;213m4[38;2;1;1;215m[      [39m
 [38;2;0;0;0m     [38;2;0;0;228m@ [38;2;178;178;179m4[38;2;251;251;251m@[38;2;252;252;252m@@@@@@@@@@@@@@@@@@@@[38;2;212;212;212m@ [38;2;0;0;207m4[38;2;1;1;218m[      [39m
 [38;2;0;0;0m     [38;2;0;0;233m@ [38;2;164;164;164m4[38;2;251;251;251m@[38;2;252;252;252m@@@@@@@@@@@@@@@@@@@@[38;2;227;227;227m@ [38;2;1;0;200m4[38;2;0;0;223m[      [39m
 [38;2;0;0;0m     [38;2;0;0;236m@ [38;2;144;144;144m4[38;2;251;251;251m@[38;2;252;252;252m@@@@@@@@@@@@@@@@@@@@[38;2;237;237;237m@ [38;2;0;0;192mJ[38;2;1;1;205m$      [39m
 [38;2;0;0;0m     [38;2;0;0;237m@ [38;2;123;123;123m4[38;2;252;252;252m@@@@@@@@@@@@@@@@@@@@@[38;2;240;240;240m@ [38;2;0;0;181mJ[38;2;0;0;213m$      [39m
 [38;2;0;0;0m     [38;2;0;0;229m@[38;2;0;0;205m,[38;2;72;72;72m"[38;2;247;247;247m@[38;2;252;252;252m@@@@@@@@@@@@@@@@@@@@[38;2;233;233;233m@ [38;2;1;0;199mj[38;2;0;0;211m$      [39m
 [38;2;0;0;0m     [38;2;1;0;213m`[38;2;0;0;223m@[38;2;0;0;218m_[38;2;142;142;142m~[38;2;173;173;173mF[38;2;212;212;212m@[38;2;246;246;246m@[38;2;245;245;245m@[38;2;211;211;211m@[38;2;197;197;197mF[38;2;247;247;247m~[38;2;251;251;251m~[38;2;174;174;174m@[38;2;237;237;237m@[38;2;248;248;248m@[38;2;231;231;231m@[38;2;210;210;210mP[38;2;250;250;250m~[38;2;248;248;248m~[38;2;175;175;175mP[38;2;222;222;222m@[38;2;246;246;246m@[38;2;230;230;230m@[38;2;225;225;225mF[38;2;152;152;152m`[38;2;0;0;226m_$[38;2;0;0;221m'      [39m
 [38;2;0;0;0m      [38;2;2;2;203m`[38;2;0;0;225m~[38;2;0;0;216m@[38;2;0;0;226mg_[38;2;0;0;227m__[38;2;0;0;226m_g[38;2;0;0;217m@[38;2;0;0;227ma[38;2;0;0;211my[38;2;0;0;227m___[38;2;0;0;216ma[38;2;0;0;223ma[38;2;0;0;218m@[38;2;0;0;219mg[38;2;0;0;227m___[38;2;0;0;216ma[38;2;0;0;225ms[38;2;1;1;208mF[38;2;2;0;199m'       [39m
 [38;2;0;0;0m          [38;2;2;1;209m~[38;2;0;0;225m~~[38;2;1;1;211m~   [38;2;0;0;226m`[38;2;0;0;222m~[38;2;0;0;225m~[38;2;0;0;220m~[38;2;1;0;216m`  [38;2;3;2;194m`[38;2;1;1;214m~[38;2;0;0;225m~[38;2;1;0;223m~[38;2;1;0;218m`          [39m
 [38;2;0;0;0m                                       [39m
[?25h