[?25l[39m [38;2;0;0;0m                                       [39m
 [38;2;0;0;0m                                       [39m
 [38;2;0;0;0m                                       [39m
 [38;2;0;0;0m              [38;2;2;1;203m_[38;2;0;0;227m_[38;2;0;0;226m_[38;2;0;0;225m_[38;2;1;1;199myy[38;2;0;0;224m_[38;2;0;0;226m_[38;2;0;0;228m_[38;2;2;1;205m_               [39m
 [38;2;0;0;0m           [38;2;0;0;224m_[38;2;0;0;226mg[38;2;0;0;225mP[38;2;0;0;227m~[38;2;0;0;225m~[38;2;0;0;232m~[38;2;96;96;96m_[38;2;154;154;154m_[38;2;153;153;153m_[38;2;96;96;96m_[38;2;0;0;230m~[38;2;0;0;226m~~4[38;2;0;0;225mg[38;2;0;0;224m_[38;2;2;2;189m,           [39m
 [38;2;0;0;0m        [38;2;0;1;202m_[38;2;0;0;225ma[38;2;0;0;226mP[38;2;0;0;227m~[38;2;176;176;176m_[38;2;197;197;197my[38;2;239;239;239mg[38;2;227;227;227m@[38;2;252;252;252m@@[38;2;251;251;251m@@[38;2;252;252;252m@@[38;2;232;232;232m@[38;2;239;239;239mg[38;2;197;197;197my[38;2;176;176;176m_[38;2;0;0;222m~[38;2;0;0;225m4[38;2;0;0;221mg[38;2;2;0;201m_         [39m
 [38;2;0;0;0m       [38;2;0;0;211my[38;2;0;0;229mP[38;2;0;1;209m'[38;2;144;144;145my[38;2;243;243;243mg[38;2;251;251;251m@[38;2;252;252;252m@@@@@@@@@@@@[38;2;251;251;251m@[38;2;205;205;205m@[38;2;129;129;129my[38;2;0;1;206m`[38;2;0;0;228m4[38;2;0;0;212my        [39m
 [38;2;0;0;0m      [38;2;1;0;216mg[38;2;0;0;225mF [38;2;200;200;200mg[38;2;251;251;251m@[38;2;252;252;252m@@@@@@@@@@@@@@@@[38;2;251;251;251m@[38;2;197;197;197mg [38;2;0;0;228m~[38;2;0;0;213m$       [39m
 [38;2;0;0;0m     [38;2;1;1;197mj[38;2;0;0;232mF [38;2;188;188;188mg[38;2;251;251;251m@[38;2;252;252;252m@@@@@@@@@@@@@@@@@@[38;2;251;251;251m@[38;2;167;167;167m$ [38;2;0;0;221m4[38;2;0;0;213mi      [39m
 [38;2;0;0;0m     [38;2;0;0;223mg[38;2;0;0;181m[ [38;2;241;241;241m@[38;2;252;252;252m@@@@@@@@@@@@@@@@@@@@[38;2;248;248;248m@  [38;2;0;0;224m$      [39m
 [38;2;0;0;0m     [38;2;0;0;224m@  [38;2;250;250;250m@[38;2;252;252;252m@@@@@@@@@@@@@@@@@@@@[38;2;251;251;251m@  [38;2;0;0;226m@      [39m
 [38;2;0;0;0m     [38;2;0;0;224m@  [38;2;250;250;250m@[38;2;252;252;252m@@@@@@@@@@@@@@@@@@@@[38;2;251;251;251m@  [38;2;0;0;226m@      [39m
 [38;2;0;0;0m     [38;2;0;0;224m@  [38;2;250;250;250m@[38;2;252;252;252m@@@@@@@@@@@@@@@@@@@@[38;2;251;251;251m@  [38;2;0;0;226m@      [39m
 [38;2;0;0;0m     [38;2;0;0;224m@  [38;2;250;250;250m@[38;2;252;252;252m@@@@@@@@@@@@@@@@@@@@[38;2;251;251;251m@  [38;2;0;0;226m@      [39m
 [38;2;0;0;0m     [38;2;0;0;218m@[38;2;1;0;217m, [38;2;232;232;232m@[38;2;252;252;252m@@@@@@@@@@@@@@@@@@@@[38;2;241;241;241m@ [38;2;0;0;183mj[38;2;0;0;221m@      [39m
 [38;2;0;0;0m     [38;2;0;0;212m`[38;2;0;0;228m@[38;2;0;0;231m_[38;2;148;148;148m`[38;2;159;159;159m5[38;2;208;208;208m@[38;2;232;232;232m@[38;2;222;222;222m@[38;2;209;209;209mP[38;2;243;243;243m~[38;2;227;227;227m~[38;2;249;249;249m~[38;2;180;180;180m@[38;2;229;229;229m@[38;2;230;230;230m@[38;2;188;188;188m@[38;2;178;178;178mF[38;2;228;228;228m~[38;2;240;240;240m~[38;2;176;176;176mA[38;2;218;218;218m@[38;2;231;231;231m@[38;2;212;212;212m@[38;2;214;214;214mF[38;2;150;150;150m`[38;2;0;0;229m_[38;2;0;0;225m@[38;2;0;0;233m'      [39m
 [38;2;0;0;0m      [38;2;1;0;215m`[38;2;0;0;218m4[38;2;0;0;226m@g[38;2;0;0;204my[38;2;0;0;227m__[38;2;0;0;222ma[38;2;0;0;226mg[38;2;0;0;227m@g[38;2;0;0;215my[38;2;0;0;227m__[38;2;0;0;214my[38;2;0;0;227mg[38;2;0;0;228m@[38;2;0;0;220m@[38;2;0;0;219mg[38;2;0;0;197my[38;2;0;0;227m_[38;2;0;0;203my[38;2;0;0;225mg[38;2;0;0;224m@[38;2;0;0;221mP[38;2;0;0;231m'       [39m
 [38;2;0;0;0m         [38;2;1;1;216m~[38;2;0;0;226m~[38;2;0;0;227m~~[38;2;0;0;224m~  [38;2;0;0;225m`~[38;2;0;0;227m~~[38;2;0;0;226m~[38;2;0;0;227m`  [38;2;0;0;220m~[38;2;0;0;227m~[38;2;0;0;228m~[38;2;0;0;226m~[38;2;0;0;217m~          [39m
 [38;2;0;0;0m                                       [39m
[?25h