[?25l[39m [38;2;0;0;0m                                       [39m
 [38;2;0;0;0m              [38;2;0;0;227m_[38;2;0;0;226m_[38;2;0;0;227m_[38;2;1;1;207my[38;2;1;0;213my[38;2;0;0;214my[38;2;1;1;207my[38;2;0;0;227m_[38;2;0;0;226m_[38;2;0;0;227m_               [39m
 [38;2;0;0;0m          [38;2;0;1;203m_[38;2;1;1;203my[38;2;0;0;227mg[38;2;0;0;226mP~[38;2;0;0;225m~[38;2;0;0;231m~[38;2;121;121;121m_[38;2;150;150;150m__[38;2;121;121;121m_[38;2;0;0;231m~[38;2;0;0;225m~[38;2;0;0;226m~4g[38;2;1;1;203my[38;2;1;1;204m_           [39m
 [38;2;0;0;0m        [38;2;0;0;215m_[38;2;0;0;226mg[38;2;0;0;225mP[38;2;0;0;226m~[38;2;170;170;170m_[38;2;195;195;195my[38;2;237;237;237mg[38;2;228;228;228m@[38;2;251;251;251m@[38;2;252;252;252m@[38;2;251;251;251m@@[38;2;252;252;252m@@[38;2;232;232;232m@[38;2;237;237;237mg[38;2;194;194;194my[38;2;171;171;171m_[38;2;0;0;222m~[38;2;0;0;224m4[38;2;0;0;226mg[38;2;0;0;215m_         [39m
 [38;2;0;0;0m       [38;2;1;0;211mg[38;2;0;0;229mP[38;2;1;1;211m'[38;2;140;140;140my[38;2;244;244;244mg[38;2;251;251;251m@[38;2;252;252;252m@@@@@@@@@@@@[38;2;251;251;251m@[38;2;216;216;216m$[38;2;124;124;125my[38;2;1;1;207m`[38;2;0;0;228m4[38;2;0;0;213mg        [39m
 [38;2;0;0;0m      [38;2;0;0;221mg[38;2;0;0;224mF [38;2;199;199;199mg[38;2;251;251;251m@[38;2;252;252;252m@@@@@@@@@@@@@@@@[38;2;251;251;251m@[38;2;165;165;165m@ [38;2;0;0;214m?[38;2;0;0;220m$       [39m
 [38;2;0;0;0m     [38;2;1;0;205mj[38;2;0;0;231mF [38;2;186;186;186mg[38;2;251;251;251m@[38;2;252;252;252m@[38;2;251;251;251m@[38;2;238;238;238m@[38;2;192;192;192m@[38;2;205;205;205mR[38;2;194;194;194m@[38;2;244;244;244m@[38;2;251;251;251m@[38;2;252;252;252m@@@[38;2;250;250;250m@[38;2;207;207;207m@[38;2;206;206;206mR[38;2;210;210;210mR[38;2;225;225;225m@[38;2;251;251;251m@[38;2;252;252;252m@[38;2;251;251;251m@[38;2;165;165;165m$ [38;2;0;0;220m4[38;2;0;0;219mi      [39m
 [38;2;0;0;0m     [38;2;0;0;217m@[38;2;1;1;191m' [38;2;241;241;241m@[38;2;252;252;252m@[38;2;240;240;240m@[38;2;186;186;186m~[38;2;155;155;155ma[38;2;227;227;227m=[38;2;207;207;207m4[38;2;220;220;220m=[38;2;152;152;152my[38;2;209;209;209m~[38;2;249;249;249m@[38;2;251;251;251m@[38;2;212;212;212mF[38;2;145;145;145my[38;2;232;232;232m=[38;2;223;223;223m=[38;2;236;236;236m=[38;2;135;135;135ma[38;2;109;109;109m~[38;2;210;210;210m@[38;2;252;252;252m@[38;2;248;248;248m@  [38;2;0;0;225m$      [39m
 [38;2;0;0;0m     [38;2;0;0;226m@  [38;2;249;249;249m@[38;2;251;251;251m@[38;2;167;167;167m$[38;2;94;94;94m4[38;2;117;117;117mE [38;2;161;161;161m@ [38;2;176;176;176m0 [38;2;226;226;226m@[38;2;237;237;237m@ [38;2;200;200;200m$ [38;2;190;190;190ma [38;2;125;125;125m4[38;2;94;94;94mF[38;2;180;180;180mg[38;2;251;251;251m@@  [38;2;0;0;226m@      [39m
 [38;2;0;0;0m     [38;2;0;0;226m@  [38;2;249;249;249m@[38;2;252;252;252m@[38;2;246;246;246m@[38;2;156;156;156my[38;2;154;154;154m?[38;2;231;231;231m=[38;2;243;243;243m*[38;2;208;208;208mm[38;2;239;239;239mg[38;2;226;226;226m@[38;2;251;251;251m@@[38;2;187;187;187mg[38;2;132;132;132m~[38;2;204;204;204m=[38;2;225;225;225m=[38;2;252;252;252m=[38;2;226;226;226mg[38;2;251;251;251mg@[38;2;252;252;252m@[38;2;251;251;251m@  [38;2;0;0;226m@      [39m
 [38;2;0;0;0m     [38;2;0;0;226m@  [38;2;249;249;249m@[38;2;252;252;252m@@@[38;2;250;250;250m@[38;2;224;224;224m@[38;2;208;208;208m@[38;2;220;220;220m@[38;2;251;251;251m@[38;2;252;252;252m@@@@[38;2;251;251;251m@[38;2;233;233;233m@[38;2;211;211;211m@@[38;2;247;247;247m@[38;2;252;252;252m@@@[38;2;251;251;251m@  [38;2;0;0;226m@      [39m
 [38;2;0;0;0m     [38;2;0;0;226m@  [38;2;249;249;249m@[38;2;252;252;252m@@@@@@@@@@@@@@@@@@@@[38;2;251;251;251m@  [38;2;0;0;227m@      [39m
 [38;2;0;0;0m     [38;2;0;0;226m@  [38;2;249;249;249m@[38;2;252;252;252m@@@@@@@@@@@@@@@@@@@@[38;2;251;251;251m@  [38;2;0;0;227m@      [39m
 [38;2;0;0;0m     [38;2;0;0;226m@  [38;2;249;249;249m@[38;2;252;252;252m@@@@@@@@@@@@@@@@@@@@[38;2;251;251;251m@  [38;2;0;0;226m@      [39m
 [38;2;0;0;0m     [38;2;0;0;209m@[38;2;0;1;219m, [38;2;222;222;222m@[38;2;252;252;252m@@@@@@@@@@@@@@@@@@@@[38;2;237;237;237m@ [38;2;0;0;190mj[38;2;0;0;219m$      [39m
 [38;2;0;0;0m     [38;2;2;2;197m`[38;2;0;0;222m@[38;2;0;0;229m_[38;2;90;90;90m`[38;2;138;138;138m5[38;2;183;183;183m@[38;2;218;218;218m@[38;2;200;200;200m@[38;2;214;214;214mF[38;2;231;231;231m~[38;2;196;196;196m~[38;2;243;243;243m~[38;2;187;187;187mR[38;2;212;212;212m@[38;2;214;214;214m@[38;2;170;170;170m@[38;2;246;246;246m~[38;2;196;196;196m~[38;2;222;222;222m~[38;2;169;169;169mP[38;2;197;197;197m@[38;2;219;219;219m@[38;2;191;191;191m@[38;2;198;198;198mF[38;2;103;103;103m`[38;2;0;0;229m_[38;2;0;0;222m@'      [39m
 [38;2;0;0;0m       [38;2;0;0;229m~[38;2;0;0;228m4[38;2;0;0;227ma[38;2;0;0;217my[38;2;0;0;204my[38;2;0;0;213my[38;2;0;0;226mg[38;2;0;0;212m@[38;2;0;0;229m=[38;2;0;0;227ma[38;2;0;0;219mg[38;2;0;0;206my[38;2;0;0;207my[38;2;0;0;222ma[38;2;0;0;227ma[38;2;0;0;229m=[38;2;0;0;213m@[38;2;0;0;226mg[38;2;0;0;212my[38;2;0;0;203my[38;2;0;0;217my[38;2;0;0;225mg[38;2;0;0;226mP[38;2;0;0;229m~        [39m
 [38;2;0;0;0m          [38;2;1;1;219m`[38;2;0;0;227m`[38;2;0;1;221m`    [38;2;4;1;191m`[38;2;0;0;228m`[38;2;0;0;225m`[38;2;2;2;193m`    [38;2;1;0;221m`[38;2;0;0;227m`[38;2;1;1;220m`           [39m
 [38;2;0;0;0m                                       [39m
[?25h