[?25l[39m [38;2;0;0;0m                                       [39m
 [38;2;0;0;0m            [38;2;0;0;221m_[38;2;0;0;226m_[38;2;0;0;216ma[38;2;0;0;227mg[38;2;0;0;226mg[38;2;0;0;223m@[38;2;0;0;226m@@[38;2;0;0;223m@[38;2;0;0;217m@[38;2;0;0;227mg[38;2;0;0;219my[38;2;0;0;225m_[38;2;0;0;212m_             [39m
 [38;2;0;0;0m         [38;2;1;1;203m_[38;2;1;0;210ma[38;2;0;0;222m@[38;2;0;0;219m@[38;2;0;0;227m~[38;2;0;0;226m~[38;2;0;0;225m~[38;2;197;197;197m_[38;2;253;253;253m_[38;2;142;142;142my[38;2;140;140;140my[38;2;252;252;252m_[38;2;182;182;182m_[38;2;0;0;225m~~[38;2;0;0;222m=@@[38;2;0;0;210my[38;2;1;1;207m,          [39m
 [38;2;0;0;0m        [38;2;0;0;221ma[38;2;0;0;226m@[38;2;0;0;227m~[38;2;0;0;214m`[38;2;163;163;163my[38;2;220;220;220mg[38;2;225;225;225m@[38;2;252;252;252m@[38;2;251;251;251m@[38;2;252;252;252m@@@@[38;2;251;251;251m@@[38;2;226;226;226m@[38;2;208;208;208mg[38;2;134;134;134my[38;2;0;0;223m`[38;2;0;0;211m?[38;2;0;0;228m@[38;2;0;0;218my         [39m
 [38;2;0;0;0m      [38;2;1;0;201m_[38;2;0;0;226m@[38;2;0;0;222mF [38;2;201;201;201my[38;2;236;236;236m@[38;2;252;252;252m@@@@@@@@@@@@@[38;2;251;251;251m@[38;2;234;234;234m@[38;2;171;171;171my [38;2;0;0;200mN[38;2;0;0;228m$[38;2;0;0;226m,       [39m
 [38;2;0;0;0m      [38;2;0;0;231m@[38;2;0;0;210m~ [38;2;237;237;237mg[38;2;251;251;251m@[38;2;252;252;252m@@@@@@@@@@@@@@@@[38;2;251;251;251m@[38;2;196;196;196m$ [38;2;0;0;221m~[38;2;0;0;227m@       [39m
 [38;2;0;0;0m     [38;2;0;0;215mg[38;2;0;0;219mF [38;2;120;120;120mf[38;2;189;189;189m@[38;2;251;251;251m@[38;2;252;252;252m@@@@@@@@@@@@@@@@@[38;2;251;251;251m@[38;2;168;168;168m@ [38;2;0;0;211m5[38;2;0;0;222m[      [39m
 [38;2;0;0;0m     [38;2;0;0;230m@  [38;2;175;175;175my[38;2;126;126;126m_ [38;2;219;219;219m~[38;2;171;171;171m5[38;2;249;249;249m@[38;2;251;251;251m@[38;2;216;216;216m@[38;2;196;196;196mF[38;2;191;191;191mFFFFF[38;2;172;172;172mA[38;2;250;250;250m@[38;2;252;252;252m@@@@@[38;2;245;245;245m@  [38;2;0;0;221m$      [39m
 [38;2;0;0;0m     [38;2;0;0;232m@  [38;2;160;160;160mF[38;2;114;114;114m~ [38;2;144;144;144my[38;2;194;194;194mg[38;2;247;247;247m@[38;2;252;252;252m@[38;2;218;218;218m@[38;2;212;212;212my[38;2;208;208;208myyyyy[38;2;206;206;206mg[38;2;250;250;250m@[38;2;252;252;252m@@@@@[38;2;250;250;250m@  [38;2;0;0;223m$      [39m
 [38;2;0;0;0m     [38;2;0;0;232m@  [38;2;195;195;195my[38;2;247;247;247mg[38;2;249;249;249m@[38;2;252;252;252m@@@@@@@@@@@@@@@@@@[38;2;250;250;250m@  [38;2;0;0;223m$      [39m
 [38;2;0;0;0m     [38;2;0;0;232m@ [38;2;68;68;68m4[38;2;250;250;250m@[38;2;252;252;252m@@@@@@@@@@@@@@@@@@@@[38;2;251;251;251m@  [38;2;0;0;224m$      [39m
 [38;2;0;0;0m     [38;2;0;0;232m@ [38;2;64;64;64m4[38;2;250;250;250m@[38;2;252;252;252m@@@@@@@@@@@@@@@@@@@@[38;2;251;251;251m@  [38;2;0;0;225m$      [39m
 [38;2;0;0;0m     [38;2;0;0;230m@  [38;2;249;249;249m@[38;2;252;252;252m@@@@@@@@@@@@@@@@@@@@@  [38;2;0;0;226m$      [39m
 [38;2;0;0;0m     [38;2;0;0;228m@  [38;2;249;249;249m@[38;2;252;252;252m@@@@@@@@@@@@@@@@@@@@[38;2;251;251;251m@  [38;2;0;0;225m$      [39m
 [38;2;0;0;0m     [38;2;1;1;202m7[38;2;0;0;219mg [38;2;176;176;176m7[38;2;223;223;223mP[38;2;184;184;184m@[38;2;250;250;250m@[38;2;251;251;251m@[38;2;252;252;252m@[38;2;251;251;251m@[38;2;245;245;245m@[38;2;178;178;178m@[38;2;202;202;202mA[38;2;235;235;235m@[38;2;251;251;251m@[38;2;252;252;252m@@[38;2;251;251;251m@[38;2;204;204;204m@[38;2;220;220;220mP[38;2;200;200;200m@[38;2;251;251;251m@@[38;2;245;245;245m@[38;2;187;187;187mF [38;2;0;0;221mg[38;2;0;0;210mF      [39m
 [38;2;0;0;0m      [38;2;0;0;222m~[38;2;0;0;219m@[38;2;0;0;213my[38;2;0;0;219ma[38;2;0;0;225m__[38;2;187;187;187m~[38;2;226;226;226m~[38;2;172;172;172m~[38;2;0;0;227m_[38;2;0;0;208my[38;2;0;0;217my[38;2;0;0;228m_[38;2;130;130;130m~[38;2;223;223;223m~[38;2;214;214;214m~[38;2;140;140;140m`[38;2;0;0;226m_[38;2;0;0;223ma[38;2;0;0;227m_[38;2;141;141;141m`[38;2;160;160;160m~[38;2;0;0;227m_[38;2;0;0;210my[38;2;0;0;216m@[38;2;0;0;221m~       [39m
 [38;2;0;0;0m        [38;2;1;1;216m~[38;2;0;0;219m`[38;2;0;0;222m~[38;2;0;0;226m~~[38;2;0;0;225m=[38;2;0;0;227m~[38;2;0;0;225m~[38;2;2;1;207m~[38;2;0;0;223m`[38;2;0;0;226m~~[38;2;0;0;224m=[38;2;0;0;221m=[38;2;0;0;226m~[38;2;0;0;229m~[38;2;0;0;221m`[38;2;0;0;227m~[38;2;0;0;226m~[38;2;0;0;227m~[38;2;0;0;225m~[38;2;1;0;211m~         [39m
 [38;2;0;0;0m                                       [39m
 [38;2;0;0;0m                                       [39m
[?25h