[?25l[39m [38;2;0;0;0m               [38;2;0;0;234m_[38;2;0;0;225m_[38;2;0;0;227m____[38;2;0;0;224m_[38;2;0;0;231m_                [39m
 [38;2;0;0;0m           [38;2;0;0;227m_[38;2;0;0;224mg[38;2;0;0;223m@[38;2;0;0;227m@[38;2;0;0;222mP[38;2;0;0;225m=[38;2;0;0;227m~~~~[38;2;0;0;225m=[38;2;0;0;222m4[38;2;0;0;227m@[38;2;0;0;225m@[38;2;0;0;224mg[38;2;0;0;227m_            [39m
 [38;2;0;0;0m        [38;2;2;1;194m_[38;2;0;0;222ma[38;2;0;0;228m@[38;2;0;0;221mP[38;2;0;0;228m~[38;2;139;139;139m_[38;2;168;168;168my[38;2;212;212;212my[38;2;235;235;235mg[38;2;252;252;252mg[38;2;221;221;221m$[38;2;222;222;222m$[38;2;252;252;252mg[38;2;235;235;235mg[38;2;212;212;212my[38;2;163;163;163my[38;2;140;140;140m_[38;2;0;0;226m~[38;2;0;0;221m4[38;2;0;0;227m@[38;2;0;0;218mg[38;2;0;0;225m,         [39m
 [38;2;0;0;0m       [38;2;1;1;208my[38;2;0;0;228m@[38;2;0;0;213mF [38;2;188;188;188my[38;2;205;205;205m@[38;2;251;251;251m@[38;2;252;252;252m@@@@@@@@@@[38;2;251;251;251m@[38;2;216;216;216m@[38;2;184;184;184my [38;2;0;0;225m~[38;2;0;0;228m@[38;2;1;1;208my        [39m
 [38;2;0;0;0m      [38;2;0;0;213mg[38;2;0;0;218m@[38;2;0;0;198m'[38;2;141;141;141my[38;2;222;222;222m@[38;2;251;251;251m@[38;2;252;252;252m@@@@@@@@@@@@@@@[38;2;235;235;235m@[38;2;125;125;125my [38;2;0;0;223mR[38;2;1;0;209m$       [39m
 [38;2;0;0;0m     [38;2;1;1;197mj[38;2;0;0;227m@ [38;2;148;148;148my[38;2;248;248;248m@[38;2;252;252;252m@[38;2;250;250;250m@[38;2;248;248;248m@[38;2;251;251;251m@[38;2;252;252;252m@@@@@@[38;2;251;251;251m@[38;2;246;246;246m@[38;2;251;251;251m@[38;2;252;252;252m@@@@@[38;2;251;251;251m@[38;2;132;132;132my [38;2;0;0;221m@[38;2;0;0;213mi      [39m
 [38;2;0;0;0m     [38;2;0;0;220mg[38;2;0;0;196mF [38;2;220;220;220m@[38;2;252;252;252m@[38;2;251;251;251m@[38;2;202;202;202m_ [38;2;174;174;174m~[38;2;150;150;150mM[38;2;197;197;197m@[38;2;251;251;251m@[38;2;252;252;252m@@@[38;2;207;207;207m@[38;2;84;84;84m_[38;2;131;131;131m`[38;2;233;233;233m~[38;2;184;184;184mP[38;2;232;232;232m@[38;2;251;251;251m@[38;2;252;252;252m@@[38;2;239;239;239m@  [38;2;0;0;222m$      [39m
 [38;2;0;0;0m     [38;2;0;0;226m@  [38;2;249;249;249m@[38;2;252;252;252m@@[38;2;251;251;251m@[38;2;238;238;238m@[38;2;191;191;191m*  [38;2;66;66;66m`[38;2;202;202;202m$[38;2;251;251;251m@[38;2;252;252;252m@@[38;2;251;251;251m@[38;2;194;194;194m@[38;2;110;110;110m+  [38;2;119;119;119m~[38;2;246;246;246m@[38;2;252;252;252m@[38;2;251;251;251m@  [38;2;0;0;226m@      [39m
 [38;2;0;0;0m     [38;2;0;0;226m@  [38;2;249;249;249m@[38;2;252;252;252m@[38;2;251;251;251m@[38;2;224;224;224m~ [38;2;166;166;166m_[38;2;183;183;183my[38;2;235;235;235mg[38;2;241;241;241m@[38;2;251;251;251m@[38;2;252;252;252m@@[38;2;205;205;205m@[38;2;151;151;151m~ [38;2;236;236;236m_[38;2;213;213;213my[38;2;249;249;249mg[38;2;250;250;250m@[38;2;252;252;252m@@[38;2;251;251;251m@  [38;2;0;0;226m@      [39m
 [38;2;0;0;0m     [38;2;0;0;226m@  [38;2;249;249;249m@[38;2;252;252;252m@@[38;2;244;244;244m@[38;2;228;228;228m@[38;2;251;251;251m@[38;2;252;252;252m@@@@@@[38;2;251;251;251m@[38;2;225;225;225m@[38;2;246;246;246m@[38;2;251;251;251m@[38;2;252;252;252m@@@@@[38;2;251;251;251m@  [38;2;0;0;226m@      [39m
 [38;2;0;0;0m     [38;2;0;0;226m@  [38;2;249;249;249m@[38;2;252;252;252m@@@@@@@@@@@@@@@@@@@@[38;2;251;251;251m@  [38;2;0;0;226m@      [39m
 [38;2;0;0;0m     [38;2;0;0;226m@  [38;2;249;249;249m@[38;2;252;252;252m@@@@@@@@@@@@@@@@@@@@[38;2;251;251;251m@  [38;2;0;0;227m@      [39m
 [38;2;0;0;0m     [38;2;0;0;226m@  [38;2;249;249;249m@[38;2;252;252;252m@@@@@@@@@@@@@@@@@@@@[38;2;251;251;251m@  [38;2;0;0;227m@      [39m
 [38;2;0;0;0m     [38;2;0;0;217m@[38;2;0;0;214m, [38;2;240;240;240m@[38;2;252;252;252m@@@@@@@@@@@@@@@@@@@@[38;2;247;247;247m@  [38;2;0;0;224m$      [39m
 [38;2;0;0;0m     [38;2;1;1;208m`[38;2;0;0;226m@[38;2;0;0;219m_[38;2;107;107;107m~[38;2;185;185;185mA[38;2;239;239;239m@[38;2;249;249;249m@[38;2;245;245;245m@[38;2;185;185;185m@[38;2;163;163;163mF[38;2;252;252;252m~[38;2;162;162;162mM[38;2;215;215;215m@[38;2;248;248;248m@@[38;2;219;219;219m@[38;2;209;209;209mF[38;2;252;252;252m~[38;2;251;251;251m~[38;2;208;208;208mR[38;2;245;245;245m@[38;2;249;249;249m@[38;2;241;241;241m@[38;2;222;222;222mP[38;2;148;148;148m~[38;2;0;0;217m_[38;2;0;0;223m$[38;2;0;0;231m'      [39m
 [38;2;0;0;0m      [38;2;2;2;202m`[38;2;0;0;227m~[38;2;0;0;226ma[38;2;0;0;217my[38;2;0;0;226m___[38;2;0;0;207my[38;2;0;0;227ma[38;2;0;0;219m@[38;2;0;0;221mg[38;2;0;0;225m_[38;2;0;0;226m__[38;2;0;0;225m_[38;2;0;0;223ma[38;2;0;0;216m@[38;2;0;0;227ma[38;2;0;0;208my[38;2;0;0;226m___[38;2;0;0;216my[38;2;0;0;227ms[38;2;0;0;215mF[38;2;1;0;216m'       [39m
 [38;2;0;0;0m         [38;2;0;0;225m`[38;2;0;0;227m~[38;2;0;0;232m~[38;2;0;0;231m~[38;2;0;0;233m`   [38;2;0;0;215m~[38;2;0;0;231m~[38;2;0;0;232m~[38;2;0;0;215m~   [38;2;0;0;234m`[38;2;0;0;229m~[38;2;0;0;232m~[38;2;0;0;227m~`          [39m
 [38;2;0;0;0m                                       [39m
 [38;2;0;0;0m                                       [39m
[?25h