[?25l[39m [38;2;0;0;0m                                       [39m
 [38;2;0;0;0m             [38;2;0;0;227m_[38;2;0;0;225m_[38;2;0;0;219mg[38;2;0;0;229ma[38;2;0;0;223ma[38;2;0;0;220mm[38;2;0;0;216m#[38;2;0;0;225ma[38;2;0;0;229ma[38;2;0;0;219mg[38;2;0;0;225m_[38;2;0;0;227m_              [39m
 [38;2;0;0;0m          [38;2;0;0;226m_[38;2;0;0;227ma[38;2;0;0;219mP[38;2;0;0;225m~[38;2;81;81;81m_[38;2;239;239;239m_[38;2;171;171;171my[38;2;192;192;192my[38;2;200;200;200myy[38;2;192;192;192my[38;2;170;170;170my[38;2;239;239;239m_[38;2;80;80;80m_[38;2;0;0;226m~=[38;2;0;0;228ma[38;2;0;0;226m_           [39m
 [38;2;0;0;0m        [38;2;0;0;211my[38;2;0;0;228mP[38;2;0;0;226m~[38;2;147;147;147m_[38;2;210;210;210my[38;2;209;209;209m@[38;2;251;251;251m@@[38;2;252;252;252m@@@@@@[38;2;251;251;251m@@[38;2;218;218;218m@[38;2;209;209;209my[38;2;148;148;148m_[38;2;0;0;222m~[38;2;0;0;220mR[38;2;0;1;212my         [39m
 [38;2;0;0;0m       [38;2;0;0;231ma[38;2;0;0;226m~ [38;2;207;207;207mg[38;2;251;251;251m@[38;2;252;252;252m@@@@@@@@@@@@@@[38;2;251;251;251m@[38;2;207;207;207mg[38;2;78;78;78m,[38;2;0;0;221m~[38;2;0;0;228m$[38;2;1;0;222m,       [39m
 [38;2;0;0;0m      [38;2;0;0;225m@[38;2;1;1;207m'[38;2;99;99;100m_[38;2;219;219;219m@[38;2;252;252;252m@@@@@@@@@@@@@@@@@@[38;2;234;234;234m@[38;2;100;100;100m_[38;2;2;1;196m`[38;2;0;0;231m$       [39m
 [38;2;0;0;0m     [38;2;0;0;220mj[38;2;0;0;217mF [38;2;204;204;204m$[38;2;252;252;252m@[38;2;251;251;251m@[38;2;212;212;212m@[38;2;180;180;180mF[38;2;234;234;234m~[38;2;144;144;144mZ[38;2;236;236;236m~[38;2;154;154;154mM[38;2;229;229;229m@[38;2;252;252;252m@@[38;2;245;245;245m@[38;2;217;217;217mF[38;2;247;247;247m~[38;2;140;140;140mZ[38;2;134;134;134mZ[38;2;250;250;250m~[38;2;179;179;179m@[38;2;251;251;251m@[38;2;252;252;252m@[38;2;217;217;217m@ [38;2;0;0;202m?[38;2;1;1;205m$      [39m
 [38;2;0;0;0m     [38;2;0;0;223m@  [38;2;249;249;249m@[38;2;252;252;252m@[38;2;187;187;187m@ [38;2;209;209;209mF[38;2;160;160;160m~[38;2;121;121;121mZ[38;2;145;145;145m~[38;2;176;176;176m$ [38;2;232;232;232m@[38;2;246;246;246m@[38;2;103;103;103m`[38;2;191;191;191ma[38;2;216;216;216m~[38;2;132;132;132my[38;2;193;193;193m~[38;2;138;138;138m4[38;2;74;74;74mr[38;2;150;150;150m$[38;2;251;251;251m@@  [38;2;0;0;228m$      [39m
 [38;2;0;0;0m     [38;2;0;0;226m@  [38;2;249;249;249m@[38;2;252;252;252m@[38;2;202;202;202m$[38;2;69;69;69m"[38;2;154;154;154m@[38;2;155;155;155m_[38;2;208;208;208m~[38;2;199;199;199m_[38;2;170;170;170m~[38;2;179;179;179my[38;2;246;246;246m@@[38;2;84;84;84m_[38;2;177;177;177m#[38;2;219;219;219m_[38;2;185;185;185m~[38;2;236;236;236m_[38;2;122;122;122m_[38;2;225;225;225m_[38;2;197;197;197m@[38;2;251;251;251m@@  [38;2;0;0;226m@      [39m
 [38;2;0;0;0m     [38;2;0;0;226m@  [38;2;249;249;249m@[38;2;252;252;252m@[38;2;251;251;251m@[38;2;207;207;207m@[38;2;187;187;187my[38;2;253;253;253m_[38;2;248;248;248m~[38;2;146;146;146mD[38;2;248;248;248m@[38;2;252;252;252m@@@[38;2;243;243;243m@[38;2;215;215;215my[38;2;151;151;151my[38;2;240;240;240m~[38;2;251;251;251m~[38;2;211;211;211m@[38;2;251;251;251m@[38;2;252;252;252m@@[38;2;251;251;251m@  [38;2;0;0;226m@      [39m
 [38;2;0;0;0m     [38;2;0;0;226m@  [38;2;249;249;249m@[38;2;252;252;252m@@@@@@@@@@@@@@@@@@@@[38;2;251;251;251m@  [38;2;0;0;226m@      [39m
 [38;2;0;0;0m     [38;2;0;0;226m@  [38;2;249;249;249m@[38;2;252;252;252m@@@@@@@@@@@@@@@@@@@@[38;2;251;251;251m@  [38;2;0;0;227m@      [39m
 [38;2;0;0;0m     [38;2;0;0;226m@  [38;2;249;249;249m@[38;2;252;252;252m@@@@@@@@@@@@@@@@@@@@[38;2;251;251;251m@  [38;2;0;0;227m@      [39m
 [38;2;0;0;0m     [38;2;0;0;226m@  [38;2;249;249;249m@[38;2;252;252;252m@@@@@@@@@@@@@@@@@@@@[38;2;251;251;251m@  [38;2;0;0;227m@      [39m
 [38;2;0;0;0m     [38;2;0;0;221m@  [38;2;246;246;246m@[38;2;252;252;252m@@@@@@@@@@@@@@@@@@@@[38;2;249;249;249m@  [38;2;0;0;223m@      [39m
 [38;2;0;0;0m     [38;2;1;0;212m`[38;2;0;0;225m$[38;2;0;0;210m,[38;2;171;171;171m~[38;2;199;199;199m@[38;2;251;251;251m@@[38;2;252;252;252m@[38;2;228;228;228m@[38;2;213;213;213mF[38;2;183;183;183mF[38;2;165;165;165m@[38;2;246;246;246m@[38;2;251;251;251m@@[38;2;246;246;246m@[38;2;175;175;175m@[38;2;186;186;186mF[38;2;191;191;191mF[38;2;224;224;224m@[38;2;252;252;252m@[38;2;251;251;251m@@[38;2;211;211;211m@[38;2;198;198;198m~ [38;2;0;0;230ma[38;2;2;1;194mF      [39m
 [38;2;0;0;0m      [38;2;0;0;218m`[38;2;0;0;225m4g_[38;2;0;0;226m_[38;2;145;145;145m`[38;2;110;110;110m`[38;2;0;0;225m_[38;2;0;0;221ma[38;2;0;0;227ma[38;2;0;0;205my[38;2;0;0;223m_[38;2;139;139;139m``[38;2;0;0;225m_[38;2;0;0;206my[38;2;0;0;224mg[38;2;0;0;216mg[38;2;0;0;225m_[38;2;112;112;112m`[38;2;147;147;147m`[38;2;0;0;226m_[38;2;0;0;227m_[38;2;0;0;225mg[38;2;0;0;228mP[38;2;1;1;203m~       [39m
 [38;2;0;0;0m        [38;2;2;3;189m`[38;2;0;0;223m~[38;2;0;0;226m~~~[38;2;0;0;227m~[38;2;2;0;209m` [38;2;1;1;205m~[38;2;0;0;226m~[38;2;0;0;227m~[38;2;0;0;226m~~[38;2;1;1;207m~ [38;2;2;0;209m`[38;2;0;0;225m~[38;2;0;0;226m~~~[38;2;0;0;225m~[38;2;2;3;194m`         [39m
 [38;2;0;0;0m                                       [39m
[?25h