[?25l[39m [38;2;0;0;0m             [38;2;0;0;230m_[38;2;0;0;225m_[38;2;0;0;217my[38;2;0;0;229mg[38;2;0;0;226mg[38;2;0;0;227maa[38;2;0;0;229mag[38;2;0;0;216my[38;2;0;0;225m_[38;2;0;0;229m_              [39m
 [38;2;0;0;0m          [38;2;0;0;228m_[38;2;0;0;227mgP[38;2;0;0;226m~[38;2;0;0;228m~[38;2;107;107;107m_[38;2;239;239;239m_[38;2;151;151;151my[38;2;163;163;163myy[38;2;150;150;150my[38;2;239;239;239m_[38;2;108;108;108m_[38;2;0;0;227m~[38;2;0;0;226m~[38;2;0;0;221mR[38;2;0;0;226mg[38;2;0;0;228m_           [39m
 [38;2;0;0;0m        [38;2;0;0;230m_[38;2;0;0;223m@[38;2;0;0;226m~[38;2;2;1;196m`[38;2;172;172;172my[38;2;232;232;232mg[38;2;237;237;237m@[38;2;251;251;251m@[38;2;252;252;252m@@@@@@[38;2;251;251;251m@[38;2;243;243;243m@[38;2;232;232;232mg[38;2;167;167;167my[38;2;1;1;196m`[38;2;0;0;224m~@[38;2;0;0;230m_         [39m
 [38;2;0;0;0m       [38;2;0;0;229mg[38;2;0;0;220mF [38;2;204;204;204my[38;2;238;238;238m@[38;2;251;251;251m@[38;2;252;252;252m@@@@@@@@@@@@@[38;2;245;245;245m@[38;2;200;200;200my [38;2;0;0;226m~$[38;2;0;0;209m,       [39m
 [38;2;0;0;0m      [38;2;0;0;223m@[38;2;0;0;211m~ [38;2;237;237;237mg[38;2;251;251;251m@[38;2;249;249;249m@[38;2;246;246;246m@[38;2;251;251;251m@[38;2;252;252;252m@@@@@@@@@@@@@@[38;2;214;214;214m@[38;2;71;71;71m,[38;2;0;0;204m~[38;2;0;0;230m$       [39m
 [38;2;0;0;0m     [38;2;0;0;218mj[38;2;0;0;224mF [38;2;216;216;216mg[38;2;251;251;251m@@[38;2;229;229;229m_ [38;2;136;136;136m~[38;2;174;174;174mT[38;2;184;184;184m@[38;2;249;249;249m@[38;2;252;252;252m@@@[38;2;251;251;251m@@@@@@@[38;2;252;252;252m@@[38;2;199;199;199m@ [38;2;0;0;206m4[38;2;1;1;202m$      [39m
 [38;2;0;0;0m     [38;2;0;0;222m@  [38;2;247;247;247m@[38;2;252;252;252m@@[38;2;251;251;251m@[38;2;243;243;243m@[38;2;213;213;213m=  [38;2;80;80;80m`[38;2;202;202;202m$[38;2;251;251;251m@[38;2;213;213;213m@[38;2;108;108;108m`[38;2;83;83;83m`````[38;2;122;122;122m`[38;2;216;216;216m$[38;2;252;252;252m@[38;2;251;251;251m@  [38;2;0;0;227m$      [39m
 [38;2;0;0;0m     [38;2;0;0;226m@  [38;2;249;249;249m@[38;2;252;252;252m@[38;2;251;251;251m@[38;2;222;222;222m~ [38;2;173;173;173m_[38;2;189;189;189my[38;2;239;239;239mg[38;2;247;247;247m@[38;2;252;252;252m@@@@@@@@@@@@[38;2;251;251;251m@  [38;2;0;0;226m@      [39m
 [38;2;0;0;0m     [38;2;0;0;225m@  [38;2;249;249;249m@[38;2;252;252;252m@@[38;2;243;243;243m@[38;2;233;233;233m@[38;2;251;251;251m@[38;2;252;252;252m@@@@@@@@@@@@@@@[38;2;251;251;251m@  [38;2;0;0;226m@      [39m
 [38;2;0;0;0m     [38;2;0;0;225m@  [38;2;249;249;249m@[38;2;252;252;252m@@@@@@@@@@@@@@@@@@@@[38;2;251;251;251m@  [38;2;0;0;226m@      [39m
 [38;2;0;0;0m     [38;2;0;0;225m@  [38;2;249;249;249m@[38;2;252;252;252m@@@@@@@@@@@@@@@@@@@@[38;2;251;251;251m@  [38;2;0;0;226m@      [39m
 [38;2;0;0;0m     [38;2;0;0;225m@  [38;2;249;249;249m@[38;2;252;252;252m@@@@@@@@@@@@@@@@@@@@[38;2;251;251;251m@  [38;2;0;0;226m@      [39m
 [38;2;0;0;0m     [38;2;0;0;225m@  [38;2;249;249;249m@[38;2;252;252;252m@@@@@@@@@@@@@@@@@@@@[38;2;251;251;251m@  [38;2;0;0;226m@      [39m
 [38;2;0;0;0m     [38;2;0;0;221m@[38;2;0;0;214m, [38;2;241;241;241m@[38;2;252;252;252m@@@@@@@@@@@@@@@@@@@@[38;2;247;247;247m@ [38;2;0;0;172mj[38;2;0;0;222m@      [39m
 [38;2;0;0;0m     [38;2;1;0;213m`[38;2;0;0;226m@[38;2;0;0;220m_[38;2;105;105;105m~[38;2;183;183;183mA[38;2;238;238;238m@[38;2;248;248;248m@[38;2;244;244;244m@[38;2;183;183;183m@[38;2;159;159;159mF[38;2;252;252;252m~[38;2;153;153;153m5[38;2;212;212;212m@[38;2;247;247;247m@@[38;2;216;216;216m@[38;2;207;207;207mF[38;2;252;252;252m~[38;2;251;251;251m~[38;2;205;205;205mR[38;2;244;244;244m@[38;2;248;248;248m@[38;2;239;239;239m@[38;2;217;217;217mP[38;2;142;142;142m~[38;2;0;0;220m_[38;2;0;0;223m$[38;2;0;0;232m'      [39m
 [38;2;0;0;0m      [38;2;0;0;219m`[38;2;0;0;222m4[38;2;0;0;227mg[38;2;0;0;216my[38;2;0;0;226m___[38;2;0;0;209my[38;2;0;0;227mg@[38;2;0;0;221mg[38;2;0;0;226m____[38;2;0;0;223ma[38;2;0;0;225m@[38;2;0;0;227mg[38;2;0;0;211my[38;2;0;0;226m___[38;2;0;0;217my[38;2;0;0;227mg[38;2;0;0;225mP[38;2;1;1;202m~       [39m
 [38;2;0;0;0m        [38;2;3;3;188m`[38;2;0;0;226m~~[38;2;0;0;225m~~[38;2;0;0;230m~[38;2;2;1;204m` [38;2;1;1;205m~[38;2;0;0;227m~[38;2;0;0;225m~~[38;2;0;0;227m~[38;2;1;1;206m~ [38;2;3;0;202m`[38;2;0;0;226m~[38;2;0;0;225m~~~[38;2;0;0;226m~[38;2;4;2;188m`         [39m
 [38;2;0;0;0m                                       [39m
 [38;2;0;0;0m                                       [39m
[?25h