[?25l[39m [38;2;0;0;0m                                       [39m
 [38;2;0;0;0m            [38;2;1;1;203m_[38;2;0;0;225m_[38;2;0;0;214my[38;2;0;0;227ma[38;2;0;0;225ms[38;2;0;0;215m#[38;2;0;0;213m#[38;2;0;0;218m4[38;2;0;0;215m#[38;2;0;0;225ma[38;2;0;0;226ma[38;2;0;0;214my[38;2;0;0;225m_[38;2;1;1;203m_             [39m
 [38;2;0;0;0m          [38;2;1;1;207my[38;2;0;0;215m$[38;2;0;0;209mF[38;2;0;0;229m~[38;2;147;147;147m_[38;2;148;148;148my[38;2;188;188;188my[38;2;208;208;208my[38;2;220;220;220myy[38;2;208;208;208my[38;2;188;188;188my[38;2;141;141;141my[38;2;147;147;147m_[38;2;0;0;226m~~[38;2;0;0;218m@[38;2;1;1;208my[38;2;1;1;201m,          [39m
 [38;2;0;0;0m        [38;2;1;1;213mg[38;2;0;0;228mP[38;2;0;0;218m~[38;2;194;194;194m_[38;2;199;199;199mg[38;2;227;227;227m@[38;2;251;251;251m@[38;2;252;252;252m@@@@@@@@[38;2;251;251;251m@[38;2;234;234;234m@[38;2;199;199;199mg[38;2;193;193;193m_[38;2;0;0;214m~[38;2;0;0;228m4[38;2;0;0;220my         [39m
 [38;2;0;0;0m       [38;2;0;0;222m@[38;2;0;0;217m~[38;2;100;100;100m_[38;2;224;224;224mg[38;2;251;251;251m@[38;2;252;252;252m@@@@@@@@@@@@@@[38;2;251;251;251m@[38;2;197;197;197m$[38;2;102;102;102m_[38;2;0;0;213m~[38;2;0;0;224m@[38;2;0;0;229m,       [39m
 [38;2;0;0;0m      [38;2;0;0;228m@[38;2;1;1;202m'[38;2;115;115;115m_[38;2;230;230;230m@[38;2;252;252;252m@[38;2;251;251;251m@@[38;2;252;252;252m@@@@@@@@@@@@@@@[38;2;241;241;241m@[38;2;115;115;116m_ [38;2;0;0;232m$[38;2;1;0;199m,      [39m
 [38;2;0;0;0m     [38;2;0;0;220mJ[38;2;1;0;212mF [38;2;212;212;212m$[38;2;252;252;252m@[38;2;251;251;251m@[38;2;193;193;193m~[38;2;142;142;142m~[38;2;247;247;247m~[38;2;198;198;198mR[38;2;247;247;247m@[38;2;251;251;251m@[38;2;252;252;252m@@@@@@@@@@@@[38;2;224;224;224m@ [38;2;0;0;210m"[38;2;1;0;208m$      [39m
 [38;2;0;0;0m     [38;2;0;0;223m@  [38;2;249;249;249m@[38;2;252;252;252m@@[38;2;251;251;251m@[38;2;241;241;241mg[38;2;164;164;164mw  [38;2;185;185;185m~[38;2;201;201;201m@[38;2;251;251;251m@[38;2;217;217;217m@[38;2;235;235;235m~[38;2;218;218;218m~~~~~[38;2;236;236;236m~[38;2;214;214;214m@[38;2;252;252;252m@[38;2;251;251;251m@  [38;2;0;0;228m$      [39m
 [38;2;0;0;0m     [38;2;0;0;225m@  [38;2;249;249;249m@[38;2;252;252;252m@[38;2;251;251;251m@[38;2;201;201;201mF[38;2;179;179;179m~ [38;2;224;224;224m_[38;2;205;205;205my[38;2;247;247;247mg[38;2;250;250;250m@[38;2;252;252;252m@[38;2;251;251;251m@[38;2;215;215;215m@[38;2;252;252;252mggggg[38;2;212;212;212m@[38;2;252;252;252m@@[38;2;251;251;251m@  [38;2;0;0;227m@      [39m
 [38;2;0;0;0m     [38;2;0;0;225m@  [38;2;249;249;249m@[38;2;252;252;252m@[38;2;251;251;251m@[38;2;248;248;248mg[38;2;242;242;242mg[38;2;241;241;241m@[38;2;251;251;251m@[38;2;252;252;252m@@@@@@@@@@@@@@[38;2;251;251;251m@  [38;2;0;0;227m@      [39m
 [38;2;0;0;0m     [38;2;0;0;225m@  [38;2;249;249;249m@[38;2;252;252;252m@@@@@@@@@@@@@@@@@@@@[38;2;251;251;251m@  [38;2;0;0;227m@      [39m
 [38;2;0;0;0m     [38;2;0;0;225m@  [38;2;249;249;249m@[38;2;252;252;252m@@@@@@@@@@@@@@@@@@@@[38;2;251;251;251m@  [38;2;0;0;226m@      [39m
 [38;2;0;0;0m     [38;2;0;0;225m@  [38;2;249;249;249m@[38;2;252;252;252m@@@@@@@@@@@@@@@@@@@@[38;2;251;251;251m@  [38;2;0;0;227m@      [39m
 [38;2;0;0;0m     [38;2;0;0;226m@  [38;2;249;249;249m@[38;2;252;252;252m@@@@@@@@@@@@@@@@@@@@[38;2;251;251;251m@  [38;2;0;0;226m@      [39m
 [38;2;0;0;0m     [38;2;0;0;221m@  [38;2;245;245;245m@[38;2;252;252;252m@@@@@@@@@@@@@@@@@@@@[38;2;249;249;249m@  [38;2;0;0;223m@      [39m
 [38;2;0;0;0m     [38;2;1;0;213m`[38;2;0;0;225m$[38;2;0;0;209m,[38;2;168;168;168m~[38;2;195;195;195m@[38;2;251;251;251m@@[38;2;252;252;252m@[38;2;226;226;226m@[38;2;210;210;210mF[38;2;181;181;181mF[38;2;162;162;162m@[38;2;245;245;245m@[38;2;252;252;252m@@[38;2;245;245;245m@[38;2;173;173;173m@[38;2;184;184;184mF[38;2;170;170;170mP[38;2;221;221;221m@[38;2;252;252;252m@[38;2;251;251;251m@@[38;2;209;209;209m@[38;2;195;195;195m~ [38;2;0;0;231ma'      [39m
 [38;2;0;0;0m      [38;2;0;0;218m`[38;2;0;0;225m4[38;2;0;0;226mg[38;2;0;0;225m_[38;2;0;0;226m_[38;2;141;141;141m`[38;2;0;0;227m_[38;2;0;0;225m_[38;2;0;0;222ma[38;2;0;0;227ma[38;2;0;0;207my[38;2;0;0;226m_[38;2;134;134;134m`[38;2;133;133;133m`[38;2;0;0;226m_[38;2;0;0;208my[38;2;0;0;226ma[38;2;0;0;218mg[38;2;0;0;225m_[38;2;101;101;101m`[38;2;142;142;142m`[38;2;0;0;225m__[38;2;0;0;226mg[38;2;0;0;228mP[38;2;1;1;201m~       [39m
 [38;2;0;0;0m        [38;2;3;3;189m`[38;2;0;0;223m~[38;2;0;0;226m~~~~[38;2;2;0;207m` [38;2;1;1;204m~[38;2;0;0;226m~[38;2;0;0;227m~[38;2;0;0;226m~~[38;2;0;1;206m~ [38;2;1;0;206m`[38;2;0;0;225m~[38;2;0;0;227m~[38;2;0;0;226m~~[38;2;0;0;225m~[38;2;2;3;191m`         [39m
 [38;2;0;0;0m                                       [39m
[?25h