[?25l[39m [38;2;0;0;0m                                       [39m
 [38;2;0;0;0m            [38;2;0;0;226m_[38;2;1;0;215my[38;2;0;0;227mg[38;2;0;0;221m@[38;2;0;0;227m@[38;2;0;0;228m@[38;2;0;0;229m@@[38;2;0;0;228m@[38;2;0;0;227m@[38;2;0;0;223m@[38;2;0;0;227mg[38;2;0;0;215my[38;2;0;0;226m_             [39m
 [38;2;0;0;0m         [38;2;0;0;227m_[38;2;0;0;226ma[38;2;0;0;228m@[38;2;0;0;226mP~[38;2;0;0;231m~[38;2;161;161;161m_[38;2;252;252;252m_[38;2;168;168;168my[38;2;178;178;178myy[38;2;167;167;167my[38;2;252;252;252m_[38;2;161;161;161m_[38;2;0;0;229m~[38;2;0;0;226m~[38;2;0;0;227m4@[38;2;0;0;224mg[38;2;0;0;226m_          [39m
 [38;2;0;0;0m       [38;2;2;1;194m_[38;2;0;0;224mg[38;2;0;0;222m@[38;2;0;0;228m~[38;2;77;77;77m_[38;2;185;185;185my[38;2;241;241;241mg[38;2;243;243;243m@[38;2;251;251;251m@[38;2;252;252;252m@@@@@@[38;2;251;251;251m@[38;2;246;246;246m@[38;2;241;241;241mg[38;2;182;182;182my[38;2;77;77;77m_[38;2;0;0;225m~[38;2;0;0;221m@[38;2;0;0;219m$[38;2;0;0;228m,        [39m
 [38;2;0;0;0m      [38;2;0;0;212m_[38;2;0;0;228m@[38;2;0;0;217mF [38;2;181;181;181mg[38;2;245;245;245m@[38;2;252;252;252m@@@@@@@@@@@@@@[38;2;249;249;249m@[38;2;179;179;179mg [38;2;0;0;226m~[38;2;0;0;228m@[38;2;0;0;213m_       [39m
 [38;2;0;0;0m      [38;2;0;0;231m@[38;2;1;0;206m~ [38;2;211;211;211m$[38;2;251;251;251m@[38;2;252;252;252m@@@@@@@@@@@@@@@@@[38;2;221;221;221m@[38;2;77;77;77m,[38;2;0;0;208m"[38;2;0;0;230m@[38;2;0;0;223m,      [39m
 [38;2;0;0;0m     [38;2;0;0;211mg[38;2;0;0;221mF [38;2;221;221;221mg[38;2;251;251;251m@@[38;2;228;228;228mF[38;2;182;182;182mF[38;2;204;204;204m@[38;2;251;251;251m@[38;2;252;252;252m@@@@@[38;2;233;233;233m@[38;2;189;189;189mF[38;2;178;178;178mA[38;2;237;237;237m@[38;2;251;251;251m@[38;2;252;252;252m@@@@[38;2;205;205;205m@ [38;2;0;0;208m?[38;2;0;0;215m$      [39m
 [38;2;0;0;0m     [38;2;0;0;224m@  [38;2;248;248;248m@[38;2;252;252;252m@[38;2;251;251;251m@[38;2;215;215;215mg[38;2;161;161;161my[38;2;107;107;107m_[38;2;91;91;91m`[38;2;235;235;235m~[38;2;186;186;186mP[38;2;245;245;245m@[38;2;252;252;252m@@[38;2;239;239;239m@[38;2;209;209;209my[38;2;227;227;227m_ [38;2;120;120;120m~[38;2;173;173;173mT[38;2;185;185;185m@[38;2;251;251;251m@[38;2;252;252;252m@[38;2;251;251;251m@  [38;2;0;0;225m@      [39m
 [38;2;0;0;0m     [38;2;0;0;226m@  [38;2;249;249;249m@[38;2;252;252;252m@[38;2;251;251;251m@[38;2;226;226;226m@[38;2;215;215;215mF[38;2;209;209;209m~ [38;2;144;144;144m_[38;2;179;179;179my[38;2;218;218;218m@[38;2;252;252;252m@@[38;2;250;250;250m@[38;2;193;193;193m@[38;2;183;183;183mF[38;2;110;110;110m~ [38;2;228;228;228m_[38;2;214;214;214my[38;2;250;250;250m@[38;2;252;252;252m@[38;2;251;251;251m@  [38;2;0;0;226m@      [39m
 [38;2;0;0;0m     [38;2;0;0;226m@  [38;2;249;249;249m@[38;2;252;252;252m@[38;2;251;251;251m@[38;2;179;179;179my[38;2;155;155;155my[38;2;190;190;190mg[38;2;227;227;227m$[38;2;251;251;251m@[38;2;252;252;252m@@@@[38;2;228;228;228m$[38;2;252;252;252m_[38;2;182;182;182my[38;2;235;235;235mg[38;2;243;243;243m@[38;2;251;251;251m@[38;2;252;252;252m@@@[38;2;251;251;251m@  [38;2;0;0;226m@      [39m
 [38;2;0;0;0m     [38;2;0;0;226m@  [38;2;249;249;249m@[38;2;252;252;252m@@@@@@@@@@@@@@@@@@@@[38;2;251;251;251m@  [38;2;0;0;226m@      [39m
 [38;2;0;0;0m     [38;2;0;0;226m@  [38;2;249;249;249m@[38;2;252;252;252m@@@@@@@@@@@@@@@@@@@@[38;2;251;251;251m@  [38;2;0;0;227m@      [39m
 [38;2;0;0;0m     [38;2;0;0;226m@  [38;2;249;249;249m@[38;2;252;252;252m@@@@@@@@@@@@@@@@@@@@[38;2;251;251;251m@  [38;2;0;0;227m@      [39m
 [38;2;0;0;0m     [38;2;0;0;222m@  [38;2;247;247;247m@[38;2;252;252;252m@@@@@@@@@@@@@@@@@@@@[38;2;250;250;250m@  [38;2;0;0;224m@      [39m
 [38;2;0;0;0m     [38;2;1;0;213m`[38;2;0;0;223m$[38;2;0;0;197m,[38;2;185;185;185m~[38;2;213;213;213m@[38;2;251;251;251m@[38;2;252;252;252m@[38;2;251;251;251m@[38;2;238;238;238m@[38;2;207;207;207mP[38;2;200;200;200mF[38;2;176;176;176m@[38;2;249;249;249m@[38;2;252;252;252m@@[38;2;250;250;250m@[38;2;187;187;187m@[38;2;203;203;203mF[38;2;185;185;185mM[38;2;236;236;236m@[38;2;251;251;251m@[38;2;252;252;252m@[38;2;251;251;251m@[38;2;224;224;224m@[38;2;141;141;141mF [38;2;0;0;226mg[38;2;1;1;201mF      [39m
 [38;2;0;0;0m      [38;2;1;0;203m~[38;2;0;0;228m4[38;2;0;0;219mg[38;2;0;0;225m_[38;2;131;131;131m`[38;2;215;215;215m`[38;2;176;176;176m`[38;2;0;0;227m_[38;2;0;0;216my[38;2;0;0;227mg[38;2;0;0;225m_[38;2;0;0;227m_[38;2;212;212;212m`[38;2;211;211;211m`[38;2;0;0;228m_[38;2;0;0;226m_[38;2;0;0;227mg[38;2;0;0;216my[38;2;0;0;227m_[38;2;178;178;178m`[38;2;215;215;215m`[38;2;139;139;139m`[38;2;0;0;226m_[38;2;0;0;221ma[38;2;0;0;228mP[38;2;0;0;209m~       [39m
 [38;2;0;0;0m        [38;2;1;1;211m`[38;2;0;0;228m~[38;2;0;0;225m~[38;2;0;0;227m~[38;2;0;0;226m~[38;2;0;0;229m~[38;2;0;0;219m` ~[38;2;0;0;225m~[38;2;0;0;226m~[38;2;0;0;227m~[38;2;0;0;226m~[38;2;0;0;220m~ [38;2;0;0;219m`[38;2;0;0;227m~[38;2;0;0;226m~[38;2;0;0;227m~[38;2;0;0;225m~[38;2;0;0;229m~[38;2;1;1;213m`         [39m
 [38;2;0;0;0m                                       [39m
 [38;2;0;0;0m                                       [39m
[?25h