[?25l[39m [38;2;0;0;0m              [38;2;0;0;229m_[38;2;0;0;225m_[38;2;1;1;211my[38;2;0;0;217ma[38;2;0;0;224ma[38;2;0;0;223ma[38;2;0;0;221my[38;2;0;1;211my[38;2;0;0;225m_[38;2;0;0;229m_               [39m
 [38;2;0;0;0m          [38;2;0;0;225m_[38;2;0;0;213ma[38;2;0;0;212m@[38;2;0;0;210mF[38;2;0;0;226m~[38;2;0;0;220m~[38;2;214;214;214m_[38;2;245;245;245m_[38;2;147;147;147my[38;2;146;146;146my[38;2;245;245;245m_[38;2;214;214;214m_[38;2;0;0;219m~[38;2;0;0;226m~[38;2;0;0;227m~[38;2;0;0;215m@[38;2;0;0;218my[38;2;0;0;225m_           [39m
 [38;2;0;0;0m        [38;2;0;0;226m_[38;2;0;0;228ma[38;2;0;0;209mF[38;2;1;0;218m`[38;2;156;156;156my[38;2;219;219;219ma[38;2;231;231;231m$[38;2;251;251;251m@@[38;2;252;252;252m@@@@[38;2;251;251;251m@@[38;2;226;226;226m@[38;2;210;210;210mg[38;2;146;146;146my[38;2;0;0;218m`[38;2;0;0;225m~[38;2;0;0;219m@[38;2;0;0;226m_         [39m
 [38;2;0;0;0m       [38;2;0;0;222mg[38;2;0;0;225mF [38;2;193;193;193my[38;2;231;231;231m@[38;2;251;251;251m@[38;2;252;252;252m@@@@@@@@@@@@@[38;2;239;239;239m@[38;2;187;187;187my [38;2;0;0;218m?[38;2;0;0;222mg        [39m
 [38;2;0;0;0m      [38;2;0;0;229mg[38;2;0;0;205mF [38;2;229;229;229mg[38;2;251;251;251m@[38;2;252;252;252m@@@@@@@@@@@@@@@@[38;2;251;251;251m@[38;2;202;202;202m@ [38;2;0;0;213m~[38;2;0;0;226m$       [39m
 [38;2;0;0;0m     [38;2;0;0;212mj[38;2;0;0;227mF [38;2;211;211;211mg[38;2;251;251;251m@@[38;2;202;202;202mF[38;2;251;251;251m~[38;2;167;167;167m@[38;2;246;246;246m@[38;2;251;251;251m@[38;2;252;252;252m@@@@@@@@@@@@[38;2;251;251;251m@[38;2;190;190;190m@ [38;2;0;0;217m?[38;2;0;0;220ml      [39m
 [38;2;0;0;0m     [38;2;0;0;219m@  [38;2;246;246;246m@[38;2;252;252;252m@[38;2;251;251;251m@[38;2;243;243;243mg[38;2;193;193;193my[38;2;200;200;200m_ [38;2;179;179;179m~[38;2;153;153;153mM[38;2;236;236;236m@[38;2;252;252;252m@[38;2;241;241;241m@[38;2;177;177;177mM[38;2;184;184;184mF[38;2;183;183;183mFFF[38;2;184;184;184mF[38;2;189;189;189mF[38;2;241;241;241m@[38;2;252;252;252m@[38;2;250;250;250m@  [38;2;0;0;226m$      [39m
 [38;2;0;0;0m     [38;2;0;0;225m@  [38;2;249;249;249m@[38;2;252;252;252m@@[38;2;198;198;198m@[38;2;181;181;181mF[38;2;152;152;152m~ [38;2;223;223;223m_[38;2;207;207;207my[38;2;231;231;231m@[38;2;252;252;252m@[38;2;240;240;240m@[38;2;219;219;219my[38;2;208;208;208myyyyy[38;2;221;221;221my[38;2;238;238;238m@[38;2;252;252;252m@[38;2;251;251;251m@  [38;2;0;0;227m@      [39m
 [38;2;0;0;0m     [38;2;0;0;225m@  [38;2;249;249;249m@[38;2;252;252;252m@[38;2;251;251;251m@[38;2;207;207;207my[38;2;189;189;189my[38;2;234;234;234mg[38;2;240;240;240m@[38;2;251;251;251m@[38;2;252;252;252m@@@@@@@@@@@@@[38;2;251;251;251m@  [38;2;0;0;227m@      [39m
 [38;2;0;0;0m     [38;2;0;0;225m@  [38;2;249;249;249m@[38;2;252;252;252m@@@@@@@@@@@@@@@@@@@@[38;2;251;251;251m@  [38;2;0;0;227m@      [39m
 [38;2;0;0;0m     [38;2;0;0;225m@  [38;2;249;249;249m@[38;2;252;252;252m@@@@@@@@@@@@@@@@@@@@[38;2;251;251;251m@  [38;2;0;0;227m@      [39m
 [38;2;0;0;0m     [38;2;0;0;225m@  [38;2;249;249;249m@[38;2;252;252;252m@@@@@@@@@@@@@@@@@@@@[38;2;251;251;251m@  [38;2;0;0;226m@      [39m
 [38;2;0;0;0m     [38;2;0;0;225m@  [38;2;249;249;249m@[38;2;252;252;252m@@@@@@@@@@@@@@@@@@@@[38;2;251;251;251m@  [38;2;0;0;227m@      [39m
 [38;2;0;0;0m     [38;2;0;0;224m@  [38;2;246;246;246m@[38;2;252;252;252m@@@@@@@@@@@@@@@@@@@@[38;2;250;250;250m@  [38;2;0;0;226m@      [39m
 [38;2;0;0;0m     [38;2;1;1;207m4[38;2;0;0;222m$[38;2;0;0;205m,[38;2;180;180;180m~[38;2;204;204;204m@[38;2;251;251;251m@[38;2;252;252;252m@[38;2;251;251;251m@[38;2;233;233;233m@[38;2;217;217;217mF[38;2;192;192;192mF[38;2;168;168;168m@[38;2;249;249;249m@[38;2;251;251;251m@@[38;2;249;249;249m@[38;2;180;180;180m@[38;2;196;196;196mF[38;2;177;177;177mP[38;2;230;230;230m@[38;2;251;251;251m@[38;2;252;252;252m@[38;2;251;251;251m@[38;2;217;217;217m@[38;2;203;203;203m~ [38;2;0;0;225mg[38;2;0;0;224mF      [39m
 [38;2;0;0;0m      [38;2;0;0;230m~[38;2;0;0;227m@[38;2;0;0;221mg[38;2;0;0;226m_[38;2;0;0;228m_[38;2;205;205;205m`[38;2;138;138;138m`[38;2;0;0;226m_[38;2;0;0;215ma[38;2;0;0;227mg[38;2;0;0;226m_[38;2;0;0;228m_[38;2;192;192;192m`[38;2;190;190;190m`[38;2;0;0;228m_[38;2;0;0;226m_[38;2;0;0;227mg[38;2;0;0;219my[38;2;0;0;227m_[38;2;141;141;141m`[38;2;209;209;209m`[38;2;0;0;229m_[38;2;0;0;226m_[38;2;0;0;223ma[38;2;0;0;228m@[38;2;0;0;219mF       [39m
 [38;2;0;0;0m       [38;2;4;2;196m`[38;2;0;0;228m~[38;2;0;0;223m=[38;2;0;0;218m4[38;2;0;0;217mR[38;2;0;0;219mP[38;2;0;0;231m=[38;2;0;0;227m~[38;2;0;0;229m~[38;2;0;0;226m~[38;2;0;0;229m=[38;2;0;0;216mRR[38;2;0;0;228m=[38;2;0;0;226m~[38;2;0;0;229m~[38;2;0;0;227m~[38;2;0;0;229m=[38;2;0;0;213mR[38;2;0;0;218mR[38;2;0;0;219mP[38;2;0;0;225m=[38;2;0;0;228m~[38;2;2;2;200m`        [39m
 [38;2;0;0;0m                                       [39m
 [38;2;0;0;0m                                       [39m
[?25h