[?25l[39m [38;2;0;0;0m              [38;2;1;0;215m_[38;2;0;0;226m___[38;2;1;1;207myy[38;2;0;0;226m_[38;2;0;0;225m_[38;2;0;0;226m_[38;2;2;0;216m_               [39m
 [38;2;0;0;0m          [38;2;2;1;192m_[38;2;0;0;223m_[38;2;0;0;228ma[38;2;0;0;223mP[38;2;0;0;227m~[38;2;0;0;228m~[38;2;0;0;223m~[38;2;175;175;175m_[38;2;230;230;230m__[38;2;174;174;174m_[38;2;0;0;219m~[38;2;0;0;228m~[38;2;0;0;226m~[38;2;0;0;223m4[38;2;0;0;228ma[38;2;0;0;223m_[38;2;2;1;193m_           [39m
 [38;2;0;0;0m        [38;2;1;0;208m_[38;2;0;0;228ma[38;2;0;0;222mP~[38;2;198;198;198m_[38;2;203;203;203my[38;2;249;249;249mg[38;2;240;240;240m@[38;2;251;251;251m@@[38;2;252;252;252m@@[38;2;251;251;251m@@[38;2;244;244;244m@[38;2;249;249;249mg[38;2;203;203;203my[38;2;199;199;199m_[38;2;0;0;219m~[38;2;0;0;220m4[38;2;0;0;224mg[38;2;1;0;208m_         [39m
 [38;2;0;0;0m       [38;2;1;0;216my[38;2;0;0;227mP[38;2;1;0;201m'[38;2;156;156;156my[38;2;246;246;246mg[38;2;251;251;251m@[38;2;252;252;252m@@@@@@@@@@@@[38;2;251;251;251m@[38;2;215;215;215m@[38;2;145;145;145my[38;2;2;1;195m`[38;2;0;0;224m4[38;2;0;0;217my        [39m
 [38;2;0;0;0m      [38;2;0;0;220mg[38;2;0;0;221mF [38;2;207;207;207mg[38;2;251;251;251m@[38;2;252;252;252m@@@@@@@@@@@@@@@@[38;2;251;251;251m@[38;2;176;176;176m@ [38;2;0;0;209m?[38;2;0;0;217m$       [39m
 [38;2;0;0;0m     [38;2;1;1;202mj[38;2;0;0;231mF [38;2;193;193;193mg[38;2;251;251;251m@[38;2;252;252;252m@@@@@@@@@@@@@@@@@@[38;2;251;251;251m@[38;2;170;170;170m@ [38;2;0;0;219m4[38;2;0;0;216mi      [39m
 [38;2;0;0;0m     [38;2;0;0;216m@[38;2;0;0;180m[ [38;2;243;243;243m@[38;2;252;252;252m@@@[38;2;251;251;251m@[38;2;252;252;252m@@@[38;2;251;251;251m@[38;2;252;252;252m@@@@[38;2;251;251;251m@[38;2;252;252;252m@@@[38;2;251;251;251m@[38;2;252;252;252m@@@[38;2;249;249;249m@  [38;2;0;0;225m$      [39m
 [38;2;0;0;0m     [38;2;0;0;226m@  [38;2;249;249;249m@[38;2;252;252;252m@[38;2;207;207;207m@[38;2;226;226;226m~[38;2;150;150;150ms[38;2;94;94;94mH[38;2;161;161;161mg[38;2;96;96;96mY[38;2;161;161;161mg[38;2;233;233;233m~[38;2;239;239;239m@[38;2;247;247;247m@[38;2;163;163;163mF[38;2;147;147;147mg[38;2;153;153;153mrg[38;2;137;137;137mr[38;2;138;138;138mq[38;2;178;178;178m~[38;2;179;179;179m@[38;2;251;251;251m@@  [38;2;0;0;226m@      [39m
 [38;2;0;0;0m     [38;2;0;0;226m@  [38;2;249;249;249m@[38;2;252;252;252m@[38;2;242;242;242m@[38;2;217;217;217my[38;2;175;175;175mZ[38;2;171;171;171mg[38;2;178;178;178mg[38;2;197;197;197mg[38;2;241;241;241mg[38;2;216;216;216m@[38;2;251;251;251m@@[38;2;224;224;224mg[38;2;171;171;171mZ[38;2;173;173;173mg[38;2;172;172;172mg[38;2;185;185;185mg[38;2;228;228;228mg[38;2;248;248;248mg@[38;2;252;252;252m@[38;2;251;251;251m@  [38;2;0;0;226m@      [39m
 [38;2;0;0;0m     [38;2;0;0;226m@  [38;2;249;249;249m@[38;2;252;252;252m@@@@@@@@@@@@@@@@@@@@[38;2;251;251;251m@  [38;2;0;0;226m@      [39m
 [38;2;0;0;0m     [38;2;0;0;226m@  [38;2;249;249;249m@[38;2;252;252;252m@@@@@@@@@@@@@@@@@@@@[38;2;251;251;251m@  [38;2;0;0;226m@      [39m
 [38;2;0;0;0m     [38;2;0;0;226m@  [38;2;249;249;249m@[38;2;252;252;252m@@@@@@@@@@@@@@@@@@@@[38;2;251;251;251m@  [38;2;0;0;227m@      [39m
 [38;2;0;0;0m     [38;2;0;0;226m@  [38;2;249;249;249m@[38;2;252;252;252m@@@@@@@@@@@@@@@@@@@@[38;2;251;251;251m@  [38;2;0;0;227m@      [39m
 [38;2;0;0;0m     [38;2;0;0;225m@  [38;2;249;249;249m@[38;2;252;252;252m@@@@@@@@@@@@@@@@@@@@[38;2;251;251;251m@  [38;2;0;0;227m@      [39m
 [38;2;0;0;0m     [38;2;0;0;216m@[38;2;0;0;206mL [38;2;209;209;209m$[38;2;251;251;251m@[38;2;252;252;252m@@@@@@@@@@@@[38;2;251;251;251m@[38;2;252;252;252m@@@@@@[38;2;224;224;224m@ [38;2;0;0;205mj[38;2;0;0;221m@      [39m
 [38;2;0;0;0m     [38;2;2;1;211m`[38;2;0;0;228m@[38;2;0;0;210my [38;2;238;238;238m~[38;2;197;197;197mP[38;2;208;208;208mR[38;2;168;168;168m@[38;2;185;185;185mF[38;2;169;169;169m~[38;2;191;191;191m`[38;2;209;209;209m~[38;2;173;173;173mP[38;2;202;202;202mR[38;2;204;204;204mR[38;2;210;210;210mF[38;2;225;225;225m~[38;2;188;188;188m`[38;2;147;147;147m~[38;2;175;175;175mT[38;2;194;194;194m#[38;2;210;210;210mR[38;2;209;209;209mP[38;2;163;163;163mF[38;2;64;64;64m~[38;2;0;0;207my[38;2;0;0;228m@[38;2;0;0;234m'      [39m
 [38;2;0;0;0m      [38;2;2;2;205m`[38;2;0;0;212m?[38;2;0;0;227m@[38;2;0;0;226mg[38;2;0;0;228mg[38;2;0;0;221mg[38;2;0;0;228mg[38;2;0;0;226mg[38;2;0;0;227m@[38;2;0;0;223m@[38;2;0;0;225m@[38;2;0;0;228mg[38;2;0;0;225mg[38;2;0;0;224mg[38;2;0;0;228mg[38;2;0;0;223m@@[38;2;0;0;226m@g[38;2;0;0;227mg[38;2;0;0;222ma[38;2;0;0;228mg[38;2;0;0;226mg@[38;2;0;0;215mF[38;2;0;0;219m'       [39m
 [38;2;0;0;0m         [38;2;0;0;227m`[38;2;0;0;224m~[38;2;0;0;227m~[38;2;0;0;226m~[38;2;2;1;203m~  [38;2;2;2;199m`[38;2;1;0;219m~[38;2;0;0;227m~~[38;2;0;0;221m~[38;2;2;1;199m`  [38;2;3;1;200m~[38;2;0;0;226m~[38;2;0;0;227m~[38;2;0;0;225m~[38;2;0;0;227m`          [39m
 [38;2;0;0;0m                                       [39m
[?25h