[?25l[39m [38;2;0;0;0m                [38;2;2;1;194m_[38;2;0;0;226m_[38;2;0;0;235m_[38;2;0;0;233m_[38;2;0;0;217m_                  [39m
 [38;2;0;0;0m           [38;2;0;0;227m_[38;2;1;1;206my[38;2;0;0;226mg[38;2;0;0;222m@[38;2;0;0;227m@[38;2;0;0;228m@[38;2;0;0;221m@[38;2;0;0;223mR[38;2;0;0;219m@[38;2;0;0;226m@[38;2;0;0;227m@@[38;2;0;0;226mg[38;2;0;0;215mg[38;2;0;0;227m_             [39m
 [38;2;0;0;0m         [38;2;0;0;214my[38;2;0;0;223m@[38;2;0;0;218m@[38;2;0;0;227m~[38;2;0;0;229m~[38;2;152;152;152m_[38;2;140;140;140my[38;2;179;179;179my[38;2;196;196;196my[38;2;201;201;201my[38;2;198;198;198my[38;2;185;185;185my[38;2;151;151;151my[38;2;191;191;191m_[38;2;0;0;225m~[38;2;0;0;226m~[38;2;0;0;218mR[38;2;0;0;227m@[38;2;0;0;221mg[38;2;1;0;214m_          [39m
 [38;2;0;0;0m       [38;2;0;0;213my[38;2;0;0;228m@[38;2;0;0;219mF[38;2;0;0;221m`[38;2;150;150;151my[38;2;223;223;223mg[38;2;234;234;234m@[38;2;251;251;251m@[38;2;252;252;252m@@@@@@@[38;2;251;251;251m@[38;2;247;247;247m@[38;2;235;235;235mg[38;2;162;162;162my[38;2;1;0;198m`[38;2;0;0;225m~[38;2;0;0;227m@[38;2;0;0;217mg         [39m
 [38;2;0;0;0m      [38;2;0;0;225mg[38;2;0;0;227mP[38;2;0;0;200m'[38;2;156;156;156my[38;2;212;212;212m@[38;2;251;251;251m@[38;2;252;252;252m@@@@@@@@@@@@@@[38;2;235;235;235m@[38;2;154;154;154my [38;2;0;0;224m4[38;2;0;0;227m$[38;2;1;1;195m,       [39m
 [38;2;0;0;0m     [38;2;0;0;219mg[38;2;0;0;230mF [38;2;181;181;181mg[38;2;251;251;251m@[38;2;252;252;252m@@@@@@@@@@@@@@@@@[38;2;251;251;251m@[38;2;176;176;176mg [38;2;0;0;223m?[38;2;0;0;221m$       [39m
 [38;2;0;0;0m     [38;2;0;0;234m@  [38;2;229;229;229m@[38;2;251;251;251m@[38;2;252;252;252m@@@@@@@@@@@@@@@@@@[38;2;251;251;251m@[38;2;126;126;126mL [38;2;0;0;229m@[38;2;1;0;200m,      [39m
 [38;2;0;0;0m    [38;2;3;2;174mJ[38;2;0;0;216m@   [38;2;220;220;220m`[38;2;249;249;249m~[38;2;250;250;250m@[38;2;251;251;251m@[38;2;230;230;230mF[38;2;250;250;250m~~~~~~[38;2;156;156;156mM[38;2;250;250;250m@[38;2;252;252;252m@@@@@@@[38;2;187;187;187m$ [38;2;0;0;217m0[38;2;0;0;203ml      [39m
 [38;2;0;0;0m    [38;2;3;2;174mJ[38;2;0;0;216m@  [38;2;236;236;236m_[38;2;216;216;216my[38;2;208;208;208m@[38;2;251;251;251m@[38;2;252;252;252m@[38;2;235;235;235m@[38;2;240;240;240mgggggg[38;2;216;216;216m@[38;2;251;251;251m@[38;2;252;252;252m@@@@@@@[38;2;196;196;196m$ [38;2;0;0;213m0[38;2;0;0;206ml      [39m
 [38;2;0;0;0m    [38;2;3;2;172mJ[38;2;0;0;218m@ [38;2;153;153;153m$[38;2;251;251;251m@[38;2;252;252;252m@@@@@@@@@@@@@@@@@@@@[38;2;202;202;202m$ [38;2;0;0;212m3[38;2;1;1;207m[      [39m
 [38;2;0;0;0m    [38;2;3;2;164mJ[38;2;0;0;223m@ [38;2;190;190;190m4[38;2;251;251;251m@[38;2;252;252;252m@@@@@@@@@@@@@@@@@@@@[38;2;201;201;201m@ [38;2;0;0;213m4[38;2;1;1;213m[      [39m
 [38;2;0;0;0m     [38;2;0;0;230m@ [38;2;173;173;174m4[38;2;251;251;251m@[38;2;252;252;252m@@@@@@@@@@@@@@@@@@@@[38;2;219;219;219m@ [38;2;0;1;205m4[38;2;1;0;220m[      [39m
 [38;2;0;0;0m     [38;2;0;0;235m@ [38;2;152;152;152m4[38;2;251;251;251m@[38;2;252;252;252m@@@@@@@@@@@@@@@@@@@@[38;2;235;235;235m@ [38;2;0;0;195mJ[38;2;0;0;225m[      [39m
 [38;2;0;0;0m     [38;2;0;0;236m@ [38;2;108;108;108m4[38;2;251;251;251m@[38;2;252;252;252m@@@@@@@@@@@@@@@@@@@@[38;2;233;233;233m@ [38;2;0;1;199mj[38;2;1;1;206m$      [39m
 [38;2;0;0;0m     [38;2;0;0;214m~[38;2;0;0;218m$[38;2;0;0;195m,[38;2;153;153;153m7[38;2;192;192;192mA[38;2;245;245;245m@[38;2;251;251;251m@@[38;2;244;244;244m@[38;2;217;217;217mP[38;2;172;172;172mF[38;2;169;169;169mM[38;2;220;220;220m@[38;2;251;251;251m@@[38;2;250;250;250m@[38;2;204;204;204m@[38;2;196;196;196mF[38;2;175;175;175mF@[38;2;249;249;249m@[38;2;251;251;251m@[38;2;250;250;250m@[38;2;190;190;190m@[38;2;140;140;140m~[38;2;1;0;204m_[38;2;0;0;226m$'      [39m
 [38;2;0;0;0m      [38;2;2;1;205m~[38;2;0;0;223m4[38;2;0;0;229ma[38;2;0;0;213my[38;2;0;0;227m_[38;2;126;126;126m`[38;2;124;124;124m`[38;2;0;0;226m_[38;2;0;0;211my[38;2;0;0;227ma[38;2;0;0;219mg[38;2;0;0;225m_[38;2;0;0;228m_[38;2;157;157;157m`[38;2;0;0;227m_[38;2;0;0;225m_a[38;2;0;0;227ma[38;2;0;0;224m_[38;2;0;0;227m_[38;2;137;137;137m`[38;2;0;0;228m_[38;2;0;0;225m_[38;2;0;0;227ma[38;2;0;0;222mP[38;2;0;0;224m'       [39m
 [38;2;0;0;0m         [38;2;0;0;227m`[38;2;0;0;229m~[38;2;0;0;226m~[38;2;0;0;225m~[38;2;0;0;229m~[38;2;1;2;199m~ [38;2;2;2;195m`[38;2;0;0;227m~[38;2;0;0;226m~[38;2;0;0;224m~[38;2;0;0;226m~[38;2;0;0;225m~  [38;2;2;1;206m~[38;2;0;0;228m~[38;2;0;0;224m~[38;2;0;0;226m~[38;2;0;0;221m~          [39m
 [38;2;0;0;0m                                       [39m
 [38;2;0;0;0m                                       [39m
[?25h