[?25l[39m [38;2;0;0;0m              [38;2;0;0;231m_[38;2;0;0;225m_[38;2;1;1;207my[38;2;0;0;219myaay[38;2;1;1;207my[38;2;0;0;225m_[38;2;0;0;231m_               [39m
 [38;2;0;0;0m          [38;2;0;0;222m_[38;2;0;0;216my[38;2;1;0;211m@[38;2;0;0;220m=[38;2;0;0;225m~[38;2;0;0;223m~[38;2;192;192;192m_[38;2;240;240;240m_[38;2;250;250;250m__[38;2;240;240;240m_[38;2;193;193;193m_[38;2;0;0;223m~[38;2;0;0;226m~[38;2;0;0;220m=[38;2;0;0;215m@y[38;2;0;0;222m_           [39m
 [38;2;0;0;0m        [38;2;0;0;223m_[38;2;0;0;229ma[38;2;0;0;213mF[38;2;1;0;226m`[38;2;147;147;147my[38;2;200;200;200mg[38;2;226;226;226m$[38;2;251;251;251m@@[38;2;252;252;252m@@@@[38;2;251;251;251m@@[38;2;218;218;218m@[38;2;200;200;200mg[38;2;136;136;136my[38;2;0;0;226m`[38;2;0;0;209m?[38;2;0;0;220m$[38;2;0;0;224m_         [39m
 [38;2;0;0;0m       [38;2;0;0;220mg[38;2;0;0;226mF [38;2;188;188;188my[38;2;225;225;225m@[38;2;251;251;251m@[38;2;252;252;252m@@@@@@@@@@@@[38;2;251;251;251m@[38;2;235;235;235m@[38;2;181;181;181my [38;2;0;0;195mN[38;2;0;0;221mg        [39m
 [38;2;0;0;0m      [38;2;0;0;227mg[38;2;0;0;210mF [38;2;225;225;225mg[38;2;251;251;251m@[38;2;252;252;252m@@@@@@@@@@@@@@@@[38;2;251;251;251m@[38;2;199;199;199m@ [38;2;0;0;216m~[38;2;0;0;225m$       [39m
 [38;2;0;0;0m     [38;2;0;0;209mj[38;2;0;0;227mF [38;2;208;208;208mg[38;2;251;251;251m@@[38;2;208;208;208mF[38;2;174;174;174mT@[38;2;247;247;247m@[38;2;251;251;251m@[38;2;252;252;252m@@@@@@@@@@@@[38;2;251;251;251m@[38;2;187;187;187m@ [38;2;0;0;218m?[38;2;0;0;222mi      [39m
 [38;2;0;0;0m     [38;2;0;0;219m@  [38;2;246;246;246m@[38;2;252;252;252m@[38;2;251;251;251m@[38;2;240;240;240mg[38;2;186;186;186my[38;2;179;179;179m_ [38;2;194;194;194m~[38;2;174;174;174mF[38;2;238;238;238m@[38;2;252;252;252m@[38;2;242;242;242m@[38;2;183;183;183mM[38;2;192;192;192mFFFFF[38;2;180;180;180mM[38;2;242;242;242m@[38;2;252;252;252m@[38;2;250;250;250m@  [38;2;0;0;226m$      [39m
 [38;2;0;0;0m     [38;2;0;0;226m@  [38;2;249;249;249m@[38;2;252;252;252m@@[38;2;204;204;204m@[38;2;190;190;190mF[38;2;167;167;167m~ [38;2;212;212;212m_[38;2;203;203;203my[38;2;228;228;228m@[38;2;252;252;252m@[38;2;238;238;238m@[38;2;213;213;213my[38;2;203;203;203myyyyy[38;2;216;216;216my[38;2;236;236;236m@[38;2;252;252;252m@[38;2;251;251;251m@  [38;2;0;0;226m@      [39m
 [38;2;0;0;0m     [38;2;0;0;226m@  [38;2;249;249;249m@[38;2;252;252;252m@[38;2;251;251;251m@[38;2;202;202;202my[38;2;183;183;183my[38;2;228;228;228mg[38;2;237;237;237m@[38;2;251;251;251m@[38;2;252;252;252m@@@@@@@@@@@@@[38;2;251;251;251m@  [38;2;0;0;226m@      [39m
 [38;2;0;0;0m     [38;2;0;0;226m@  [38;2;249;249;249m@[38;2;252;252;252m@@@@@@@@@@@@@@@@@@@@[38;2;251;251;251m@  [38;2;0;0;226m@      [39m
 [38;2;0;0;0m     [38;2;0;0;226m@  [38;2;249;249;249m@[38;2;252;252;252m@@@@@@@@@@@@@@@@@@@@[38;2;251;251;251m@  [38;2;0;0;226m@      [39m
 [38;2;0;0;0m     [38;2;0;0;226m@  [38;2;249;249;249m@[38;2;252;252;252m@@@@@@@@@@@@@@@@@@@@[38;2;251;251;251m@  [38;2;0;0;227m@      [39m
 [38;2;0;0;0m     [38;2;0;0;226m@  [38;2;249;249;249m@[38;2;252;252;252m@@@@@@@@@@@@@@@@@@@@[38;2;251;251;251m@  [38;2;0;0;227m@      [39m
 [38;2;0;0;0m     [38;2;0;0;225m@  [38;2;250;250;250m@[38;2;252;252;252m@@@@@@@@@@@@@@@@@@@@[38;2;251;251;251m@  [38;2;0;0;226m@      [39m
 [38;2;0;0;0m     [38;2;0;0;208m@[38;2;0;0;232mL [38;2;184;184;184m4[38;2;251;251;251m@[38;2;252;252;252m@@@[38;2;251;251;251m@[38;2;237;237;237m@[38;2;212;212;212m@[38;2;248;248;248m@[38;2;251;251;251m@[38;2;252;252;252m@@[38;2;251;251;251m@[38;2;248;248;248m@[38;2;211;211;211m@[38;2;235;235;235m@[38;2;251;251;251m@[38;2;252;252;252m@@@[38;2;251;251;251m@[38;2;229;229;229mF [38;2;0;0;231mj[38;2;0;0;215m@      [39m
 [38;2;0;0;0m     [38;2;2;2;195m`[38;2;0;0;218m@[38;2;0;0;226mg_[38;2;165;165;165m`[38;2;237;237;237m~[38;2;251;251;251m~[38;2;247;247;247m~[38;2;144;144;144m~[38;2;0;0;227m_[38;2;0;0;226m_[38;2;0;0;224m_[38;2;202;202;202m~[38;2;250;250;250m~[38;2;251;251;251m~[38;2;220;220;220m~[38;2;0;0;223m_[38;2;0;0;226m_[38;2;0;0;228m_[38;2;127;127;127m~[38;2;245;245;245m~[38;2;251;251;251m~[38;2;242;242;242m~[38;2;174;174;174m`[38;2;0;0;226m_g[38;2;0;0;221m@[38;2;0;0;219m'      [39m
 [38;2;0;0;0m       [38;2;0;0;228m~[38;2;0;0;225m4[38;2;0;0;227m@[38;2;0;0;226m@[38;2;0;0;227m@@@[38;2;0;0;226mP[38;2;0;0;228m=[38;2;0;0;225m@[38;2;0;0;226m@[38;2;0;0;227m@@[38;2;0;0;226m@[38;2;0;0;225m@[38;2;0;0;228m=[38;2;0;0;219mR[38;2;0;0;227m@@@[38;2;0;0;226m@[38;2;0;0;227m@[38;2;0;0;225mP[38;2;0;0;228m~        [39m
 [38;2;0;0;0m          [38;2;2;1;200m`[38;2;1;1;220m`[38;2;2;1;208m`     [38;2;1;1;220m`[38;2;1;1;216m`     [38;2;2;1;211m`[38;2;1;1;222m`[38;2;3;2;200m`           [39m
 [38;2;0;0;0m                                       [39m
[?25h