[?25l[39m [38;2;0;0;0m                                       [39m
 [38;2;0;0;0m              [38;2;0;0;226m_[38;2;0;0;227m_[38;2;0;0;225m_[38;2;1;1;208my[38;2;0;0;217my[38;2;0;0;218my[38;2;0;0;212my[38;2;0;0;225m_[38;2;0;0;227m_[38;2;0;0;228m_               [39m
 [38;2;0;0;0m           [38;2;0;0;224m_[38;2;0;0;228ma[38;2;0;0;225mP[38;2;0;0;226m~[38;2;0;0;227m~[38;2;103;103;103m_[38;2;187;187;187m_[38;2;245;245;245m_[38;2;250;250;250m_[38;2;216;216;216m_[38;2;137;137;137m_[38;2;0;0;229m~[38;2;0;0;225m~=[38;2;0;0;216m@[38;2;0;0;214my[38;2;0;0;224m_           [39m
 [38;2;0;0;0m        [38;2;2;1;192m_[38;2;0;0;222ma[38;2;0;0;226mP[38;2;0;0;223m~[38;2;180;180;180m_[38;2;204;204;204my[38;2;245;245;245mg[38;2;239;239;239m@[38;2;252;252;252m@[38;2;251;251;251m@[38;2;252;252;252m@@[38;2;251;251;251m@@[38;2;250;250;250m@[38;2;221;221;221m@[38;2;207;207;207mg[38;2;143;143;143my[38;2;0;0;222m`[38;2;0;0;226m~[38;2;0;0;219m@[38;2;0;0;228m_         [39m
 [38;2;0;0;0m       [38;2;0;0;229m_[38;2;0;0;230mP[38;2;1;0;213m'[38;2;117;117;117my[38;2;242;242;242mg[38;2;251;251;251m@[38;2;252;252;252m@@@@@@@@@@@@@[38;2;241;241;241m@[38;2;197;197;197my [38;2;0;0;228m~[38;2;0;0;222m$[38;2;1;0;209m,       [39m
 [38;2;0;0;0m      [38;2;0;0;221mj[38;2;0;0;231mF [38;2;177;177;177mg[38;2;250;250;250m@[38;2;252;252;252m@@@@@@@@@@@@@@@@@[38;2;222;222;222m@[38;2;100;100;100m_[38;2;1;0;203m"[38;2;0;0;230m$[38;2;1;0;199m,      [39m
 [38;2;0;0;0m      [38;2;0;0;230m@ [38;2;156;156;156my[38;2;251;251;251m@[38;2;228;228;228m@[38;2;180;180;180mF[38;2;171;171;171m#[38;2;230;230;230m@[38;2;251;251;251m@[38;2;252;252;252m@@@@@@@@@@@@@@[38;2;227;227;227m@ [38;2;0;0;208m"[38;2;0;0;217m$      [39m
 [38;2;0;0;0m     [38;2;0;0;211mJ[38;2;1;0;212m[ [38;2;219;219;219m$[38;2;252;252;252m@[38;2;240;240;240m@[38;2;214;214;214my[38;2;236;236;236m_ [38;2;216;216;216m`[38;2;248;248;248m~[38;2;180;180;180m@[38;2;251;251;251m@@[38;2;209;209;209m@[38;2;207;207;207mF[38;2;206;206;206mFFFFF[38;2;189;189;189m@[38;2;251;251;251m@[38;2;252;252;252m@[38;2;251;251;251m@[38;2;137;137;138mL [38;2;0;0;236m$      [39m
 [38;2;0;0;0m     [38;2;1;0;211m4[38;2;0;0;204m[ [38;2;233;233;233m$[38;2;252;252;252m@[38;2;249;249;249m@[38;2;182;182;182m@[38;2;169;169;169mF[38;2;103;103;103m~ [38;2;137;137;137my[38;2;193;193;193mg[38;2;251;251;251m@@[38;2;179;179;179m@[38;2;188;188;188myyyyyy[38;2;200;200;200mg[38;2;251;251;251m@[38;2;252;252;252m@[38;2;251;251;251m@[38;2;143;143;143mF [38;2;0;0;235m$      [39m
 [38;2;0;0;0m     [38;2;0;0;211m4[38;2;0;0;203m[ [38;2;234;234;234m$[38;2;252;252;252m@[38;2;225;225;225m$[38;2;152;152;152my[38;2;190;190;190my[38;2;244;244;244mg[38;2;247;247;247m@[38;2;252;252;252m@@@@@@@@@@@@@@@[38;2;141;141;141mF [38;2;0;0;237m$      [39m
 [38;2;0;0;0m     [38;2;0;0;213m4[38;2;0;0;201m[ [38;2;222;222;222m@[38;2;252;252;252m@@@@@@@@@@@@@@@@@@@@@[38;2;135;135;136mF [38;2;0;0;236m$      [39m
 [38;2;0;0;0m     [38;2;0;0;216m4[38;2;0;0;197m[ [38;2;228;228;228m@[38;2;252;252;252m@@@@@@@@@@@@@@@@@@@@@[38;2;124;124;124mF [38;2;0;0;237m$      [39m
 [38;2;0;0;0m     [38;2;0;0;220m4[38;2;0;0;190m[ [38;2;235;235;235m@[38;2;252;252;252m@@@@@@@@@@@@@@@@@@@@[38;2;251;251;251m@[38;2;122;122;122mL [38;2;0;0;232m@      [39m
 [38;2;0;0;0m     [38;2;0;0;212m$  [38;2;242;242;242m@[38;2;252;252;252m@@@@@@@@@@@@@@@@@@@@[38;2;251;251;251m@[38;2;103;103;103mL [38;2;0;0;231m@      [39m
 [38;2;0;0;0m     [38;2;0;0;212m@  [38;2;239;239;239m@[38;2;252;252;252m@@@@@@@@@@@@@@@@@@@@[38;2;250;250;250m@[38;2;65;65;66m~ [38;2;0;0;227m@      [39m
 [38;2;0;0;0m     [38;2;1;1;209m`[38;2;0;0;225m@[38;2;0;0;212m,[38;2;152;152;152m~[38;2;189;189;189m@[38;2;250;250;250m@[38;2;211;211;211m@[38;2;199;199;199mF[38;2;179;179;179mF[38;2;174;174;174m@[38;2;248;248;248m@[38;2;252;252;252m@@[38;2;238;238;238m@[38;2;205;205;205mP[38;2;180;180;180mF[38;2;178;178;178mP[38;2;231;231;231m@[38;2;252;252;252m@@[38;2;250;250;250m@[38;2;195;195;195m@[38;2;190;190;190mF[38;2;162;162;162mM[38;2;205;205;205m~ [38;2;0;0;229ma[38;2;2;1;197mF      [39m
 [38;2;0;0;0m      [38;2;1;0;215m`[38;2;0;0;221m4[38;2;0;0;226mg_[38;2;0;0;225m_[38;2;0;0;227m_[38;2;0;0;225ma[38;2;0;0;228ma[38;2;0;0;226m_[38;2;0;0;225m_[38;2;135;135;135m`[38;2;118;118;118m`[38;2;0;0;225m_[38;2;0;0;216my[38;2;0;0;227ma[38;2;0;0;218my[38;2;0;0;225m_[38;2;114;114;114m`[38;2;138;138;138m`[38;2;0;0;225m__g[38;2;0;0;223mg[38;2;0;0;225mg[38;2;0;0;227mP[38;2;1;1;201m~       [39m
 [38;2;0;0;0m         [38;2;0;0;222m~[38;2;0;0;226m~[38;2;0;0;224m~  [38;2;2;1;212m~[38;2;0;0;226m~~[38;2;0;0;225m~[38;2;0;0;226m~[38;2;0;0;223m` [38;2;0;0;219m`[38;2;0;0;225m~[38;2;0;0;226m~~~[38;2;1;0;217m~  [38;2;3;3;187m`         [39m
 [38;2;0;0;0m                                       [39m
[?25h