[?25l[39m [38;2;0;0;0m                                       [39m
 [38;2;0;0;0m              [38;2;0;0;226m_[38;2;0;0;227m_[38;2;1;1;205my[38;2;0;0;218my[38;2;0;0;219maa[38;2;0;0;220my[38;2;1;1;208my[38;2;0;0;226m__[38;2;3;2;185m_              [39m
 [38;2;0;0;0m          [38;2;0;0;209m_[38;2;1;0;209my[38;2;0;0;227mg[38;2;0;0;226mP~[38;2;0;0;225m~[38;2;0;0;232m~[38;2;127;127;127m_[38;2;162;162;162m_[38;2;168;168;168m_[38;2;138;138;138m_[38;2;0;0;231m~[38;2;0;0;226m~~[38;2;0;0;223m4@[38;2;1;1;211mg[38;2;0;0;229m_           [39m
 [38;2;0;0;0m        [38;2;0;0;212m_[38;2;0;0;226mg[38;2;0;0;227mP~[38;2;142;142;142m_[38;2;189;189;189my[38;2;234;234;234mg[38;2;227;227;227m@[38;2;251;251;251m@[38;2;252;252;252m@[38;2;251;251;251m@@@[38;2;252;252;252m@[38;2;239;239;239m@[38;2;245;245;245mg[38;2;209;209;209my[38;2;214;214;214m_[38;2;0;0;216m~[38;2;0;0;212m4[38;2;0;0;222m@[38;2;0;0;229m_         [39m
 [38;2;0;0;0m       [38;2;0;0;213my[38;2;0;0;217m@[38;2;1;0;205m~[38;2;181;181;181m_[38;2;233;233;233mg[38;2;251;251;251m@[38;2;252;252;252m@@@@@@@@@@@@@[38;2;222;222;222m@[38;2;162;162;162my [38;2;0;0;198m#[38;2;0;0;226mg[38;2;1;1;203m,       [39m
 [38;2;0;0;0m      [38;2;0;0;213mg[38;2;0;0;230mF [38;2;176;176;176mg[38;2;250;250;250m@[38;2;252;252;252m@@@@@@@@@@@@@@@@[38;2;251;251;251m@[38;2;198;198;198m@ [38;2;0;0;215m~[38;2;0;0;230m$       [39m
 [38;2;0;0;0m     [38;2;2;2;179mj[38;2;0;0;226m@ [38;2;137;137;137mg[38;2;193;193;193mM[38;2;178;178;178m#[38;2;231;231;231m@[38;2;251;251;251m@[38;2;252;252;252m@@@@@@@@@@@@@@@@[38;2;202;202;202m@ [38;2;0;0;208m?[38;2;0;0;211m$      [39m
 [38;2;0;0;0m     [38;2;0;0;214m4[38;2;0;0;206m[ [38;2;228;228;228m$[38;2;215;215;215my[38;2;234;234;234m_ [38;2;221;221;221m`[38;2;249;249;249m~[38;2;173;173;173m@[38;2;251;251;251m@[38;2;252;252;252m@[38;2;243;243;243m@[38;2;170;170;170m@[38;2;218;218;218mPPPPP[38;2;186;186;186m@[38;2;251;251;251m@[38;2;252;252;252m@@@[38;2;251;251;251m@[38;2;84;84;84mL [38;2;0;0;231m@      [39m
 [38;2;0;0;0m     [38;2;0;0;217m4[38;2;0;0;194m[ [38;2;232;232;232m@[38;2;224;224;224m@[38;2;214;214;214mF[38;2;170;170;170m~ [38;2;150;150;150m_[38;2;183;183;183my[38;2;237;237;237m@[38;2;251;251;251m@[38;2;218;218;218m$[38;2;170;170;170my[38;2;165;165;165myyyyy[38;2;195;195;195my[38;2;240;240;240m@[38;2;252;252;252m@@@@[38;2;131;131;131mL [38;2;0;0;236m$      [39m
 [38;2;0;0;0m     [38;2;0;0;219m4[38;2;0;0;193m[ [38;2;238;238;238m$[38;2;252;252;252m_[38;2;152;152;152my[38;2;192;192;192mg[38;2;228;228;228m$[38;2;251;251;251m@[38;2;252;252;252m@@@@@@@@@@@@@@@[38;2;251;251;251m@[38;2;126;126;126mL [38;2;0;0;236m$      [39m
 [38;2;0;0;0m     [38;2;0;0;220m4[38;2;0;0;191m[ [38;2;235;235;235m@[38;2;252;252;252m@@@@@@@@@@@@@@@@@@@@[38;2;251;251;251m@[38;2;120;120;121mL [38;2;0;0;232m@      [39m
 [38;2;0;0;0m     [38;2;0;0;221m4  [38;2;239;239;239m@[38;2;252;252;252m@@@@@@@@@@@@@@@@@@@@[38;2;251;251;251m@[38;2;112;112;113mL [38;2;0;0;231m@      [39m
 [38;2;0;0;0m     [38;2;0;0;213m$  [38;2;244;244;244m@[38;2;252;252;252m@@@@@@@@@@@@@@@@@@@@[38;2;251;251;251m@[38;2;98;98;98mL [38;2;0;0;231m@      [39m
 [38;2;0;0;0m     [38;2;0;0;216m@  [38;2;247;247;247m@[38;2;252;252;252m@@@@@@@@@@@@@@@@@@@@[38;2;251;251;251m@[38;2;84;84;84mL [38;2;0;0;230m@      [39m
 [38;2;0;0;0m     [38;2;0;0;215m4[38;2;0;0;214mL [38;2;192;192;192m$[38;2;251;251;251m@@@[38;2;252;252;252m@@@@@@[38;2;251;251;251m@@[38;2;252;252;252m@@@@@[38;2;251;251;251m@@[38;2;252;252;252m@[38;2;251;251;251m@[38;2;224;224;224m@ [38;2;0;0;201mj[38;2;0;0;214m@      [39m
 [38;2;0;0;0m      [38;2;0;0;227m4[38;2;0;0;216my[38;2;0;0;192m_[38;2;224;224;224m~[38;2;135;135;135m~[38;2;139;139;139m`[38;2;188;188;188m~[38;2;178;178;178mF[38;2;188;188;188mR[38;2;166;166;166m@[38;2;200;200;200mF[38;2;208;208;208m~[38;2;136;136;136m`[38;2;112;112;112m~[38;2;245;245;245m~[38;2;197;197;197mP[38;2;196;196;196mR[38;2;198;198;198mP[38;2;244;244;244m~[38;2;105;105;105m~[38;2;158;158;158m`[38;2;216;216;216m~[38;2;244;244;244m~ [38;2;0;0;211my[38;2;0;0;216m@[38;2;0;0;208m'      [39m
 [38;2;0;0;0m       [38;2;0;0;219m~[38;2;0;0;220m=[38;2;0;0;217m@[38;2;0;0;220mP[38;2;0;0;226m~[38;2;0;0;217mR[38;2;0;0;228ma[38;2;0;0;229mgg[38;2;0;0;228ma[38;2;0;0;224mP[38;2;0;0;226m~[38;2;0;0;229m=[38;2;0;0;226ma[38;2;0;0;227mg[38;2;0;0;229mg[38;2;0;0;225mg[38;2;0;0;223ms[38;2;1;0;210mP[38;2;0;0;226m~[38;2;1;0;212m@[38;2;0;0;223ms[38;2;0;0;211mP[38;2;0;0;221m~        [39m
 [38;2;0;0;0m                                       [39m
 [38;2;0;0;0m                                       [39m
[?25h