[?25l[39m [38;2;0;0;0m                                       [39m
 [38;2;0;0;0m             [38;2;0;0;227m_[38;2;0;0;226m_[38;2;1;1;210my[38;2;0;0;220mg[38;2;0;0;226mg[38;2;0;0;228mgg[38;2;0;0;226mg[38;2;0;0;221mg[38;2;1;1;212my[38;2;0;0;225m_[38;2;0;0;226m_              [39m
 [38;2;0;0;0m          [38;2;0;0;230m_[38;2;0;0;226ma[38;2;0;0;227m@[38;2;0;0;223mP[38;2;0;0;227m~~[38;2;90;90;90m_[38;2;165;165;165m_[38;2;219;219;219m_[38;2;222;222;222m_[38;2;174;174;174m_[38;2;104;104;104m_[38;2;0;0;228m~[38;2;0;0;226m~[38;2;0;0;222m4[38;2;0;0;227m@[38;2;0;0;225mg[38;2;0;0;230m_           [39m
 [38;2;0;0;0m        [38;2;0;0;229m_[38;2;0;0;220m@P[38;2;0;0;222m~[38;2;195;195;195m_[38;2;207;207;207my[38;2;245;245;245mg[38;2;238;238;238m@[38;2;252;252;252m@[38;2;251;251;251m@@@@[38;2;252;252;252m@[38;2;245;245;245m@[38;2;205;205;205m@[38;2;216;216;216my[38;2;222;222;222m_[38;2;0;0;211m~[38;2;0;0;214m?[38;2;0;0;226m@[38;2;0;0;229m_         [39m
 [38;2;0;0;0m       [38;2;0;0;223mg[38;2;0;0;228mP[38;2;1;0;208m'[38;2;147;147;147my[38;2;245;245;245mg[38;2;251;251;251m@[38;2;252;252;252m@@@@@@@@@@@@[38;2;251;251;251m@[38;2;226;226;226m@[38;2;164;164;165my [38;2;0;0;199m#[38;2;0;0;226m$[38;2;1;0;218m,       [39m
 [38;2;0;0;0m      [38;2;0;0;226mg[38;2;0;0;225mF [38;2;198;198;198mg[38;2;251;251;251m@[38;2;252;252;252m@@@@@@@@@@@@@@@@[38;2;251;251;251m@[38;2;196;196;196m@ [38;2;0;0;218m~[38;2;0;0;227m@       [39m
 [38;2;0;0;0m     [38;2;1;0;205mj[38;2;0;0;216m@ [38;2;78;78;78m4[38;2;181;181;181mF[38;2;201;201;201m@[38;2;251;251;251m@[38;2;252;252;252m@@@@@@@@@@@@@@@@[38;2;251;251;251m@[38;2;193;193;193m@ [38;2;0;0;213m?[38;2;1;0;209m$      [39m
 [38;2;0;0;0m     [38;2;0;0;217mg[38;2;0;0;194m[ [38;2;213;213;213mg[38;2;164;164;164my[38;2;115;115;115m_[38;2;77;77;77m`[38;2;232;232;232m~[38;2;182;182;182mP[38;2;244;244;244m@[38;2;252;252;252m@[38;2;247;247;247m@[38;2;220;220;220mP[38;2;203;203;203mPPPPP[38;2;194;194;194mA[38;2;247;247;247m@[38;2;252;252;252m@@@@[38;2;251;251;251m@  [38;2;0;0;228m@      [39m
 [38;2;0;0;0m     [38;2;0;0;214m@  [38;2;222;222;222m@[38;2;216;216;216mF[38;2;213;213;213m~ [38;2;137;137;137m_[38;2;177;177;177my[38;2;214;214;214m@[38;2;252;252;252m@[38;2;235;235;235m@[38;2;193;193;193my[38;2;181;181;181myyyyy[38;2;194;194;194my[38;2;224;224;224m@[38;2;252;252;252m@@@@[38;2;251;251;251m@[38;2;93;93;93mL [38;2;0;0;230m@      [39m
 [38;2;0;0;0m     [38;2;0;0;215m@  [38;2;181;181;181my[38;2;154;154;154my[38;2;221;221;221my[38;2;226;226;226m$[38;2;251;251;251m@[38;2;252;252;252m@@@@@@@@@@@@@@@@[38;2;251;251;251m@[38;2;88;88;89mL [38;2;0;0;231m@      [39m
 [38;2;0;0;0m     [38;2;0;0;216m@  [38;2;247;247;247m@[38;2;252;252;252m@@@@@@@@@@@@@@@@@@@@[38;2;251;251;251m@[38;2;84;84;85mL [38;2;0;0;231m@      [39m
 [38;2;0;0;0m     [38;2;0;0;217m@  [38;2;248;248;248m@[38;2;252;252;252m@@@@@@@@@@@@@@@@@@@@[38;2;251;251;251m@[38;2;80;80;80mL [38;2;0;0;230m@      [39m
 [38;2;0;0;0m     [38;2;0;0;219m@  [38;2;250;250;250m@[38;2;252;252;252m@@@@@@@@@@@@@@@@@@@@[38;2;251;251;251m@[38;2;70;70;71mL [38;2;0;0;230m@      [39m
 [38;2;0;0;0m     [38;2;0;0;221m@  [38;2;250;250;250m@[38;2;252;252;252m@@@@@@@@@@@@@@@@@@@@[38;2;251;251;251m@  [38;2;0;0;229m@      [39m
 [38;2;0;0;0m     [38;2;1;1;207m4[38;2;0;0;229mL [38;2;206;206;206m4[38;2;250;250;250m@[38;2;243;243;243m@[38;2;248;248;248m@[38;2;251;251;251m@[38;2;252;252;252m@@@[38;2;251;251;251m@[38;2;245;245;245m@[38;2;244;244;244m@[38;2;251;251;251m@[38;2;252;252;252m@@@@[38;2;249;249;249m@[38;2;243;243;243m@[38;2;250;250;250m@[38;2;252;252;252m@[38;2;251;251;251m@[38;2;180;180;180m@ [38;2;0;0;226mjF      [39m
 [38;2;0;0;0m      [38;2;0;0;216m?[38;2;0;0;224mg[38;2;0;0;226m_[38;2;0;0;218m_[38;2;0;0;226m_[38;2;0;0;224m_[38;2;194;194;194m~[38;2;175;175;175mT[38;2;180;180;180mF[38;2;250;250;250m~[38;2;143;143;143m~[38;2;0;0;228m_[38;2;0;0;227m_[38;2;104;104;104m~[38;2;247;247;247m~[38;2;177;177;177mF[38;2;172;172;172mF[38;2;226;226;226m~[38;2;0;0;221m_[38;2;0;0;225m_[38;2;0;0;214m_[38;2;222;222;222m~[38;2;160;160;160m~[38;2;0;0;228m_[38;2;0;0;225ma[38;2;0;0;224mF       [39m
 [38;2;0;0;0m       [38;2;2;1;207m`[38;2;0;0;225m~[38;2;0;0;227m~[38;2;0;0;228m~[38;2;0;0;226m~[38;2;0;0;229m=[38;2;0;0;217mR[38;2;0;0;211m@[38;2;0;0;215mR[38;2;0;0;229m=[38;2;0;0;227m~[38;2;0;0;226m~[38;2;0;0;228m=[38;2;0;0;214mR[38;2;0;0;211m@[38;2;0;0;218m#P[38;2;0;0;226m~[38;2;0;0;227m~[38;2;0;0;226m~[38;2;0;0;218m4[38;2;0;0;229m=[38;2;0;0;226m~[38;2;1;0;211m'        [39m
 [38;2;0;0;0m                                       [39m
 [38;2;0;0;0m                                       [39m
[?25h