[?25l[39m [38;2;0;0;0m                                       [39m
 [38;2;0;0;0m              [38;2;1;0;214m_[38;2;0;0;226m__[38;2;0;0;225m_[38;2;1;1;201my[38;2;1;1;200my[38;2;0;0;225m_[38;2;0;0;227m__[38;2;0;0;213m_               [39m
 [38;2;0;0;0m           [38;2;0;0;224m_[38;2;0;0;226mgP~[38;2;0;0;225m~[38;2;0;0;232m~[38;2;129;129;129m_[38;2;159;159;159m__[38;2;129;129;129m_[38;2;0;0;232m~[38;2;0;0;225m~~4[38;2;0;0;226mg[38;2;0;0;224m_[38;2;1;2;192m,           [39m
 [38;2;0;0;0m        [38;2;1;1;205m_[38;2;0;0;225maP~[38;2;178;178;178m_[38;2;197;197;197my[38;2;239;239;239mg[38;2;230;230;230m@[38;2;251;251;251m@[38;2;252;252;252m@[38;2;251;251;251m@@[38;2;252;252;252m@[38;2;251;251;251m@[38;2;234;234;234m@[38;2;239;239;239mg[38;2;197;197;197my[38;2;178;178;178m_[38;2;0;0;221m~[38;2;0;0;223m4[38;2;0;0;222mg[38;2;0;0;204m_         [39m
 [38;2;0;0;0m       [38;2;0;0;213my[38;2;0;0;229mP[38;2;1;0;209m'[38;2;144;144;144my[38;2;245;245;245mg[38;2;251;251;251m@[38;2;252;252;252m@@@@@@@@@@@@[38;2;251;251;251m@[38;2;218;218;218m$[38;2;129;129;129my[38;2;1;1;205m`[38;2;0;0;228m4[38;2;1;0;214my        [39m
 [38;2;0;0;0m      [38;2;0;0;218mg[38;2;0;0;224mF [38;2;201;201;201mg[38;2;251;251;251m@[38;2;252;252;252m@@@@@@@@@@@@@@@@[38;2;251;251;251m@[38;2;167;167;167m@ [38;2;0;0;227m~[38;2;0;0;215m$       [39m
 [38;2;0;0;0m     [38;2;1;1;201mj[38;2;0;0;231mF [38;2;188;188;188mg[38;2;251;251;251m@@[38;2;220;220;220mP[38;2;183;183;183mM[38;2;220;220;220m@[38;2;251;251;251m@[38;2;252;252;252m@@@@@@@@@@@@@[38;2;251;251;251m@[38;2;168;168;168m$ [38;2;0;0;220m4[38;2;0;0;215mi      [39m
 [38;2;0;0;0m     [38;2;0;0;216m@[38;2;0;0;182m[ [38;2;242;242;242m@[38;2;252;252;252m@@[38;2;199;199;199mg[38;2;139;139;139my[38;2;63;63;63m_[38;2;170;170;170m`[38;2;246;246;246m~[38;2;192;192;192mA[38;2;249;249;249m@[38;2;252;252;252m@[38;2;249;249;249m@[38;2;230;230;230mP[38;2;219;219;219mPPPPP[38;2;175;175;175m@[38;2;250;250;250m@[38;2;252;252;252m@[38;2;248;248;248m@  [38;2;0;0;225m$      [39m
 [38;2;0;0;0m     [38;2;0;0;225m@  [38;2;249;249;249m@[38;2;252;252;252m@[38;2;251;251;251m@[38;2;236;236;236m@[38;2;206;206;206mP[38;2;209;209;209m~ [38;2;90;90;90m_[38;2;164;164;164my[38;2;212;212;212m@[38;2;252;252;252m@[38;2;228;228;228m@[38;2;175;175;175my[38;2;162;162;162myyyyy[38;2;180;180;180my[38;2;222;222;222m@[38;2;252;252;252m@[38;2;251;251;251m@  [38;2;0;0;227m@      [39m
 [38;2;0;0;0m     [38;2;0;0;225m@  [38;2;249;249;249m@[38;2;252;252;252m@[38;2;251;251;251m@[38;2;156;156;156my[38;2;252;252;252m_[38;2;210;210;210my[38;2;251;251;251mg@[38;2;252;252;252m@@@@@@@@@@@@@[38;2;251;251;251m@  [38;2;0;0;227m@      [39m
 [38;2;0;0;0m     [38;2;0;0;225m@  [38;2;249;249;249m@[38;2;252;252;252m@@@@@@@@@@@@@@@@@@@@[38;2;251;251;251m@  [38;2;0;0;227m@      [39m
 [38;2;0;0;0m     [38;2;0;0;225m@  [38;2;249;249;249m@[38;2;252;252;252m@@@@@@@@@@@@@@@@@@@@[38;2;251;251;251m@  [38;2;0;0;226m@      [39m
 [38;2;0;0;0m     [38;2;0;0;225m@  [38;2;249;249;249m@[38;2;252;252;252m@@@@@@@@@@@@@@@@@@@@[38;2;251;251;251m@  [38;2;0;0;227m@      [39m
 [38;2;0;0;0m     [38;2;0;0;225m@  [38;2;249;249;249m@[38;2;252;252;252m@@@@@@@@@@@@@@@@@@@@[38;2;251;251;251m@  [38;2;0;0;226m@      [39m
 [38;2;0;0;0m     [38;2;0;0;217m@[38;2;0;0;214m, [38;2;240;240;240m@[38;2;252;252;252m@@@@@@@@@@@@@@@@@@@@[38;2;247;247;247m@  [38;2;0;0;224m$      [39m
 [38;2;0;0;0m     [38;2;1;1;207m`[38;2;0;0;225m@[38;2;0;0;218m_[38;2;124;124;124m~[38;2;188;188;188mR[38;2;239;239;239m@[38;2;252;252;252m@[38;2;245;245;245m@[38;2;195;195;195m@[38;2;180;180;180mF[38;2;251;251;251m~[38;2;161;161;161m5[38;2;221;221;221m@[38;2;251;251;251m@@[38;2;224;224;224m@[38;2;213;213;213mF[38;2;251;251;251m~[38;2;175;175;175mT[38;2;185;185;185m@[38;2;245;245;245m@[38;2;251;251;251m@[38;2;240;240;240m@[38;2;176;176;176m@[38;2;158;158;158m~[38;2;0;0;215m_[38;2;0;0;232ma[38;2;0;0;231m'      [39m
 [38;2;0;0;0m      [38;2;2;2;204m`[38;2;0;0;213m?[38;2;0;0;226ma[38;2;0;0;212my[38;2;0;0;227m_[38;2;0;0;225m___[38;2;0;0;227ma[38;2;0;0;223m@[38;2;0;0;220mg[38;2;0;0;227m_[38;2;0;0;225m__[38;2;0;0;227m_[38;2;0;0;223ma[38;2;0;0;221m@[38;2;0;0;227ma[38;2;0;0;225m___[38;2;0;0;227m_[38;2;0;0;212my[38;2;0;0;226ma[38;2;0;0;216mF[38;2;0;0;219m'       [39m
 [38;2;0;0;0m         [38;2;0;0;226m`[38;2;0;0;224m~[38;2;0;0;227m~[38;2;0;0;226m~[38;2;3;1;203m~  [38;2;3;1;199m`[38;2;1;0;219m~[38;2;0;0;227m~~[38;2;0;0;220m~[38;2;2;2;197m`  [38;2;2;1;201m~[38;2;0;0;226m~[38;2;0;0;228m~[38;2;0;0;225m~[38;2;0;0;228m`          [39m
 [38;2;0;0;0m                                       [39m
[?25h