[?25l[39m [38;2;0;0;0m              [38;2;0;0;231m_[38;2;0;0;225m_[38;2;1;1;207my[38;2;0;0;219mya[38;2;0;0;218may[38;2;1;1;207my[38;2;0;0;225m_[38;2;0;0;231m_               [39m
 [38;2;0;0;0m          [38;2;0;0;222m_[38;2;0;0;215my[38;2;0;0;224ms[38;2;0;0;221m=[38;2;0;0;225m~[38;2;0;0;223m~[38;2;192;192;192m_[38;2;240;240;240m_[38;2;250;250;250m__[38;2;240;240;240m_[38;2;192;192;192m_[38;2;0;0;222m~[38;2;0;0;226m~[38;2;0;0;220m=[38;2;0;0;215m@y[38;2;0;0;221m_           [39m
 [38;2;0;0;0m        [38;2;0;0;223m_[38;2;0;0;229ma[38;2;0;0;213mF[38;2;0;0;226m`[38;2;147;147;147my[38;2;200;200;200mg[38;2;226;226;226m$[38;2;251;251;251m@@[38;2;252;252;252m@@@@[38;2;251;251;251m@@[38;2;231;231;231m$[38;2;200;200;200mg[38;2;137;137;137my[38;2;1;0;226m`[38;2;0;0;209m?[38;2;0;0;220m$[38;2;0;0;222m_         [39m
 [38;2;0;0;0m       [38;2;0;0;220mg[38;2;0;0;227mF [38;2;188;188;188my[38;2;225;225;225m@[38;2;251;251;251m@[38;2;252;252;252m@@@@@@@@@@@@[38;2;251;251;251m@[38;2;235;235;235m@[38;2;181;181;181my [38;2;0;0;220m?g        [39m
 [38;2;0;0;0m      [38;2;0;0;227mg[38;2;0;0;210mF [38;2;225;225;225mg[38;2;251;251;251m@[38;2;252;252;252m@@@@@@@@@@@@@@@@[38;2;251;251;251m@[38;2;198;198;198m@ [38;2;0;0;217m~[38;2;0;0;225m$       [39m
 [38;2;0;0;0m     [38;2;1;0;210mj[38;2;0;0;227mF [38;2;208;208;208mg[38;2;251;251;251m@@[38;2;227;227;227mP[38;2;189;189;189mP[38;2;230;230;230m@[38;2;251;251;251m@[38;2;252;252;252m@@@@@[38;2;241;241;241m@[38;2;186;186;186mM[38;2;203;203;203mR[38;2;247;247;247m@[38;2;251;251;251m@[38;2;252;252;252m@@@[38;2;251;251;251m@[38;2;187;187;187m@ [38;2;0;0;218m?[38;2;0;0;222mi      [39m
 [38;2;0;0;0m     [38;2;0;0;218m@  [38;2;246;246;246m@[38;2;252;252;252m@[38;2;251;251;251m@[38;2;191;191;191mg[38;2;242;242;242m_ [38;2;129;129;129m~[38;2;172;172;172mT[38;2;181;181;181m@[38;2;251;251;251m@[38;2;252;252;252m@@[38;2;233;233;233m@[38;2;189;189;189my[38;2;171;171;171m_ [38;2;204;204;204m~[38;2;165;165;165mP[38;2;223;223;223m@[38;2;251;251;251m@[38;2;252;252;252m@[38;2;250;250;250m@  [38;2;0;0;226m$      [39m
 [38;2;0;0;0m     [38;2;0;0;226m@  [38;2;249;249;249m@[38;2;252;252;252m@@[38;2;250;250;250m@[38;2;190;190;190m@[38;2;166;166;166mF  [38;2;137;137;137my[38;2;203;203;203m@[38;2;251;251;251m@[38;2;252;252;252m@[38;2;251;251;251m@[38;2;238;238;238m@[38;2;205;205;205mP[38;2;96;96;96mT [38;2;128;128;128m_[38;2;191;191;191my[38;2;248;248;248m@[38;2;252;252;252m@[38;2;251;251;251m@  [38;2;0;0;226m@      [39m
 [38;2;0;0;0m     [38;2;0;0;226m@  [38;2;249;249;249m@[38;2;252;252;252m@[38;2;250;250;250m@[38;2;209;209;209m_[38;2;174;174;174m_[38;2;183;183;183my[38;2;236;236;236mg[38;2;244;244;244m@[38;2;251;251;251m@[38;2;252;252;252m@@@[38;2;207;207;207m@[38;2;145;145;145m_[38;2;231;231;231m_[38;2;214;214;214my[38;2;207;207;207m@[38;2;251;251;251m@[38;2;252;252;252m@@@[38;2;251;251;251m@  [38;2;0;0;226m@      [39m
 [38;2;0;0;0m     [38;2;0;0;226m@  [38;2;249;249;249m@[38;2;252;252;252m@@[38;2;251;251;251m@@[38;2;252;252;252m@@@@@@@@[38;2;251;251;251m@@[38;2;252;252;252m@@@@@@[38;2;251;251;251m@  [38;2;0;0;226m@      [39m
 [38;2;0;0;0m     [38;2;0;0;226m@  [38;2;249;249;249m@[38;2;252;252;252m@@@@@@@@@@@@@@@@@@@@[38;2;251;251;251m@  [38;2;0;0;226m@      [39m
 [38;2;0;0;0m     [38;2;0;0;226m@  [38;2;249;249;249m@[38;2;252;252;252m@@@@@@@@@@@@@@@@@@@@[38;2;251;251;251m@  [38;2;0;0;227m@      [39m
 [38;2;0;0;0m     [38;2;0;0;226m@  [38;2;249;249;249m@[38;2;252;252;252m@@@@@@@@@@@@@@@@@@@@[38;2;251;251;251m@  [38;2;0;0;227m@      [39m
 [38;2;0;0;0m     [38;2;0;0;226m@  [38;2;249;249;249m@[38;2;252;252;252m@@@@@@@@@@@@@@@@@@@@[38;2;251;251;251m@  [38;2;0;0;226m@      [39m
 [38;2;0;0;0m     [38;2;0;0;208m@[38;2;0;0;231mL [38;2;186;186;186m4[38;2;251;251;251m@[38;2;252;252;252m@@@[38;2;251;251;251m@[38;2;221;221;221m@[38;2;225;225;225m@[38;2;251;251;251m@[38;2;252;252;252m@@@[38;2;251;251;251m@[38;2;239;239;239m@[38;2;209;209;209m@[38;2;246;246;246m@[38;2;252;252;252m@@@@[38;2;249;249;249m@[38;2;228;228;228mF [38;2;0;0;230mj[38;2;0;0;215m@      [39m
 [38;2;0;0;0m     [38;2;2;2;196m`[38;2;0;0;219m@[38;2;0;0;226mg_[38;2;170;170;170m`[38;2;238;238;238m~[38;2;251;251;251m~[38;2;237;237;237m~[38;2;115;115;115m`[38;2;0;0;226m__[38;2;155;155;155m`[38;2;236;236;236m~[38;2;251;251;251m~[38;2;249;249;249m~[38;2;160;160;160m~[38;2;0;0;227m_[38;2;0;0;226m_[38;2;0;0;225m_[38;2;194;194;194m~[38;2;250;250;250m~[38;2;251;251;251m~[38;2;227;227;227m~[38;2;0;0;222m_[38;2;0;0;226m_[38;2;0;0;225mg[38;2;0;0;221m@[38;2;0;0;218m'      [39m
 [38;2;0;0;0m       [38;2;0;0;229m~[38;2;0;0;225m4[38;2;0;0;227m@[38;2;0;0;226m@[38;2;0;0;227m@[38;2;0;0;226m@[38;2;0;0;228m@[38;2;0;0;222mP[38;2;0;0;224m4[38;2;0;0;227m@[38;2;0;0;226m@[38;2;0;0;227m@@[38;2;0;0;226m@[38;2;1;0;213m@[38;2;0;0;228m=[38;2;0;0;224m@[38;2;0;0;226m@@[38;2;0;0;227m@[38;2;0;0;226m@@[38;2;0;0;230m=[38;2;0;0;228m~        [39m
 [38;2;0;0;0m          [38;2;3;2;199m`[38;2;1;1;221m`     [38;2;4;1;191m`[38;2;2;1;220m`[38;2;1;1;212m`     [38;2;1;1;220m`[38;2;3;1;221m`            [39m
 [38;2;0;0;0m                                       [39m
[?25h