[?25l[39m [38;2;0;0;0m                [38;2;0;0;218m_[38;2;0;0;233m_[38;2;0;0;232m_[38;2;0;0;233m_[38;2;0;0;231m_[38;2;1;1;190m_                 [39m
 [38;2;0;0;0m           [38;2;0;0;228m_[38;2;0;0;216my[38;2;0;0;227mg[38;2;0;0;225m@[38;2;0;0;228m@[38;2;0;0;225m@[38;2;0;0;221mR[38;2;0;0;219mR[38;2;0;0;220mR[38;2;0;0;222m@[38;2;0;0;228m@[38;2;0;0;227m@[38;2;0;0;218m@[38;2;0;0;220mg[38;2;0;0;226m_             [39m
 [38;2;0;0;0m        [38;2;0;1;206m_[38;2;0;0;221ma[38;2;0;0;227m@[38;2;0;0;226mP~[38;2;0;0;229m~[38;2;198;198;198m_[38;2;161;161;161my[38;2;190;190;190my[38;2;204;204;204my[38;2;211;211;211my[38;2;206;206;206my[38;2;192;192;192my[38;2;162;162;162my[38;2;208;208;208m_[38;2;0;0;220m~[38;2;0;0;226m~[38;2;0;0;227m4@[38;2;0;0;221mg[38;2;1;0;213m_          [39m
 [38;2;0;0;0m       [38;2;0;0;219ma[38;2;0;0;228m@[38;2;0;0;210mF[38;2;1;0;202m`[38;2;175;175;175my[38;2;237;237;237mg[38;2;244;244;244m@[38;2;251;251;251m@[38;2;252;252;252m@@@@@@@[38;2;251;251;251m@[38;2;248;248;248m@[38;2;236;236;236mg[38;2;162;162;162my[38;2;1;0;196m`[38;2;0;0;225m~[38;2;0;0;228m@[38;2;0;0;215mg         [39m
 [38;2;0;0;0m      [38;2;0;0;221m@[38;2;0;0;228mF [38;2;186;186;186my[38;2;232;232;232m@[38;2;252;252;252m@@@@@@@@@@@@@@@[38;2;233;233;233m@[38;2;140;140;140my [38;2;0;0;226m4[38;2;0;0;225m$        [39m
 [38;2;0;0;0m     [38;2;0;0;218m@[38;2;0;0;225mF [38;2;208;208;208mg[38;2;251;251;251m@[38;2;252;252;252m@@@@@@@@@@@@@@@@@[38;2;251;251;251m@[38;2;158;158;158mg [38;2;0;0;222m4[38;2;1;0;214m$       [39m
 [38;2;0;0;0m    [38;2;2;2;179mj[38;2;0;0;228m@ [38;2;114;114;114m4[38;2;246;246;246m@[38;2;251;251;251m@[38;2;252;252;252m@@@@@@@@@@@@@@@@@@[38;2;251;251;251m@[38;2;80;80;81mr [38;2;0;0;232m@       [39m
 [38;2;0;0;0m    [38;2;0;1;199mJ[38;2;0;0;219m[   [38;2;178;178;178m~[38;2;200;200;200m5[38;2;251;251;251m@[38;2;242;242;242m@[38;2;251;251;251m~[38;2;248;248;248m~[38;2;249;249;249m~~~~[38;2;250;250;250m~[38;2;185;185;185m@[38;2;252;252;252m@@@@@@@[38;2;251;251;251m@[38;2;140;140;140m@ [38;2;0;0;228m$       [39m
 [38;2;0;0;0m    [38;2;0;2;197mJ[38;2;1;0;217m[ [38;2;150;150;150m_[38;2;181;181;181my[38;2;233;233;233mg[38;2;245;245;245m@[38;2;252;252;252m@@[38;2;214;214;214m@[38;2;248;248;248mggggg[38;2;249;249;249mg[38;2;248;248;248m@[38;2;252;252;252m@@@@@@@[38;2;251;251;251m@[38;2;161;161;161m$ [38;2;0;0;224m$[38;2;2;0;189m,      [39m
 [38;2;0;0;0m    [38;2;2;2;192mJ[38;2;1;1;204m$ [38;2;189;189;189m$[38;2;252;252;252m@@@@@@@@@@@@@@@@@@@@@[38;2;174;174;174m$ [38;2;0;0;223mB[38;2;2;0;191m|      [39m
 [38;2;0;0;0m    [38;2;2;2;184mJ[38;2;0;0;212m$ [38;2;172;172;172m$[38;2;252;252;252m@@@@@@@@@@@@@@@@@@@@@[38;2;190;190;190m$ [38;2;0;0;218m0[38;2;0;0;199ml      [39m
 [38;2;0;0;0m    [38;2;2;2;168mJ[38;2;0;0;221m@ [38;2;150;150;150m$[38;2;252;252;252m@@@@@@@@@@@@@@@@@@@@@[38;2;207;207;207m$ [38;2;0;0;216m4[38;2;1;1;211m[      [39m
 [38;2;0;0;0m     [38;2;0;0;231m@ [38;2;171;171;171m4[38;2;251;251;251m@[38;2;252;252;252m@@@@@@@@@@@@@@@@@@@@[38;2;222;222;222m@ [38;2;1;1;204m4[38;2;0;0;221m[      [39m
 [38;2;0;0;0m     [38;2;0;0;236m@ [38;2;124;124;124m4[38;2;251;251;251m@[38;2;252;252;252m@@@@@@@@@@@@@@@@@@@@[38;2;226;226;226m@ [38;2;0;0;206mj[38;2;0;0;224m[      [39m
 [38;2;0;0;0m     [38;2;0;0;218m~[38;2;0;0;216m$[38;2;0;0;196m,[38;2;156;156;156m7[38;2;174;174;174m@[38;2;248;248;248m@[38;2;251;251;251m@@[38;2;228;228;228m@[38;2;212;212;212mF[38;2;175;175;175mT[38;2;173;173;173m5[38;2;234;234;234m@[38;2;251;251;251m@@[38;2;246;246;246m@[38;2;172;172;172m@[38;2;169;169;169mF[38;2;148;148;148m5[38;2;194;194;194m@[38;2;250;250;250m@[38;2;251;251;251m@[38;2;248;248;248m@[38;2;180;180;180m@[38;2;121;121;121m~[38;2;0;0;211m_[38;2;0;0;228m$[38;2;0;0;218m'      [39m
 [38;2;0;0;0m      [38;2;2;1;204m~[38;2;0;0;222m4[38;2;0;0;227ma[38;2;0;0;206my[38;2;0;0;226m_[38;2;109;109;109m`[38;2;0;0;228m_[38;2;0;0;226m_[38;2;0;0;217ma[38;2;0;0;227ma[38;2;0;0;221my[38;2;0;0;226m_[38;2;0;0;228m_[38;2;110;110;110m`[38;2;0;0;226m_[38;2;0;0;206my[38;2;0;0;226ma[38;2;0;0;224ma[38;2;0;0;225m_[38;2;0;0;227m_[38;2;107;107;107m`[38;2;0;0;227m_[38;2;0;0;225m_[38;2;0;0;227ma[38;2;0;0;218mP[38;2;0;0;221m'       [39m
 [38;2;0;0;0m         [38;2;1;1;203m~[38;2;0;0;229m~[38;2;0;0;225m~[38;2;0;0;226m~[38;2;0;0;230m~[38;2;0;1;210m` `[38;2;0;0;228m~[38;2;0;0;226m~[38;2;0;0;224m~[38;2;0;0;228m~[38;2;0;1;208m~  [38;2;1;0;214m~[38;2;0;0;228m~[38;2;0;0;225m~[38;2;0;0;228m~[38;2;0;0;215m~          [39m
 [38;2;0;0;0m                                       [39m
 [38;2;0;0;0m                                       [39m
[?25h