[?25l[39m [38;2;0;0;0m                                       [39m
 [38;2;0;0;0m             [38;2;0;0;228m_[38;2;0;0;226m_[38;2;0;0;216my[38;2;0;0;223mg[38;2;0;0;229maaaa[38;2;0;0;223mg[38;2;0;0;216my[38;2;0;0;226m_[38;2;0;0;228m_              [39m
 [38;2;0;0;0m          [38;2;0;0;230m_[38;2;0;0;228ma[38;2;0;0;226mP[38;2;0;0;225m~[38;2;0;0;228m~[38;2;191;191;191m_[38;2;146;146;146my[38;2;174;174;174my[38;2;187;187;187myy[38;2;174;174;174my[38;2;140;140;140my[38;2;190;190;190m_[38;2;0;0;225m~~[38;2;0;0;227m4a[38;2;0;0;230m_           [39m
 [38;2;0;0;0m        [38;2;0;0;231m_[38;2;0;0;217m@[38;2;0;0;228m~[38;2;94;94;94m_[38;2;193;193;193my[38;2;245;245;245mg[38;2;246;246;246m@[38;2;251;251;251m@[38;2;252;252;252m@@@@@@[38;2;251;251;251m@[38;2;249;249;249m@[38;2;245;245;245mg[38;2;191;191;191my[38;2;95;95;95m_[38;2;0;0;224m~[38;2;0;0;217m@[38;2;0;0;231m_         [39m
 [38;2;0;0;0m       [38;2;0;0;229mg[38;2;0;0;211mF [38;2;189;189;189mg[38;2;246;246;246m@[38;2;252;252;252m@@@@@@@@@@@@@@[38;2;249;249;249m@[38;2;188;188;188mg [38;2;0;0;225m~[38;2;0;0;226m$[38;2;1;0;208m,       [39m
 [38;2;0;0;0m      [38;2;0;0;222m@[38;2;1;0;199m~ [38;2;207;207;207m@[38;2;251;251;251m@[38;2;252;252;252m@@@@@@@@@@@@@@@@@[38;2;226;226;226m@[38;2;84;84;84m,[38;2;0;0;202m"[38;2;0;0;230m$       [39m
 [38;2;0;0;0m     [38;2;0;0;218mj[38;2;0;0;220mF [38;2;223;223;223mg[38;2;251;251;251m@@[38;2;228;228;228m@[38;2;199;199;199mF[38;2;251;251;251m~[38;2;132;132;132mZ[38;2;250;250;250m~[38;2;168;168;168mP[38;2;238;238;238m@[38;2;252;252;252m@@[38;2;248;248;248m@[38;2;208;208;208mP[38;2;251;251;251m~[38;2;243;243;243m~[38;2;248;248;248m~[38;2;144;144;144mM[38;2;196;196;196m@[38;2;251;251;251m@[38;2;252;252;252m@[38;2;209;209;209m@ [38;2;0;0;206m?[38;2;0;0;221m[      [39m
 [38;2;0;0;0m     [38;2;0;0;222m@  [38;2;248;248;248m@[38;2;252;252;252m@[38;2;194;194;194m@ [38;2;148;148;148m$[38;2;215;215;215m~[38;2;233;233;233m~[38;2;204;204;204m~[38;2;171;171;171m$[38;2;64;64;64m"[38;2;235;235;235m@[38;2;247;247;247m@[38;2;107;107;107m^[38;2;188;188;188ma[38;2;229;229;229m~[38;2;204;204;204m~[38;2;231;231;231m~[38;2;137;137;137m3[38;2;73;73;73m,[38;2;152;152;152m@[38;2;251;251;251m@@  [38;2;0;0;227m$      [39m
 [38;2;0;0;0m     [38;2;0;0;226m@  [38;2;249;249;249m@[38;2;252;252;252m@[38;2;196;196;196m$[38;2;70;70;70m"[38;2;162;162;162mg[38;2;68;68;68m_[38;2;147;147;147mF[38;2;130;130;130m_[38;2;132;132;132mF[38;2;157;157;157my[38;2;243;243;243m@[38;2;244;244;244m@[38;2;67;67;67m,[38;2;176;176;176mR[38;2;172;172;172m_[38;2;155;155;155m7[38;2;213;213;213m_[38;2;79;79;79m"[38;2;179;179;179m_[38;2;226;226;226mg[38;2;251;251;251m@@  [38;2;0;0;226m@      [39m
 [38;2;0;0;0m     [38;2;0;0;226m@  [38;2;249;249;249m@[38;2;252;252;252m@[38;2;251;251;251m@[38;2;234;234;234mg[38;2;172;172;172my[38;2;223;223;223m~[38;2;243;243;243m~[38;2;144;144;144mZ[38;2;249;249;249m@[38;2;251;251;251m@[38;2;252;252;252m@@[38;2;235;235;235m@[38;2;200;200;200my[38;2;252;252;252m_[38;2;236;236;236m~[38;2;250;250;250m~[38;2;213;213;213m@[38;2;251;251;251m@[38;2;252;252;252m@@[38;2;251;251;251m@  [38;2;0;0;226m@      [39m
 [38;2;0;0;0m     [38;2;0;0;226m@  [38;2;249;249;249m@[38;2;252;252;252m@@@@[38;2;251;251;251m@@@[38;2;252;252;252m@@@@@@@[38;2;251;251;251m@@[38;2;252;252;252m@@@@[38;2;251;251;251m@  [38;2;0;0;226m@      [39m
 [38;2;0;0;0m     [38;2;0;0;226m@  [38;2;249;249;249m@[38;2;252;252;252m@@@@@@@@@@@@@@@@@@@@[38;2;251;251;251m@  [38;2;0;0;227m@      [39m
 [38;2;0;0;0m     [38;2;0;0;226m@  [38;2;249;249;249m@[38;2;252;252;252m@@@@@@@@@@@@@@@@@@@@[38;2;251;251;251m@  [38;2;0;0;227m@      [39m
 [38;2;0;0;0m     [38;2;0;0;226m@  [38;2;249;249;249m@[38;2;252;252;252m@@@@@@@@@@@@@@@@@@@@[38;2;251;251;251m@  [38;2;0;0;227m@      [39m
 [38;2;0;0;0m     [38;2;0;0;221m@  [38;2;246;246;246m@[38;2;252;252;252m@@@@@@@@@@@@@@@@@@@@[38;2;249;249;249m@  [38;2;0;0;223m@      [39m
 [38;2;0;0;0m     [38;2;1;0;212m`[38;2;0;0;224m$[38;2;0;0;208m,[38;2;172;172;172m~[38;2;200;200;200m@[38;2;251;251;251m@@[38;2;252;252;252m@[38;2;230;230;230m@[38;2;214;214;214mF[38;2;183;183;183mF[38;2;167;167;167m@[38;2;246;246;246m@[38;2;251;251;251m@@[38;2;247;247;247m@[38;2;177;177;177m@[38;2;187;187;187mF[38;2;176;176;176mP[38;2;225;225;225m@[38;2;252;252;252m@[38;2;251;251;251m@[38;2;252;252;252m@[38;2;213;213;213m@[38;2;200;200;200m~ [38;2;0;0;230ma[38;2;2;1;194mF      [39m
 [38;2;0;0;0m      [38;2;0;0;218m`[38;2;0;0;226m4[38;2;0;0;224mg[38;2;0;0;227m__[38;2;150;150;150m`[38;2;116;116;116m`[38;2;0;0;225m_[38;2;0;0;220ma[38;2;0;0;227ma[38;2;0;0;205my[38;2;0;0;225m_[38;2;142;142;142m``[38;2;0;0;225m_[38;2;0;0;205my[38;2;0;0;224mg[38;2;0;0;215mg[38;2;0;0;225m_[38;2;117;117;117m`[38;2;153;153;153m`[38;2;0;0;226m_[38;2;0;0;227m_[38;2;0;0;224mg[38;2;0;0;228mP[38;2;1;1;203m~       [39m
 [38;2;0;0;0m        [38;2;2;3;190m`[38;2;0;0;224m~[38;2;0;0;226m~~~[38;2;0;0;227m~[38;2;1;0;209m` [38;2;1;1;206m~[38;2;0;0;227m~[38;2;0;0;226m~~[38;2;0;0;227m~[38;2;1;1;209m~ [38;2;2;0;209m`[38;2;0;0;224m~[38;2;0;0;226m~~~[38;2;0;0;224m~[38;2;2;2;195m`         [39m
 [38;2;0;0;0m                                       [39m
[?25h