[?25l[39m [38;2;0;0;0m             [38;2;2;2;191m_[38;2;0;0;226m_[38;2;0;0;227m_[38;2;0;0;213my[38;2;0;0;219ma[38;2;0;0;226mg[38;2;0;0;225mg[38;2;0;0;219ma[38;2;0;0;214my[38;2;0;0;227m__[38;2;1;2;194m_              [39m
 [38;2;0;0;0m          [38;2;0;0;227m_[38;2;1;0;217ma[38;2;0;0;220m@[38;2;0;0;217m@[38;2;0;0;222m=[38;2;0;0;226m~[38;2;0;0;228m~[38;2;0;0;226m~[38;2;0;0;220m~[38;2;0;0;219m~[38;2;0;0;226m~[38;2;0;0;228m~[38;2;0;0;226m~[38;2;0;0;221m=[38;2;0;0;216m@[38;2;0;0;223m@[38;2;1;0;213mg[38;2;0;0;227m_           [39m
 [38;2;0;0;0m        [38;2;0;0;228m_[38;2;0;0;229mg[38;2;0;0;228mP[38;2;0;0;230m~[38;2;123;123;123m_[38;2;179;179;179my[38;2;227;227;227ma[38;2;224;224;224m$[38;2;248;248;248m@[38;2;251;251;251m@@@@[38;2;249;249;249m@[38;2;228;228;228m$[38;2;218;218;218mg[38;2;176;176;176my[38;2;123;123;123m_[38;2;0;0;226m~[38;2;0;0;228m4[38;2;0;0;223m$[38;2;0;0;228m_         [39m
 [38;2;0;0;0m       [38;2;0;0;220mg[38;2;0;0;228mP[38;2;0;0;205m~[38;2;117;117;117my[38;2;234;234;234mg[38;2;250;250;250m@[38;2;252;252;252m@@@@@@@@@@@@[38;2;251;251;251m@[38;2;234;234;234mg[38;2;194;194;194m_[38;2;0;0;209m"[38;2;0;0;229m4[38;2;0;0;221mg        [39m
 [38;2;0;0;0m      [38;2;0;0;226mg[38;2;0;0;227mF [38;2;186;186;186mg[38;2;251;251;251m@[38;2;252;252;252m@@@@@@@@@@@@@@@@[38;2;251;251;251m@[38;2;182;182;182mg [38;2;0;0;219m?[38;2;0;0;225m$       [39m
 [38;2;0;0;0m     [38;2;1;0;213mj[38;2;0;0;213m@ [38;2;176;176;176mg[38;2;251;251;251m@@[38;2;167;167;167mF[38;2;245;245;245m~[38;2;183;183;183mP[38;2;231;231;231m@[38;2;251;251;251m@[38;2;252;252;252m@@@@@@@@@@@@[38;2;251;251;251m@[38;2;148;148;149m@ [38;2;0;0;216mR[38;2;0;0;221ml      [39m
 [38;2;0;0;0m     [38;2;0;0;218m@[38;2;0;0;194m' [38;2;239;239;239m@[38;2;252;252;252m@[38;2;251;251;251m@[38;2;220;220;220m@[38;2;216;216;216my[38;2;228;228;228m_ [38;2;122;122;122m~[38;2;247;247;247m~[38;2;224;224;224m@[38;2;252;252;252m@[38;2;232;232;232m@[38;2;175;175;175mF[38;2;176;176;176mTTTTT[38;2;149;149;149mM[38;2;232;232;232m@[38;2;252;252;252m@[38;2;247;247;247m@  [38;2;0;0;225m$      [39m
 [38;2;0;0;0m     [38;2;0;0;226m@  [38;2;249;249;249m@[38;2;252;252;252m@[38;2;251;251;251m@[38;2;229;229;229mP[38;2;250;250;250m~[38;2;144;144;144m`[38;2;74;74;74m_[38;2;154;154;154my[38;2;201;201;201mg[38;2;242;242;242m@[38;2;252;252;252m@[38;2;248;248;248m@[38;2;215;215;215mg[38;2;205;205;205mggggg[38;2;218;218;218mg[38;2;244;244;244m@[38;2;252;252;252m@[38;2;251;251;251m@  [38;2;0;0;226m@      [39m
 [38;2;0;0;0m     [38;2;0;0;225m@  [38;2;249;249;249m@[38;2;252;252;252m@[38;2;251;251;251m@[38;2;195;195;195mg[38;2;213;213;213my[38;2;247;247;247mg[38;2;249;249;249m@[38;2;251;251;251m@[38;2;252;252;252m@@@@@@@@@@@@@[38;2;251;251;251m@  [38;2;0;0;226m@      [39m
 [38;2;0;0;0m     [38;2;0;0;225m@  [38;2;249;249;249m@[38;2;252;252;252m@@@@@@@@@@@@@@@@@@@@[38;2;251;251;251m@  [38;2;0;0;226m@      [39m
 [38;2;0;0;0m     [38;2;0;0;225m@  [38;2;249;249;249m@[38;2;252;252;252m@@@@@@@@@@@@@@@@@@@@[38;2;251;251;251m@  [38;2;0;0;226m@      [39m
 [38;2;0;0;0m     [38;2;0;0;225m@  [38;2;249;249;249m@[38;2;252;252;252m@@@@@@@@@@@@@@@@@@@@[38;2;251;251;251m@  [38;2;0;0;226m@      [39m
 [38;2;0;0;0m     [38;2;0;0;225m@  [38;2;249;249;249m@[38;2;252;252;252m@@@@@@@@@@@@@@@@@@@@[38;2;251;251;251m@  [38;2;0;0;226m@      [39m
 [38;2;0;0;0m     [38;2;0;0;218m@[38;2;0;0;215m, [38;2;239;239;239m@[38;2;252;252;252m@@@@@@@@@@@@@@@@@@@@[38;2;246;246;246m@ [38;2;0;0;175mj[38;2;0;0;222m$      [39m
 [38;2;0;0;0m     [38;2;1;1;208m`[38;2;0;0;226m@[38;2;0;0;224m_[38;2;197;197;197m`[38;2;176;176;176m#[38;2;232;232;232m@[38;2;247;247;247m@[38;2;242;242;242m@[38;2;177;177;177m@[38;2;251;251;251m~~[38;2;146;146;146m5[38;2;203;203;203m@[38;2;246;246;246m@@[38;2;209;209;209m@[38;2;202;202;202mF[38;2;251;251;251m~~[38;2;197;197;197mR[38;2;241;241;241m@[38;2;247;247;247m@[38;2;234;234;234m@[38;2;210;210;210mP[38;2;134;134;134m~[38;2;0;0;223m_[38;2;0;0;224m$[38;2;0;0;232m'      [39m
 [38;2;0;0;0m      [38;2;1;2;202m`[38;2;0;1;212m?[38;2;0;0;217m@[38;2;0;0;220my[38;2;0;0;225m_[38;2;0;0;226m__[38;2;0;0;212my[38;2;0;0;228ma[38;2;0;0;220m@[38;2;0;0;223mg[38;2;0;0;225m_[38;2;0;0;226m__[38;2;0;0;225m_[38;2;0;0;224mg[38;2;0;0;218m@[38;2;0;0;227ma[38;2;0;0;213my[38;2;0;0;226m__[38;2;0;0;225m_[38;2;0;0;220my[38;2;0;0;226ms[38;2;0;0;213mF[38;2;0;1;215m'       [39m
 [38;2;0;0;0m         [38;2;1;0;223m`[38;2;0;0;226m~[38;2;0;0;232m~[38;2;0;0;229m~[38;2;0;0;232m`   [38;2;0;1;212m~[38;2;0;0;231m~[38;2;0;0;232m~[38;2;0;0;213m~   [38;2;0;0;231m`[38;2;0;0;228m~[38;2;0;0;232m~[38;2;0;0;226m~[38;2;0;0;224m`          [39m
 [38;2;0;0;0m                                       [39m
 [38;2;0;0;0m                                       [39m
[?25h