[?25l[39m [38;2;0;0;0m              [38;2;0;0;215m_[38;2;0;0;226m_[38;2;0;0;225m_[38;2;0;0;226m_[38;2;1;1;206my[38;2;1;1;207my[38;2;0;0;226m_[38;2;0;0;225m_[38;2;0;0;226m_[38;2;1;0;217m_               [39m
 [38;2;0;0;0m          [38;2;2;1;192m_[38;2;0;0;223m_[38;2;0;0;228ma[38;2;0;0;223mP[38;2;0;0;227m~[38;2;0;0;228m~[38;2;0;0;221m~[38;2;176;176;176m_[38;2;230;230;230m__[38;2;175;175;175m_[38;2;0;0;222m~[38;2;0;0;228m~[38;2;0;0;226m~[38;2;0;0;224m4[38;2;0;0;227ma[38;2;0;0;224m_[38;2;2;1;207m,           [39m
 [38;2;0;0;0m        [38;2;0;0;209m_[38;2;0;0;227ma[38;2;0;0;222mP~[38;2;199;199;199m_[38;2;203;203;203my[38;2;249;249;249mg[38;2;239;239;239m@[38;2;251;251;251m@@[38;2;252;252;252m@@[38;2;251;251;251m@@[38;2;244;244;244m@[38;2;249;249;249mg[38;2;203;203;203my[38;2;199;199;199m_[38;2;0;0;219m~[38;2;0;0;220m4[38;2;0;0;224mg[38;2;1;0;209m_         [39m
 [38;2;0;0;0m       [38;2;0;0;216my[38;2;0;0;227mP[38;2;1;0;202m'[38;2;156;156;156my[38;2;246;246;246mg[38;2;251;251;251m@[38;2;252;252;252m@@@@@@@@@@@@[38;2;251;251;251m@[38;2;215;215;215m@[38;2;145;145;145my[38;2;2;0;197m`[38;2;0;0;225m4[38;2;0;0;217my        [39m
 [38;2;0;0;0m      [38;2;0;0;220mg[38;2;0;0;222mF [38;2;207;207;207mg[38;2;251;251;251m@[38;2;252;252;252m@@@@@@@@@@@@@@@@[38;2;251;251;251m@[38;2;176;176;176m@ [38;2;0;0;209m?[38;2;0;0;217m$       [39m
 [38;2;0;0;0m     [38;2;1;0;202mj[38;2;0;0;231mF [38;2;193;193;193mg[38;2;251;251;251m@[38;2;252;252;252m@@@@@@@@@@@@@@@@@@[38;2;251;251;251m@[38;2;170;170;170m@ [38;2;0;0;210m5[38;2;0;0;216mi      [39m
 [38;2;0;0;0m     [38;2;0;0;215m@[38;2;0;0;180m[ [38;2;243;243;243m@[38;2;252;252;252m@[38;2;245;245;245m@[38;2;207;207;207mF[38;2;201;201;201mF[38;2;205;205;205mR[38;2;219;219;219m@[38;2;251;251;251m@@[38;2;252;252;252m@@@[38;2;251;251;251m@@@@@@@[38;2;252;252;252m@@[38;2;249;249;249m@  [38;2;0;0;225m$      [39m
 [38;2;0;0;0m     [38;2;0;0;225m@  [38;2;249;249;249m@[38;2;252;252;252m@[38;2;245;245;245m@[38;2;129;129;129m*    [38;2;97;97;97m`[38;2;157;157;157m3[38;2;251;251;251m@[38;2;211;211;211m@[38;2;104;104;104m~[38;2;131;131;131m`````[38;2;185;185;185m`[38;2;216;216;216m$[38;2;252;252;252m@[38;2;251;251;251m@  [38;2;0;0;227m@      [39m
 [38;2;0;0;0m     [38;2;0;0;225m@  [38;2;249;249;249m@[38;2;252;252;252m@[38;2;235;235;235m@[38;2;175;175;175my[38;2;182;182;182my[38;2;216;216;216my[38;2;232;232;232mg[38;2;251;251;251mg[38;2;236;236;236m@[38;2;251;251;251m@[38;2;252;252;252m@[38;2;251;251;251m@[38;2;244;244;244m@[38;2;240;240;240m@@@@@[38;2;244;244;244m@[38;2;252;252;252m@@[38;2;251;251;251m@  [38;2;0;0;227m@      [39m
 [38;2;0;0;0m     [38;2;0;0;225m@  [38;2;249;249;249m@[38;2;252;252;252m@@@@@@@@@@@@@@@@@@@@[38;2;251;251;251m@  [38;2;0;0;227m@      [39m
 [38;2;0;0;0m     [38;2;0;0;225m@  [38;2;249;249;249m@[38;2;252;252;252m@@@@@@@@@@@@@@@@@@@@[38;2;251;251;251m@  [38;2;0;0;227m@      [39m
 [38;2;0;0;0m     [38;2;0;0;225m@  [38;2;249;249;249m@[38;2;252;252;252m@@@@@@@@@@@@@@@@@@@@[38;2;251;251;251m@  [38;2;0;0;227m@      [39m
 [38;2;0;0;0m     [38;2;0;0;225m@  [38;2;249;249;249m@[38;2;252;252;252m@@@@@@@@@@@@@@@@@@@@[38;2;251;251;251m@  [38;2;0;0;227m@      [39m
 [38;2;0;0;0m     [38;2;0;0;225m@  [38;2;249;249;249m@[38;2;252;252;252m@@@@@@@@@@@@@@@@@@@@[38;2;251;251;251m@  [38;2;0;0;226m@      [39m
 [38;2;0;0;0m     [38;2;0;0;216m@[38;2;0;0;204mL [38;2;204;204;204m@[38;2;251;251;251m@[38;2;252;252;252m@@@@@@@@@@@@[38;2;251;251;251m@[38;2;252;252;252m@@@@@[38;2;251;251;251m@[38;2;223;223;223m@ [38;2;0;0;205mj[38;2;0;0;220m@      [39m
 [38;2;0;0;0m     [38;2;2;1;212m`[38;2;0;0;228m@[38;2;0;0;210my [38;2;238;238;238m~[38;2;197;197;197mP[38;2;204;204;204mR[38;2;211;211;211mF[38;2;229;229;229m~[38;2;193;193;193m`[38;2;148;148;148m~[38;2;173;173;173mT[38;2;185;185;185mR[38;2;209;209;209mR[38;2;210;210;210mP[38;2;169;169;169mF[38;2;143;143;143m~[38;2;196;196;196m`[38;2;227;227;227m~[38;2;184;184;184mP[38;2;206;206;206mR[38;2;202;202;202mR[38;2;203;203;203mF[38;2;207;207;207m~[38;2;0;0;227m_[38;2;0;0;207my[38;2;0;0;228m@[38;2;0;0;234m'      [39m
 [38;2;0;0;0m      [38;2;2;1;207m`[38;2;0;0;213m?[38;2;0;0;227m@[38;2;0;0;226mg[38;2;0;0;228mg[38;2;0;0;225mg[38;2;0;0;228mg[38;2;0;0;222m@[38;2;0;0;224m@[38;2;0;0;227m@[38;2;0;0;226mg[38;2;0;0;228mg[38;2;0;0;223mg[38;2;0;0;228mg[38;2;0;0;226mg@[38;2;0;0;224m@[38;2;0;0;222m@[38;2;0;0;228mg[38;2;0;0;222mg[38;2;0;0;225mg[38;2;0;0;227mg[38;2;0;0;226m@[38;2;0;0;223m@[38;2;0;0;215mF[38;2;0;0;221m'       [39m
 [38;2;0;0;0m         [38;2;0;0;227m`[38;2;0;0;225m~[38;2;0;0;227m~[38;2;0;0;223m~[38;2;2;1;198m`  [38;2;4;2;196m~[38;2;0;0;226m~[38;2;0;0;228m~[38;2;0;0;224m~[38;2;0;0;229m`  [38;2;2;0;213m`[38;2;0;0;221m~[38;2;0;0;227m~[38;2;0;0;226m~[38;2;0;0;217m~[38;2;3;2;188m`          [39m
 [38;2;0;0;0m                                       [39m
[?25h