[?25l[39m [38;2;0;0;0m                                       [39m
 [38;2;0;0;0m             [38;2;0;0;226m_[38;2;1;1;208my[38;2;0;0;224mg[38;2;0;0;229ma[38;2;0;0;220mm[38;2;0;0;214m#[38;2;0;0;215m#[38;2;0;0;216m#[38;2;0;0;229ma[38;2;0;0;223mg[38;2;1;1;207my[38;2;0;0;226m_              [39m
 [38;2;0;0;0m          [38;2;0;0;226m_a[38;2;0;0;222m=[38;2;0;0;227m~[38;2;113;113;113m_[38;2;249;249;249m_[38;2;178;178;178my[38;2;199;199;199my[38;2;209;209;209myy[38;2;199;199;199my[38;2;178;178;178my[38;2;249;249;249m_[38;2;113;113;113m_[38;2;0;0;227m~[38;2;0;0;222m=[38;2;1;0;217m@[38;2;1;1;201my           [39m
 [38;2;0;0;0m        [38;2;0;0;215my[38;2;0;0;229mP[38;2;0;0;222m~[38;2;169;169;169m_[38;2;187;187;187mg[38;2;219;219;219m@[38;2;252;252;252m@@@@@@@@@[38;2;251;251;251m@[38;2;227;227;227m@[38;2;187;187;187mg[38;2;170;170;170m_[38;2;0;0;217m~[38;2;0;0;230m4[38;2;0;0;216my         [39m
 [38;2;0;0;0m       [38;2;0;0;221m@[38;2;0;0;222m~[38;2;89;89;89m_[38;2;216;216;216mg[38;2;251;251;251m@[38;2;252;252;252m@@@@@@@@@@@@@@[38;2;251;251;251m@[38;2;216;216;216mg[38;2;88;88;88m_[38;2;0;0;218m~[38;2;0;0;228m$[38;2;1;0;226m,       [39m
 [38;2;0;0;0m      [38;2;0;0;227m@[38;2;1;1;204m'[38;2;107;107;107m_[38;2;224;224;224m@[38;2;252;252;252m@@@@@@@@@@@@@@@@@@[38;2;238;238;238m@[38;2;108;108;108m_[38;2;2;2;191m`[38;2;0;0;231m$[38;2;1;0;191m,      [39m
 [38;2;0;0;0m     [38;2;0;0;219mJ[38;2;0;0;215mF [38;2;208;208;208m$[38;2;252;252;252m@[38;2;251;251;251m@[38;2;205;205;205m@[38;2;172;172;172mF[38;2;124;124;124mE[38;2;142;142;142mZ[38;2;222;222;222m~[38;2;179;179;179mT[38;2;223;223;223m@[38;2;252;252;252m@@[38;2;242;242;242m@[38;2;209;209;209mF[38;2;238;238;238m~[38;2;139;139;139mZ[38;2;141;141;141mZ[38;2;247;247;247m~[38;2;169;169;169m@[38;2;251;251;251m@[38;2;252;252;252m@[38;2;220;220;220m@ [38;2;0;0;199m?[38;2;1;1;207m$      [39m
 [38;2;0;0;0m     [38;2;0;0;223m@  [38;2;249;249;249m@[38;2;252;252;252m@[38;2;184;184;184m@ [38;2;215;215;215mF[38;2;128;128;128m~[38;2;126;126;126my[38;2;121;121;121m~[38;2;182;182;182m$ [38;2;230;230;230m@[38;2;245;245;245m@[38;2;71;71;71m"[38;2;192;192;192ma[38;2;194;194;194m~[38;2;142;142;142my[38;2;169;169;169m~[38;2;137;137;137m4[38;2;80;80;80mr[38;2;164;164;164m5[38;2;251;251;251m@@  [38;2;0;0;228m$      [39m
 [38;2;0;0;0m     [38;2;0;0;226m@  [38;2;249;249;249m@[38;2;252;252;252m@[38;2;205;205;205m$[38;2;68;68;68m"[38;2;155;155;155m@[38;2;197;197;197m_[38;2;203;203;203m~[38;2;222;222;222m_[38;2;190;190;190m_[38;2;187;187;187my[38;2;247;247;247m@[38;2;246;246;246m@[38;2;97;97;97m_[38;2;174;174;174m#[38;2;228;228;228m_[38;2;183;183;183m~[38;2;242;242;242m_[38;2;177;177;177m_[38;2;237;237;237m_[38;2;202;202;202m@[38;2;251;251;251m@@  [38;2;0;0;226m@      [39m
 [38;2;0;0;0m     [38;2;0;0;226m@  [38;2;249;249;249m@[38;2;252;252;252m@[38;2;251;251;251m@[38;2;214;214;214m@[38;2;195;195;195my[38;2;253;253;253m_[38;2;133;133;133mZ[38;2;163;163;163mZ[38;2;249;249;249m@[38;2;252;252;252m@@@[38;2;247;247;247m@[38;2;189;189;189mg[38;2;165;165;165my[38;2;130;130;130mZ[38;2;138;138;138mZ[38;2;211;211;211m@[38;2;252;252;252m@@@[38;2;251;251;251m@  [38;2;0;0;226m@      [39m
 [38;2;0;0;0m     [38;2;0;0;226m@  [38;2;249;249;249m@[38;2;252;252;252m@@@@@@@@@@@@@@@@@@@@[38;2;251;251;251m@  [38;2;0;0;226m@      [39m
 [38;2;0;0;0m     [38;2;0;0;226m@  [38;2;249;249;249m@[38;2;252;252;252m@@@@@@@@@@@@@@@@@@@@[38;2;251;251;251m@  [38;2;0;0;227m@      [39m
 [38;2;0;0;0m     [38;2;0;0;226m@  [38;2;249;249;249m@[38;2;252;252;252m@@@@@@@@@@@@@@@@@@@@[38;2;251;251;251m@  [38;2;0;0;227m@      [39m
 [38;2;0;0;0m     [38;2;0;0;226m@  [38;2;249;249;249m@[38;2;252;252;252m@@@@@@@@@@@@@@@@@@@@[38;2;251;251;251m@  [38;2;0;0;227m@      [39m
 [38;2;0;0;0m     [38;2;0;0;221m@  [38;2;245;245;245m@[38;2;252;252;252m@@@@@@@@@@@@@@@@@@@@[38;2;249;249;249m@  [38;2;0;0;223m@      [39m
 [38;2;0;0;0m     [38;2;1;0;212m`[38;2;0;0;225m$[38;2;0;0;210m,[38;2;170;170;170m~[38;2;197;197;197m@[38;2;251;251;251m@@[38;2;252;252;252m@[38;2;227;227;227m@[38;2;211;211;211mF[38;2;182;182;182mF[38;2;164;164;164m@[38;2;245;245;245m@[38;2;252;252;252m@@[38;2;245;245;245m@[38;2;174;174;174m@[38;2;185;185;185mF[38;2;172;172;172mP[38;2;222;222;222m@[38;2;252;252;252m@[38;2;251;251;251m@@[38;2;210;210;210m@[38;2;197;197;197m~ [38;2;0;0;231ma[38;2;2;1;194mF      [39m
 [38;2;0;0;0m      [38;2;0;0;218m`[38;2;0;0;225m4[38;2;0;0;226mg[38;2;0;0;225m__[38;2;143;143;143m`[38;2;107;107;107m`[38;2;0;0;225m_[38;2;0;0;221ma[38;2;0;0;227ma[38;2;0;0;206my[38;2;0;0;223m_[38;2;136;136;136m``[38;2;0;0;225m_[38;2;0;0;207my[38;2;0;0;226ma[38;2;0;0;218mg[38;2;0;0;225m_[38;2;109;109;109m`[38;2;144;144;144m`[38;2;0;0;225m_[38;2;0;0;227m_[38;2;0;0;225mg[38;2;0;0;228mP[38;2;1;1;203m~       [39m
 [38;2;0;0;0m        [38;2;2;3;189m`[38;2;0;0;223m~[38;2;0;0;226m~~~[38;2;0;0;227m~[38;2;2;0;207m` [38;2;1;1;205m~[38;2;0;0;226m~[38;2;0;0;227m~~[38;2;0;0;226m~[38;2;1;1;207m~ [38;2;2;0;207m`[38;2;0;0;225m~[38;2;0;0;227m~[38;2;0;0;226m~~[38;2;0;0;225m~[38;2;2;3;194m`         [39m
 [38;2;0;0;0m                                       [39m
[?25h