[?25l[39m [38;2;0;0;0m                                       [39m
 [38;2;0;0;0m              [38;2;1;0;212m_[38;2;0;0;225m_[38;2;0;0;227m_[38;2;0;0;225m_[38;2;1;1;205my[38;2;1;1;207my[38;2;1;1;200my[38;2;0;0;226m___               [39m
 [38;2;0;0;0m           [38;2;0;0;226m_gP[38;2;0;0;227m~[38;2;0;0;225m~[38;2;0;0;232m~[38;2;140;140;140m_[38;2;187;187;187m_[38;2;198;198;198m_[38;2;158;158;158m_[38;2;95;95;95m_[38;2;0;0;227m~[38;2;0;0;226m~[38;2;0;0;222m4[38;2;0;0;227ma[38;2;0;1;206my[38;2;0;0;215m_           [39m
 [38;2;0;0;0m         [38;2;0;0;217ma[38;2;0;0;228mP[38;2;0;0;226m~[38;2;140;140;140m_[38;2;191;191;191my[38;2;236;236;236mg[38;2;230;230;230m@[38;2;251;251;251m@@@@@[38;2;252;252;252m@[38;2;244;244;244m@[38;2;206;206;206m@[38;2;188;188;188mg[38;2;231;231;231m_[38;2;0;0;207m~[38;2;0;0;211m?[38;2;0;0;228ma[38;2;0;0;225m_         [39m
 [38;2;0;0;0m       [38;2;0;0;226m_[38;2;0;0;219m@[38;2;1;0;206m~[38;2;172;172;172m_[38;2;230;230;230mg[38;2;250;250;250m@[38;2;252;252;252m@@@@@@@@@@@@[38;2;251;251;251m@[38;2;234;234;234m@[38;2;187;187;187my [38;2;0;0;216m?[38;2;0;0;225mg[38;2;1;1;193m,       [39m
 [38;2;0;0;0m      [38;2;0;0;216mj[38;2;0;0;232mF [38;2;193;193;193my[38;2;249;249;249m@[38;2;252;252;252m@@@@@@@@@@@@@@@@@[38;2;213;213;213m@[38;2;85;85;85m_[38;2;0;0;211m"[38;2;0;0;230m$       [39m
 [38;2;0;0;0m      [38;2;0;0;231m@ [38;2;149;149;149my[38;2;250;250;250m@[38;2;205;205;205m@[38;2;186;186;186mF[38;2;178;178;178m@[38;2;250;250;250m@[38;2;252;252;252m@@@@@@@@@@@@@@@[38;2;221;221;221m@ [38;2;0;0;203m~[38;2;0;0;215m$      [39m
 [38;2;0;0;0m     [38;2;0;0;211mJ[38;2;1;0;213m[ [38;2;216;216;216m$[38;2;251;251;251m@[38;2;209;209;209m@[38;2;184;184;184my[38;2;169;169;169m_ [38;2;204;204;204m~[38;2;161;161;161mM[38;2;223;223;223m@[38;2;252;252;252m@@[38;2;196;196;196m@[38;2;214;214;214mPPPPPP[38;2;230;230;230m@[38;2;252;252;252m@@[38;2;251;251;251m@[38;2;132;132;132mL [38;2;0;0;236m$      [39m
 [38;2;0;0;0m     [38;2;1;0;210m4[38;2;0;0;204m[ [38;2;233;233;233m$[38;2;252;252;252m@[38;2;246;246;246m@[38;2;177;177;177m@[38;2;162;162;162mF  [38;2;142;142;142my[38;2;210;210;210mg[38;2;251;251;251m@@[38;2;207;207;207my[38;2;173;173;173myyyyy[38;2;177;177;177my[38;2;218;218;218mg[38;2;251;251;251m@[38;2;252;252;252m@[38;2;251;251;251m@[38;2;143;143;143mF [38;2;0;0;236m$      [39m
 [38;2;0;0;0m     [38;2;0;0;212m4[38;2;0;0;202m[ [38;2;234;234;234m$[38;2;251;251;251m@[38;2;158;158;158m$[38;2;253;253;253m_[38;2;194;194;194my[38;2;247;247;247mg[38;2;249;249;249m@[38;2;252;252;252m@@@@@@@@@@@@@@@[38;2;141;141;141mF [38;2;0;0;236m$      [39m
 [38;2;0;0;0m     [38;2;0;0;213m4[38;2;0;0;201m[ [38;2;222;222;222m@[38;2;252;252;252m@@@@@@@@@@@@@@@@@@@@@[38;2;136;136;136mF [38;2;0;0;236m$      [39m
 [38;2;0;0;0m     [38;2;0;0;216m4[38;2;0;0;197m[ [38;2;228;228;228m@[38;2;252;252;252m@@@@@@@@@@@@@@@@@@@@@[38;2;124;124;124mF [38;2;0;0;237m$      [39m
 [38;2;0;0;0m     [38;2;0;0;220m4[38;2;0;0;190m[ [38;2;235;235;235m@[38;2;252;252;252m@@@@@@@@@@@@@@@@@@@@[38;2;251;251;251m@[38;2;122;122;122mL [38;2;0;0;232m@      [39m
 [38;2;0;0;0m     [38;2;0;0;212m$  [38;2;242;242;242m@[38;2;252;252;252m@@@@@@@@@@@@@@@@@@@@[38;2;251;251;251m@[38;2;103;103;103mL [38;2;0;0;231m@      [39m
 [38;2;0;0;0m     [38;2;0;0;211m@[38;2;0;0;215m, [38;2;237;237;237m@[38;2;252;252;252m@@@@@@@@@@@@@@@@@@@@[38;2;249;249;249m@[38;2;65;65;66m~ [38;2;0;0;226m@      [39m
 [38;2;0;0;0m     [38;2;1;1;207m`[38;2;0;0;226m@[38;2;0;0;206m_[38;2;137;137;137m~[38;2;175;175;175m@[38;2;239;239;239m@[38;2;170;170;170m@[38;2;174;174;174mF[38;2;154;154;154mM[38;2;193;193;193m@[38;2;250;250;250m@[38;2;252;252;252m@[38;2;250;250;250m@[38;2;208;208;208m@[38;2;194;194;194mF[38;2;162;162;162mF[38;2;174;174;174mR[38;2;240;240;240m@[38;2;252;252;252m@@[38;2;236;236;236m@[38;2;222;222;222mF[38;2;167;167;167mF[38;2;161;161;161mM[38;2;193;193;193m~[38;2;1;0;193m_[38;2;0;0;230ma[38;2;1;1;204m~      [39m
 [38;2;0;0;0m      [38;2;2;1;210m`[38;2;1;0;214m4[38;2;0;0;228ma[38;2;0;0;225m_[38;2;0;0;226m_[38;2;0;0;210my[38;2;0;0;227ma[38;2;0;0;225mg[38;2;0;0;226m_[38;2;0;0;223m_[38;2;108;108;108m`[38;2;0;0;225m__[38;2;0;0;224mg[38;2;0;0;219m@[38;2;0;0;213my[38;2;0;0;225m_[38;2;99;99;99m`[38;2;0;0;223m_[38;2;0;0;225m_[38;2;0;0;215ma[38;2;0;0;219m@[38;2;0;0;224mg[38;2;0;0;227ma[38;2;0;0;222mP[38;2;0;0;229m'       [39m
 [38;2;0;0;0m         [38;2;1;1;212m~[38;2;0;0;226m~[38;2;0;0;228m`  [38;2;1;0;217m~[38;2;0;0;226m~[38;2;0;0;227m~[38;2;0;0;226m~[38;2;0;0;219m~  [38;2;0;0;227m`[38;2;0;0;226m~[38;2;0;0;227m~~[38;2;0;0;226m~[38;2;1;0;220m`            [39m
 [38;2;0;0;0m                                       [39m
[?25h