[?25l[39m [38;2;0;0;0m              [38;2;0;0;224m_[38;2;0;0;225m__[38;2;1;1;207my[38;2;0;1;214myy[38;2;1;1;208my[38;2;0;0;226m_[38;2;0;0;225m_[38;2;0;0;227m_               [39m
 [38;2;0;0;0m          [38;2;1;0;204m_[38;2;1;1;205my[38;2;0;0;226ma[38;2;0;0;221mP[38;2;0;0;226m~[38;2;0;0;228m~[38;2;83;83;83m_[38;2;219;219;219m_[38;2;235;235;235m__[38;2;219;219;219m_[38;2;83;83;83m_[38;2;0;0;227m~[38;2;0;0;225m~[38;2;0;0;220m4[38;2;0;0;227ma[38;2;1;1;205my[38;2;1;0;205m_           [39m
 [38;2;0;0;0m        [38;2;0;0;215m_[38;2;0;0;228ma[38;2;0;0;217mP[38;2;1;0;215m~[38;2;215;215;215m_[38;2;211;211;211my[38;2;251;251;251mg[38;2;246;246;246m@[38;2;251;251;251m@@[38;2;252;252;252m@@[38;2;251;251;251m@@[38;2;249;249;249m@[38;2;251;251;251mg[38;2;211;211;211my[38;2;215;215;215m_[38;2;0;0;214m~[38;2;0;0;215m?[38;2;0;0;225mg[38;2;1;0;215m_         [39m
 [38;2;0;0;0m       [38;2;1;0;212mg[38;2;0;0;224mP[38;2;0;0;195m'[38;2;169;169;169my[38;2;210;210;210m@[38;2;251;251;251m@[38;2;252;252;252m@@@@@@@@@@@@[38;2;251;251;251m@[38;2;223;223;223m@[38;2;160;160;160my [38;2;0;0;220m4[38;2;0;0;213mg        [39m
 [38;2;0;0;0m      [38;2;0;0;223mg[38;2;0;0;217mF [38;2;213;213;213mg[38;2;251;251;251m@[38;2;252;252;252m@@@@@@@@@@@@@@@@[38;2;251;251;251m@[38;2;184;184;184m@ [38;2;0;0;223m~[38;2;0;0;220m$       [39m
 [38;2;0;0;0m     [38;2;1;0;204mj[38;2;0;0;229mF [38;2;199;199;199mg[38;2;251;251;251m@[38;2;252;252;252m@@@@@@@@@@@@@@@@@@[38;2;251;251;251m@[38;2;176;176;176m@ [38;2;0;0;223m?[38;2;0;0;218mi      [39m
 [38;2;0;0;0m     [38;2;0;0;216m@[38;2;0;0;177m[ [38;2;244;244;244m@[38;2;252;252;252m@[38;2;246;246;246m@[38;2;216;216;216mF[38;2;177;177;177m#[38;2;190;190;190m@[38;2;233;233;233m@[38;2;252;252;252m@[38;2;251;251;251m@[38;2;252;252;252m@@[38;2;251;251;251m@[38;2;207;207;207m@[38;2;202;202;202mF[38;2;194;194;194mR[38;2;210;210;210m@[38;2;247;247;247m@[38;2;251;251;251m@@[38;2;252;252;252m@@[38;2;249;249;249m@  [38;2;0;0;225m$      [39m
 [38;2;0;0;0m     [38;2;0;0;225m@  [38;2;249;249;249m@[38;2;252;252;252m@[38;2;244;244;244m@[38;2;143;143;143mw    [38;2;202;202;202m`[38;2;149;149;149m5[38;2;251;251;251m@@[38;2;194;194;194m$[38;2;77;77;77m+   [38;2;69;69;69m`[38;2;142;142;142m~[38;2;225;225;225m$[38;2;252;252;252m@[38;2;251;251;251m@  [38;2;0;0;227m@      [39m
 [38;2;0;0;0m     [38;2;0;0;225m@  [38;2;249;249;249m@[38;2;252;252;252m@[38;2;231;231;231m@[38;2;141;141;141my[38;2;155;155;155my[38;2;194;194;194my[38;2;205;205;205mg[38;2;243;243;243mg[38;2;223;223;223m@[38;2;250;250;250m@[38;2;252;252;252m@@[38;2;176;176;176mg[38;2;248;248;248m_[38;2;175;175;175my[38;2;210;210;210my[38;2;227;227;227mg[38;2;249;249;249mg[38;2;235;235;235m@[38;2;251;251;251m@[38;2;252;252;252m@[38;2;251;251;251m@  [38;2;0;0;227m@      [39m
 [38;2;0;0;0m     [38;2;0;0;225m@  [38;2;249;249;249m@[38;2;252;252;252m@@@@@@@@@@@@@@@@@@@@[38;2;251;251;251m@  [38;2;0;0;227m@      [39m
 [38;2;0;0;0m     [38;2;0;0;225m@  [38;2;249;249;249m@[38;2;252;252;252m@@@@@@@@@@@@@@@@@@@@[38;2;251;251;251m@  [38;2;0;0;227m@      [39m
 [38;2;0;0;0m     [38;2;0;0;225m@  [38;2;249;249;249m@[38;2;252;252;252m@@@@@@@@@@@@@@@@@@@@[38;2;251;251;251m@  [38;2;0;0;227m@      [39m
 [38;2;0;0;0m     [38;2;0;0;225m@  [38;2;249;249;249m@[38;2;252;252;252m@@@@@@@@@@@@@@@@@@@@[38;2;251;251;251m@  [38;2;0;0;227m@      [39m
 [38;2;0;0;0m     [38;2;0;0;225m@  [38;2;249;249;249m@[38;2;252;252;252m@@@@@@@@@@@@@@@@@@@@[38;2;251;251;251m@  [38;2;0;0;226m@      [39m
 [38;2;0;0;0m     [38;2;0;0;215m@[38;2;0;0;214mL [38;2;193;193;193m$[38;2;251;251;251m@[38;2;252;252;252m@@@@[38;2;251;251;251m@@[38;2;252;252;252m@@@@@[38;2;251;251;251m@@[38;2;252;252;252m@@@@@[38;2;251;251;251m@[38;2;212;212;212m@ [38;2;0;0;214mj[38;2;0;0;220m@      [39m
 [38;2;0;0;0m     [38;2;2;1;208m`[38;2;0;0;227m@[38;2;0;0;217my[38;2;0;0;207m_[38;2;218;218;218m~[38;2;173;173;173mP[38;2;202;202;202mP[38;2;195;195;195mF[38;2;202;202;202m~[38;2;0;0;226m_[38;2;160;160;160m`[38;2;236;236;236m~[38;2;180;180;180mP[38;2;205;205;205mP[38;2;209;209;209mF[38;2;243;243;243m~[38;2;159;159;159m`[38;2;0;0;226m_[38;2;178;178;178m~[38;2;174;174;174mF[38;2;201;201;201mP[38;2;203;203;203mP[38;2;186;186;186mF[38;2;164;164;164m~[38;2;0;0;230m_[38;2;0;0;216my[38;2;0;0;228m@[38;2;0;0;233m'      [39m
 [38;2;0;0;0m      [38;2;2;2;197m`[38;2;0;0;226m~[38;2;0;0;224m@@[38;2;0;0;227mg[38;2;0;0;229mg[38;2;0;0;226mg@[38;2;0;0;219m@[38;2;0;0;225m@[38;2;0;0;221m@[38;2;0;0;227mg[38;2;0;0;229mg[38;2;0;0;227mg[38;2;0;0;220m@[38;2;0;0;225m@[38;2;0;0;219m@[38;2;0;0;226m@g[38;2;0;0;229mg[38;2;0;0;228mg[38;2;0;0;226mg[38;2;0;0;227m@[38;2;0;0;214m@[38;2;1;0;211mF[38;2;0;0;210m'       [39m
 [38;2;0;0;0m         [38;2;3;0;217m`[38;2;0;0;219m~[38;2;0;0;224m~[38;2;0;0;214m~   [38;2;1;0;223m`[38;2;0;0;221m~[38;2;0;0;225m~[38;2;0;0;223m~[38;2;0;0;220m`   [38;2;1;1;210m~[38;2;0;0;225m~[38;2;0;0;224m~[38;2;1;1;205m~           [39m
 [38;2;0;0;0m                                       [39m
[?25h