[?25l[39m [38;2;0;0;0m                                       [39m
 [38;2;0;0;0m             [38;2;0;0;217m_[38;2;0;0;227m_[38;2;0;0;225m_[38;2;0;0;218my[38;2;0;0;221mg[38;2;0;0;223mgg[38;2;0;0;220mg[38;2;0;0;213my[38;2;0;0;225m_[38;2;0;0;227m_               [39m
 [38;2;0;0;0m          [38;2;0;0;230m_[38;2;0;0;226ma[38;2;0;0;225mP[38;2;0;0;227m~~[38;2;115;115;115m_[38;2;232;232;232m_[38;2;253;253;253m_[38;2;156;156;156my[38;2;150;150;150my[38;2;253;253;253m_[38;2;192;192;192m_[38;2;0;0;224m~[38;2;0;0;226m~[38;2;0;0;222m=[38;2;0;0;217m@[38;2;0;0;213my[38;2;0;0;214m_           [39m
 [38;2;0;0;0m        [38;2;0;0;231m_[38;2;0;0;216m@[38;2;0;0;228m~[38;2;81;81;81m_[38;2;181;181;181my[38;2;235;235;235mg@[38;2;252;252;252m@[38;2;251;251;251m@[38;2;252;252;252m@@@@[38;2;251;251;251m@@[38;2;225;225;225m@[38;2;202;202;202mg[38;2;228;228;228m_[38;2;0;0;201m~[38;2;0;0;214m?[38;2;0;0;218m$[38;2;1;0;211m_         [39m
 [38;2;0;0;0m       [38;2;0;0;230ma[38;2;0;0;229m~ [38;2;192;192;192mg[38;2;246;246;246m@[38;2;252;252;252m@@@@@@@@@@@@@[38;2;251;251;251m@[38;2;224;224;224m@[38;2;147;147;147my [38;2;0;0;226m4[38;2;0;0;213my        [39m
 [38;2;0;0;0m      [38;2;0;0;227m@[38;2;1;1;204m'[38;2;89;89;90my[38;2;223;223;223m@[38;2;252;252;252m@@@@@@@@@@@@@@@@@[38;2;251;251;251m@[38;2;164;164;164m@ [38;2;0;0;218m?[38;2;1;0;205m$       [39m
 [38;2;0;0;0m     [38;2;0;0;221mg[38;2;1;0;195mF [38;2;215;215;215m@[38;2;252;252;252m@@[38;2;251;251;251m@[38;2;237;237;237mF[38;2;251;251;251m~[38;2;169;169;169m#[38;2;229;229;229m@[38;2;251;251;251m@[38;2;252;252;252m@@@@@@@@@@@[38;2;251;251;251m@[38;2;192;192;192mL [38;2;0;0;227mB[38;2;0;0;224m,      [39m
 [38;2;0;0;0m     [38;2;0;0;236m@ [38;2;111;111;112m4[38;2;251;251;251m@[38;2;252;252;252m@@@[38;2;225;225;225m@[38;2;214;214;214my[38;2;237;237;237m_ [38;2;212;212;212m`[38;2;248;248;248m~[38;2;201;201;201m@[38;2;251;251;251m@[38;2;249;249;249m@[38;2;217;217;217mF[38;2;180;180;180mFFFFF[38;2;182;182;182mF[38;2;210;210;210m@[38;2;233;233;233m@ [38;2;1;0;191m4[38;2;1;1;205m$      [39m
 [38;2;0;0;0m     [38;2;0;0;237m@ [38;2;133;133;134m4[38;2;251;251;251m@[38;2;252;252;252m@@[38;2;251;251;251m@[38;2;219;219;219m@[38;2;198;198;198mF[38;2;202;202;202m~ [38;2;199;199;199m_[38;2;195;195;195my[38;2;206;206;206m@[38;2;251;251;251m@@[38;2;209;209;209mg[38;2;215;215;215myyyyy[38;2;220;220;220my[38;2;215;215;215m@[38;2;238;238;238m@ [38;2;0;0;189mJ[38;2;1;0;209m$      [39m
 [38;2;0;0;0m     [38;2;0;0;237m@ [38;2;131;131;131m4[38;2;251;251;251m@[38;2;252;252;252m@@[38;2;251;251;251m@[38;2;173;173;173m@[38;2;183;183;183my[38;2;223;223;223ma[38;2;232;232;232m@[38;2;251;251;251m@[38;2;252;252;252m@@@@@@@@@@@@[38;2;239;239;239m@ [38;2;0;0;186mJ[38;2;0;1;209m$      [39m
 [38;2;0;0;0m     [38;2;0;0;237m@ [38;2;126;126;126m4[38;2;252;252;252m@@@@@@@@@@@@@@@@@@@@@[38;2;239;239;239m@ [38;2;0;0;184mJ[38;2;0;0;212m$      [39m
 [38;2;0;0;0m     [38;2;0;0;237m@ [38;2;115;115;115m4[38;2;252;252;252m@@@@@@@@@@@@@@@@@@@@@[38;2;241;241;241m@ [38;2;0;0;181mJ[38;2;0;0;216m$      [39m
 [38;2;0;0;0m     [38;2;0;0;236m@ [38;2;99;99;100m4[38;2;251;251;251m@[38;2;252;252;252m@@@@@@@@@@@@@@@@@@@@[38;2;245;245;245m@  [38;2;0;0;219m$      [39m
 [38;2;0;0;0m     [38;2;0;0;233m@ [38;2;84;84;84m4[38;2;250;250;250m@[38;2;252;252;252m@@@@@@@@@@@@@@@@@@@@[38;2;248;248;248m@  [38;2;0;0;221m$      [39m
 [38;2;0;0;0m     [38;2;0;0;228m@[38;2;0;0;196m, [38;2;248;248;248m@[38;2;252;252;252m@@@@@@@@@@@@@@@@@@@@[38;2;247;247;247m@  [38;2;0;0;221m$      [39m
 [38;2;0;0;0m     [38;2;1;0;218m`[38;2;0;0;223m$[38;2;0;0;204m,[38;2;186;186;186m~[38;2;183;183;183mF[38;2;170;170;170m@[38;2;247;247;247m@[38;2;251;251;251m@@[38;2;245;245;245m@[38;2;173;173;173m@[38;2;187;187;187mF[38;2;180;180;180mM[38;2;229;229;229m@[38;2;252;252;252m@[38;2;251;251;251m@@[38;2;210;210;210m@[38;2;200;200;200mF[38;2;164;164;164mM[38;2;189;189;189m@[38;2;250;250;250m@[38;2;251;251;251m@[38;2;210;210;210m@[38;2;186;186;186m~ [38;2;0;0;232ma'      [39m
 [38;2;0;0;0m      [38;2;2;1;197m~[38;2;0;0;228m4[38;2;0;0;227mga_[38;2;0;0;225m_[38;2;145;145;145m`[38;2;143;143;143m`[38;2;0;0;225m_[38;2;0;0;205my[38;2;0;0;226ma[38;2;0;0;221my[38;2;0;0;225m_[38;2;119;119;119m`[38;2;151;151;151m`[38;2;0;0;227m__[38;2;0;0;224mg[38;2;0;0;225mg_[38;2;0;0;226m_[38;2;0;0;228m_[38;2;0;0;227m_[38;2;0;0;225mg[38;2;0;0;227mP[38;2;2;1;200m~       [39m
 [38;2;0;0;0m          [38;2;1;1;209m~[38;2;0;0;227m~[38;2;0;0;226m~~~[38;2;2;1;208m~ [38;2;1;0;213m`[38;2;0;0;225m~[38;2;0;0;226m~~~[38;2;0;0;225m~[38;2;4;2;184m` [38;2;1;0;217m~[38;2;0;0;226m~~[38;2;0;0;225m~[38;2;4;2;192m`         [39m
 [38;2;0;0;0m                                       [39m
[?25h