[?25l[39m [38;2;0;0;0m              [38;2;0;0;229m_[38;2;0;0;225m_[38;2;1;1;210my[38;2;0;0;221my[38;2;0;0;222maa[38;2;0;0;221my[38;2;1;1;210my[38;2;0;0;225m_[38;2;0;0;228m_               [39m
 [38;2;0;0;0m          [38;2;0;0;225m_[38;2;0;0;212ma[38;2;0;0;220m#[38;2;0;0;218m=[38;2;0;0;226m~[38;2;0;0;221m~[38;2;211;211;211m_[38;2;243;243;243m_[38;2;145;145;145my[38;2;144;144;144my[38;2;243;243;243m_[38;2;210;210;210m_[38;2;0;0;220m~[38;2;0;0;226m~[38;2;0;0;217m=[38;2;0;0;215m@[38;2;0;0;218my[38;2;0;0;226m_           [39m
 [38;2;0;0;0m        [38;2;0;0;226m_[38;2;0;0;228ma[38;2;0;0;209mF[38;2;1;0;220m`[38;2;154;154;154my[38;2;216;216;216ma[38;2;230;230;230m$[38;2;251;251;251m@@[38;2;252;252;252m@@@@[38;2;251;251;251m@@[38;2;224;224;224m@[38;2;207;207;207mg[38;2;144;144;144my[38;2;1;0;220m`[38;2;0;0;226m~[38;2;0;0;218m@[38;2;0;0;226m_         [39m
 [38;2;0;0;0m       [38;2;0;0;222mg[38;2;0;0;226mF [38;2;192;192;192my[38;2;230;230;230m@[38;2;251;251;251m@[38;2;252;252;252m@@@@@@@@@@@@@[38;2;239;239;239m@[38;2;185;185;185my [38;2;0;0;219m?[38;2;0;0;222mg        [39m
 [38;2;0;0;0m      [38;2;0;0;228mg[38;2;0;0;206mF [38;2;228;228;228mg[38;2;251;251;251m@[38;2;252;252;252m@@@@@@@@@@@@@@@@[38;2;251;251;251m@[38;2;202;202;202m@ [38;2;0;0;213m~[38;2;0;0;226m$       [39m
 [38;2;0;0;0m     [38;2;0;0;211mj[38;2;0;0;227mF [38;2;210;210;210mg[38;2;251;251;251m@@[38;2;204;204;204mF[38;2;251;251;251m~[38;2;169;169;169m@[38;2;246;246;246m@[38;2;251;251;251m@[38;2;252;252;252m@@@@@@@@@@@@[38;2;251;251;251m@[38;2;190;190;190m@ [38;2;0;0;217m?[38;2;0;0;220ml      [39m
 [38;2;0;0;0m     [38;2;0;0;219m@  [38;2;246;246;246m@[38;2;252;252;252m@[38;2;251;251;251m@[38;2;242;242;242mg[38;2;191;191;191my[38;2;194;194;194m_ [38;2;183;183;183m~[38;2;155;155;155mM[38;2;237;237;237m@[38;2;252;252;252m@[38;2;241;241;241m@[38;2;178;178;178mM[38;2;186;186;186mFFFFF[38;2;191;191;191mF[38;2;241;241;241m@[38;2;252;252;252m@[38;2;250;250;250m@  [38;2;0;0;226m$      [39m
 [38;2;0;0;0m     [38;2;0;0;226m@  [38;2;249;249;249m@[38;2;252;252;252m@@[38;2;199;199;199m@[38;2;183;183;183mF[38;2;157;157;157m~ [38;2;220;220;220m_[38;2;206;206;206my[38;2;230;230;230m@[38;2;252;252;252m@[38;2;240;240;240m@[38;2;217;217;217my[38;2;206;206;206myyyyy[38;2;219;219;219my[38;2;237;237;237m@[38;2;252;252;252m@[38;2;251;251;251m@  [38;2;0;0;226m@      [39m
 [38;2;0;0;0m     [38;2;0;0;226m@  [38;2;249;249;249m@[38;2;252;252;252m@[38;2;251;251;251m@[38;2;206;206;206my[38;2;188;188;188my[38;2;232;232;232mg[38;2;239;239;239m@[38;2;251;251;251m@[38;2;252;252;252m@@@@@@@@@@@@@[38;2;251;251;251m@  [38;2;0;0;226m@      [39m
 [38;2;0;0;0m     [38;2;0;0;226m@  [38;2;249;249;249m@[38;2;252;252;252m@@@@@@@@@@@@@@@@@@@@[38;2;251;251;251m@  [38;2;0;0;226m@      [39m
 [38;2;0;0;0m     [38;2;0;0;226m@  [38;2;249;249;249m@[38;2;252;252;252m@@@@@@@@@@@@@@@@@@@@[38;2;251;251;251m@  [38;2;0;0;226m@      [39m
 [38;2;0;0;0m     [38;2;0;0;226m@  [38;2;249;249;249m@[38;2;252;252;252m@@@@@@@@@@@@@@@@@@@@[38;2;251;251;251m@  [38;2;0;0;227m@      [39m
 [38;2;0;0;0m     [38;2;0;0;226m@  [38;2;249;249;249m@[38;2;252;252;252m@@@@@@@@@@@@@@@@@@@@[38;2;251;251;251m@  [38;2;0;0;227m@      [39m
 [38;2;0;0;0m     [38;2;0;0;223m@  [38;2;245;245;245m@[38;2;252;252;252m@@@@@@@@@@@@@@@@@@@@[38;2;249;249;249m@  [38;2;0;0;225m@      [39m
 [38;2;0;0;0m     [38;2;0;0;207m?[38;2;0;0;224m$[38;2;0;0;211m,[38;2;169;169;169m~[38;2;188;188;188m@[38;2;250;250;250m@[38;2;251;251;251m@@[38;2;222;222;222m@[38;2;209;209;209mF[38;2;170;170;170mF[38;2;188;188;188mA[38;2;244;244;244m@[38;2;251;251;251m@@[38;2;245;245;245m@[38;2;220;220;220mP[38;2;174;174;174mF[38;2;167;167;167mM[38;2;217;217;217m@[38;2;251;251;251m@@[38;2;250;250;250m@[38;2;203;203;203m@[38;2;191;191;191m~ [38;2;0;0;227mg[38;2;0;0;221mF      [39m
 [38;2;0;0;0m      [38;2;0;0;229m~[38;2;0;0;226m@[38;2;0;0;224mg[38;2;0;0;226m_[38;2;0;0;228m_[38;2;149;149;149m`[38;2;0;0;228m_[38;2;0;0;226m_[38;2;0;0;221ma[38;2;0;0;227mg[38;2;0;0;211my[38;2;0;0;226m_[38;2;124;124;124m`[38;2;125;125;125m`[38;2;0;0;226m_[38;2;0;0;211my[38;2;0;0;227mg[38;2;0;0;219mg[38;2;0;0;226m_[38;2;0;0;228m_[38;2;153;153;153m`[38;2;0;0;228m_[38;2;0;0;226m_[38;2;0;0;223mg[38;2;0;0;227m@[38;2;0;1;211mF       [39m
 [38;2;0;0;0m        [38;2;0;0;227m~[38;2;0;0;226m~[38;2;0;0;231m=[38;2;0;0;213mP[38;2;0;0;230m=[38;2;0;0;227m~~[38;2;0;0;221m~[38;2;0;0;227m~[38;2;0;0;228m====[38;2;0;0;227m~[38;2;0;0;218m~[38;2;0;0;226m~~[38;2;0;0;230m=[38;2;0;0;214mP[38;2;0;0;231m=[38;2;0;0;226m~[38;2;0;0;228m~         [39m
 [38;2;0;0;0m                                       [39m
 [38;2;0;0;0m                                       [39m
[?25h