[?25l[39m [38;2;0;0;0m              [38;2;1;0;216m_[38;2;0;0;226m__[38;2;0;0;227m_[38;2;1;1;208myy[38;2;0;0;227m_[38;2;0;0;226m__[38;2;1;0;218m_               [39m
 [38;2;0;0;0m          [38;2;1;2;192m_[38;2;0;0;225m_[38;2;0;0;227mg[38;2;0;0;226m@[38;2;0;0;220m@[38;2;0;0;228m=[38;2;0;0;227m~[38;2;0;0;226m~~~~[38;2;0;0;227m~[38;2;0;0;228m=[38;2;0;0;220m@[38;2;0;0;226m@[38;2;0;0;227mg[38;2;0;0;225m_[38;2;1;1;209m,           [39m
 [38;2;0;0;0m        [38;2;0;0;209m_[38;2;0;0;226ma[38;2;0;0;227m@[38;2;0;0;215mF[38;2;0;0;227m~[38;2;192;192;192m_[38;2;182;182;182my[38;2;207;207;207ma[38;2;251;251;251mg[38;2;228;228;228m$[38;2;222;222;222m@[38;2;223;223;223m@[38;2;229;229;229m$[38;2;251;251;251mg[38;2;199;199;199mg[38;2;181;181;181my[38;2;192;192;192m_[38;2;0;0;224m~[38;2;0;0;210m?[38;2;0;0;227m@[38;2;0;0;223mg[38;2;1;0;209m_         [39m
 [38;2;0;0;0m       [38;2;0;0;215my[38;2;0;0;227m@[38;2;0;0;230m~ [38;2;205;205;205my[38;2;222;222;222m@[38;2;251;251;251m@[38;2;252;252;252m@@@@@@@@@@[38;2;251;251;251m@[38;2;231;231;231m@[38;2;204;204;204my[38;2;70;70;70m,[38;2;0;0;226m~@[38;2;0;0;216my        [39m
 [38;2;0;0;0m      [38;2;0;0;218mg[38;2;0;0;228mP [38;2;164;164;164my[38;2;236;236;236m@[38;2;252;252;252m@@@@@@@@@@@@@@@@[38;2;244;244;244m@[38;2;151;151;151my [38;2;0;0;227m4[38;2;0;0;216m$       [39m
 [38;2;0;0;0m     [38;2;1;0;203mj[38;2;0;0;224m@ [38;2;160;160;160my[38;2;250;250;250m@[38;2;252;252;252m@[38;2;196;196;196m@R[38;2;242;242;242m@[38;2;251;251;251m@[38;2;252;252;252m@@@@@@@@@@@@@[38;2;251;251;251m@[38;2;145;145;145my [38;2;0;0;225mB[38;2;0;0;218mi      [39m
 [38;2;0;0;0m     [38;2;0;0;215m@[38;2;0;0;196m[ [38;2;226;226;226m@[38;2;252;252;252m@[38;2;251;251;251m@[38;2;207;207;207my[38;2;215;215;215m_ [38;2;163;163;163m~[38;2;182;182;182mT[38;2;190;190;190m@[38;2;252;252;252m@@@[38;2;209;209;209m@[38;2;200;200;200m@@@@@[38;2;211;211;211m@[38;2;251;251;251m@[38;2;252;252;252m@[38;2;241;241;241m@  [38;2;0;0;223m$      [39m
 [38;2;0;0;0m     [38;2;0;0;226m@  [38;2;249;249;249m@[38;2;252;252;252m@@[38;2;248;248;248m@[38;2;183;183;183m@[38;2;146;146;146mF  [38;2;232;232;232m_[38;2;201;201;201m@[38;2;251;251;251m@[38;2;221;221;221m@[38;2;253;253;253m______[38;2;145;145;145my[38;2;213;213;213m@[38;2;252;252;252m@[38;2;251;251;251m@  [38;2;0;0;226m@      [39m
 [38;2;0;0;0m     [38;2;0;0;225m@  [38;2;249;249;249m@[38;2;252;252;252m@[38;2;251;251;251m@[38;2;229;229;229m_[38;2;208;208;208m_[38;2;188;188;188my[38;2;238;238;238mg[38;2;244;244;244m@[38;2;251;251;251m@[38;2;252;252;252m@@@@@@@@@@@@[38;2;251;251;251m@  [38;2;0;0;226m@      [39m
 [38;2;0;0;0m     [38;2;0;0;225m@  [38;2;249;249;249m@[38;2;252;252;252m@@@[38;2;251;251;251m@[38;2;252;252;252m@@@@@@@@@@@@@@@@[38;2;251;251;251m@  [38;2;0;0;226m@      [39m
 [38;2;0;0;0m     [38;2;0;0;225m@  [38;2;249;249;249m@[38;2;252;252;252m@@@@@@@@@@@@@@@@@@@@[38;2;251;251;251m@  [38;2;0;0;226m@      [39m
 [38;2;0;0;0m     [38;2;0;0;225m@  [38;2;249;249;249m@[38;2;252;252;252m@@@@@@@@@@@@@@@@@@@@[38;2;251;251;251m@  [38;2;0;0;226m@      [39m
 [38;2;0;0;0m     [38;2;0;0;225m@  [38;2;249;249;249m@[38;2;252;252;252m@@@@@@@@@@@@@@@@@@@@[38;2;251;251;251m@  [38;2;0;0;226m@      [39m
 [38;2;0;0;0m     [38;2;0;0;217m@[38;2;0;0;214m, [38;2;241;241;241m@[38;2;252;252;252m@@@@@@@@@@@@@@@@@@@@[38;2;247;247;247m@ [38;2;1;0;171mj[38;2;0;0;223m$      [39m
 [38;2;0;0;0m     [38;2;1;1;208m`[38;2;0;0;226m@[38;2;0;0;219m_[38;2;110;110;110m~[38;2;187;187;187mA[38;2;239;239;239m@[38;2;249;249;249m@[38;2;245;245;245m@[38;2;186;186;186m@[38;2;163;163;163mF[38;2;252;252;252m~[38;2;162;162;162mM[38;2;215;215;215m@[38;2;248;248;248m@@[38;2;219;219;219m@[38;2;209;209;209mF[38;2;252;252;252m~[38;2;251;251;251m~[38;2;208;208;208mR[38;2;245;245;245m@[38;2;249;249;249m@[38;2;240;240;240m@[38;2;220;220;220mP[38;2;145;145;145m~[38;2;0;0;218m_[38;2;0;0;223m$[38;2;0;0;231m'      [39m
 [38;2;0;0;0m      [38;2;1;2;203m`[38;2;0;1;213m?[38;2;0;0;226ma[38;2;0;0;216my[38;2;0;0;226m___[38;2;0;0;207my[38;2;0;0;227ma[38;2;0;0;219m@[38;2;0;0;221mg[38;2;0;0;225m_[38;2;0;0;226m__[38;2;0;0;225m_[38;2;0;0;223ma[38;2;0;0;216m@[38;2;0;0;227ma[38;2;0;0;208my[38;2;0;0;226m___[38;2;0;0;216my[38;2;0;0;227ms[38;2;0;0;214mF[38;2;0;0;215m'       [39m
 [38;2;0;0;0m         [38;2;1;0;225m`[38;2;0;0;227m~[38;2;0;0;232m~[38;2;0;0;230m~[38;2;0;0;232m`   [38;2;0;0;215m~[38;2;0;0;231m~[38;2;0;0;232m~[38;2;0;0;215m~   [38;2;0;0;232m`[38;2;0;0;229m~[38;2;0;0;232m~[38;2;0;0;227m~[38;2;0;0;226m`          [39m
 [38;2;0;0;0m                                       [39m
 [38;2;0;0;0m                                       [39m
[?25h