[?25l[39m [38;2;0;0;0m              [38;2;0;0;231m_[38;2;0;0;225m_[38;2;1;1;205my[38;2;0;0;216my[38;2;0;0;217ma[38;2;0;0;221my[38;2;0;0;217my[38;2;1;1;204my[38;2;0;0;226m_[38;2;0;0;231m_               [39m
 [38;2;0;0;0m          [38;2;0;0;220m_[38;2;0;0;214my[38;2;0;0;227mg[38;2;0;0;226m@[38;2;0;0;222mP[38;2;0;0;227m~[38;2;0;0;226m~[38;2;0;0;228m~[38;2;0;0;229m~~~[38;2;0;0;226m~[38;2;0;0;227m~[38;2;0;0;221m4[38;2;0;0;226m@[38;2;0;0;220m$[38;2;1;0;215my[38;2;0;0;221m_           [39m
 [38;2;0;0;0m        [38;2;0;0;223m_[38;2;0;0;227mg[38;2;0;0;218m@[38;2;0;0;226m~[38;2;1;0;221m`[38;2;154;154;154my[38;2;217;217;217my[38;2;250;250;250mg[38;2;223;223;223m@[38;2;249;249;249m@[38;2;250;250;250m@@@[38;2;228;228;228m@[38;2;250;250;250mg[38;2;217;217;217my[38;2;145;145;145my[38;2;0;0;223m`[38;2;0;0;226m~[38;2;0;0;216m@[38;2;0;0;227mg[38;2;0;0;223m_         [39m
 [38;2;0;0;0m       [38;2;0;0;218ma[38;2;0;0;221m@[38;2;0;0;220m~[38;2;146;146;146m_[38;2;211;211;211mg[38;2;246;246;246m@[38;2;251;251;251m@[38;2;252;252;252m@@@@@@@@@@@[38;2;249;249;249m@[38;2;211;211;211mg[38;2;147;147;147m_[38;2;0;0;217m~@[38;2;0;0;218mg        [39m
 [38;2;0;0;0m      [38;2;0;0;223mg[38;2;0;0;229mF [38;2;198;198;198my[38;2;248;248;248m@[38;2;252;252;252m@@@@@@@@@@@@@@@@[38;2;250;250;250m@[38;2;191;191;191my [38;2;0;0;223m?[38;2;0;0;222m$       [39m
 [38;2;0;0;0m     [38;2;1;0;210mj[38;2;0;0;218m@ [38;2;161;161;161mg[38;2;251;251;251m@@[38;2;214;214;214mF[38;2;146;146;146mM[38;2;181;181;181m@[38;2;248;248;248m@[38;2;251;251;251m@[38;2;252;252;252m@@@@@@@@@@@@[38;2;251;251;251m@[38;2;131;131;131m@ [38;2;0;0;222mRi      [39m
 [38;2;0;0;0m     [38;2;0;0;217m@[38;2;1;1;198m' [38;2;235;235;235m@[38;2;252;252;252m@[38;2;251;251;251m@[38;2;236;236;236mg[38;2;181;181;181my[38;2;154;154;154m_ [38;2;206;206;206m~[38;2;158;158;158m5[38;2;240;240;240m@[38;2;252;252;252m@[38;2;243;243;243m@[38;2;215;215;215mF[38;2;201;201;201mFFFFF[38;2;186;186;186mM[38;2;244;244;244m@[38;2;252;252;252m@[38;2;246;246;246m@  [38;2;0;0;224m$      [39m
 [38;2;0;0;0m     [38;2;0;0;226m@  [38;2;249;249;249m@[38;2;252;252;252m@[38;2;251;251;251m@[38;2;208;208;208m@[38;2;198;198;198mF[38;2;181;181;181m~ [38;2;198;198;198m_y[38;2;225;225;225m@[38;2;252;252;252m@[38;2;236;236;236m@[38;2;210;210;210my[38;2;200;200;200my[38;2;199;199;199myyy[38;2;200;200;200my[38;2;212;212;212my[38;2;234;234;234m@[38;2;252;252;252m@[38;2;251;251;251m@  [38;2;0;0;226m@      [39m
 [38;2;0;0;0m     [38;2;0;0;225m@  [38;2;249;249;249m@[38;2;252;252;252m@[38;2;251;251;251m@[38;2;196;196;196my[38;2;177;177;177my[38;2;223;223;223mg[38;2;234;234;234m@[38;2;251;251;251m@[38;2;252;252;252m@@@@@@@@@@@@@[38;2;251;251;251m@  [38;2;0;0;226m@      [39m
 [38;2;0;0;0m     [38;2;0;0;225m@  [38;2;249;249;249m@[38;2;252;252;252m@@@@@@@@@@@@@@@@@@@@[38;2;251;251;251m@  [38;2;0;0;226m@      [39m
 [38;2;0;0;0m     [38;2;0;0;225m@  [38;2;249;249;249m@[38;2;252;252;252m@@@@@@@@@@@@@@@@@@@@[38;2;251;251;251m@  [38;2;0;0;226m@      [39m
 [38;2;0;0;0m     [38;2;0;0;225m@  [38;2;249;249;249m@[38;2;252;252;252m@@@@@@@@@@@@@@@@@@@@[38;2;251;251;251m@  [38;2;0;0;226m@      [39m
 [38;2;0;0;0m     [38;2;0;0;225m@  [38;2;249;249;249m@[38;2;252;252;252m@@@@@@@@@@@@@@@@@@@@[38;2;251;251;251m@  [38;2;0;0;226m@      [39m
 [38;2;0;0;0m     [38;2;0;0;217m@[38;2;0;0;215m, [38;2;240;240;240m@[38;2;252;252;252m@@@@@@@@@@@@@@@@@@@@[38;2;246;246;246m@ [38;2;0;0;174mj[38;2;0;0;222m$      [39m
 [38;2;0;0;0m     [38;2;1;1;208m`[38;2;0;0;226m@[38;2;0;0;222m_[38;2;201;201;201m`[38;2;178;178;178m#[38;2;235;235;235m@[38;2;247;247;247m@[38;2;243;243;243m@[38;2;179;179;179m@[38;2;251;251;251m~[38;2;252;252;252m~[38;2;148;148;148m5[38;2;206;206;206m@[38;2;247;247;247m@@[38;2;212;212;212m@[38;2;204;204;204mF[38;2;252;252;252m~[38;2;251;251;251m~[38;2;200;200;200mR[38;2;242;242;242m@[38;2;247;247;247m@[38;2;236;236;236m@[38;2;212;212;212mP[38;2;138;138;138m~[38;2;0;0;222m_[38;2;0;0;223m$[38;2;0;0;231m'      [39m
 [38;2;0;0;0m      [38;2;1;2;201m`[38;2;0;1;212m?[38;2;0;0;216m@[38;2;0;0;219my[38;2;0;0;225m_[38;2;0;0;226m__[38;2;0;0;211my[38;2;0;0;227ma[38;2;0;0;218m@[38;2;0;0;222mg[38;2;0;0;225m_[38;2;0;0;226m__[38;2;0;0;225m_[38;2;0;0;224mg[38;2;0;0;216m@[38;2;0;0;227ma[38;2;0;0;212my[38;2;0;0;226m__[38;2;0;0;225m_[38;2;0;0;218my[38;2;0;0;226ms[38;2;0;0;213mF[38;2;0;1;213m'       [39m
 [38;2;0;0;0m         [38;2;1;0;221m`[38;2;0;0;225m~[38;2;0;0;232m~[38;2;0;0;230m~[38;2;0;0;231m`   [38;2;0;1;209m~[38;2;0;0;231m~~[38;2;1;0;210m~   [38;2;0;0;229m`[38;2;0;0;227m~[38;2;0;0;232m~[38;2;0;0;224m~[38;2;0;0;221m`          [39m
 [38;2;0;0;0m                                       [39m
 [38;2;0;0;0m                                       [39m
[?25h