[?25l[39m [38;2;0;0;0m                                       [39m
 [38;2;0;0;0m             [38;2;0;0;226m_[38;2;0;0;225m_[38;2;0;1;211my[38;2;0;0;222mg[38;2;0;0;228ma[38;2;0;0;230maa[38;2;0;0;228ma[38;2;0;0;222mg[38;2;1;0;211my[38;2;0;0;226m_[38;2;0;0;227m_              [39m
 [38;2;0;0;0m          [38;2;0;0;230m_[38;2;0;0;227maP[38;2;0;0;226m~[38;2;0;0;231m~[38;2;162;162;162m_[38;2;252;252;252m_[38;2;168;168;168my[38;2;178;178;178myy[38;2;167;167;167my[38;2;252;252;252m_[38;2;161;161;161m_[38;2;0;0;228m~[38;2;0;0;226m~[38;2;0;0;228m4[38;2;0;0;225mg[38;2;0;0;230m_           [39m
 [38;2;0;0;0m        [38;2;0;0;229m_[38;2;0;0;218m@[38;2;0;0;228m~[38;2;77;77;77m_[38;2;185;185;185my[38;2;241;241;241mg[38;2;243;243;243m@[38;2;251;251;251m@[38;2;252;252;252m@@@@@@[38;2;251;251;251m@[38;2;246;246;246m@[38;2;241;241;241mg[38;2;182;182;182my[38;2;78;78;78m_[38;2;0;0;224m~[38;2;0;0;219m@[38;2;0;0;228m_         [39m
 [38;2;0;0;0m       [38;2;0;0;228mg[38;2;0;0;217mF [38;2;181;181;181mg[38;2;245;245;245m@[38;2;252;252;252m@@@@@@@@@@@@@@[38;2;249;249;249m@[38;2;179;179;179mg [38;2;0;0;227m~[38;2;0;0;224m$[38;2;1;1;199m,       [39m
 [38;2;0;0;0m      [38;2;0;0;232mg[38;2;1;0;204m~ [38;2;210;210;210m$[38;2;251;251;251m@[38;2;252;252;252m@@@@@@@@@@@@@@@@@[38;2;221;221;221m@[38;2;78;78;78m,[38;2;0;0;207m"[38;2;0;0;230m$       [39m
 [38;2;0;0;0m     [38;2;0;0;216mj[38;2;0;0;222mF [38;2;221;221;221mg[38;2;251;251;251m@[38;2;252;252;252m@[38;2;233;233;233m@[38;2;209;209;209mF[38;2;251;251;251m~~~[38;2;176;176;176mP[38;2;242;242;242m@[38;2;252;252;252m@@[38;2;249;249;249m@[38;2;168;168;168m@[38;2;166;166;166mF[38;2;251;251;251m~~[38;2;153;153;153mM[38;2;204;204;204m@[38;2;251;251;251m@[38;2;252;252;252m@[38;2;205;205;205m@ [38;2;0;0;209m?[38;2;0;0;220m[      [39m
 [38;2;0;0;0m     [38;2;0;0;221m@  [38;2;248;248;248m@[38;2;252;252;252m@[38;2;197;197;197m@ [38;2;148;148;148m$[38;2;236;236;236m~[38;2;244;244;244m~[38;2;225;225;225m~[38;2;183;183;183mg[38;2;78;78;78m`[38;2;236;236;236m@[38;2;248;248;248m@[38;2;127;127;127m~[38;2;185;185;185ma[38;2;157;157;157mT[38;2;231;231;231m~[38;2;243;243;243m~[38;2;136;136;136m3[38;2;73;73;73m,[38;2;155;155;155m@[38;2;251;251;251m@@  [38;2;0;0;227m$      [39m
 [38;2;0;0;0m     [38;2;0;0;226m@  [38;2;249;249;249m@[38;2;252;252;252m@[38;2;193;193;193m$[38;2;70;70;70m"[38;2;144;144;144m@ [38;2;154;154;154mF[38;2;93;93;93m_[38;2;138;138;138mF[38;2;148;148;148my[38;2;242;242;242m@[38;2;243;243;243m@ [38;2;176;176;176m$[38;2;142;142;142m_[38;2;160;160;160m7[38;2;189;189;189m_[38;2;78;78;78m"[38;2;150;150;150m_[38;2;221;221;221mg[38;2;251;251;251m@@  [38;2;0;0;226m@      [39m
 [38;2;0;0;0m     [38;2;0;0;226m@  [38;2;249;249;249m@[38;2;252;252;252m@[38;2;251;251;251m@[38;2;226;226;226mg[38;2;162;162;162my[38;2;223;223;223m~[38;2;173;173;173mT[38;2;139;139;139m2[38;2;248;248;248m@[38;2;251;251;251m@[38;2;252;252;252m@@[38;2;232;232;232m@[38;2;193;193;193my[38;2;245;245;245m_[38;2;169;169;169mT[38;2;175;175;175mT[38;2;213;213;213m@[38;2;251;251;251m@[38;2;252;252;252m@@[38;2;251;251;251m@  [38;2;0;0;226m@      [39m
 [38;2;0;0;0m     [38;2;0;0;226m@  [38;2;249;249;249m@[38;2;252;252;252m@@@@[38;2;251;251;251m@@@[38;2;252;252;252m@@@@@@[38;2;251;251;251m@@@[38;2;252;252;252m@@@@[38;2;251;251;251m@  [38;2;0;0;226m@      [39m
 [38;2;0;0;0m     [38;2;0;0;226m@  [38;2;249;249;249m@[38;2;252;252;252m@@@@@@@@@@@@@@@@@@@@[38;2;251;251;251m@  [38;2;0;0;227m@      [39m
 [38;2;0;0;0m     [38;2;0;0;226m@  [38;2;249;249;249m@[38;2;252;252;252m@@@@@@@@@@@@@@@@@@@@[38;2;251;251;251m@  [38;2;0;0;227m@      [39m
 [38;2;0;0;0m     [38;2;0;0;226m@  [38;2;249;249;249m@[38;2;252;252;252m@@@@@@@@@@@@@@@@@@@@[38;2;251;251;251m@  [38;2;0;0;227m@      [39m
 [38;2;0;0;0m     [38;2;0;0;221m@  [38;2;246;246;246m@[38;2;252;252;252m@@@@@@@@@@@@@@@@@@@@[38;2;249;249;249m@  [38;2;0;0;223m@      [39m
 [38;2;0;0;0m     [38;2;1;0;212m`[38;2;0;0;224m$[38;2;0;0;208m,[38;2;173;173;173m~[38;2;201;201;201m@[38;2;251;251;251m@@[38;2;252;252;252m@[38;2;230;230;230m@[38;2;214;214;214mF[38;2;184;184;184mF[38;2;167;167;167m@[38;2;246;246;246m@[38;2;251;251;251m@@[38;2;247;247;247m@[38;2;177;177;177m@[38;2;187;187;187mF[38;2;177;177;177mP[38;2;225;225;225m@[38;2;251;251;251m@@[38;2;252;252;252m@[38;2;213;213;213m@[38;2;201;201;201m~ [38;2;0;0;230ma[38;2;2;1;194mF      [39m
 [38;2;0;0;0m      [38;2;0;0;218m`[38;2;0;0;226m4[38;2;0;0;224mg[38;2;0;0;227m__[38;2;152;152;152m`[38;2;116;116;116m`[38;2;0;0;225m_[38;2;0;0;220ma[38;2;0;0;227ma[38;2;0;0;205my[38;2;0;0;225m_[38;2;143;143;143m``[38;2;0;0;225m_[38;2;0;0;205my[38;2;0;0;224mg[38;2;0;0;215mg[38;2;0;0;225m_[38;2;118;118;118m`[38;2;153;153;153m`[38;2;0;0;226m_[38;2;0;0;227m_[38;2;0;0;224mg[38;2;0;0;228mP[38;2;1;1;203m~       [39m
 [38;2;0;0;0m        [38;2;2;3;190m`[38;2;0;0;224m~[38;2;0;0;226m~~~[38;2;0;0;227m~[38;2;1;0;209m` [38;2;1;1;206m~[38;2;0;0;227m~[38;2;0;0;226m~~[38;2;0;0;227m~[38;2;1;1;209m~ [38;2;2;0;209m`[38;2;0;0;224m~[38;2;0;0;226m~~~[38;2;0;0;224m~[38;2;2;2;195m`         [39m
 [38;2;0;0;0m                                       [39m
[?25h