[?25l[39m [38;2;0;0;0m                                       [39m
 [38;2;0;0;0m            [38;2;0;0;228m_[38;2;1;1;205my[38;2;0;0;227ma[38;2;0;0;222mm[38;2;0;0;220mP[38;2;0;0;228m=[38;2;0;0;218m=[38;2;0;0;217m=[38;2;0;0;225m=[38;2;0;0;229m=[38;2;0;0;217m#[38;2;0;0;227ma[38;2;0;1;210my[38;2;0;0;227m_             [39m
 [38;2;0;0;0m         [38;2;0;0;213m_[38;2;0;0;222ma[38;2;0;0;227mP[38;2;0;0;225m~[38;2;1;0;206m~[38;2;243;243;243m_[38;2;189;189;189my[38;2;224;224;224my[38;2;238;238;238mg[38;2;252;252;252mgg[38;2;243;243;243mg[38;2;198;198;198mg[38;2;196;196;196my[38;2;250;250;250m_[38;2;89;89;89m_[38;2;0;0;225m~[38;2;0;0;228m4[38;2;0;0;223mg[38;2;0;0;227m_          [39m
 [38;2;0;0;0m        [38;2;0;0;223mg[38;2;0;0;225mF[38;2;1;0;213m`[38;2;151;151;151my[38;2;235;235;235mg[38;2;247;247;247m@[38;2;251;251;251m@[38;2;252;252;252m@@@@@@@@@[38;2;251;251;251m@[38;2;205;205;205m@[38;2;173;173;173my [38;2;0;0;227m~[38;2;0;0;221m$[38;2;0;0;231m,        [39m
 [38;2;0;0;0m      [38;2;1;2;190m_[38;2;0;0;225m@[38;2;1;0;202m~[38;2;131;131;131m_[38;2;242;242;242mg[38;2;251;251;251m@[38;2;252;252;252m@@@@@@@@@@@@@@@[38;2;233;233;233m@[38;2;126;126;126my [38;2;0;0;232m4[38;2;0;0;217m_       [39m
 [38;2;0;0;0m      [38;2;0;0;230m@[38;2;1;1;197m'[38;2;87;87;88my[38;2;237;237;237m@[38;2;252;252;252m@[38;2;251;251;251m@@@[38;2;252;252;252m@@@@@@@@@@@@@@[38;2;251;251;251m@[38;2;147;147;148my [38;2;0;0;225mB[38;2;0;0;231m,      [39m
 [38;2;0;0;0m     [38;2;1;0;213mJ[38;2;0;0;216mF [38;2;206;206;206m$[38;2;252;252;252m@[38;2;251;251;251m@[38;2;175;175;175m_ [38;2;197;197;197m~[38;2;176;176;176mF[38;2;209;209;209m@[38;2;251;251;251m@[38;2;252;252;252m@@@[38;2;251;251;251m@@@@@@@[38;2;252;252;252m@@[38;2;245;245;245m@  [38;2;0;0;224m$      [39m
 [38;2;0;0;0m     [38;2;0;0;221m4  [38;2;239;239;239m@[38;2;252;252;252m@@[38;2;251;251;251m@[38;2;230;230;230m@[38;2;161;161;161mm  [38;2;114;114;114m`[38;2;194;194;194m$[38;2;252;252;252m@[38;2;218;218;218m@[38;2;106;106;106m~[38;2;131;131;131m````[38;2;130;130;130m`[38;2;175;175;175m`[38;2;208;208;208m$[38;2;251;251;251m@@[38;2;104;104;104mL [38;2;0;0;231m@      [39m
 [38;2;0;0;0m     [38;2;0;0;211m$  [38;2;241;241;241m@[38;2;252;252;252m@@[38;2;238;238;238m~[38;2;111;111;111m`[38;2;107;107;107m_[38;2;169;169;169my[38;2;221;221;221mg[38;2;233;233;233m@[38;2;251;251;251m@[38;2;252;252;252m@@[38;2;245;245;245m@[38;2;240;240;240m@@@@@[38;2;243;243;243m@[38;2;252;252;252m@@[38;2;251;251;251m@[38;2;107;107;107mL [38;2;0;0;231m@      [39m
 [38;2;0;0;0m     [38;2;0;0;211m$  [38;2;242;242;242m@[38;2;252;252;252m@@[38;2;238;238;238m@[38;2;229;229;229m$[38;2;251;251;251m@[38;2;252;252;252m@@@@@@@@@@@@@@@[38;2;251;251;251m@[38;2;104;104;105mL [38;2;0;0;231m@      [39m
 [38;2;0;0;0m     [38;2;0;0;212m$  [38;2;243;243;243m@[38;2;252;252;252m@@@@@@@@@@@@@@@@@@@@[38;2;251;251;251m@[38;2;101;101;101mL [38;2;0;0;231m@      [39m
 [38;2;0;0;0m     [38;2;0;0;214m@  [38;2;245;245;245m@[38;2;252;252;252m@@@@@@@@@@@@@@@@@@@@[38;2;251;251;251m@[38;2;94;94;94mL [38;2;0;0;231m@      [39m
 [38;2;0;0;0m     [38;2;0;0;216m@  [38;2;248;248;248m@[38;2;252;252;252m@@@@@@@@@@@@@@@@@@@@[38;2;251;251;251m@[38;2;82;82;83mL [38;2;0;0;231m@      [39m
 [38;2;0;0;0m     [38;2;0;0;220m@  [38;2;249;249;249m@[38;2;252;252;252m@@@@@@@@@@@@@@@@@@@@[38;2;251;251;251m@[38;2;71;71;71mL [38;2;0;0;230m@      [39m
 [38;2;0;0;0m     [38;2;0;0;217m@  [38;2;242;242;242m@[38;2;252;252;252m@@@@@@@@@@@@@@@@@@@@[38;2;249;249;249m@  [38;2;0;0;225m@      [39m
 [38;2;0;0;0m     [38;2;1;1;212m`[38;2;0;0;224m@[38;2;0;0;213m,[38;2;151;151;151m~[38;2;182;182;182m@[38;2;249;249;249m@[38;2;250;250;250m@[38;2;205;205;205m@[38;2;193;193;193mF[38;2;170;170;170mF[38;2;163;163;163m@[38;2;244;244;244m@[38;2;252;252;252m@@[38;2;235;235;235m@[38;2;220;220;220mF[38;2;170;170;170mF[38;2;160;160;160m5[38;2;222;222;222m@[38;2;252;252;252m@@[38;2;248;248;248m@[38;2;188;188;188m@[38;2;185;185;185mF[38;2;189;189;189m~[38;2;1;0;192m_[38;2;0;0;229mg[38;2;1;1;197mF      [39m
 [38;2;0;0;0m      [38;2;1;0;217m`[38;2;0;0;226m4[38;2;0;0;227mg[38;2;0;0;225m___[38;2;0;0;227m_[38;2;0;0;225mgg[38;2;0;0;208my[38;2;0;0;225m_[38;2;111;111;111m`[38;2;0;0;225m__[38;2;0;0;217ma[38;2;0;0;219m@[38;2;0;0;218mg[38;2;0;0;225m_[38;2;0;0;223m_[38;2;118;118;118m`[38;2;0;0;223m_[38;2;0;0;226m_g[38;2;0;0;225mg[38;2;0;0;227mP[38;2;1;1;203m~       [39m
 [38;2;0;0;0m        [38;2;2;3;191m`[38;2;0;0;224m~[38;2;0;0;227m~[38;2;0;0;226m~~[38;2;3;2;188m` [38;2;1;0;215m~[38;2;0;0;226m~[38;2;0;0;227m~[38;2;0;0;226m~~[38;2;2;2;197m~ [38;2;0;0;225m`[38;2;0;0;226m~~[38;2;0;0;227m~[38;2;0;0;226m~[38;2;0;0;223m~           [39m
 [38;2;0;0;0m                                       [39m
[?25h