[?25l[39m [38;2;0;0;0m                                       [39m
 [38;2;0;0;0m                                       [39m
 [38;2;0;0;0m                                       [39m
 [38;2;0;0;0m             [38;2;3;1;199m_[38;2;0;0;228m_[38;2;0;0;225m_[38;2;0;0;216my[38;2;0;0;218mg[38;2;0;0;224maa[38;2;0;0;218mg[38;2;0;0;216my[38;2;0;0;225m_[38;2;0;0;227m_[38;2;3;1;199m_              [39m
 [38;2;0;0;0m          [38;2;0;0;230m_[38;2;0;0;217ma[38;2;0;0;213m@[38;2;0;0;226m~~[38;2;0;0;215m~[38;2;228;228;228m_[38;2;254;254;254m_[38;2;153;153;153myy[38;2;254;254;254m_[38;2;228;228;228m_[38;2;0;0;214m~[38;2;0;0;226m~~[38;2;0;0;215m@[38;2;0;0;214mg[38;2;0;0;229m_           [39m
 [38;2;0;0;0m        [38;2;0;0;226m_[38;2;0;0;227ma[38;2;0;0;228m~[38;2;0;0;214m`[38;2;164;164;164my[38;2;221;221;221mg[38;2;225;225;225m@[38;2;252;252;252m@[38;2;251;251;251m@[38;2;252;252;252m@@@@[38;2;251;251;251m@[38;2;252;252;252m@[38;2;232;232;232m@[38;2;222;222;222mg[38;2;156;156;156my[38;2;0;0;215m`[38;2;0;0;226m~[38;2;0;0;219m@[38;2;0;0;227m_         [39m
 [38;2;0;0;0m       [38;2;0;0;223mg[38;2;0;0;224mF [38;2;197;197;197my[38;2;235;235;235m@[38;2;251;251;251m@[38;2;252;252;252m@@@@@@@@@@@@@[38;2;242;242;242m@[38;2;192;192;192my [38;2;0;0;216m?[38;2;0;0;224mg        [39m
 [38;2;0;0;0m      [38;2;0;0;229mg[38;2;0;0;216m~ [38;2;231;231;231mg[38;2;251;251;251m@[38;2;252;252;252m@@@@@@@@@@@@@@@@@[38;2;206;206;206m@ [38;2;0;0;210m~[38;2;0;0;228m$       [39m
 [38;2;0;0;0m     [38;2;1;0;212mj[38;2;0;0;226mF [38;2;213;213;213mg[38;2;251;251;251m@[38;2;252;252;252m@@@@@@@@@@@@@@@@@@@[38;2;193;193;193m@ [38;2;0;0;215m?[38;2;0;0;220ml      [39m
 [38;2;0;0;0m     [38;2;0;0;219m@  [38;2;247;247;247m@[38;2;252;252;252m@@@@@@@@@@@@@@@@@@@@[38;2;251;251;251m@  [38;2;0;0;226m$      [39m
 [38;2;0;0;0m     [38;2;0;0;224m@  [38;2;250;250;250m@[38;2;252;252;252m@@[38;2;251;251;251m@[38;2;206;206;206m@[38;2;190;190;190mP[38;2;189;189;189mP[38;2;192;192;192mA[38;2;250;250;250m@[38;2;252;252;252m@@@@[38;2;233;233;233m@[38;2;197;197;197mP[38;2;190;190;190mP[38;2;193;193;193mP[38;2;235;235;235m@[38;2;252;252;252m@@@[38;2;251;251;251m@  [38;2;0;0;226m@      [39m
 [38;2;0;0;0m     [38;2;0;0;224m@  [38;2;250;250;250m@[38;2;252;252;252m@@[38;2;251;251;251m@[38;2;177;177;177m@[38;2;188;188;188myy[38;2;210;210;210my[38;2;243;243;243m@[38;2;252;252;252m@@@@[38;2;228;228;228m$[38;2;193;193;193my[38;2;189;189;189my[38;2;195;195;195my[38;2;206;206;206m@[38;2;251;251;251m@[38;2;252;252;252m@@[38;2;251;251;251m@  [38;2;0;0;226m@      [39m
 [38;2;0;0;0m     [38;2;0;0;224m@  [38;2;250;250;250m@[38;2;252;252;252m@@@@@@@@@@@@@@@@@@@@[38;2;251;251;251m@  [38;2;0;0;226m@      [39m
 [38;2;0;0;0m     [38;2;0;0;224m@  [38;2;250;250;250m@[38;2;252;252;252m@@@@@@@@@@@@@@@@@@@@[38;2;251;251;251m@  [38;2;0;0;226m@      [39m
 [38;2;0;0;0m     [38;2;0;0;218m@[38;2;1;0;219m, [38;2;228;228;228m@[38;2;252;252;252m@@@@@@@@@@@@@@@@@@@@[38;2;239;239;239m@ [38;2;0;0;188mj[38;2;0;0;222m@      [39m
 [38;2;0;0;0m     [38;2;1;0;212m`[38;2;0;0;228m@[38;2;0;0;229m_[38;2;124;124;124m`[38;2;172;172;172mF[38;2;196;196;196m@[38;2;228;228;228m@[38;2;212;212;212m@[38;2;220;220;220mF[38;2;237;237;237m~[38;2;219;219;219m~[38;2;246;246;246m~[38;2;200;200;200mR[38;2;223;223;223m@[38;2;224;224;224m@[38;2;179;179;179m@[38;2;166;166;166mF[38;2;219;219;219m~[38;2;233;233;233m~[38;2;180;180;180mP[38;2;208;208;208m@[38;2;228;228;228m@[38;2;201;201;201m@[38;2;206;206;206mF[38;2;125;125;125m`[38;2;0;0;230m_[38;2;0;0;226m@[38;2;0;0;234m'      [39m
 [38;2;0;0;0m      [38;2;1;1;214m`[38;2;1;0;216m4[38;2;0;0;227m@g[38;2;0;0;211my[38;2;0;0;195my[38;2;0;0;204my[38;2;0;0;224mg[38;2;0;0;219m@[38;2;0;0;227m@g[38;2;0;0;220my[38;2;0;0;200my[38;2;0;0;199my[38;2;0;0;216ma[38;2;0;0;227mg[38;2;0;0;228m@[38;2;0;0;223m@[38;2;0;0;224mg[38;2;0;0;206my[38;2;0;0;196my[38;2;0;0;211my[38;2;0;0;227mg[38;2;0;0;226m@[38;2;0;0;220mP[38;2;0;0;229m'       [39m
 [38;2;0;0;0m         [38;2;1;1;212m~[38;2;0;0;226m~[38;2;0;0;227m~[38;2;0;0;226m~[38;2;0;0;223m~  [38;2;1;0;224m`[38;2;0;0;224m~[38;2;0;0;227m~~[38;2;0;0;226m~[38;2;0;0;224m`  [38;2;0;0;218m~[38;2;0;0;226m~[38;2;0;0;227m~[38;2;0;0;226m~[38;2;1;0;214m~          [39m
 [38;2;0;0;0m                                       [39m
[?25h