[?25l[39m [38;2;0;0;0m                                       [39m
 [38;2;0;0;0m              [38;2;0;0;222m_[38;2;0;0;227m_[38;2;0;0;226m_[38;2;1;1;198my[38;2;1;1;206myy[38;2;2;1;199my[38;2;0;0;226m__[38;2;0;0;219m_               [39m
 [38;2;0;0;0m          [38;2;1;2;190m_[38;2;0;0;225m_[38;2;0;0;227ma[38;2;0;0;225mP[38;2;0;0;227m~[38;2;0;0;226m~[38;2;0;0;230m~[38;2;149;149;149m_[38;2;194;194;194m__[38;2;149;149;149m_[38;2;0;0;231m~[38;2;0;0;227m~[38;2;0;0;226m~[38;2;0;0;225m4[38;2;0;0;228ma[38;2;0;0;225m_[38;2;1;2;203m,           [39m
 [38;2;0;0;0m        [38;2;0;0;208m_[38;2;0;0;227ma[38;2;0;0;222mP~[38;2;198;198;198m_[38;2;206;206;206my[38;2;244;244;244mg[38;2;236;236;236m@[38;2;252;252;252m@[38;2;251;251;251m@@@@[38;2;252;252;252m@[38;2;239;239;239m@[38;2;244;244;244mg[38;2;206;206;206my[38;2;198;198;198m_[38;2;0;0;219m~4[38;2;0;0;224mg[38;2;0;0;208m_         [39m
 [38;2;0;0;0m       [38;2;0;0;215my[38;2;0;0;228mP[38;2;0;0;204m'[38;2;154;154;154my[38;2;246;246;246mg[38;2;251;251;251m@[38;2;252;252;252m@@@@@@@@@@@@[38;2;251;251;251m@[38;2;212;212;212m@[38;2;141;141;141my[38;2;1;0;197m`[38;2;0;0;226m4[38;2;0;0;216my        [39m
 [38;2;0;0;0m      [38;2;0;0;220mg[38;2;0;0;221mF [38;2;207;207;207mg[38;2;251;251;251m@[38;2;252;252;252m@@@@@@@@@@@@@@@@[38;2;251;251;251m@[38;2;174;174;174m@ [38;2;0;0;209m?[38;2;0;0;217m$       [39m
 [38;2;0;0;0m     [38;2;1;0;202mj[38;2;0;0;231mF [38;2;193;193;193mg[38;2;251;251;251m@@[38;2;232;232;232mF[38;2;190;190;190mF[38;2;211;211;211m@[38;2;251;251;251m@[38;2;252;252;252m@@@@@@@@@@@@@[38;2;251;251;251m@[38;2;168;168;168m@ [38;2;0;0;218m4[38;2;0;0;216mi      [39m
 [38;2;0;0;0m     [38;2;0;0;216m@[38;2;0;0;180m[ [38;2;243;243;243m@[38;2;252;252;252m@[38;2;251;251;251m@[38;2;208;208;208mg[38;2;153;153;153my[38;2;84;84;84m_[38;2;125;125;125m`[38;2;241;241;241m~[38;2;181;181;181mA[38;2;247;247;247m@[38;2;252;252;252m@[38;2;247;247;247m@[38;2;225;225;225mP[38;2;213;213;213mPPPPP[38;2;204;204;204mA[38;2;249;249;249m@[38;2;252;252;252m@[38;2;249;249;249m@  [38;2;0;0;225m$      [39m
 [38;2;0;0;0m     [38;2;0;0;226m@  [38;2;249;249;249m@[38;2;252;252;252m@[38;2;251;251;251m@[38;2;232;232;232m@[38;2;219;219;219mF[38;2;209;209;209m~ [38;2;118;118;118m_[38;2;173;173;173my[38;2;215;215;215m@[38;2;252;252;252m@[38;2;230;230;230m@[38;2;185;185;185my[38;2;173;173;173myyyyy[38;2;189;189;189my[38;2;226;226;226m@[38;2;252;252;252m@[38;2;251;251;251m@  [38;2;0;0;226m@      [39m
 [38;2;0;0;0m     [38;2;0;0;226m@  [38;2;249;249;249m@[38;2;252;252;252m@[38;2;251;251;251m@[38;2;169;169;169my[38;2;144;144;144my[38;2;217;217;217my[38;2;222;222;222m$[38;2;251;251;251m@[38;2;252;252;252m@@@@@@@@@@@@@[38;2;251;251;251m@  [38;2;0;0;226m@      [39m
 [38;2;0;0;0m     [38;2;0;0;226m@  [38;2;249;249;249m@[38;2;252;252;252m@@@@@@@@@@@@@@@@@@@@[38;2;251;251;251m@  [38;2;0;0;226m@      [39m
 [38;2;0;0;0m     [38;2;0;0;226m@  [38;2;249;249;249m@[38;2;252;252;252m@@@@@@@@@@@@@@@@@@@@[38;2;251;251;251m@  [38;2;0;0;227m@      [39m
 [38;2;0;0;0m     [38;2;0;0;226m@  [38;2;249;249;249m@[38;2;252;252;252m@@@@@@@@@@@@@@@@@@@@[38;2;251;251;251m@  [38;2;0;0;227m@      [39m
 [38;2;0;0;0m     [38;2;0;0;226m@  [38;2;249;249;249m@[38;2;252;252;252m@@@@@@@@@@@@@@@@@@@@[38;2;251;251;251m@  [38;2;0;0;226m@      [39m
 [38;2;0;0;0m     [38;2;0;0;219m@  [38;2;244;244;244m@[38;2;252;252;252m@@@@@@@@@@@@@@@@@@@@[38;2;248;248;248m@  [38;2;0;0;222m@      [39m
 [38;2;0;0;0m     [38;2;1;1;211m`[38;2;0;0;224m@[38;2;0;0;214m,[38;2;153;153;153m~[38;2;179;179;179m@[38;2;248;248;248m@[38;2;252;252;252m@[38;2;251;251;251m@[38;2;213;213;213m@[38;2;198;198;198mF[38;2;163;163;163mF[38;2;175;175;175mA[38;2;236;236;236m@[38;2;252;252;252m@@[38;2;238;238;238m@[38;2;207;207;207mP[38;2;168;168;168mF[38;2;160;160;160mM[38;2;206;206;206m@[38;2;251;251;251m@[38;2;252;252;252m@[38;2;249;249;249m@[38;2;194;194;194m@[38;2;180;180;180m~[38;2;1;0;198m_[38;2;0;0;231ma[38;2;0;0;232m'      [39m
 [38;2;0;0;0m      [38;2;1;1;212m`[38;2;1;0;215m4[38;2;0;0;227ma[38;2;0;0;225m_[38;2;0;0;223m_[38;2;104;104;104m`[38;2;0;0;225m_[38;2;0;0;227m_[38;2;0;0;223mg[38;2;0;0;221m@[38;2;0;0;216my[38;2;0;0;225m_[38;2;0;0;223m__[38;2;0;0;225m_[38;2;0;0;216my@[38;2;0;0;224mg[38;2;0;0;227m_[38;2;0;0;225m_[38;2;108;108;108m`[38;2;0;0;223m_[38;2;0;0;225m_[38;2;0;0;226mg[38;2;0;0;221mP[38;2;0;0;228m'       [39m
 [38;2;0;0;0m         [38;2;1;1;212m~[38;2;0;0;226m~[38;2;0;0;227m~[38;2;0;0;226m~[38;2;0;0;222m~  [38;2;0;0;224m`[38;2;0;0;225m~[38;2;0;0;227m~~[38;2;0;0;226m~[38;2;0;0;224m`  [38;2;0;0;219m~[38;2;0;0;227m~~[38;2;0;0;226m~[38;2;1;0;216m~          [39m
 [38;2;0;0;0m                                       [39m
[?25h