[?25l[39m [38;2;0;0;0m                                       [39m
 [38;2;0;0;0m            [38;2;1;0;208m_[38;2;0;0;225m_[38;2;0;0;215my[38;2;0;0;225mg[38;2;0;0;226mg[38;2;0;0;219m@[38;2;0;0;223m@@[38;2;0;0;220m@[38;2;0;0;227mg[38;2;0;0;225mg[38;2;1;0;214my[38;2;0;0;226m_[38;2;1;1;201m_             [39m
 [38;2;0;0;0m         [38;2;2;3;187m_[38;2;1;1;209my[38;2;0;0;226mg[38;2;0;0;222m@[38;2;0;0;224m=[38;2;0;0;226m~[38;2;0;0;229m~[38;2;170;170;170m_[38;2;250;250;250m_[38;2;253;253;253m__[38;2;248;248;248m_[38;2;164;164;164m_[38;2;0;0;229m~[38;2;0;0;226m~[38;2;0;0;225m=[38;2;0;0;224m@[38;2;0;0;219m@[38;2;1;1;206my[38;2;1;2;196m,          [39m
 [38;2;0;0;0m        [38;2;1;0;216ma[38;2;0;0;227m@[38;2;0;0;211mF[38;2;0;0;221m`[38;2;151;151;151my[38;2;211;211;211mg[38;2;220;220;220m@[38;2;251;251;251m@@[38;2;252;252;252m@@@@[38;2;251;251;251m@@[38;2;222;222;222m@[38;2;203;203;203mg[38;2;234;234;234m_[38;2;0;0;225m`[38;2;0;0;212m?[38;2;0;0;227m@[38;2;0;0;216my         [39m
 [38;2;0;0;0m      [38;2;1;2;191m_[38;2;0;0;224m@[38;2;0;0;225mF [38;2;193;193;193my[38;2;228;228;228m@[38;2;252;252;252m@@@@@@@@@@@@@[38;2;251;251;251m@[38;2;233;233;233m@[38;2;170;170;170my [38;2;0;0;201mN[38;2;0;0;227m$[38;2;0;0;225m,       [39m
 [38;2;0;0;0m      [38;2;0;0;229m@[38;2;0;0;215m~ [38;2;231;231;231mg[38;2;251;251;251m@[38;2;252;252;252m@@@@@@@@@@@@@@@@[38;2;251;251;251m@[38;2;197;197;197m$ [38;2;0;0;219m~[38;2;0;0;227m@       [39m
 [38;2;0;0;0m     [38;2;0;0;209mg[38;2;0;0;223mF [38;2;105;105;105m7[38;2;174;174;174m@[38;2;249;249;249m@[38;2;251;251;251m@[38;2;252;252;252m@@@@@@@@@@@@@@@@[38;2;251;251;251m@[38;2;174;174;174m@ [38;2;0;0;221m?[38;2;1;1;202m$      [39m
 [38;2;0;0;0m     [38;2;0;0;226m@  [38;2;189;189;189my[38;2;176;176;176m_ [38;2;194;194;194m~[38;2;153;153;153m5[38;2;239;239;239m@[38;2;252;252;252m@[38;2;243;243;243m@[38;2;209;209;209mF[38;2;198;198;198mFFFFFF[38;2;242;242;242m@[38;2;252;252;252m@@@@@[38;2;248;248;248m@  [38;2;0;0;224m$      [39m
 [38;2;0;0;0m     [38;2;0;0;228m@  [38;2;192;192;192mF[38;2;182;182;182m~ [38;2;214;214;214m_[38;2;201;201;201my[38;2;228;228;228m@[38;2;252;252;252m@[38;2;239;239;239m@[38;2;214;214;214my[38;2;202;202;202myyyyy[38;2;217;217;217my[38;2;235;235;235m@[38;2;252;252;252m@@@@@@  [38;2;0;0;226m$      [39m
 [38;2;0;0;0m     [38;2;0;0;228m@  [38;2;179;179;179my[38;2;233;233;233ma[38;2;237;237;237m@[38;2;251;251;251m@[38;2;252;252;252m@@@@@@@@@@@@@@@@@@  [38;2;0;0;226m$      [39m
 [38;2;0;0;0m     [38;2;0;0;228m@  [38;2;249;249;249m@[38;2;252;252;252m@@@@@@@@@@@@@@@@@@@@@  [38;2;0;0;223m@      [39m
 [38;2;0;0;0m     [38;2;0;0;228m@  [38;2;249;249;249m@[38;2;252;252;252m@@@@@@@@@@@@@@@@@@@@@  [38;2;0;0;227m$      [39m
 [38;2;0;0;0m     [38;2;0;0;228m@  [38;2;249;249;249m@[38;2;252;252;252m@@@@@@@@@@@@@@@@@@@@@  [38;2;0;0;227m$      [39m
 [38;2;0;0;0m     [38;2;0;0;226m@  [38;2;250;250;250m@[38;2;252;252;252m@@@@@@@@@@@@@@@@@@@@[38;2;251;251;251m@  [38;2;0;0;226m$      [39m
 [38;2;0;0;0m     [38;2;0;0;203m?[38;2;0;0;218mg [38;2;146;146;146m3[38;2;206;206;206mR[38;2;185;185;185m@[38;2;248;248;248m@[38;2;251;251;251m@[38;2;252;252;252m@@[38;2;250;250;250m@[38;2;196;196;196m@[38;2;201;201;201mR[38;2;231;231;231m@[38;2;251;251;251m@[38;2;252;252;252m@@[38;2;251;251;251m@[38;2;228;228;228m@[38;2;202;202;202mR[38;2;199;199;199m@[38;2;250;250;250m@[38;2;252;252;252m@[38;2;246;246;246m@[38;2;204;204;204mF [38;2;0;0;219mg[38;2;0;0;215mF      [39m
 [38;2;0;0;0m      [38;2;0;0;225m~[38;2;0;0;220m@[38;2;0;0;205my[38;2;0;0;213my[38;2;0;0;225m__[38;2;193;193;193m~[38;2;231;231;231m~[38;2;215;215;215m~[38;2;98;98;98m`[38;2;0;0;227m_[38;2;0;0;218my[38;2;0;0;227m_[38;2;130;130;130m~[38;2;228;228;228m~[38;2;229;229;229m~[38;2;130;130;130m~[38;2;0;0;227m_[38;2;0;0;216ma[38;2;0;0;227m_[38;2;126;126;126m`[38;2;187;187;187m~[38;2;0;0;226m_[38;2;0;0;205my[38;2;0;0;217m$[38;2;0;0;224m~       [39m
 [38;2;0;0;0m        [38;2;1;0;222m~[38;2;2;2;201m~[38;2;0;0;219m~[38;2;0;0;226m~[38;2;0;0;221m=[38;2;0;0;232m=[38;2;0;0;224m=[38;2;0;0;226m~[38;2;0;0;224m~[38;2;1;1;200m~[38;2;0;0;226m~[38;2;0;0;227m~[38;2;0;0;230m==[38;2;0;0;227m~[38;2;0;0;228m~[38;2;0;0;230m`[38;2;0;0;224m~[38;2;0;0;226m~[38;2;0;0;218m=[38;2;0;0;226m~[38;2;0;0;218m~         [39m
 [38;2;0;0;0m                                       [39m
 [38;2;0;0;0m                                       [39m
[?25h