[?25l[39m [38;2;0;0;0m                  [38;2;2;0;193m_[38;2;2;0;202m_[38;2;2;1;189m_                  [39m
 [38;2;0;0;0m            [38;2;0;0;225m_[38;2;1;1;201my[38;2;0;0;225mg[38;2;0;0;211m@[38;2;0;0;220mP[38;2;0;0;215m=[38;2;0;0;229m~[38;2;0;0;228m~~[38;2;0;0;227m~[38;2;0;0;229m=[38;2;0;0;216m#[38;2;0;0;225ma[38;2;1;1;201my[38;2;0;0;228m_            [39m
 [38;2;0;0;0m          [38;2;1;1;202my[38;2;0;0;218m@[38;2;0;0;226m~[38;2;0;0;220m~[38;2;206;206;206m_[38;2;183;183;183my[38;2;201;201;201ma[38;2;248;248;248mg[38;2;252;252;252mg[38;2;224;224;224m$[38;2;252;252;252mg[38;2;251;251;251mg[38;2;213;213;213mg[38;2;198;198;198my[38;2;247;247;247m_[38;2;0;0;204m~[38;2;0;0;226m~[38;2;0;0;218mR[38;2;0;0;220my[38;2;1;0;208m_         [39m
 [38;2;0;0;0m        [38;2;0;0;221m_@[38;2;0;0;227m~[38;2;89;89;89m_[38;2;180;180;180mg[38;2;228;228;228m@[38;2;251;251;251m@[38;2;252;252;252m@@@@@@@@@@[38;2;251;251;251m@[38;2;238;238;238mg[38;2;152;152;152my[38;2;0;0;213m`[38;2;0;0;219m?[38;2;0;0;222mg[38;2;0;1;208m,       [39m
 [38;2;0;0;0m       [38;2;0;0;218mj[38;2;0;0;228mP [38;2;177;177;177my[38;2;242;242;242m@[38;2;252;252;252m@@@@@@@@@@@@@@@[38;2;251;251;251m@[38;2;218;218;218m@[38;2;160;160;160m_[38;2;0;0;212m`[38;2;0;0;222m@[38;2;0;0;234m,      [39m
 [38;2;0;0;0m       [38;2;0;0;222m@ [38;2;171;171;171my[38;2;251;251;251m@[38;2;252;252;252m@@@@[38;2;250;250;250m@[38;2;242;242;242m@[38;2;251;251;251m@[38;2;252;252;252m@@@@@@@@@@@[38;2;250;250;250m@[38;2;100;100;100my [38;2;0;0;230m$[38;2;0;0;207m,     [39m
 [38;2;0;0;0m      [38;2;0;0;223mg[38;2;2;1;199m' [38;2;235;235;235m@[38;2;252;252;252m@@@@@[38;2;163;163;163my [38;2;115;115;115m~[38;2;246;246;246m~[38;2;194;194;194mR[38;2;246;246;246m@[38;2;251;251;251m@[38;2;252;252;252m@@[38;2;251;251;251m@[38;2;252;252;252m@@@@@[38;2;229;229;229m@ [38;2;2;0;202m`[38;2;1;0;209m$     [39m
 [38;2;0;0;0m      [38;2;0;0;232m@ [38;2;68;68;69m4[38;2;250;250;250m@[38;2;252;252;252m@@@@@@[38;2;249;249;249m@[38;2;194;194;194mm   [38;2;142;142;142m@[38;2;251;251;251m@[38;2;240;240;240m@[38;2;94;94;94m_        [38;2;0;0;223m$     [39m
 [38;2;0;0;0m      [38;2;0;0;233m@ [38;2;79;79;79m4[38;2;250;250;250m@[38;2;252;252;252m@@@@[38;2;251;251;251m@[38;2;174;174;174mF[38;2;72;72;72m`[38;2;152;152;152m_[38;2;180;180;180my[38;2;231;231;231mg[38;2;239;239;239m@[38;2;251;251;251m@[38;2;252;252;252m@@[38;2;251;251;251m@[38;2;252;252;252m@@@@@[38;2;249;249;249m@  [38;2;0;0;222m$     [39m
 [38;2;0;0;0m      [38;2;0;0;235m@ [38;2;96;96;96m4[38;2;251;251;251m@[38;2;252;252;252m@@@@@[38;2;250;250;250m@[38;2;235;235;235m@[38;2;251;251;251m@[38;2;252;252;252m@@@@@@@@@@@@[38;2;245;245;245m@  [38;2;0;0;219m$     [39m
 [38;2;0;0;0m      [38;2;0;0;237m@ [38;2;122;122;122m4[38;2;252;252;252m@@@@@@@@@@@@@@@@@@@@@[38;2;240;240;240m@ [38;2;0;0;185mJ[38;2;0;0;211m$     [39m
 [38;2;0;0;0m      [38;2;0;0;234m@ [38;2;151;151;151m4[38;2;251;251;251m@[38;2;252;252;252m@@@@@@@@@@@@@@@@@@@@[38;2;231;231;231m@ [38;2;1;0;204mJ[38;2;0;0;225m[     [39m
 [38;2;0;0;0m     [38;2;3;2;168mj[38;2;0;0;221m@ [38;2;171;171;171mg[38;2;252;252;252m@@@@@@@@@@@@@@@@@@@@@[38;2;195;195;195m@ [38;2;0;0;221mJ[38;2;1;1;211m[     [39m
 [38;2;0;0;0m     [38;2;1;1;198mJ[38;2;1;0;219m[ [38;2;200;200;200m$[38;2;252;252;252m@@@@@@@@@@@@@@@@@@@@[38;2;251;251;251m@[38;2;161;161;162m$ [38;2;0;0;224m$[38;2;0;0;200m'     [39m
 [38;2;0;0;0m     [38;2;1;0;207m4[38;2;1;1;213m[ [38;2;213;213;213m$[38;2;252;252;252m@@@@@@@@@@@@@@@@@@@@[38;2;251;251;251m@[38;2;134;134;134mF [38;2;0;0;234m$      [39m
 [38;2;0;0;0m     [38;2;1;2;198m`[38;2;0;0;229m@[38;2;0;0;219m_[38;2;152;152;152m`[38;2;180;180;180mR[38;2;189;189;189mF[38;2;174;174;174mT[38;2;178;178;178mA[38;2;238;238;238m@[38;2;251;251;251m@@[38;2;231;231;231m@[38;2;219;219;219mF[38;2;161;161;161mFM[38;2;211;211;211m@[38;2;251;251;251m@@[38;2;246;246;246m@[38;2;184;184;184m@[38;2;179;179;179mF[38;2;160;160;160mF[38;2;168;168;168m@[38;2;203;203;203m@[38;2;143;143;143mF [38;2;0;0;225mg[38;2;0;0;216mF      [39m
 [38;2;0;0;0m      [38;2;1;0;211m`[38;2;0;0;221m4[38;2;0;0;228mg[38;2;0;0;214my[38;2;0;0;226mg[38;2;0;0;218m@[38;2;0;0;212my[38;2;0;0;225m_[38;2;0;0;223m__[38;2;0;0;227m_[38;2;0;0;221ma[38;2;0;0;223m@[38;2;0;0;221mg[38;2;0;0;227m_[38;2;0;0;223m__[38;2;0;0;225m_[38;2;0;0;207my[38;2;0;0;226mg[38;2;0;0;227mg__[38;2;0;0;228mgP[38;2;0;0;213m~       [39m
 [38;2;0;0;0m        [38;2;3;3;186m`[38;2;0;0;222m~  [38;2;1;0;216m~[38;2;0;0;226m~[38;2;0;0;227m~[38;2;0;0;226m~~[38;2;0;0;230m` [38;2;0;0;224m`[38;2;0;0;226m~~[38;2;0;0;227m~[38;2;0;0;226m~[38;2;0;0;220m~  ~[38;2;0;0;226m~[38;2;4;1;200m`         [39m
 [38;2;0;0;0m                                       [39m
[?25h