[?25l[39m [38;2;0;0;0m              [38;2;0;0;231m_[38;2;0;0;225m_[38;2;1;1;206my[38;2;0;0;217myaay[38;2;1;1;205my[38;2;0;0;225m_[38;2;0;0;231m_               [39m
 [38;2;0;0;0m          [38;2;0;0;220m_[38;2;0;0;215my[38;2;0;0;226mgP~~[38;2;0;0;229m~[38;2;0;0;219m~[38;2;136;136;136m_[38;2;137;137;137m_[38;2;0;0;219m~[38;2;0;0;228m~[38;2;0;0;227m~[38;2;0;0;226m~[38;2;0;0;220mR[38;2;0;0;219m@[38;2;0;0;214my[38;2;0;0;221m_           [39m
 [38;2;0;0;0m        [38;2;0;0;223m_[38;2;0;0;228mg[38;2;0;0;226mP[38;2;0;0;230m~[38;2;153;153;153m_[38;2;187;187;187my[38;2;234;234;234mg[38;2;232;232;232m$[38;2;250;250;250m@[38;2;251;251;251m@@@@@[38;2;224;224;224m@[38;2;234;234;234mg[38;2;186;186;186my[38;2;153;153;153m_[38;2;0;0;226m~[38;2;0;0;227m4[38;2;0;0;221m$[38;2;0;0;223m_         [39m
 [38;2;0;0;0m       [38;2;0;0;217mg[38;2;0;0;229mP[38;2;0;0;215m`[38;2;135;135;135my[38;2;238;238;238mg[38;2;251;251;251m@[38;2;252;252;252m@@@@@@@@@@@@[38;2;251;251;251m@[38;2;211;211;211m$[38;2;214;214;214m_[38;2;0;0;215m`[38;2;0;0;229m4[38;2;0;0;218mg        [39m
 [38;2;0;0;0m      [38;2;0;0;225mg[38;2;0;0;226mF [38;2;194;194;194mg[38;2;251;251;251m@[38;2;252;252;252m@@@@@@@@@@@@@@@@[38;2;251;251;251m@[38;2;191;191;191mg [38;2;0;0;216m?[38;2;0;0;223m$       [39m
 [38;2;0;0;0m     [38;2;1;0;209mj[38;2;0;0;231mF [38;2;183;183;183mg[38;2;251;251;251m@[38;2;252;252;252m@[38;2;179;179;179m@[38;2;195;195;195mP[38;2;231;231;231m@[38;2;251;251;251m@[38;2;252;252;252m@@@@@[38;2;242;242;242m@[38;2;189;189;189mM[38;2;206;206;206mR[38;2;247;247;247m@[38;2;251;251;251m@[38;2;252;252;252m@@@[38;2;251;251;251m@[38;2;176;176;176mg [38;2;0;0;215m5[38;2;0;0;222mi      [39m
 [38;2;0;0;0m     [38;2;0;0;217m@[38;2;1;1;192m' [38;2;241;241;241m@[38;2;252;252;252m@[38;2;251;251;251m@[38;2;188;188;188mg[38;2;244;244;244m_ [38;2;121;121;121m~[38;2;247;247;247m~[38;2;197;197;197mR[38;2;249;249;249m@[38;2;252;252;252m@@[38;2;232;232;232m@[38;2;186;186;186my[38;2;177;177;177m_ [38;2;196;196;196m~[38;2;174;174;174mF[38;2;211;211;211m@[38;2;251;251;251m@[38;2;252;252;252m@[38;2;248;248;248m@  [38;2;0;0;225m$      [39m
 [38;2;0;0;0m     [38;2;0;0;226m@  [38;2;249;249;249m@[38;2;252;252;252m@@[38;2;242;242;242m@[38;2;219;219;219mP[38;2;155;155;155mT [38;2;75;75;75m_[38;2;155;155;155my[38;2;207;207;207m@[38;2;252;252;252m@@[38;2;251;251;251m@[38;2;215;215;215m@[38;2;206;206;206mF[38;2;92;92;92m~ [38;2;175;175;175m_[38;2;200;200;200my[38;2;249;249;249m@[38;2;252;252;252m@[38;2;251;251;251m@  [38;2;0;0;226m@      [39m
 [38;2;0;0;0m     [38;2;0;0;226m@  [38;2;249;249;249m@[38;2;252;252;252m@[38;2;251;251;251m@[38;2;145;145;145my[38;2;237;237;237m_[38;2;206;206;206my[38;2;247;247;247mg[38;2;250;250;250m@[38;2;251;251;251m@[38;2;252;252;252m@@@[38;2;210;210;210m@[38;2;232;232;232m_[38;2;160;160;160my[38;2;211;211;211mg[38;2;226;226;226m@[38;2;251;251;251m@[38;2;252;252;252m@@@[38;2;251;251;251m@  [38;2;0;0;226m@      [39m
 [38;2;0;0;0m     [38;2;0;0;226m@  [38;2;249;249;249m@[38;2;252;252;252m@@@@@@@@@@@@@@@@@@@@[38;2;251;251;251m@  [38;2;0;0;226m@      [39m
 [38;2;0;0;0m     [38;2;0;0;226m@  [38;2;249;249;249m@[38;2;252;252;252m@@@@@@@@@@@@@@@@@@@@[38;2;251;251;251m@  [38;2;0;0;226m@      [39m
 [38;2;0;0;0m     [38;2;0;0;226m@  [38;2;249;249;249m@[38;2;252;252;252m@@@@@@@@@@@@@@@@@@@@[38;2;251;251;251m@  [38;2;0;0;227m@      [39m
 [38;2;0;0;0m     [38;2;0;0;226m@  [38;2;249;249;249m@[38;2;252;252;252m@@@@@@@@@@@@@@@@@@@@[38;2;251;251;251m@  [38;2;0;0;227m@      [39m
 [38;2;0;0;0m     [38;2;0;0;218m@[38;2;0;0;215m, [38;2;238;238;238m@[38;2;252;252;252m@@@@@@@@@@@@@@@@@@@@[38;2;246;246;246m@ [38;2;1;0;173mj[38;2;0;0;221m@      [39m
 [38;2;0;0;0m     [38;2;1;1;210m`[38;2;0;0;227m@[38;2;0;0;225m_[38;2;191;191;191m`[38;2;174;174;174mA[38;2;231;231;231m@[38;2;247;247;247m@[38;2;240;240;240m@[38;2;175;175;175m@[38;2;252;252;252m~[38;2;251;251;251m~[38;2;146;146;146m5[38;2;203;203;203m@[38;2;246;246;246m@@[38;2;207;207;207m@[38;2;199;199;199mF[38;2;251;251;251m~~[38;2;198;198;198mR[38;2;241;241;241m@[38;2;246;246;246m@[38;2;233;233;233m@[38;2;210;210;210mP[38;2;135;135;135m~[38;2;0;0;223m_[38;2;0;0;225m$[38;2;0;0;232m'      [39m
 [38;2;0;0;0m      [38;2;2;1;208m`[38;2;0;0;216m?[38;2;0;0;219m@y[38;2;0;0;226m___[38;2;0;0;214my[38;2;0;0;225mg@[38;2;0;0;224mg[38;2;0;0;226m____[38;2;0;0;224mg@[38;2;0;0;225mg[38;2;0;0;213my[38;2;0;0;226m___[38;2;0;0;219my[38;2;0;0;227ma[38;2;0;0;215mP[38;2;0;0;224m'       [39m
 [38;2;0;0;0m         [38;2;0;0;231m`[38;2;0;0;230m~[38;2;0;0;228m~[38;2;0;0;229m~[38;2;1;0;210m~  [38;2;1;1;210m`[38;2;0;0;226m~[38;2;0;0;229m~[38;2;0;0;228m~[38;2;0;0;226m~[38;2;1;1;208m`  [38;2;1;1;210m~[38;2;0;0;229m~[38;2;0;0;227m~[38;2;0;0;230m~[38;2;0;0;231m`          [39m
 [38;2;0;0;0m                                       [39m
 [38;2;0;0;0m                                       [39m
[?25h