[?25l[39m [38;2;0;0;0m                                       [39m
 [38;2;0;0;0m             [38;2;0;0;228m_[38;2;0;0;225m_[38;2;0;0;221my[38;2;0;0;227ma[38;2;0;0;229ma[38;2;0;0;222ma[38;2;0;0;224ma[38;2;0;0;229ma[38;2;0;0;226ma[38;2;1;0;214mg[38;2;0;0;225m_[38;2;0;0;227m_              [39m
 [38;2;0;0;0m          [38;2;0;0;228m_a[38;2;0;0;225mP[38;2;0;0;224m~[38;2;0;0;221m~[38;2;219;219;219m_[38;2;161;161;161my[38;2;184;184;184my[38;2;195;195;195myy[38;2;184;184;184my[38;2;157;157;157my[38;2;219;219;219m_[38;2;0;0;220m~[38;2;0;0;226m~[38;2;0;0;224m4[38;2;0;0;228ma_           [39m
 [38;2;0;0;0m        [38;2;1;1;206my[38;2;0;0;216m@[38;2;0;0;227m~[38;2;119;119;119m_[38;2;202;202;202my[38;2;248;248;248mg[38;2;250;250;250m@[38;2;251;251;251m@[38;2;252;252;252m@@@@@@[38;2;251;251;251m@@[38;2;209;209;209m@[38;2;200;200;200my[38;2;120;120;120m_[38;2;0;0;222m~[38;2;0;0;223mR[38;2;1;1;207my         [39m
 [38;2;0;0;0m       [38;2;0;0;231ma[38;2;0;0;229m~ [38;2;198;198;198mg[38;2;249;249;249m@[38;2;252;252;252m@@@@@@@@@@@@@@[38;2;250;250;250m@[38;2;198;198;198mg[38;2;66;66;66m,[38;2;0;0;224m~[38;2;0;0;228m$[38;2;1;0;215m,       [39m
 [38;2;0;0;0m      [38;2;0;0;224m@[38;2;1;0;195m~[38;2;91;91;91m_[38;2;214;214;214m@[38;2;252;252;252m@@@@@@@@@@@@@@@@@@[38;2;231;231;231m@[38;2;90;90;91m_[38;2;1;0;197m"[38;2;0;0;231m$       [39m
 [38;2;0;0;0m     [38;2;0;0;219mjF [38;2;199;199;199m$[38;2;252;252;252m@[38;2;251;251;251m@[38;2;220;220;220m@[38;2;190;190;190mF[38;2;245;245;245m~[38;2;139;139;139mZ[38;2;246;246;246m~[38;2;175;175;175mF[38;2;233;233;233m@[38;2;252;252;252m@@[38;2;247;247;247m@[38;2;222;222;222mF[38;2;251;251;251m~[38;2;136;136;136mZ[38;2;235;235;235m~[38;2;174;174;174mT[38;2;188;188;188m@[38;2;251;251;251m@[38;2;252;252;252m@[38;2;213;213;213m@ [38;2;0;0;204m?[38;2;1;1;203m$      [39m
 [38;2;0;0;0m     [38;2;0;0;222m@  [38;2;249;249;249m@[38;2;252;252;252m@[38;2;190;190;190m@ [38;2;143;143;143m@[38;2;189;189;189m~[38;2;126;126;126mZ[38;2;174;174;174m~[38;2;173;173;173m$ [38;2;233;233;233m@[38;2;247;247;247m@[38;2;91;91;91m^[38;2;190;190;190ma[38;2;226;226;226m~[38;2;209;209;209m_[38;2;214;214;214m~[38;2;138;138;138m4[38;2;75;75;75m,[38;2;153;153;153m$[38;2;251;251;251m@@  [38;2;0;0;228m$      [39m
 [38;2;0;0;0m     [38;2;0;0;226m@  [38;2;249;249;249m@[38;2;252;252;252m@[38;2;199;199;199m$[38;2;70;70;70m"[38;2;151;151;151m@[38;2;113;113;113m_[38;2;150;150;150mT[38;2;169;169;169m_[38;2;124;124;124mF[38;2;168;168;168my[38;2;245;245;245m@@[38;2;71;71;71m,[38;2;181;181;181m#[38;2;197;197;197m_[38;2;148;148;148m7[38;2;229;229;229m_[38;2;79;79;79m"[38;2;204;204;204m_[38;2;230;230;230mg[38;2;251;251;251m@@  [38;2;0;0;226m@      [39m
 [38;2;0;0;0m     [38;2;0;0;226m@  [38;2;249;249;249m@[38;2;252;252;252m@[38;2;251;251;251m@[38;2;212;212;212m$[38;2;180;180;180my[38;2;252;252;252m_[38;2;247;247;247m~[38;2;150;150;150mZ[38;2;249;249;249m@[38;2;252;252;252m@@@[38;2;239;239;239m@[38;2;208;208;208my[38;2;252;252;252m_[38;2;244;244;244m~[38;2;250;250;250m~[38;2;221;221;221m$[38;2;251;251;251m@[38;2;252;252;252m@@[38;2;251;251;251m@  [38;2;0;0;226m@      [39m
 [38;2;0;0;0m     [38;2;0;0;226m@  [38;2;249;249;249m@[38;2;252;252;252m@@@@@@@@@@@@@@@@@@@@[38;2;251;251;251m@  [38;2;0;0;226m@      [39m
 [38;2;0;0;0m     [38;2;0;0;226m@  [38;2;249;249;249m@[38;2;252;252;252m@@@@@@@@@@@@@@@@@@@@[38;2;251;251;251m@  [38;2;0;0;227m@      [39m
 [38;2;0;0;0m     [38;2;0;0;226m@  [38;2;249;249;249m@[38;2;252;252;252m@@@@@@@@@@@@@@@@@@@@[38;2;251;251;251m@  [38;2;0;0;227m@      [39m
 [38;2;0;0;0m     [38;2;0;0;226m@  [38;2;249;249;249m@[38;2;252;252;252m@@@@@@@@@@@@@@@@@@@@[38;2;251;251;251m@  [38;2;0;0;227m@      [39m
 [38;2;0;0;0m     [38;2;0;0;221m@  [38;2;246;246;246m@[38;2;252;252;252m@@@@@@@@@@@@@@@@@@@@[38;2;249;249;249m@  [38;2;0;0;223m@      [39m
 [38;2;0;0;0m     [38;2;1;0;212m`[38;2;0;0;225m$[38;2;0;0;208m,[38;2;172;172;172m~[38;2;200;200;200m@[38;2;251;251;251m@@[38;2;252;252;252m@[38;2;229;229;229m@[38;2;214;214;214mF[38;2;183;183;183mF[38;2;166;166;166m@[38;2;246;246;246m@[38;2;251;251;251m@@[38;2;246;246;246m@[38;2;176;176;176m@[38;2;187;187;187mF[38;2;192;192;192mF[38;2;224;224;224m@[38;2;252;252;252m@[38;2;251;251;251m@@[38;2;212;212;212m@[38;2;200;200;200m~ [38;2;0;0;230ma[38;2;2;1;194mF      [39m
 [38;2;0;0;0m      [38;2;0;0;218m`[38;2;0;0;226m4[38;2;0;0;225mg[38;2;0;0;227m_[38;2;0;0;226m_[38;2;147;147;147m`[38;2;113;113;113m`[38;2;0;0;225m_[38;2;0;0;220ma[38;2;0;0;227ma[38;2;0;0;205my[38;2;0;0;225m_[38;2;141;141;141m``[38;2;0;0;225m_[38;2;0;0;205my[38;2;0;0;224mg[38;2;0;0;215mg[38;2;0;0;225m_[38;2;115;115;115m`[38;2;150;150;150m`[38;2;0;0;226m_[38;2;0;0;227m_[38;2;0;0;225mg[38;2;0;0;228mP[38;2;1;1;203m~       [39m
 [38;2;0;0;0m        [38;2;2;3;190m`[38;2;0;0;224m~[38;2;0;0;226m~~~[38;2;0;0;227m~[38;2;2;0;210m` [38;2;1;1;206m~[38;2;0;0;226m~~~~[38;2;1;1;208m~ [38;2;2;0;209m`[38;2;0;0;225m~[38;2;0;0;226m~~~[38;2;0;0;224m~[38;2;2;3;194m`         [39m
 [38;2;0;0;0m                                       [39m
[?25h