[?25l[39m [38;2;0;0;0m                                       [39m
 [38;2;0;0;0m              [38;2;1;0;205m_[38;2;0;0;226m__[38;2;0;0;225m_[38;2;1;1;202my[38;2;1;1;203my[38;2;0;0;226m__[38;2;0;0;227m_[38;2;0;0;223m_               [39m
 [38;2;0;0;0m           [38;2;0;0;226m_g[38;2;0;0;213m@[38;2;0;0;220m=[38;2;0;0;225m~[38;2;0;0;231m~[38;2;113;113;113m_[38;2;149;149;149m_[38;2;155;155;155m_[38;2;131;131;131m_[38;2;0;0;232m~[38;2;0;0;226m~~[38;2;0;0;225m4[38;2;0;0;228ma[38;2;0;1;202my[38;2;0;1;208m_           [39m
 [38;2;0;0;0m         [38;2;0;0;216ma[38;2;0;0;228mP[38;2;0;0;227m~[38;2;109;109;109m_[38;2;181;181;181my[38;2;228;228;228mg[38;2;222;222;222m@[38;2;249;249;249m@[38;2;252;252;252m@[38;2;251;251;251m@@[38;2;252;252;252m@[38;2;251;251;251m@[38;2;238;238;238m@[38;2;245;245;245mg[38;2;209;209;209my[38;2;217;217;217m_[38;2;0;0;215m~?[38;2;0;0;228ma[38;2;0;0;223m_         [39m
 [38;2;0;0;0m       [38;2;0;0;224m_[38;2;0;0;221m@[38;2;0;0;211m~[38;2;157;157;157m_[38;2;223;223;223mg[38;2;250;250;250m@[38;2;252;252;252m@@@@@@@@@@@@[38;2;251;251;251m@[38;2;225;225;225m@[38;2;171;171;171my [38;2;0;0;220m?[38;2;0;0;223mg        [39m
 [38;2;0;0;0m      [38;2;0;0;216mj[38;2;0;0;227mP [38;2;189;189;189my[38;2;248;248;248m@[38;2;252;252;252m@@@@@@@@@@@@@@@@[38;2;251;251;251m@[38;2;205;205;205m@[38;2;74;74;74m,[38;2;0;0;211m~[38;2;0;0;229m$       [39m
 [38;2;0;0;0m      [38;2;0;0;231m@ [38;2;147;147;148my[38;2;248;248;248m@[38;2;199;199;199mM[38;2;191;191;191mP[38;2;233;233;233m@[38;2;251;251;251m@[38;2;252;252;252m@@@@@@@@@@@@@@@[38;2;214;214;214m@ [38;2;0;0;210m~[38;2;0;0;213m$      [39m
 [38;2;0;0;0m     [38;2;0;0;212mJ[38;2;1;0;212m[ [38;2;216;216;216m$[38;2;250;250;250m@[38;2;215;215;215my[38;2;232;232;232m_ [38;2;223;223;223m`[38;2;249;249;249m~[38;2;174;174;174m@[38;2;251;251;251m@[38;2;252;252;252m@[38;2;245;245;245m@[38;2;226;226;226mP[38;2;220;220;220mPPPPP[38;2;187;187;187m@[38;2;251;251;251m@[38;2;252;252;252m@@[38;2;251;251;251m@[38;2;121;121;121mL [38;2;0;0;236m$      [39m
 [38;2;0;0;0m     [38;2;1;0;212m4[38;2;0;0;203m[ [38;2;234;234;234m$[38;2;252;252;252m@[38;2;230;230;230m@[38;2;218;218;218mF[38;2;175;175;175m~ [38;2;125;125;125m_[38;2;176;176;176my[38;2;233;233;233m@[38;2;252;252;252m@[38;2;222;222;222m$[38;2;166;166;166my[38;2;160;160;160myyyyy[38;2;188;188;188my[38;2;237;237;237m@[38;2;252;252;252m@@@[38;2;140;140;140mF [38;2;0;0;236m$      [39m
 [38;2;0;0;0m     [38;2;1;0;213m4[38;2;0;0;201m[ [38;2;235;235;235m$[38;2;240;240;240m@[38;2;252;252;252m_[38;2;143;143;143my[38;2;219;219;219my[38;2;223;223;223m$[38;2;251;251;251m@[38;2;252;252;252m@@@@@@@@@@@@@@@[38;2;138;138;138mF [38;2;0;0;236m$      [39m
 [38;2;0;0;0m     [38;2;0;0;214m4[38;2;0;0;199m[ [38;2;224;224;224m@[38;2;252;252;252m@@@@@@@@@@@@@@@@@@@@@[38;2;131;131;131mF [38;2;0;0;237m$      [39m
 [38;2;0;0;0m     [38;2;0;0;217m4[38;2;0;0;196m[ [38;2;230;230;230m@[38;2;252;252;252m@@@@@@@@@@@@@@@@@@@@@[38;2;120;120;120mF [38;2;0;0;232m@      [39m
 [38;2;0;0;0m     [38;2;0;0;220m4[38;2;0;0;190m[ [38;2;237;237;237m@[38;2;252;252;252m@@@@@@@@@@@@@@@@@@@@[38;2;251;251;251m@[38;2;119;119;119mL [38;2;0;0;232m@      [39m
 [38;2;0;0;0m     [38;2;0;0;213m$  [38;2;243;243;243m@[38;2;252;252;252m@@@@@@@@@@@@@@@@@@@@[38;2;251;251;251m@[38;2;100;100;101mL [38;2;0;0;230m@      [39m
 [38;2;0;0;0m     [38;2;0;0;216m9[38;2;1;0;217m, [38;2;229;229;229m@[38;2;252;252;252m@@@@@@@@@@@@@@@@@@@@[38;2;248;248;248m@[38;2;64;64;65m~ [38;2;0;0;225m@      [39m
 [38;2;0;0;0m     [38;2;2;2;202m`[38;2;0;0;226m@_[38;2;171;171;171m`[38;2;172;172;172mA[38;2;179;179;179m@[38;2;162;162;162mF[38;2;246;246;246m~[38;2;157;157;157mM[38;2;209;209;209m@[38;2;245;245;245m@[38;2;244;244;244m@[38;2;212;212;212m@[38;2;201;201;201mF[38;2;246;246;246m~[38;2;250;250;250m~[38;2;201;201;201mR[38;2;237;237;237m@[38;2;249;249;249m@[38;2;232;232;232m@[38;2;164;164;164m@[38;2;250;250;250m~[38;2;249;249;249m~[38;2;165;165;165mP[38;2;155;155;155m~[38;2;0;0;221m_[38;2;0;0;231ma'      [39m
 [38;2;0;0;0m      [38;2;3;2;196m`[38;2;0;0;227m~[38;2;0;0;216m@[38;2;0;0;219my[38;2;0;0;212my[38;2;0;0;227ma[38;2;0;0;219m@[38;2;0;0;225mg[38;2;0;0;226m_[38;2;0;0;227m__[38;2;0;0;225m_[38;2;0;0;226mg[38;2;0;0;217m@[38;2;0;0;227ma[38;2;0;0;211my[38;2;0;0;227m___[38;2;0;0;214ma[38;2;0;0;225ms[38;2;0;0;218m@[38;2;0;0;226mg[38;2;0;0;224ma[38;2;1;0;210mF[38;2;1;0;212m'       [39m
 [38;2;0;0;0m         [38;2;1;0;217m`[38;2;0;0;224m`   [38;2;2;1;208m~[38;2;0;0;224m~[38;2;0;0;226m~[38;2;2;1;207m~   [38;2;0;0;227m`[38;2;0;0;223m~[38;2;0;0;225m~[38;2;1;0;222m~[38;2;1;0;218m`             [39m
 [38;2;0;0;0m                                       [39m
[?25h