[?25l[39m [38;2;0;0;0m              [38;2;0;0;229m_[38;2;0;0;225m_[38;2;1;1;212my[38;2;0;0;217ma[38;2;0;0;224maa[38;2;0;0;221my[38;2;1;1;211my[38;2;0;0;225m_[38;2;0;0;229m_[38;2;3;2;185m_              [39m
 [38;2;0;0;0m          [38;2;0;0;226m_[38;2;0;0;214ma[38;2;0;0;212m@[38;2;0;0;210mF[38;2;0;0;226m~[38;2;0;0;219m~[38;2;216;216;216m_[38;2;245;245;245m_[38;2;147;147;147myy[38;2;245;245;245m_[38;2;215;215;215m_[38;2;0;0;218m~[38;2;0;0;226m~[38;2;0;0;227m~[38;2;0;0;215m@[38;2;0;0;218my[38;2;0;0;226m_           [39m
 [38;2;0;0;0m        [38;2;0;0;226m_[38;2;0;0;228ma[38;2;0;0;210mF[38;2;1;0;218m`[38;2;157;157;157my[38;2;220;220;220ma[38;2;231;231;231m$[38;2;251;251;251m@@[38;2;252;252;252m@@@@[38;2;251;251;251m@@[38;2;227;227;227m@[38;2;210;210;210mg[38;2;147;147;147my[38;2;1;0;218m`[38;2;0;0;226m~[38;2;0;0;219m@[38;2;0;0;226m_         [39m
 [38;2;0;0;0m       [38;2;0;0;222mg[38;2;0;0;225mF [38;2;193;193;193my[38;2;231;231;231m@[38;2;251;251;251m@[38;2;252;252;252m@@@@@@@@@@@@@[38;2;240;240;240m@[38;2;187;187;187my [38;2;0;0;218m?[38;2;0;0;223mg        [39m
 [38;2;0;0;0m      [38;2;0;0;229mg[38;2;0;0;205mF [38;2;229;229;229mg[38;2;251;251;251m@[38;2;252;252;252m@@@@@@@@@@@@@@@@[38;2;251;251;251m@[38;2;203;203;203m@ [38;2;0;0;213m~[38;2;0;0;226m$       [39m
 [38;2;0;0;0m     [38;2;0;0;211mj[38;2;0;0;226mF [38;2;211;211;211mg[38;2;251;251;251m@@[38;2;185;185;185mF[38;2;249;249;249m~[38;2;188;188;188mA[38;2;242;242;242m@[38;2;251;251;251m@[38;2;252;252;252m@@@@@@@@@@@@[38;2;251;251;251m@[38;2;191;191;191m@ [38;2;0;0;217m?[38;2;0;0;220ml      [39m
 [38;2;0;0;0m     [38;2;0;0;219m@  [38;2;246;246;246m@[38;2;252;252;252m@[38;2;251;251;251m@[38;2;210;210;210m@[38;2;203;203;203my[38;2;217;217;217m_ [38;2;168;168;168m~[38;2;151;151;151mM[38;2;236;236;236m@[38;2;252;252;252m@[38;2;241;241;241m@[38;2;176;176;176mM[38;2;184;184;184mFFFFF[38;2;189;189;189mF[38;2;241;241;241m@[38;2;252;252;252m@[38;2;250;250;250m@  [38;2;0;0;226m$      [39m
 [38;2;0;0;0m     [38;2;0;0;226m@  [38;2;249;249;249m@[38;2;252;252;252m@[38;2;251;251;251m@[38;2;209;209;209m@[38;2;195;195;195mF[38;2;170;170;170m~ [38;2;216;216;216m_[38;2;206;206;206my[38;2;231;231;231m@[38;2;252;252;252m@[38;2;241;241;241m@[38;2;219;219;219my[38;2;209;209;209myyyyy[38;2;221;221;221my[38;2;238;238;238m@[38;2;252;252;252m@[38;2;251;251;251m@  [38;2;0;0;226m@      [39m
 [38;2;0;0;0m     [38;2;0;0;226m@  [38;2;249;249;249m@[38;2;252;252;252m@[38;2;251;251;251m@[38;2;196;196;196my[38;2;177;177;177my[38;2;225;225;225mg[38;2;236;236;236m@[38;2;251;251;251m@[38;2;252;252;252m@@@@@@@@@@@@@[38;2;251;251;251m@  [38;2;0;0;226m@      [39m
 [38;2;0;0;0m     [38;2;0;0;226m@  [38;2;249;249;249m@[38;2;252;252;252m@@@@@@@@@@@@@@@@@@@@[38;2;251;251;251m@  [38;2;0;0;226m@      [39m
 [38;2;0;0;0m     [38;2;0;0;226m@  [38;2;249;249;249m@[38;2;252;252;252m@@@@@@@@@@@@@@@@@@@@[38;2;251;251;251m@  [38;2;0;0;226m@      [39m
 [38;2;0;0;0m     [38;2;0;0;226m@  [38;2;249;249;249m@[38;2;252;252;252m@@@@@@@@@@@@@@@@@@@@[38;2;251;251;251m@  [38;2;0;0;227m@      [39m
 [38;2;0;0;0m     [38;2;0;0;226m@  [38;2;249;249;249m@[38;2;252;252;252m@@@@@@@@@@@@@@@@@@@@[38;2;251;251;251m@  [38;2;0;0;227m@      [39m
 [38;2;0;0;0m     [38;2;0;0;224m@  [38;2;247;247;247m@[38;2;252;252;252m@@@@@@@@@@@@@@@@@@@@[38;2;250;250;250m@  [38;2;0;0;226m@      [39m
 [38;2;0;0;0m     [38;2;0;0;209m4[38;2;0;0;222m$[38;2;0;0;197m,[38;2;185;185;185m~[38;2;214;214;214m@[38;2;251;251;251m@[38;2;252;252;252m@[38;2;251;251;251m@[38;2;238;238;238m@[38;2;208;208;208mP[38;2;199;199;199mF[38;2;177;177;177m@[38;2;249;249;249m@[38;2;252;252;252m@@[38;2;250;250;250m@[38;2;187;187;187m@[38;2;203;203;203mF[38;2;185;185;185mM[38;2;236;236;236m@[38;2;251;251;251m@[38;2;252;252;252m@[38;2;251;251;251m@[38;2;224;224;224m@[38;2;140;140;140mF [38;2;0;0;224mgF      [39m
 [38;2;0;0;0m      [38;2;0;0;217m?[38;2;0;0;228m@[38;2;0;0;219mg[38;2;0;0;226m_[38;2;130;130;130m`[38;2;214;214;214m`[38;2;174;174;174m`[38;2;0;0;227m_[38;2;0;0;216my[38;2;0;0;227mg[38;2;0;0;226m_[38;2;0;0;228m_[38;2;211;211;211m`[38;2;212;212;212m`[38;2;0;0;227m_[38;2;0;0;226m_[38;2;0;0;228mg[38;2;0;0;216my[38;2;0;0;226m_[38;2;178;178;178m`[38;2;215;215;215m`[38;2;137;137;137m`[38;2;0;0;227m_[38;2;0;0;220ma[38;2;0;0;227m@[38;2;0;0;223mF       [39m
 [38;2;0;0;0m       [38;2;1;2;207m`[38;2;0;0;225m~[38;2;0;0;229m=[38;2;0;0;216mR[38;2;0;0;218m@[38;2;0;0;220mR[38;2;0;0;230m=[38;2;0;0;226m~[38;2;0;0;227m~~[38;2;0;0;219m4[38;2;0;0;217m@[38;2;0;0;216m@[38;2;0;0;220mP[38;2;0;0;227m~[38;2;0;0;228m~[38;2;0;0;226m~[38;2;0;0;230m=[38;2;0;0;220mR[38;2;0;0;219m@[38;2;0;0;218mR[38;2;0;0;230m=[38;2;0;0;227m~[38;2;2;1;210m`        [39m
 [38;2;0;0;0m                                       [39m
 [38;2;0;0;0m                                       [39m
[?25h