[?25l[39m [38;2;0;0;0m             [38;2;0;0;226m_[38;2;0;0;225m_[38;2;1;0;212my[38;2;0;0;224mg[38;2;0;0;229mg[38;2;0;0;228mg[38;2;0;0;227mg[38;2;0;0;230mg[38;2;0;0;224mg[38;2;0;0;212my[38;2;0;0;225m__              [39m
 [38;2;0;0;0m          [38;2;0;0;229m_[38;2;0;0;224mg[38;2;0;0;222m@[38;2;0;0;221m=[38;2;0;0;226m~[38;2;0;0;224m~[38;2;185;185;185m_[38;2;238;238;238m_[38;2;248;248;248m__[38;2;238;238;238m_[38;2;184;184;184m_[38;2;0;0;222m~[38;2;0;0;227m~[38;2;0;0;220m=[38;2;0;0;222m@[38;2;0;0;224mg[38;2;0;0;229m_           [39m
 [38;2;0;0;0m        [38;2;0;0;230m_[38;2;0;0;223m@[38;2;0;0;213mF[38;2;0;0;227m`[38;2;145;145;145my[38;2;197;197;197mg[38;2;225;225;225m$[38;2;251;251;251m@@[38;2;252;252;252m@@@@[38;2;251;251;251m@@[38;2;230;230;230m$[38;2;197;197;197mg[38;2;241;241;241m_[38;2;0;0;226m`[38;2;0;0;210m?[38;2;0;0;226m@[38;2;0;0;230m_         [39m
 [38;2;0;0;0m       [38;2;0;0;228mg[38;2;0;0;226mF [38;2;187;187;187my[38;2;224;224;224m@[38;2;251;251;251m@[38;2;252;252;252m@@@@@@@@@@@@[38;2;251;251;251m@[38;2;234;234;234m@[38;2;180;180;180my [38;2;0;0;197mN[38;2;0;0;224m$[38;2;0;0;202m,       [39m
 [38;2;0;0;0m      [38;2;0;0;231mg[38;2;0;0;211mF [38;2;224;224;224mg[38;2;251;251;251m@@@[38;2;252;252;252m@@@@@@@@@@@@@@[38;2;251;251;251m@[38;2;197;197;197m@ [38;2;0;0;216m~[38;2;0;0;229m$       [39m
 [38;2;0;0;0m     [38;2;0;0;217mj[38;2;0;0;227mF [38;2;208;208;208mg[38;2;251;251;251m@@[38;2;141;141;141m_[38;2;70;70;70m`[38;2;225;225;225m~[38;2;177;177;177mP[38;2;227;227;227m@[38;2;251;251;251m@[38;2;252;252;252m@@@[38;2;251;251;251m@@@@@@@[38;2;252;252;252m@[38;2;251;251;251m@[38;2;186;186;186m@ [38;2;0;0;217m?[38;2;0;0;220m[      [39m
 [38;2;0;0;0m     [38;2;0;0;221m@  [38;2;246;246;246m@[38;2;252;252;252m@@[38;2;251;251;251m@[38;2;221;221;221m@[38;2;159;159;159mw  [38;2;111;111;111m~[38;2;203;203;203m$[38;2;251;251;251m@[38;2;212;212;212m@[38;2;160;160;160m~[38;2;122;122;122m~~~~~[38;2;152;152;152m~[38;2;220;220;220m$[38;2;252;252;252m@[38;2;250;250;250m@  [38;2;0;0;227m$      [39m
 [38;2;0;0;0m     [38;2;0;0;226m@  [38;2;249;249;249m@[38;2;252;252;252m@[38;2;251;251;251m@[38;2;249;249;249m~[38;2;122;122;122m`[38;2;86;86;86m_[38;2;161;161;161my[38;2;206;206;206mg[38;2;219;219;219m@[38;2;252;252;252m@@[38;2;251;251;251m@[38;2;240;240;240m@[38;2;231;231;231m@@@@@[38;2;238;238;238m@[38;2;251;251;251m@[38;2;252;252;252m@[38;2;251;251;251m@  [38;2;0;0;226m@      [39m
 [38;2;0;0;0m     [38;2;0;0;225m@  [38;2;249;249;249m@[38;2;252;252;252m@@[38;2;229;229;229m@[38;2;209;209;209m@[38;2;250;250;250m@[38;2;251;251;251m@[38;2;252;252;252m@@@@@@@@@@@@@@[38;2;251;251;251m@  [38;2;0;0;226m@      [39m
 [38;2;0;0;0m     [38;2;0;0;225m@  [38;2;249;249;249m@[38;2;252;252;252m@@@@@@@@@@@@@@@@@@@@[38;2;251;251;251m@  [38;2;0;0;226m@      [39m
 [38;2;0;0;0m     [38;2;0;0;225m@  [38;2;249;249;249m@[38;2;252;252;252m@@@@@@@@@@@@@@@@@@@@[38;2;251;251;251m@  [38;2;0;0;226m@      [39m
 [38;2;0;0;0m     [38;2;0;0;225m@  [38;2;249;249;249m@[38;2;252;252;252m@@@@@@@@@@@@@@@@@@@@[38;2;251;251;251m@  [38;2;0;0;226m@      [39m
 [38;2;0;0;0m     [38;2;0;0;225m@  [38;2;249;249;249m@[38;2;252;252;252m@@@@@@@@@@@@@@@@@@@@[38;2;251;251;251m@  [38;2;0;0;226m@      [39m
 [38;2;0;0;0m     [38;2;0;0;219m@[38;2;0;0;215m, [38;2;239;239;239m@[38;2;252;252;252m@@@@@@@@@@@@@@@@@@@@[38;2;246;246;246m@ [38;2;0;0;174mj[38;2;0;0;221m@      [39m
 [38;2;0;0;0m     [38;2;1;1;211m`[38;2;0;0;227m@[38;2;0;0;223m_[38;2;196;196;196m`[38;2;176;176;176m#[38;2;232;232;232m@[38;2;247;247;247m@[38;2;241;241;241m@[38;2;177;177;177m@[38;2;251;251;251m~~[38;2;145;145;145m5[38;2;203;203;203m@[38;2;246;246;246m@@[38;2;209;209;209m@[38;2;202;202;202mF[38;2;251;251;251m~~[38;2;198;198;198mR[38;2;241;241;241m@[38;2;247;247;247m@[38;2;234;234;234m@[38;2;210;210;210mP[38;2;134;134;134m~[38;2;0;0;224m_$[38;2;0;0;232m'      [39m
 [38;2;0;0;0m      [38;2;1;1;211m`[38;2;0;0;211m4[38;2;0;0;220m@[38;2;0;0;218my[38;2;0;0;226m___[38;2;0;0;213my[38;2;0;0;226mg@[38;2;0;0;224mg[38;2;0;0;227m_[38;2;0;0;226m__[38;2;0;0;227m_[38;2;0;0;224mg[38;2;0;0;225m@g[38;2;0;0;213my[38;2;0;0;226m___[38;2;0;0;218my[38;2;0;0;227ma[38;2;0;0;217mP[38;2;0;0;226m'       [39m
 [38;2;0;0;0m         [38;2;1;1;205m~[38;2;0;0;229m~[38;2;0;0;227m~[38;2;0;0;230m~[38;2;1;0;218m~  [38;2;0;0;215m`[38;2;0;0;229m~[38;2;0;0;228m~[38;2;0;0;227m~[38;2;0;0;230m~[38;2;0;0;217m`  [38;2;1;0;215m~[38;2;0;0;229m~[38;2;0;0;227m~[38;2;0;0;230m~[38;2;1;1;206m~          [39m
 [38;2;0;0;0m                                       [39m
 [38;2;0;0;0m                                       [39m
[?25h