[?25l[39m [38;2;0;0;0m              [38;2;0;0;230m_[38;2;0;0;225m_[38;2;1;1;205my[38;2;0;0;218my[38;2;0;0;217maa[38;2;0;0;218my[38;2;1;1;205my[38;2;0;0;225m_[38;2;0;0;230m_               [39m
 [38;2;0;0;0m          [38;2;0;0;220m_[38;2;1;0;214my[38;2;0;0;224ms[38;2;0;0;221m=[38;2;0;0;225m~[38;2;0;0;224m~[38;2;181;181;181m_[38;2;238;238;238m_[38;2;248;248;248m__[38;2;238;238;238m_[38;2;182;182;182m_[38;2;0;0;224m~[38;2;0;0;227m~[38;2;0;0;221m=[38;2;0;0;215m@[38;2;0;0;214my[38;2;0;0;221m_           [39m
 [38;2;0;0;0m        [38;2;0;0;222m_[38;2;0;0;228ma[38;2;0;0;214mF[38;2;0;0;227m`[38;2;144;144;144my[38;2;196;196;196mg[38;2;224;224;224m$[38;2;251;251;251m@@[38;2;252;252;252m@@@@[38;2;251;251;251m@@[38;2;230;230;230m$[38;2;197;197;197mg[38;2;241;241;241m_[38;2;0;0;227m`[38;2;0;0;210m?[38;2;0;0;230ma[38;2;0;0;222m_         [39m
 [38;2;0;0;0m       [38;2;0;0;219mg[38;2;0;0;226mF [38;2;186;186;186my[38;2;223;223;223m@[38;2;251;251;251m@[38;2;252;252;252m@@@@@@@@@@@@[38;2;251;251;251m@[38;2;234;234;234m@[38;2;179;179;179my [38;2;0;0;197mN[38;2;0;0;220mg        [39m
 [38;2;0;0;0m      [38;2;0;0;226mg[38;2;0;0;211mF [38;2;223;223;223mg[38;2;251;251;251m@[38;2;252;252;252m@@@@@@@@@@@@@@@@[38;2;251;251;251m@[38;2;197;197;197m@ [38;2;0;0;217m~[38;2;0;0;225m$       [39m
 [38;2;0;0;0m     [38;2;0;0;209mj[38;2;0;0;228mF [38;2;208;208;208mg[38;2;251;251;251m@@[38;2;210;210;210mF[38;2;142;142;142mM[38;2;177;177;177m@[38;2;248;248;248m@[38;2;251;251;251m@[38;2;252;252;252m@@@@@@@@@@@@[38;2;251;251;251m@[38;2;186;186;186m@ [38;2;0;0;219m?[38;2;0;0;222mi      [39m
 [38;2;0;0;0m     [38;2;0;0;219m@  [38;2;246;246;246m@[38;2;252;252;252m@[38;2;251;251;251m@[38;2;238;238;238mg[38;2;184;184;184my[38;2;169;169;169m_ [38;2;200;200;200m~[38;2;177;177;177mF[38;2;239;239;239m@[38;2;252;252;252m@[38;2;243;243;243m@[38;2;186;186;186mM[38;2;196;196;196mFFFFF[38;2;183;183;183mM[38;2;243;243;243m@[38;2;252;252;252m@[38;2;250;250;250m@  [38;2;0;0;226m$      [39m
 [38;2;0;0;0m     [38;2;0;0;226m@  [38;2;249;249;249m@[38;2;252;252;252m@[38;2;251;251;251m@[38;2;206;206;206m@[38;2;194;194;194mF[38;2;173;173;173m~ [38;2;206;206;206m_[38;2;200;200;200my[38;2;227;227;227m@[38;2;252;252;252m@[38;2;237;237;237m@[38;2;212;212;212my[38;2;202;202;202myyyyy[38;2;215;215;215my[38;2;235;235;235m@[38;2;252;252;252m@[38;2;251;251;251m@  [38;2;0;0;226m@      [39m
 [38;2;0;0;0m     [38;2;0;0;226m@  [38;2;249;249;249m@[38;2;252;252;252m@[38;2;251;251;251m@[38;2;200;200;200my[38;2;181;181;181my[38;2;226;226;226mg[38;2;236;236;236m@[38;2;251;251;251m@[38;2;252;252;252m@@@@@@@@@@@@@[38;2;251;251;251m@  [38;2;0;0;226m@      [39m
 [38;2;0;0;0m     [38;2;0;0;226m@  [38;2;249;249;249m@[38;2;252;252;252m@@@@@@@@@@@@@@@@@@@@[38;2;251;251;251m@  [38;2;0;0;226m@      [39m
 [38;2;0;0;0m     [38;2;0;0;226m@  [38;2;249;249;249m@[38;2;252;252;252m@@@@@@@@@@@@@@@@@@@@[38;2;251;251;251m@  [38;2;0;0;226m@      [39m
 [38;2;0;0;0m     [38;2;0;0;226m@  [38;2;249;249;249m@[38;2;252;252;252m@@@@@@@@@@@@@@@@@@@@[38;2;251;251;251m@  [38;2;0;0;227m@      [39m
 [38;2;0;0;0m     [38;2;0;0;226m@  [38;2;249;249;249m@[38;2;252;252;252m@@@@@@@@@@@@@@@@@@@@[38;2;251;251;251m@  [38;2;0;0;227m@      [39m
 [38;2;0;0;0m     [38;2;0;0;225m@  [38;2;249;249;249m@[38;2;252;252;252m@@@@@@@@@@@@@@@@@@@@[38;2;251;251;251m@  [38;2;0;0;226m@      [39m
 [38;2;0;0;0m     [38;2;0;0;209m@[38;2;0;0;230mL [38;2;199;199;199m4[38;2;251;251;251m@[38;2;252;252;252m@@@[38;2;251;251;251m@[38;2;244;244;244m@[38;2;230;230;230m@[38;2;250;250;250m@[38;2;252;252;252m@@@@[38;2;250;250;250m@[38;2;229;229;229m@[38;2;243;243;243m@[38;2;251;251;251m@[38;2;252;252;252m@@@[38;2;251;251;251m@[38;2;162;162;162m@ [38;2;0;0;230mj[38;2;0;0;216m@      [39m
 [38;2;0;0;0m     [38;2;2;2;199m`[38;2;0;0;220m@[38;2;0;0;225mg[38;2;0;0;227m_[38;2;99;99;99m~[38;2;244;244;244m~[38;2;162;162;162mF[38;2;251;251;251m~[38;2;177;177;177m~[38;2;0;0;227m_[38;2;0;0;225m_[38;2;0;0;218m_[38;2;221;221;221m~[38;2;174;174;174mT[38;2;161;161;161mF[38;2;233;233;233m~[38;2;0;0;218m_[38;2;0;0;225m_[38;2;0;0;226m_[38;2;156;156;156m~[38;2;249;249;249m~[38;2;165;165;165mF[38;2;248;248;248m~[38;2;130;130;130m~[38;2;0;0;228m_[38;2;0;0;225mg[38;2;0;0;223m@'      [39m
 [38;2;0;0;0m       [38;2;0;0;229m~[38;2;0;0;216mR[38;2;0;0;227m@@[38;2;0;0;226m@@@[38;2;0;0;216m@[38;2;0;0;229m=[38;2;0;0;228m@[38;2;0;0;226m@@@@[38;2;0;0;227m@[38;2;0;0;218mP[38;2;1;0;216m@[38;2;0;0;226m@@[38;2;0;0;225m@[38;2;0;0;227m@@[38;2;0;0;226mP[38;2;0;0;229m~        [39m
 [38;2;0;0;0m          [38;2;1;1;219m`[38;2;1;0;226m`[38;2;1;1;222m`    [38;2;3;2;189m`[38;2;1;0;227m`[38;2;1;0;225m`[38;2;2;2;189m`    [38;2;1;0;224m`[38;2;0;0;228m`[38;2;1;1;220m`           [39m
 [38;2;0;0;0m                                       [39m
[?25h