[?25l[39m [38;2;0;0;0m              [38;2;0;0;225m___[38;2;1;1;208my[38;2;1;0;214myy[38;2;1;1;208my[38;2;0;0;225m__[38;2;0;0;226m_               [39m
 [38;2;0;0;0m          [38;2;1;0;204m_[38;2;1;1;205my[38;2;0;0;226ma[38;2;0;0;221mP[38;2;0;0;226m~[38;2;0;0;229m~[38;2;84;84;84m_[38;2;219;219;219m_[38;2;235;235;235m__[38;2;219;219;219m_[38;2;83;83;83m_[38;2;0;0;227m~[38;2;0;0;225m~[38;2;0;0;221m4[38;2;0;0;227ma[38;2;1;1;205my[38;2;1;0;206m_           [39m
 [38;2;0;0;0m        [38;2;0;0;215m_[38;2;0;0;229ma[38;2;0;0;222mF[38;2;1;0;215m~[38;2;215;215;215m_[38;2;211;211;211my[38;2;251;251;251mg[38;2;246;246;246m@[38;2;251;251;251m@@[38;2;252;252;252m@@[38;2;251;251;251m@@[38;2;249;249;249m@[38;2;251;251;251mg[38;2;211;211;211my[38;2;216;216;216m_[38;2;0;0;214m~[38;2;0;0;212m4[38;2;0;0;225mg[38;2;0;0;215m_         [39m
 [38;2;0;0;0m       [38;2;1;0;213mg[38;2;0;0;224mP[38;2;0;0;195m'[38;2;170;170;170my[38;2;210;210;210m@[38;2;251;251;251m@[38;2;252;252;252m@@@@@@@@@@@@[38;2;251;251;251m@[38;2;224;224;224m@[38;2;160;160;160my [38;2;0;0;221m4[38;2;1;1;214mg        [39m
 [38;2;0;0;0m      [38;2;0;0;223mg[38;2;0;0;217mF [38;2;213;213;213mg[38;2;251;251;251m@[38;2;252;252;252m@@@@@@@@@@@@@@@@[38;2;251;251;251m@[38;2;184;184;184m@ [38;2;0;0;223m~[38;2;0;0;221m$       [39m
 [38;2;0;0;0m     [38;2;1;0;205mj[38;2;0;0;229mF [38;2;199;199;199mg[38;2;251;251;251m@@[38;2;226;226;226mF[38;2;154;154;154m5[38;2;198;198;198m@[38;2;250;250;250m@[38;2;252;252;252m@@@@@@@@@@@@@[38;2;251;251;251m@[38;2;176;176;176m@ [38;2;0;0;223m?[38;2;0;0;218mi      [39m
 [38;2;0;0;0m     [38;2;0;0;217m@[38;2;0;0;178m[ [38;2;244;244;244m@[38;2;252;252;252m@@[38;2;223;223;223mg[38;2;166;166;166my[38;2;100;100;100m_[38;2;117;117;117m`[38;2;230;230;230m~[38;2;166;166;166m#[38;2;245;245;245m@[38;2;252;252;252m@[38;2;247;247;247m@[38;2;206;206;206mP[38;2;211;211;211mFFFFF[38;2;184;184;184mA[38;2;246;246;246m@[38;2;252;252;252m@[38;2;249;249;249m@  [38;2;0;0;225m$      [39m
 [38;2;0;0;0m     [38;2;0;0;226m@  [38;2;249;249;249m@[38;2;252;252;252m@[38;2;251;251;251m@[38;2;221;221;221m@[38;2;211;211;211mF~ [38;2;165;165;165m_[38;2;185;185;185my[38;2;220;220;220m@[38;2;252;252;252m@[38;2;233;233;233m@[38;2;196;196;196my[38;2;186;186;186myyyyy[38;2;200;200;200my[38;2;228;228;228m@[38;2;252;252;252m@[38;2;251;251;251m@  [38;2;0;0;226m@      [39m
 [38;2;0;0;0m     [38;2;0;0;226m@  [38;2;249;249;249m@[38;2;252;252;252m@[38;2;251;251;251m@[38;2;184;184;184my[38;2;162;162;162my[38;2;205;205;205mg[38;2;224;224;224m@[38;2;251;251;251m@[38;2;252;252;252m@@@@@@@@@@@@@[38;2;251;251;251m@  [38;2;0;0;226m@      [39m
 [38;2;0;0;0m     [38;2;0;0;226m@  [38;2;249;249;249m@[38;2;252;252;252m@@@@@@@@@@@@@@@@@@@@[38;2;251;251;251m@  [38;2;0;0;226m@      [39m
 [38;2;0;0;0m     [38;2;0;0;226m@  [38;2;249;249;249m@[38;2;252;252;252m@@@@@@@@@@@@@@@@@@@@[38;2;251;251;251m@  [38;2;0;0;226m@      [39m
 [38;2;0;0;0m     [38;2;0;0;226m@  [38;2;249;249;249m@[38;2;252;252;252m@@@@@@@@@@@@@@@@@@@@[38;2;251;251;251m@  [38;2;0;0;227m@      [39m
 [38;2;0;0;0m     [38;2;0;0;226m@  [38;2;249;249;249m@[38;2;252;252;252m@@@@@@@@@@@@@@@@@@@@[38;2;251;251;251m@  [38;2;0;0;227m@      [39m
 [38;2;0;0;0m     [38;2;0;0;225m@  [38;2;249;249;249m@[38;2;252;252;252m@@@@@@@@@@@@@@@@@@@@[38;2;251;251;251m@  [38;2;0;0;226m@      [39m
 [38;2;0;0;0m     [38;2;0;0;215m@[38;2;0;0;214mL [38;2;191;191;191m$[38;2;251;251;251m@[38;2;252;252;252m@@@@[38;2;251;251;251m@@[38;2;252;252;252m@@@@@[38;2;251;251;251m@@@[38;2;252;252;252m@@@@[38;2;251;251;251m@[38;2;212;212;212m@ [38;2;0;0;214mj[38;2;0;0;220m@      [39m
 [38;2;0;0;0m     [38;2;2;1;208m`[38;2;0;0;227m@[38;2;0;0;217my[38;2;0;0;209m_[38;2;217;217;217m~[38;2;172;172;172mP[38;2;203;203;203mP[38;2;212;212;212mF[38;2;249;249;249m~[38;2;102;102;102m~[38;2;0;0;230m_[38;2;164;164;164m~[38;2;140;140;140m5[38;2;199;199;199mP[38;2;203;203;203mP[38;2;189;189;189mF[38;2;184;184;184m~[38;2;0;0;229m_[38;2;173;173;173m`[38;2;242;242;242m~[38;2;186;186;186mP[38;2;205;205;205mP[38;2;207;207;207mF[38;2;236;236;236m~[38;2;0;0;206m_[38;2;0;0;215my[38;2;0;0;228m@[38;2;0;0;232m'      [39m
 [38;2;0;0;0m      [38;2;2;2;199m`[38;2;0;0;226m~[38;2;0;0;224m@@[38;2;0;0;227mg[38;2;0;0;229mg[38;2;0;0;227mg[38;2;0;0;217m@[38;2;0;0;227m@[38;2;0;0;218m@[38;2;0;0;227m@[38;2;0;0;226mg[38;2;0;0;228mg[38;2;0;0;229mg[38;2;0;0;226mg[38;2;0;0;227m@[38;2;0;0;216m@[38;2;0;0;227m@[38;2;0;0;221m@[38;2;0;0;227mg[38;2;0;0;229mg[38;2;0;0;227mg[38;2;0;0;222m@[38;2;0;0;224m@[38;2;0;0;210mF[38;2;0;0;211m'       [39m
 [38;2;0;0;0m         [38;2;1;0;217m`[38;2;0;0;220m~[38;2;0;0;225m~[38;2;0;0;224m~[38;2;0;0;226m`   [38;2;2;1;207m~[38;2;0;0;225m~~[38;2;2;1;209m~   [38;2;1;0;226m`[38;2;0;0;222m~[38;2;0;0;226m~[38;2;1;0;223m~[38;2;1;0;218m`          [39m
 [38;2;0;0;0m                                       [39m
[?25h