[?25l[39m [38;2;0;0;0m              [38;2;0;0;229m_[38;2;0;0;226m_[38;2;1;1;210my[38;2;0;0;216ma[38;2;0;0;223mg[38;2;0;0;222mg[38;2;0;0;221my[38;2;1;1;210my[38;2;0;0;226m_[38;2;0;0;229m_               [39m
 [38;2;0;0;0m          [38;2;0;0;225m_[38;2;1;0;214ma[38;2;0;0;218m@[38;2;0;0;221mP[38;2;0;0;225m~[38;2;0;0;229m~[38;2;83;83;83m_[38;2;219;219;219m_[38;2;235;235;235m__[38;2;220;220;220m_[38;2;84;84;84m_[38;2;0;0;227m~[38;2;0;0;226m~[38;2;0;0;220m4[38;2;0;0;222m@[38;2;0;0;216my[38;2;0;0;225m_           [39m
 [38;2;0;0;0m        [38;2;0;0;226m_[38;2;0;0;228mg[38;2;0;0;220mF[38;2;0;0;214m~[38;2;215;215;215m_[38;2;211;211;211my[38;2;251;251;251mg[38;2;246;246;246m@[38;2;251;251;251m@@[38;2;252;252;252m@@[38;2;251;251;251m@@[38;2;249;249;249m@[38;2;251;251;251mg[38;2;211;211;211my[38;2;215;215;215m_[38;2;0;0;213m~[38;2;0;0;218m=[38;2;0;0;220m@[38;2;0;0;226m_         [39m
 [38;2;0;0;0m       [38;2;0;0;221mg[38;2;0;0;224mP[38;2;0;0;195m'[38;2;169;169;169my[38;2;210;210;210m@[38;2;251;251;251m@[38;2;252;252;252m@@@@@@@@@@@@[38;2;251;251;251m@[38;2;224;224;224m@[38;2;160;160;160my [38;2;0;0;219m4[38;2;0;0;221mg        [39m
 [38;2;0;0;0m      [38;2;0;0;227mg[38;2;0;0;218mF [38;2;213;213;213mg[38;2;251;251;251m@[38;2;252;252;252m@@@@@@@@@@@@@@@@[38;2;251;251;251m@[38;2;184;184;184m@ [38;2;0;0;222m~[38;2;0;0;225m$       [39m
 [38;2;0;0;0m     [38;2;0;0;211mj[38;2;0;0;229mF [38;2;199;199;199mg[38;2;251;251;251m@@[38;2;226;226;226mF[38;2;154;154;154m5[38;2;199;199;199m@[38;2;250;250;250m@[38;2;252;252;252m@@@@@[38;2;233;233;233m@[38;2;189;189;189mF[38;2;188;188;188mP[38;2;234;234;234m@[38;2;251;251;251m@[38;2;252;252;252m@@@[38;2;251;251;251m@[38;2;176;176;176m@ [38;2;0;0;222m?[38;2;0;0;220ml      [39m
 [38;2;0;0;0m     [38;2;0;0;218m@[38;2;0;0;178m[ [38;2;244;244;244m@[38;2;252;252;252m@@[38;2;223;223;223mg[38;2;165;165;165my[38;2;97;97;97m_[38;2;118;118;118m`[38;2;231;231;231m~[38;2;167;167;167m#[38;2;245;245;245m@[38;2;252;252;252m@@[38;2;241;241;241m@[38;2;214;214;214my[38;2;239;239;239m_ [38;2;130;130;130m~[38;2;248;248;248m~[38;2;182;182;182m@[38;2;251;251;251m@[38;2;252;252;252m@[38;2;249;249;249m@  [38;2;0;0;226m$      [39m
 [38;2;0;0;0m     [38;2;0;0;226m@  [38;2;249;249;249m@[38;2;252;252;252m@[38;2;251;251;251m@[38;2;221;221;221m@[38;2;211;211;211mF[38;2;212;212;212m~ [38;2;163;163;163m_[38;2;185;185;185my[38;2;219;219;219m@[38;2;252;252;252m@@[38;2;251;251;251m@[38;2;185;185;185m@[38;2;172;172;172mF[38;2;111;111;111m~ [38;2;231;231;231m_[38;2;185;185;185mg[38;2;250;250;250m@[38;2;252;252;252m@[38;2;251;251;251m@  [38;2;0;0;226m@      [39m
 [38;2;0;0;0m     [38;2;0;0;226m@  [38;2;249;249;249m@[38;2;252;252;252m@[38;2;251;251;251m@[38;2;184;184;184my[38;2;161;161;161my[38;2;204;204;204mg[38;2;223;223;223m@[38;2;251;251;251m@[38;2;252;252;252m@@@@[38;2;216;216;216m@[38;2;151;151;151my[38;2;188;188;188my[38;2;237;237;237mg[38;2;243;243;243m@[38;2;251;251;251m@[38;2;252;252;252m@@@[38;2;251;251;251m@  [38;2;0;0;226m@      [39m
 [38;2;0;0;0m     [38;2;0;0;226m@  [38;2;249;249;249m@[38;2;252;252;252m@@@@@@@@@@@@@@@@@@@@[38;2;251;251;251m@  [38;2;0;0;226m@      [39m
 [38;2;0;0;0m     [38;2;0;0;226m@  [38;2;249;249;249m@[38;2;252;252;252m@@@@@@@@@@@@@@@@@@@@[38;2;251;251;251m@  [38;2;0;0;226m@      [39m
 [38;2;0;0;0m     [38;2;0;0;226m@  [38;2;249;249;249m@[38;2;252;252;252m@@@@@@@@@@@@@@@@@@@@[38;2;251;251;251m@  [38;2;0;0;227m@      [39m
 [38;2;0;0;0m     [38;2;0;0;226m@  [38;2;249;249;249m@[38;2;252;252;252m@@@@@@@@@@@@@@@@@@@@[38;2;251;251;251m@  [38;2;0;0;227m@      [39m
 [38;2;0;0;0m     [38;2;0;0;221m@[38;2;0;0;214m, [38;2;240;240;240m@[38;2;252;252;252m@@@@@@@@@@@@@@@@@@@@[38;2;247;247;247m@ [38;2;0;0;171mj[38;2;0;0;223m@      [39m
 [38;2;0;0;0m     [38;2;0;1;213m`[38;2;0;0;226m@[38;2;0;0;221m_[38;2;105;105;105m~[38;2;182;182;182mA[38;2;238;238;238m@[38;2;248;248;248m@[38;2;243;243;243m@[38;2;179;179;179m@[38;2;251;251;251m~[38;2;252;252;252m~[38;2;163;163;163mM[38;2;216;216;216m@[38;2;247;247;247m@@[38;2;213;213;213m@[38;2;204;204;204mF[38;2;252;252;252m~[38;2;251;251;251m~[38;2;210;210;210mR[38;2;245;245;245m@[38;2;248;248;248m@[38;2;238;238;238m@[38;2;215;215;215mP[38;2;144;144;144m~[38;2;0;0;219m_[38;2;0;0;223m$[38;2;1;1;195mF      [39m
 [38;2;0;0;0m      [38;2;0;0;218m`[38;2;0;0;222m4[38;2;0;0;227mg[38;2;0;0;216my[38;2;0;0;226m___[38;2;0;0;211my[38;2;0;0;227mg[38;2;0;0;226m@[38;2;0;0;220mg[38;2;0;0;226m____[38;2;0;0;224ma[38;2;0;0;226m@[38;2;0;0;227mg[38;2;0;0;208my[38;2;0;0;226m___[38;2;0;0;217my[38;2;0;0;227mg[38;2;0;0;224mP[38;2;1;1;203m~       [39m
 [38;2;0;0;0m        [38;2;2;3;188m`[38;2;0;0;226m~~[38;2;0;0;225m~[38;2;0;0;224m~[38;2;0;0;231m~[38;2;2;2;199m` [38;2;1;1;210m~[38;2;0;0;227m~[38;2;0;0;225m~~[38;2;0;0;228m~[38;2;1;1;203m~ [38;2;0;1;207m`[38;2;0;0;228m~[38;2;0;0;225m~~~~[38;2;4;2;185m`         [39m
 [38;2;0;0;0m                                       [39m
 [38;2;0;0;0m                                       [39m
[?25h