[?25l[39m [38;2;0;0;0m              [38;2;0;0;217m_[38;2;0;0;227m_[38;2;0;0;226m_[38;2;0;0;227m_[38;2;1;1;207my[38;2;1;1;208my[38;2;0;0;227m_[38;2;0;0;226m_[38;2;0;0;227m_[38;2;1;0;216m_               [39m
 [38;2;0;0;0m          [38;2;2;2;190m_[38;2;0;0;225m_[38;2;0;0;226mg[38;2;0;0;227m@[38;2;0;0;220mR[38;2;0;0;224m=[38;2;0;0;227m~[38;2;0;0;226m~~~[38;2;0;0;225m~[38;2;0;0;227m~[38;2;0;0;224m=[38;2;0;0;220mR[38;2;0;0;227m@[38;2;0;0;226mg[38;2;0;0;225m_[38;2;1;1;206m,           [39m
 [38;2;0;0;0m        [38;2;1;0;208m_[38;2;0;0;226ma@[38;2;0;0;208mF[38;2;0;0;217m~[38;2;223;223;223m_[38;2;194;194;194my[38;2;225;225;225mg[38;2;252;252;252mg[38;2;223;223;223m@[38;2;240;240;240m@[38;2;241;241;241m@[38;2;226;226;226m@[38;2;252;252;252mg[38;2;224;224;224mg[38;2;194;194;194my[38;2;222;222;222m_[38;2;0;0;215m~[38;2;0;0;226m~[38;2;0;0;225m@[38;2;0;0;223mg[38;2;1;0;208m_         [39m
 [38;2;0;0;0m       [38;2;0;0;215my[38;2;0;0;226m@[38;2;0;0;228m~[38;2;95;95;95m_[38;2;184;184;184mg[38;2;232;232;232m@[38;2;251;251;251m@[38;2;252;252;252m@@@@@@@@@@[38;2;251;251;251m@[38;2;240;240;240m@[38;2;183;183;183mg[38;2;95;95;95m_[38;2;0;0;224m~@[38;2;0;0;215my        [39m
 [38;2;0;0;0m      [38;2;0;0;218mg[38;2;0;0;227mP [38;2;178;178;178my[38;2;242;242;242m@[38;2;252;252;252m@@@@@@@@@@@@@@@@[38;2;248;248;248m@[38;2;167;167;168my [38;2;0;0;223m4[38;2;0;0;215m$       [39m
 [38;2;0;0;0m     [38;2;1;1;203mj[38;2;0;0;223m@ [38;2;168;168;168my[38;2;251;251;251m@@[38;2;233;233;233m@[38;2;220;220;220m@[38;2;251;251;251m@[38;2;252;252;252m@@@@@@@@@@@@@@[38;2;251;251;251m@[38;2;154;154;154my [38;2;0;0;223mB[38;2;0;0;218mi      [39m
 [38;2;0;0;0m     [38;2;0;0;215m@[38;2;0;0;194m[ [38;2;230;230;230m@[38;2;252;252;252m@[38;2;251;251;251m@[38;2;167;167;167my[38;2;66;66;66m_[38;2;150;150;150m`[38;2;237;237;237m~[38;2;177;177;177mA[38;2;236;236;236m@[38;2;251;251;251m@[38;2;252;252;252m@[38;2;251;251;251m@[38;2;249;249;249m@[38;2;246;246;246m@@@@@[38;2;249;249;249m@[38;2;251;251;251m@[38;2;252;252;252m@[38;2;243;243;243m@  [38;2;0;0;223m$      [39m
 [38;2;0;0;0m     [38;2;0;0;225m@  [38;2;249;249;249m@[38;2;252;252;252m@@[38;2;251;251;251m@[38;2;228;228;228m@[38;2;175;175;175m=  [38;2;137;137;137m_[38;2;204;204;204m$[38;2;251;251;251m@[38;2;215;215;215m@[38;2;172;172;172m_[38;2;155;155;155m_____[38;2;179;179;179m_[38;2;219;219;219m$[38;2;252;252;252m@[38;2;251;251;251m@  [38;2;0;0;227m@      [39m
 [38;2;0;0;0m     [38;2;0;0;225m@  [38;2;249;249;249m@[38;2;252;252;252m@[38;2;251;251;251m@[38;2;133;133;133m~ [38;2;143;143;143my[38;2;192;192;192mg[38;2;214;214;214m@[38;2;251;251;251m@[38;2;252;252;252m@@@[38;2;251;251;251m@[38;2;252;252;252m@@@@@[38;2;251;251;251m@[38;2;252;252;252m@@[38;2;251;251;251m@  [38;2;0;0;227m@      [39m
 [38;2;0;0;0m     [38;2;0;0;225m@  [38;2;249;249;249m@[38;2;252;252;252m@@[38;2;251;251;251m@[38;2;250;250;250m@[38;2;252;252;252m@@@@@@@@@@@@@@@@[38;2;251;251;251m@  [38;2;0;0;227m@      [39m
 [38;2;0;0;0m     [38;2;0;0;225m@  [38;2;249;249;249m@[38;2;252;252;252m@@@@@@@@@@@@@@@@@@@@[38;2;251;251;251m@  [38;2;0;0;227m@      [39m
 [38;2;0;0;0m     [38;2;0;0;225m@  [38;2;249;249;249m@[38;2;252;252;252m@@@@@@@@@@@@@@@@@@@@[38;2;251;251;251m@  [38;2;0;0;226m@      [39m
 [38;2;0;0;0m     [38;2;0;0;225m@  [38;2;249;249;249m@[38;2;252;252;252m@@@@@@@@@@@@@@@@@@@@[38;2;251;251;251m@  [38;2;0;0;227m@      [39m
 [38;2;0;0;0m     [38;2;0;0;217m@[38;2;0;0;216m, [38;2;239;239;239m@[38;2;252;252;252m@@@@@@@@@@@@@@@@@@@@[38;2;247;247;247m@  [38;2;0;0;221m@      [39m
 [38;2;0;0;0m     [38;2;1;1;207m`[38;2;0;0;226m@[38;2;0;0;225m_[38;2;197;197;197m`[38;2;177;177;177m#[38;2;234;234;234m@[38;2;247;247;247m@[38;2;242;242;242m@[38;2;179;179;179m@[38;2;251;251;251m~[38;2;252;252;252m~[38;2;148;148;148m5[38;2;206;206;206m@[38;2;247;247;247m@@[38;2;212;212;212m@[38;2;204;204;204mF[38;2;252;252;252m~[38;2;251;251;251m~[38;2;200;200;200mR[38;2;242;242;242m@[38;2;247;247;247m@[38;2;236;236;236m@[38;2;214;214;214mP[38;2;140;140;140m~[38;2;0;0;222m_[38;2;0;0;223m$[38;2;0;0;232m'      [39m
 [38;2;0;0;0m      [38;2;2;2;200m`[38;2;0;0;227m~[38;2;0;0;216m@[38;2;0;0;220my[38;2;0;0;225m_[38;2;0;0;226m__[38;2;0;0;211my[38;2;0;0;227ma[38;2;0;0;218m@[38;2;0;0;223mg[38;2;0;0;225m_[38;2;0;0;226m__[38;2;0;0;225m_a[38;2;0;0;217m@[38;2;0;0;227ma[38;2;0;0;211my[38;2;0;0;226m__[38;2;0;0;225m_[38;2;0;0;219my[38;2;0;0;226ms[38;2;0;0;213mF[38;2;0;0;214m'       [39m
 [38;2;0;0;0m         [38;2;0;0;219m`[38;2;0;0;223m~[38;2;0;0;231m~[38;2;0;0;229m~`   [38;2;0;0;208m~[38;2;0;0;231m~~[38;2;0;1;209m~   [38;2;0;0;231m`[38;2;0;0;227m~[38;2;0;0;232m~[38;2;0;0;224m~[38;2;0;0;221m`          [39m
 [38;2;0;0;0m                                       [39m
 [38;2;0;0;0m                                       [39m
[?25h