[?25l[39m [38;2;0;0;0m                                       [39m
 [38;2;0;0;0m              [38;2;1;1;199m_[38;2;0;0;226m__[38;2;0;0;225m_[38;2;1;1;200myy[38;2;0;0;225m_[38;2;0;0;226m__[38;2;0;0;222m_               [39m
 [38;2;0;0;0m           [38;2;0;0;227m_[38;2;0;0;225mg[38;2;0;0;224mP[38;2;0;0;226m~[38;2;0;0;225m~[38;2;0;0;231m~[38;2;123;123;123m_[38;2;160;160;160m_[38;2;167;167;167m_[38;2;140;140;140m_[38;2;0;0;231m~[38;2;0;0;227m~[38;2;0;0;226m~[38;2;0;0;224m4[38;2;0;0;228ma[38;2;0;0;224m_[38;2;1;1;207m_           [39m
 [38;2;0;0;0m         [38;2;0;0;214ma[38;2;0;0;228mP[38;2;0;0;226m~[38;2;116;116;116m_[38;2;184;184;184my[38;2;231;231;231mg[38;2;225;225;225m@[38;2;250;250;250m@[38;2;252;252;252m@[38;2;251;251;251m@@@[38;2;252;252;252m@[38;2;240;240;240m@[38;2;246;246;246mg[38;2;213;213;213my[38;2;222;222;222m_[38;2;0;0;213m~?[38;2;0;0;227ma[38;2;0;0;222m_         [39m
 [38;2;0;0;0m       [38;2;0;0;223m_[38;2;0;0;220m@[38;2;0;0;211m~[38;2;161;161;161m_[38;2;225;225;225mg[38;2;251;251;251m@[38;2;252;252;252m@@@@@@@@@@@@[38;2;251;251;251m@[38;2;229;229;229m@[38;2;178;178;178my [38;2;0;0;219m?[38;2;0;0;223mg        [39m
 [38;2;0;0;0m      [38;2;0;0;214mj[38;2;0;0;228mP [38;2;189;189;189my[38;2;248;248;248m@[38;2;252;252;252m@@@@@@@@@@@@@@@@[38;2;251;251;251m@[38;2;209;209;209m@[38;2;78;78;78m,[38;2;0;0;207m~[38;2;0;0;230m$       [39m
 [38;2;0;0;0m      [38;2;0;0;231m@ [38;2;146;146;147my[38;2;250;250;250m@[38;2;182;182;182m@[38;2;196;196;196mF[38;2;208;208;208m@[38;2;251;251;251m@[38;2;252;252;252m@@@@@@@@@@@@@@@[38;2;218;218;218m@ [38;2;0;0;207m~[38;2;0;0;213m$      [39m
 [38;2;0;0;0m     [38;2;0;0;212mJ[38;2;1;0;213m[ [38;2;215;215;215m$[38;2;251;251;251m@[38;2;214;214;214mg[38;2;156;156;156my[38;2;94;94;94m_[38;2;111;111;111m`[38;2;239;239;239m~[38;2;178;178;178m#[38;2;244;244;244m@[38;2;252;252;252m@[38;2;251;251;251m@[38;2;183;183;183m@[38;2;218;218;218mPPPPP[38;2;196;196;196mR[38;2;246;246;246m@[38;2;252;252;252m@@[38;2;251;251;251m@[38;2;128;128;128mL [38;2;0;0;235m$      [39m
 [38;2;0;0;0m     [38;2;1;0;210m4[38;2;0;0;204m[ [38;2;233;233;233m$[38;2;252;252;252m@[38;2;241;241;241m@[38;2;214;214;214mP[38;2;227;227;227m~ [38;2;67;67;67m_[38;2;157;157;157my[38;2;233;233;233mg[38;2;252;252;252m@[38;2;241;241;241m@[38;2;182;182;182my[38;2;164;164;164myyyyy[38;2;176;176;176my[38;2;205;205;205m@[38;2;251;251;251m@[38;2;252;252;252m@[38;2;251;251;251m@[38;2;143;143;143mF [38;2;0;0;236m$      [39m
 [38;2;0;0;0m     [38;2;0;0;212m4[38;2;0;0;202m[ [38;2;234;234;234m$[38;2;251;251;251m@[38;2;176;176;176my[38;2;253;253;253m_[38;2;203;203;203my[38;2;250;250;250mg@[38;2;252;252;252m@@@@@@@@@@@@@@@[38;2;139;139;139mF [38;2;0;0;236m$      [39m
 [38;2;0;0;0m     [38;2;0;0;213m4[38;2;0;0;200m[ [38;2;223;223;223m@[38;2;252;252;252m@@@@@@@@@@@@@@@@@@@@@[38;2;134;134;134mF [38;2;0;0;236m$      [39m
 [38;2;0;0;0m     [38;2;0;0;216m4[38;2;0;0;197m[ [38;2;228;228;228m@[38;2;252;252;252m@@@@@@@@@@@@@@@@@@@@@[38;2;123;123;123mF [38;2;0;0;236m$      [39m
 [38;2;0;0;0m     [38;2;0;0;220m4[38;2;0;0;190m[ [38;2;235;235;235m@[38;2;252;252;252m@@@@@@@@@@@@@@@@@@@@[38;2;251;251;251m@[38;2;121;121;122mL [38;2;0;0;232m@      [39m
 [38;2;0;0;0m     [38;2;0;0;213m$  [38;2;242;242;242m@[38;2;252;252;252m@@@@@@@@@@@@@@@@@@@@[38;2;251;251;251m@[38;2;102;102;102mL [38;2;0;0;231m@      [39m
 [38;2;0;0;0m     [38;2;0;0;216m9[38;2;0;0;217m, [38;2;234;234;234m@[38;2;252;252;252m@@@@@@@@@@@@@@@@@@@@[38;2;249;249;249m@[38;2;65;65;66m~ [38;2;0;0;226m@      [39m
 [38;2;0;0;0m     [38;2;2;1;205m`[38;2;0;0;226m@[38;2;0;0;216m_[38;2;115;115;115m~[38;2;191;191;191mR[38;2;219;219;219m@[38;2;206;206;206mF[38;2;251;251;251m~[38;2;154;154;154mM[38;2;204;204;204m@[38;2;250;250;250m@[38;2;251;251;251m@[38;2;239;239;239m@[38;2;170;170;170m@[38;2;162;162;162mF[38;2;251;251;251m~[38;2;163;163;163m@[38;2;241;241;241m@[38;2;251;251;251m@[38;2;249;249;249m@[38;2;207;207;207m@[38;2;191;191;191mF[38;2;251;251;251m~[38;2;181;181;181mF[38;2;178;178;178m~[38;2;1;0;207m_[38;2;0;0;231ma[38;2;1;1;201m~      [39m
 [38;2;0;0;0m      [38;2;2;1;205m`[38;2;0;0;215m?[38;2;0;0;227ma[38;2;0;0;210my[38;2;0;0;227m_[38;2;0;0;223mg[38;2;0;0;224m@[38;2;0;0;225mg[38;2;0;0;226m_[38;2;0;0;225m_[38;2;0;0;223m_[38;2;0;0;225m_[38;2;0;0;213my[38;2;0;0;225ma[38;2;0;0;227ma[38;2;0;0;209my[38;2;0;0;225m_[38;2;0;0;223m_[38;2;0;0;225m__g[38;2;0;0;226m@[38;2;0;0;225mg[38;2;0;0;226ma[38;2;0;0;215mP[38;2;0;0;224m'       [39m
 [38;2;0;0;0m         [38;2;0;0;228m`[38;2;0;0;219m~   [38;2;1;0;215m~[38;2;0;0;227m~~[38;2;0;0;226m~`  [38;2;0;0;227m`[38;2;0;0;225m~[38;2;0;0;227m~[38;2;0;0;226m~[38;2;1;0;215m~  [38;2;2;1;195m`          [39m
 [38;2;0;0;0m                                       [39m
[?25h