[?25l[39m [38;2;0;0;0m              [38;2;1;0;212m_[38;2;0;0;230m_[38;2;0;0;224m_[38;2;0;0;227m___[38;2;0;0;224m_[38;2;0;0;228m_[38;2;1;0;212m_                [39m
 [38;2;0;0;0m          [38;2;0;0;229m_[38;2;0;0;215my[38;2;0;0;227mg@[38;2;0;0;218m@[38;2;0;0;220mP[38;2;0;0;222m=[38;2;0;0;227m~~~=[38;2;0;0;222m4[38;2;0;0;226m@@[38;2;0;0;227mg[38;2;1;1;204my[38;2;1;1;201m_            [39m
 [38;2;0;0;0m        [38;2;1;0;212my[38;2;0;0;223m@[38;2;0;0;226mP~[38;2;76;76;76m_[38;2;139;139;139my[38;2;195;195;195my[38;2;211;211;211ma[38;2;249;249;249mg[38;2;252;252;252mggg[38;2;227;227;227mg[38;2;210;210;210my[38;2;160;160;160my[38;2;133;133;133m_[38;2;0;0;225m~[38;2;0;0;217m4[38;2;0;0;227m@[38;2;0;0;224mg[38;2;1;1;206m_          [39m
 [38;2;0;0;0m      [38;2;0;0;230m_[38;2;0;0;227m@[38;2;0;0;217mF[38;2;1;0;200m`[38;2;178;178;178my[38;2;243;243;243mg[38;2;250;250;250m@[38;2;251;251;251m@[38;2;252;252;252m@@@@@@@@@[38;2;251;251;251m@[38;2;212;212;212m@[38;2;174;174;174my [38;2;0;0;225m~[38;2;0;0;228m@[38;2;0;0;208my         [39m
 [38;2;0;0;0m     [38;2;0;0;217mg[38;2;0;0;215m@[38;2;1;0;200m'[38;2;152;152;152my[38;2;220;220;220m@[38;2;251;251;251m@[38;2;252;252;252m@@@@@@@@@@@@@@@[38;2;225;225;225m@[38;2;152;152;152m_[38;2;2;1;198m`[38;2;0;0;221m@[38;2;0;0;223mL        [39m
 [38;2;0;0;0m    [38;2;0;0;216mj[38;2;0;0;219m@ [38;2;176;176;176my[38;2;250;250;250m@[38;2;252;252;252m@@@@@@@@@@@@@@@@@@[38;2;247;247;247m@[38;2;111;111;112m_ [38;2;0;0;229m@[38;2;0;0;226m,       [39m
 [38;2;0;0;0m    [38;2;0;0;228m@[38;2;0;1;192m' [38;2;242;242;242m@[38;2;252;252;252m@@[38;2;251;251;251m@@@@@@@@[38;2;252;252;252m@@@@@@@@@@[38;2;213;213;213m@ [38;2;0;0;206m?[38;2;0;0;207m$       [39m
 [38;2;0;0;0m    [38;2;0;0;236m@  [38;2;134;134;134mQ[38;2;251;251;251m@@[38;2;140;140;140m~[38;2;67;67;67m`````[38;2;66;66;66m`[38;2;146;146;146m3[38;2;251;251;251m@[38;2;252;252;252m@@@@@@@@@[38;2;242;242;242m@  [38;2;0;0;215m$       [39m
 [38;2;0;0;0m    [38;2;0;0;236m@ [38;2;97;97;97m4[38;2;251;251;251m@[38;2;252;252;252m@@[38;2;251;251;251m@[38;2;247;247;247m@@@@@@[38;2;251;251;251m@[38;2;252;252;252m@@@@@@@@@@[38;2;244;244;244m@  [38;2;0;0;218m$       [39m
 [38;2;0;0;0m    [38;2;0;0;233m@ [38;2;78;78;79m4[38;2;250;250;250m@[38;2;252;252;252m@@@@@@@@@@@@@@@@@@@@[38;2;249;249;249m@  [38;2;0;0;222m$       [39m
 [38;2;0;0;0m    [38;2;0;0;225m@  [38;2;250;250;250m@[38;2;252;252;252m@@@@@@@@@@@@@@@@@@@@[38;2;251;251;251m@  [38;2;0;0;227m@       [39m
 [38;2;0;0;0m    [38;2;0;0;215m9  [38;2;236;236;236m@[38;2;252;252;252m@@@@@@@@@@@@@@@@@@@@[38;2;251;251;251m@[38;2;124;124;124mL [38;2;0;0;232m@       [39m
 [38;2;0;0;0m    [38;2;2;1;203m4[38;2;1;1;210m[ [38;2;221;221;221m$[38;2;252;252;252m@@@@@@@@@@@@@@@@@@@@[38;2;251;251;251m@[38;2;128;128;128m@ [38;2;0;0;231m$       [39m
 [38;2;0;0;0m     [38;2;0;0;222m@ [38;2;185;185;185m4[38;2;251;251;251m@[38;2;252;252;252m@@@@@@@@@@@@@@@@@@@[38;2;251;251;251m@[38;2;154;154;154m@ [38;2;0;0;218m$[38;2;0;0;200m|      [39m
 [38;2;0;0;0m     [38;2;0;0;229m~[38;2;0;0;218mg[38;2;0;0;199m,[38;2;164;164;165m7[38;2;185;185;185m@[38;2;246;246;246m@[38;2;233;233;233m@[38;2;223;223;223mF[38;2;252;252;252m~[38;2;251;251;251m~[38;2;193;193;193mR[38;2;242;242;242m@[38;2;250;250;250m@[38;2;246;246;246m@[38;2;188;188;188m@[38;2;161;161;161mF[38;2;252;252;252m~[38;2;184;184;184mF[38;2;219;219;219m@[38;2;248;248;248m@@[38;2;222;222;222m@[38;2;208;208;208mF[38;2;252;252;252m~[38;2;65;65;66m~[38;2;0;0;230m_[38;2;0;0;222m@       [39m
 [38;2;0;0;0m      [38;2;2;1;199m~[38;2;0;0;216m4[38;2;0;0;226ma[38;2;0;0;208my[38;2;0;0;226m__[38;2;0;0;217my[38;2;0;0;225msa[38;2;0;0;217my[38;2;0;0;226m___[38;2;0;0;225m_[38;2;0;0;227ma[38;2;0;0;219m@[38;2;0;0;221mg[38;2;0;0;225m_[38;2;0;0;226m__[38;2;0;0;225m_[38;2;0;0;220ma[38;2;0;0;217m@[38;2;0;0;219m@[38;2;1;0;209mF        [39m
 [38;2;0;0;0m         [38;2;0;0;232m`[38;2;0;0;231m~[38;2;0;0;230m~[38;2;0;0;221m`  [38;2;0;0;218m`[38;2;0;0;227m~[38;2;0;0;232m~[38;2;0;0;231m~[38;2;0;1;208m~   [38;2;1;0;209m~[38;2;0;0;231m~[38;2;0;0;232m~[38;2;0;0;224m~[38;2;0;1;210m`           [39m
 [38;2;0;0;0m                                       [39m
 [38;2;0;0;0m                                       [39m
[?25h