[?25l[39m [38;2;0;0;0m                                       [39m
 [38;2;0;0;0m              [38;2;0;0;228m_[38;2;0;0;227m_[38;2;1;1;200my[38;2;0;0;216my[38;2;1;0;215mg[38;2;0;0;216mg[38;2;0;0;219my[38;2;1;1;205my[38;2;0;0;227m_[38;2;0;0;226m_               [39m
 [38;2;0;0;0m          [38;2;1;2;196m_[38;2;1;1;202my[38;2;0;0;227ma[38;2;0;0;221mP[38;2;0;0;225m~[38;2;0;0;230m~[38;2;131;131;131m_[38;2;227;227;227m_[38;2;253;253;253m__[38;2;247;247;247m_[38;2;166;166;166m_[38;2;0;0;228m~[38;2;0;0;226m~[38;2;0;0;221m=[38;2;0;0;216m@[38;2;0;0;218my[38;2;0;0;228m_           [39m
 [38;2;0;0;0m        [38;2;1;1;201m_[38;2;0;0;226ma[38;2;0;0;222mP[38;2;0;0;219m~[38;2;204;204;204m_[38;2;213;213;213my[38;2;249;249;249mg[38;2;245;245;245m@[38;2;251;251;251m@@[38;2;252;252;252m@@@[38;2;251;251;251m@@[38;2;228;228;228m@[38;2;219;219;219mg[38;2;157;157;157my[38;2;0;0;215m`[38;2;0;0;226m~[38;2;0;0;220m@[38;2;0;0;229m_         [39m
 [38;2;0;0;0m       [38;2;0;0;217mj[38;2;0;0;230mP[38;2;1;0;208m'[38;2;137;137;137my[38;2;245;245;245mg[38;2;251;251;251m@[38;2;252;252;252m@@@@@@@@@@@@@[38;2;246;246;246m@[38;2;204;204;204my [38;2;0;0;227m~[38;2;0;0;225m$[38;2;1;0;215m,       [39m
 [38;2;0;0;0m      [38;2;0;0;224mj[38;2;0;0;230mF [38;2;184;184;184mg[38;2;251;251;251m@[38;2;252;252;252m@@@@@@@@@@@@@@@@@[38;2;228;228;228m@[38;2;108;108;108m_[38;2;2;0;206m`[38;2;0;0;231m$[38;2;1;0;204m,      [39m
 [38;2;0;0;0m      [38;2;0;0;228m@ [38;2;141;141;141mg[38;2;251;251;251m@[38;2;237;237;237m@[38;2;176;176;176mF[38;2;158;158;158m5[38;2;212;212;212m@[38;2;251;251;251m@[38;2;252;252;252m@@@@@@@@@@@@@@[38;2;230;230;230m@ [38;2;1;0;204m"[38;2;0;0;219m$      [39m
 [38;2;0;0;0m     [38;2;1;0;213mJ[38;2;1;0;211m[ [38;2;222;222;222m$[38;2;252;252;252m@[38;2;249;249;249m@[38;2;204;204;204mg[38;2;151;151;151my[38;2;85;85;85m_[38;2;130;130;130m`[38;2;241;241;241m~[38;2;191;191;191mA[38;2;251;251;251m@@[38;2;214;214;214m@[38;2;203;203;203mF[38;2;200;200;200mFFFFF[38;2;194;194;194mR[38;2;251;251;251m@[38;2;252;252;252m@[38;2;251;251;251m@[38;2;139;139;139mL [38;2;0;0;236m$      [39m
 [38;2;0;0;0m     [38;2;1;0;211m4[38;2;1;0;205m[ [38;2;233;233;233m$[38;2;252;252;252m@[38;2;249;249;249m@[38;2;181;181;181m@[38;2;167;167;167mF[38;2;118;118;118m~ [38;2;139;139;139my[38;2;191;191;191mg[38;2;249;249;249m@[38;2;251;251;251m@[38;2;199;199;199m@y[38;2;197;197;197myyyyy[38;2;200;200;200mg[38;2;251;251;251m@[38;2;252;252;252m@[38;2;251;251;251m@[38;2;142;142;142mF [38;2;0;0;235m$      [39m
 [38;2;0;0;0m     [38;2;0;0;212m4[38;2;0;0;202m[ [38;2;234;234;234m$[38;2;252;252;252m@[38;2;229;229;229m@[38;2;172;172;172my[38;2;192;192;192my[38;2;245;245;245mg[38;2;248;248;248m@[38;2;252;252;252m@@@@@@@@@@@@@@@[38;2;140;140;140mF [38;2;0;0;236m$      [39m
 [38;2;0;0;0m     [38;2;0;0;213m4[38;2;0;0;200m[ [38;2;223;223;223m@[38;2;252;252;252m@@@@@@@@@@@@@@@@@@@@@[38;2;134;134;135mF [38;2;0;0;237m$      [39m
 [38;2;0;0;0m     [38;2;0;0;216m4[38;2;0;0;197m[ [38;2;228;228;228m@[38;2;252;252;252m@@@@@@@@@@@@@@@@@@@@@[38;2;123;123;123mF [38;2;0;0;237m$      [39m
 [38;2;0;0;0m     [38;2;0;0;220m4[38;2;0;0;190m[ [38;2;236;236;236m@[38;2;252;252;252m@@@@@@@@@@@@@@@@@@@@[38;2;251;251;251m@[38;2;121;121;121mL [38;2;0;0;232m@      [39m
 [38;2;0;0;0m     [38;2;0;0;212m$  [38;2;243;243;243m@[38;2;252;252;252m@@@@@@@@@@@@@@@@@@@@[38;2;251;251;251m@[38;2;102;102;102mL [38;2;0;0;231m@      [39m
 [38;2;0;0;0m     [38;2;0;0;212m@[38;2;0;0;214m, [38;2;239;239;239m@[38;2;252;252;252m@@@@@@@@@@@@@@@@@@@@[38;2;250;250;250m@[38;2;65;65;66m~ [38;2;0;0;227m@      [39m
 [38;2;0;0;0m     [38;2;1;1;210m`[38;2;0;0;224m@[38;2;0;0;210m,[38;2;157;157;157m~[38;2;193;193;193m@[38;2;251;251;251m@[38;2;227;227;227m@[38;2;211;211;211mF[38;2;182;182;182mF[38;2;164;164;164m@[38;2;246;246;246m@[38;2;252;252;252m@@[38;2;245;245;245m@[38;2;174;174;174m@[38;2;185;185;185mF[38;2;172;172;172mP[38;2;223;223;223m@[38;2;252;252;252m@[38;2;251;251;251m@@[38;2;212;212;212m@[38;2;200;200;200mF[38;2;162;162;162mM[38;2;209;209;209m~ [38;2;0;0;227mg[38;2;1;1;199mF      [39m
 [38;2;0;0;0m      [38;2;1;0;217m`[38;2;0;0;224m4[38;2;0;0;226mg_[38;2;0;0;225m__[38;2;0;0;222ma[38;2;0;0;227ma[38;2;0;0;206my[38;2;0;0;225m_[38;2;136;136;136m``[38;2;0;0;225m_[38;2;0;0;208my[38;2;0;0;226ma[38;2;0;0;216mg[38;2;0;0;225m_[38;2;110;110;110m`[38;2;145;145;145m`[38;2;0;0;227m_[38;2;0;0;225m_[38;2;0;0;224mg[38;2;0;0;226ma[38;2;0;0;225mg[38;2;0;0;227mP[38;2;1;1;203m~       [39m
 [38;2;0;0;0m        [38;2;3;4;184m`[38;2;0;0;223m~[38;2;0;0;227m~[38;2;0;0;226m~[38;2;2;0;202m` [38;2;2;1;205m~[38;2;0;0;227m~[38;2;0;0;226m~~[38;2;0;0;227m~[38;2;2;1;204m~ [38;2;1;0;208m`[38;2;0;0;225m~[38;2;0;0;227m~[38;2;0;0;226m~~[38;2;0;0;225m~[38;2;4;4;186m` [38;2;4;3;194m`         [39m
 [38;2;0;0;0m                                       [39m
[?25h