[?25l[39m [38;2;0;0;0m                                       [39m
 [38;2;0;0;0m              [38;2;0;0;220m_[38;2;0;0;227m_[38;2;0;0;226m_[38;2;1;1;203my[38;2;1;0;211my[38;2;0;0;212my[38;2;1;1;205my[38;2;0;0;227m___               [39m
 [38;2;0;0;0m           [38;2;0;0;226m_[38;2;0;0;228mg[38;2;0;0;215m@[38;2;0;0;220m=[38;2;0;0;225m~[38;2;0;0;231m~[38;2;111;111;111m_[38;2;147;147;147m_[38;2;151;151;151m_[38;2;128;128;128m_[38;2;0;0;232m~[38;2;0;0;225m~[38;2;0;0;226m~[38;2;0;0;224m4[38;2;0;0;227ma[38;2;1;0;209my[38;2;0;0;216m_           [39m
 [38;2;0;0;0m        [38;2;1;2;188m_[38;2;0;0;221ma[38;2;0;0;229mP[38;2;0;0;227m~[38;2;111;111;111m_[38;2;182;182;182my[38;2;228;228;228mg[38;2;222;222;222m@[38;2;249;249;249m@[38;2;252;252;252m@[38;2;251;251;251m@@[38;2;252;252;252m@@[38;2;237;237;237m@[38;2;244;244;244mg[38;2;207;207;207my[38;2;213;213;213m_[38;2;0;0;217m~[38;2;0;0;212m4[38;2;0;0;220m$[38;2;0;0;226m_         [39m
 [38;2;0;0;0m       [38;2;0;0;228m_[38;2;0;0;221m@[38;2;0;0;212m~[38;2;162;162;162m_[38;2;224;224;224mg[38;2;250;250;250m@[38;2;252;252;252m@@@@@@@@@@@@@[38;2;222;222;222m@[38;2;165;165;165my [38;2;0;0;198mN[38;2;0;0;218m$[38;2;1;1;190m,       [39m
 [38;2;0;0;0m      [38;2;0;0;222mj[38;2;0;0;226mP [38;2;192;192;192my[38;2;248;248;248m@[38;2;252;252;252m@@@@@@@@@@@@@@@@[38;2;251;251;251m@[38;2;202;202;202m@[38;2;70;70;70m,[38;2;0;0;213m~[38;2;0;0;229m$       [39m
 [38;2;0;0;0m      [38;2;0;0;230m@ [38;2;152;152;152my[38;2;226;226;226m@[38;2;204;204;204mF[38;2;181;181;181m@[38;2;250;250;250m@[38;2;252;252;252m@@@@@@@@@@@@@@@@[38;2;210;210;210m@ [38;2;0;0;213m~[38;2;0;0;212m$      [39m
 [38;2;0;0;0m     [38;2;1;1;208m4[38;2;1;0;210m[ [38;2;220;220;220m$[38;2;218;218;218m@[38;2;182;182;182my[38;2;164;164;164m_ [38;2;207;207;207m~[38;2;182;182;182mF[38;2;221;221;221m@[38;2;251;251;251m@@[38;2;216;216;216m@[38;2;221;221;221mPPPPP[38;2;196;196;196mR[38;2;227;227;227m@[38;2;252;252;252m@@@[38;2;251;251;251m@[38;2;108;108;108mL [38;2;0;0;231m@      [39m
 [38;2;0;0;0m     [38;2;0;0;213m4[38;2;0;0;200m[ [38;2;223;223;223m@[38;2;251;251;251m@[38;2;199;199;199m@[38;2;190;190;190mF[38;2;67;67;67m~ [38;2;221;221;221m_[38;2;185;185;185mg[38;2;251;251;251m@@[38;2;207;207;207my[38;2;159;159;159myyyyy[38;2;160;160;160my[38;2;192;192;192mg[38;2;251;251;251m@[38;2;252;252;252m@@@[38;2;134;134;134mF [38;2;0;0;236m$      [39m
 [38;2;0;0;0m     [38;2;0;0;215m4[38;2;0;0;198m[ [38;2;224;224;224m@[38;2;182;182;182m@[38;2;249;249;249m_[38;2;177;177;177my[38;2;229;229;229mg[38;2;240;240;240m@[38;2;251;251;251m@[38;2;252;252;252m@@@@@@@@@@@@@@@[38;2;129;129;129mF [38;2;0;0;236m$      [39m
 [38;2;0;0;0m     [38;2;0;0;216m4[38;2;0;0;197m[ [38;2;228;228;228m@[38;2;252;252;252m@@@@@@@@@@@@@@@@@@@@@[38;2;123;123;123mF [38;2;0;0;237m$      [39m
 [38;2;0;0;0m     [38;2;0;0;219m4[38;2;0;0;193m[ [38;2;233;233;233m@[38;2;252;252;252m@@@@@@@@@@@@@@@@@@@@@[38;2;127;127;127mL [38;2;0;0;236m$      [39m
 [38;2;0;0;0m     [38;2;0;0;215mg  [38;2;239;239;239m@[38;2;252;252;252m@@@@@@@@@@@@@@@@@@@@[38;2;251;251;251m@[38;2;112;112;113mL [38;2;0;0;231m@      [39m
 [38;2;0;0;0m     [38;2;0;0;214m$  [38;2;245;245;245m@[38;2;252;252;252m@@@@@@@@@@@@@@@@@@@@[38;2;251;251;251m@[38;2;95;95;96mL [38;2;0;0;230m@      [39m
 [38;2;0;0;0m     [38;2;0;0;213m9[38;2;0;0;199mL [38;2;216;216;216m@[38;2;252;252;252m@@@@@@@@@@@@@@@@@@@@[38;2;245;245;245m@  [38;2;0;0;222m@      [39m
 [38;2;0;0;0m     [38;2;3;2;196m`[38;2;0;0;223m@[38;2;0;0;229m_[38;2;94;94;94m`[38;2;185;185;185mT[38;2;187;187;187mF[38;2;224;224;224m~[38;2;227;227;227m~[38;2;156;156;156m5[38;2;199;199;199m@[38;2;228;228;228m@[38;2;211;211;211m@[38;2;219;219;219mF[38;2;237;237;237m~[38;2;217;217;217m~[38;2;246;246;246m~[38;2;201;201;201mR[38;2;224;224;224m@[38;2;225;225;225m@[38;2;179;179;179m@[38;2;164;164;164mF[38;2;221;221;221m~[38;2;234;234;234m~[38;2;188;188;188mF[38;2;154;154;154m`[38;2;0;0;229m_[38;2;0;0;225m$[38;2;0;0;228m'      [39m
 [38;2;0;0;0m       [38;2;0;0;228m~[38;2;0;0;218mR[38;2;0;0;226mg[38;2;0;0;229ma[38;2;0;0;225mP[38;2;1;0;213m@[38;2;0;0;227mg[38;2;0;0;209my[38;2;0;0;196my[38;2;0;0;206my[38;2;0;0;225mg[38;2;0;0;213m@[38;2;0;0;222m4[38;2;0;0;228ma[38;2;0;0;218my[38;2;0;0;196my[38;2;0;0;199my[38;2;0;0;216ma[38;2;0;0;228ma[38;2;0;0;220mP[38;2;0;0;217m@[38;2;0;0;227mg[38;2;0;0;211m@[38;2;0;0;229m~        [39m
 [38;2;0;0;0m              [38;2;0;0;226m``[38;2;0;0;228m`    [38;2;2;1;213m`[38;2;0;0;227m``[38;2;1;1;212m`              [39m
 [38;2;0;0;0m                                       [39m
[?25h