[?25l[39m [38;2;0;0;0m              [38;2;0;0;230m_[38;2;0;0;225m_[38;2;1;1;203my[38;2;0;0;216my[38;2;0;0;221myy[38;2;0;0;216my[38;2;1;1;203my[38;2;0;0;225m_[38;2;0;0;231m_               [39m
 [38;2;0;0;0m          [38;2;0;0;218m_[38;2;1;0;213my[38;2;0;0;225ms[38;2;0;0;215mP[38;2;0;0;225m~[38;2;0;0;224m~[38;2;168;168;168m_[38;2;236;236;236m_[38;2;246;246;246m__[38;2;236;236;236m_[38;2;169;169;169m_[38;2;0;0;225m~[38;2;0;0;226m~[38;2;0;0;222m=[38;2;0;0;214m@[38;2;0;0;213my[38;2;0;0;218m_           [39m
 [38;2;0;0;0m        [38;2;0;0;222m_[38;2;0;0;229ma[38;2;0;0;216mF[38;2;1;0;201m~[38;2;140;140;140my[38;2;193;193;193mg[38;2;222;222;222m$[38;2;251;251;251m@@[38;2;252;252;252m@@@@[38;2;251;251;251m@@[38;2;228;228;228m$[38;2;193;193;193mg[38;2;238;238;238m_[38;2;0;0;229m`[38;2;0;0;211m?[38;2;0;0;230ma[38;2;0;0;222m_         [39m
 [38;2;0;0;0m       [38;2;1;0;218mg[38;2;0;0;227mF [38;2;185;185;185my[38;2;221;221;221m@[38;2;251;251;251m@[38;2;252;252;252m@@@@@@@@@@@@[38;2;251;251;251m@[38;2;232;232;232m@[38;2;177;177;177my [38;2;0;0;199mN[38;2;0;0;219mg        [39m
 [38;2;0;0;0m      [38;2;0;0;226mg[38;2;0;0;212mF [38;2;222;222;222mg[38;2;251;251;251m@[38;2;252;252;252m@@@@@@@@@@@@@@@@[38;2;251;251;251m@[38;2;195;195;195m@ [38;2;0;0;218m~[38;2;0;0;224m$       [39m
 [38;2;0;0;0m     [38;2;0;0;208mj[38;2;0;0;228mF [38;2;207;207;207mg[38;2;251;251;251m@@[38;2;213;213;213mF[38;2;145;145;145mM[38;2;180;180;180m@[38;2;248;248;248m@[38;2;251;251;251m@[38;2;252;252;252m@@@@@@@@@@@@[38;2;251;251;251m@[38;2;184;184;184m@ [38;2;0;0;220m?[38;2;0;0;222mi      [39m
 [38;2;0;0;0m     [38;2;0;0;218m@  [38;2;245;245;245m@[38;2;252;252;252m@[38;2;251;251;251m@[38;2;236;236;236mg[38;2;182;182;182my[38;2;159;159;159m_ [38;2;205;205;205m~[38;2;157;157;157m5[38;2;240;240;240m@[38;2;252;252;252m@[38;2;243;243;243m@[38;2;214;214;214mF[38;2;199;199;199mFFFFF[38;2;185;185;185mM[38;2;243;243;243m@[38;2;252;252;252m@[38;2;250;250;250m@  [38;2;0;0;226m$      [39m
 [38;2;0;0;0m     [38;2;0;0;226m@  [38;2;249;249;249m@[38;2;252;252;252m@[38;2;251;251;251m@[38;2;208;208;208m@[38;2;197;197;197mF[38;2;179;179;179m~ [38;2;200;200;200m_[38;2;199;199;199my[38;2;226;226;226m@[38;2;252;252;252m@[38;2;237;237;237m@[38;2;210;210;210my[38;2;200;200;200myyyyy[38;2;213;213;213my[38;2;234;234;234m@[38;2;252;252;252m@[38;2;251;251;251m@  [38;2;0;0;226m@      [39m
 [38;2;0;0;0m     [38;2;0;0;226m@  [38;2;249;249;249m@[38;2;252;252;252m@[38;2;251;251;251m@[38;2;197;197;197my[38;2;177;177;177my[38;2;223;223;223mg[38;2;234;234;234m@[38;2;251;251;251m@[38;2;252;252;252m@@@@@@@@@@@@@[38;2;251;251;251m@  [38;2;0;0;226m@      [39m
 [38;2;0;0;0m     [38;2;0;0;226m@  [38;2;249;249;249m@[38;2;252;252;252m@@@@@@@@@@@@@@@@@@@@[38;2;251;251;251m@  [38;2;0;0;226m@      [39m
 [38;2;0;0;0m     [38;2;0;0;226m@  [38;2;249;249;249m@[38;2;252;252;252m@@@@@@@@@@@@@@@@@@@@[38;2;251;251;251m@  [38;2;0;0;226m@      [39m
 [38;2;0;0;0m     [38;2;0;0;226m@  [38;2;249;249;249m@[38;2;252;252;252m@@@@@@@@@@@@@@@@@@@@[38;2;251;251;251m@  [38;2;0;0;227m@      [39m
 [38;2;0;0;0m     [38;2;0;0;226m@  [38;2;249;249;249m@[38;2;252;252;252m@@@@@@@@@@@@@@@@@@@@[38;2;251;251;251m@  [38;2;0;0;227m@      [39m
 [38;2;0;0;0m     [38;2;0;0;225m@  [38;2;249;249;249m@[38;2;252;252;252m@@@@@@@@@@@@@@@@@@@@[38;2;251;251;251m@  [38;2;0;0;226m@      [39m
 [38;2;0;0;0m     [38;2;0;0;211m@[38;2;0;0;227mL [38;2;210;210;210m4[38;2;251;251;251m@[38;2;252;252;252m@@@@[38;2;248;248;248m@[38;2;244;244;244m@[38;2;251;251;251m@[38;2;252;252;252m@@@@[38;2;251;251;251m@[38;2;243;243;243m@[38;2;248;248;248m@[38;2;251;251;251m@[38;2;252;252;252m@@@[38;2;251;251;251m@[38;2;174;174;175m@ [38;2;0;0;227mj[38;2;0;0;217m@      [39m
 [38;2;0;0;0m     [38;2;2;2;203m`[38;2;0;0;222m@[38;2;0;0;223mg[38;2;0;0;228m_[38;2;134;134;134m~[38;2;248;248;248m~[38;2;178;178;178mF[38;2;166;166;166mF[38;2;204;204;204m~[38;2;0;0;225m_[38;2;0;0;226m_[38;2;107;107;107m`[38;2;237;237;237m~[38;2;170;170;170mF[38;2;178;178;178mF[38;2;242;242;242m~[38;2;106;106;106m`[38;2;0;0;226m_[38;2;0;0;225m_[38;2;180;180;180m~[38;2;174;174;174mT[38;2;180;180;180mF[38;2;251;251;251m~[38;2;157;157;157m~[38;2;0;0;227m_[38;2;0;0;225ma@[38;2;0;0;226m'      [39m
 [38;2;0;0;0m       [38;2;0;0;229m~[38;2;0;0;219mR[38;2;0;0;226m@@[38;2;0;0;219m@[38;2;0;0;223m@[38;2;0;0;226m@[38;2;0;0;220m@[38;2;0;0;221m4[38;2;0;0;228m@[38;2;0;0;226m@[38;2;0;0;222m@[38;2;0;0;221m@[38;2;0;0;226m@[38;2;0;0;228m@[38;2;0;0;220mP[38;2;0;0;221m@[38;2;0;0;226m@[38;2;0;0;225m@[38;2;0;0;219m@[38;2;0;0;225m@[38;2;0;0;226m@[38;2;0;0;212m@[38;2;0;0;229m~        [39m
 [38;2;0;0;0m          [38;2;0;0;225m`[38;2;0;0;226m``    [38;2;2;1;210m`[38;2;0;0;228m`[38;2;0;0;227m`[38;2;1;1;212m`    [38;2;0;0;228m``[38;2;1;0;226m`           [39m
 [38;2;0;0;0m                                       [39m
[?25h