[?25l[39m [38;2;0;0;0m                                       [39m
 [38;2;0;0;0m              [38;2;0;0;226m_[38;2;0;0;227m_[38;2;1;1;202my[38;2;0;0;216my[38;2;0;0;221my[38;2;0;0;219my[38;2;0;0;211my[38;2;0;0;225m_[38;2;0;0;226m_[38;2;0;0;224m_               [39m
 [38;2;0;0;0m          [38;2;0;0;229m_[38;2;0;0;220ma[38;2;0;0;211m@[38;2;0;0;218m=[38;2;0;0;225m~[38;2;0;0;230m~[38;2;162;162;162m_[38;2;240;240;240m_[38;2;253;253;253m_[38;2;251;251;251m_[38;2;196;196;196m_[38;2;103;103;103m_[38;2;0;0;227m~[38;2;0;0;226m~[38;2;0;0;225m4[38;2;0;0;228ma[38;2;0;0;225m_            [39m
 [38;2;0;0;0m        [38;2;0;0;231m_[38;2;0;0;215m@[38;2;0;0;228m~[38;2;1;0;205m`[38;2;173;173;173my[38;2;225;225;225mg@[38;2;251;251;251m@@@[38;2;252;252;252m@@[38;2;251;251;251m@[38;2;252;252;252m@[38;2;242;242;242m@[38;2;243;243;243mg[38;2;195;195;195my[38;2;149;149;149m_[38;2;0;0;222m~[38;2;0;0;229m4[38;2;1;0;215mg[38;2;2;1;201m,         [39m
 [38;2;0;0;0m      [38;2;2;2;190m_[38;2;0;0;230ma[38;2;0;0;229m~ [38;2;193;193;193mg[38;2;245;245;245m@[38;2;252;252;252m@@@@@@@@@@@@@[38;2;251;251;251m@[38;2;227;227;227mg[38;2;149;149;149m_[38;2;0;0;207m~[38;2;0;0;219m@[38;2;0;0;217m_        [39m
 [38;2;0;0;0m      [38;2;0;0;227m@[38;2;1;0;198m'[38;2;121;121;121my[38;2;230;230;230m@[38;2;252;252;252m@@@@@@@@@@@@@@@@@[38;2;250;250;250m@[38;2;161;161;161my [38;2;0;0;231m4[38;2;0;1;202mi       [39m
 [38;2;0;0;0m     [38;2;0;0;223m@[38;2;1;1;199m' [38;2;236;236;236m@[38;2;252;252;252m@@[38;2;242;242;242m@[38;2;184;184;184mF[38;2;161;161;161m5[38;2;215;215;215m@[38;2;251;251;251m@[38;2;252;252;252m@@@@@@@@@@@@[38;2;251;251;251m@[38;2;112;112;112m_ [38;2;0;0;234m$       [39m
 [38;2;0;0;0m     [38;2;0;0;231m@ [38;2;150;150;150md[38;2;251;251;251m@[38;2;252;252;252m@@[38;2;249;249;249m@[38;2;202;202;202mg[38;2;148;148;148my[38;2;81;81;81m_[38;2;142;142;142m`[38;2;244;244;244m~[38;2;192;192;192mA[38;2;251;251;251m@@[38;2;222;222;222m@[38;2;206;206;206mF[38;2;204;204;204mFFFFF[38;2;197;197;197mR[38;2;251;251;251m@[38;2;199;199;199m$ [38;2;0;0;214m9[38;2;1;0;209ml      [39m
 [38;2;0;0;0m     [38;2;0;0;226m@ [38;2;183;183;183m4[38;2;252;252;252m@@@[38;2;251;251;251m@[38;2;190;190;190m@[38;2;180;180;180mF[38;2;137;137;137m~ [38;2;230;230;230m_[38;2;215;215;215my[38;2;247;247;247m@[38;2;251;251;251m@[38;2;203;203;203m@[38;2;194;194;194my[38;2;191;191;191myyyyy[38;2;188;188;188mg[38;2;249;249;249m@[38;2;208;208;208m@ [38;2;0;0;210m4[38;2;1;1;217m[      [39m
 [38;2;0;0;0m     [38;2;0;0;228m@ [38;2;177;177;177m4[38;2;251;251;251m@[38;2;252;252;252m@@[38;2;237;237;237m@[38;2;170;170;170my[38;2;183;183;183my[38;2;237;237;237mg[38;2;244;244;244m@[38;2;251;251;251m@[38;2;252;252;252m@@@@@@@@@@@@[38;2;214;214;214m@ [38;2;0;0;207m4[38;2;1;1;219m[      [39m
 [38;2;0;0;0m     [38;2;0;0;232m@ [38;2;168;168;168m4[38;2;251;251;251m@[38;2;252;252;252m@@@@@@@@@@@@@@@@@@@@[38;2;223;223;223m@ [38;2;0;0;202m4[38;2;1;0;222m[      [39m
 [38;2;0;0;0m     [38;2;0;0;235m@ [38;2;154;154;154m4[38;2;251;251;251m@[38;2;252;252;252m@@@@@@@@@@@@@@@@@@@@[38;2;234;234;234m@ [38;2;1;0;196m4[38;2;0;0;225m[      [39m
 [38;2;0;0;0m     [38;2;0;0;236m@ [38;2;136;136;137m4[38;2;251;251;251m@[38;2;252;252;252m@@@@@@@@@@@@@@@@@@@@[38;2;238;238;238m@ [38;2;0;0;189mJ[38;2;1;0;208m$      [39m
 [38;2;0;0;0m     [38;2;0;0;237m@ [38;2;115;115;115m4[38;2;252;252;252m@@@@@@@@@@@@@@@@@@@@@[38;2;241;241;241m@  [38;2;0;0;216m$      [39m
 [38;2;0;0;0m     [38;2;0;0;231m@ [38;2;67;67;68m4[38;2;250;250;250m@[38;2;252;252;252m@@@@@@@@@@@@@@@@@@@@[38;2;242;242;242m@ [38;2;1;0;184mj[38;2;0;0;216m$      [39m
 [38;2;0;0;0m     [38;2;0;0;219m`[38;2;0;0;225mg[38;2;0;0;205m,[38;2;189;189;189m~[38;2;183;183;183mF[38;2;201;201;201m@[38;2;251;251;251m@@[38;2;252;252;252m@[38;2;226;226;226m@[38;2;209;209;209mF[38;2;181;181;181mF[38;2;162;162;162m@[38;2;245;245;245m@[38;2;252;252;252m@@[38;2;245;245;245m@[38;2;173;173;173m@[38;2;184;184;184mF[38;2;170;170;170mP[38;2;220;220;220m@[38;2;252;252;252m@[38;2;251;251;251m@[38;2;202;202;202m@[38;2;171;171;171m~[38;2;1;0;191m_[38;2;0;0;232ma[38;2;0;0;231m'      [39m
 [38;2;0;0;0m      [38;2;2;1;196m~[38;2;0;0;225m4[38;2;0;0;227ma[38;2;0;0;225mg[38;2;0;0;226m__[38;2;142;142;142m`[38;2;105;105;105m`[38;2;0;0;225m_[38;2;0;0;221ma[38;2;0;0;227ma[38;2;0;0;209my[38;2;0;0;225m_[38;2;133;133;133m`[38;2;134;134;134m`[38;2;0;0;225m_[38;2;0;0;206my[38;2;0;0;226ma[38;2;0;0;218mg[38;2;0;0;225m_[38;2;0;0;227m_[38;2;0;0;225m_[38;2;0;0;226m_[38;2;0;0;227mg[38;2;0;0;225mP[38;2;0;0;231m'       [39m
 [38;2;0;0;0m          [38;2;1;0;222m~[38;2;0;0;226m~~[38;2;0;0;225m~[38;2;0;0;226m~[38;2;1;0;208m` [38;2;3;2;196m~[38;2;0;0;226m~~[38;2;0;0;225m~[38;2;0;0;226m~[38;2;1;1;207m~ [38;2;3;1;195m`[38;2;0;0;223m~[38;2;0;0;225m~[38;2;0;0;226m~[38;2;0;0;223m~          [39m
 [38;2;0;0;0m                                       [39m
[?25h