[?25l[39m [38;2;0;0;0m                                       [39m
 [38;2;0;0;0m            [38;2;0;0;228m_[38;2;0;0;215my[38;2;0;0;228ma[38;2;0;0;216m#[38;2;0;0;229m=[38;2;0;0;217m=[38;2;0;0;229m~[38;2;0;0;228m~[38;2;0;0;217m=[38;2;0;0;229m=[38;2;0;0;215mR[38;2;0;0;228ma[38;2;0;0;215my[38;2;0;0;228m_             [39m
 [38;2;0;0;0m         [38;2;0;0;227m_[38;2;0;0;226maP[38;2;0;0;227m~[38;2;106;106;106m_[38;2;153;153;153my[38;2;202;202;202my[38;2;215;215;215mg[38;2;251;251;251mg[38;2;252;252;252mgg[38;2;251;251;251mg[38;2;215;215;215mg[38;2;203;203;203my[38;2;146;146;146my[38;2;106;106;106m_[38;2;0;0;226m~4[38;2;0;0;224mg[38;2;0;0;225m_          [39m
 [38;2;0;0;0m       [38;2;2;1;193m_[38;2;0;0;228ma[38;2;0;0;217mF [38;2;179;179;179my[38;2;245;245;245mg[38;2;251;251;251m@[38;2;252;252;252m@@@@@@@@@@[38;2;251;251;251m@[38;2;207;207;207m@[38;2;173;173;173my [38;2;0;0;228m~[38;2;0;0;221m$[38;2;0;0;226m,        [39m
 [38;2;0;0;0m      [38;2;0;0;210m_[38;2;0;0;221m@[38;2;1;0;204m'[38;2;126;126;127my[38;2;213;213;213m@[38;2;252;252;252m@@@@@@@@@@@@@@@@[38;2;230;230;230m@[38;2;183;183;183m_[38;2;2;1;191m`[38;2;0;0;223m0[38;2;0;0;209m_       [39m
 [38;2;0;0;0m      [38;2;0;0;230m@ [38;2;139;139;139my[38;2;247;247;247m@[38;2;252;252;252m@@[38;2;251;251;251m@[38;2;252;252;252m@[38;2;251;251;251m@@[38;2;252;252;252m@@@@@@[38;2;251;251;251m@@@@[38;2;252;252;252m@@[38;2;250;250;250m@[38;2;122;122;123my [38;2;0;0;225m@[38;2;0;0;223m,      [39m
 [38;2;0;0;0m     [38;2;1;0;213mg[38;2;1;0;199mF [38;2;230;230;230m$[38;2;252;252;252m@[38;2;251;251;251m@[38;2;230;230;230mF[38;2;209;209;209m~[38;2;161;161;161my[38;2;197;197;197my[38;2;160;160;160mw[38;2;215;215;215m~[38;2;174;174;174m@[38;2;251;251;251m@@[38;2;213;213;213m@[38;2;241;241;241m~[38;2;165;165;165my[38;2;160;160;160ma[38;2;184;184;184my[38;2;106;106;106mZ[38;2;147;147;147m5[38;2;247;247;247m@[38;2;252;252;252m@[38;2;237;237;237m@  [38;2;0;0;216m$      [39m
 [38;2;0;0;0m     [38;2;0;0;225m@  [38;2;249;249;249m@[38;2;251;251;251m@[38;2;175;175;175m$[38;2;81;81;81mu[38;2;195;195;195mF [38;2;168;168;168my [38;2;198;198;198m$ [38;2;223;223;223m@[38;2;241;241;241m@ [38;2;184;184;184m$[38;2;77;77;77m~[38;2;183;183;183my [38;2;131;131;131m4[38;2;103;103;103mL[38;2;160;160;160m9[38;2;252;252;252m@[38;2;251;251;251m@  [38;2;0;0;225m@      [39m
 [38;2;0;0;0m     [38;2;0;0;226m@  [38;2;249;249;249m@[38;2;252;252;252m@[38;2;214;214;214m@ [38;2;153;153;153m$[38;2;151;151;151my[38;2;178;178;178my[38;2;179;179;179my[38;2;156;156;156my[38;2;196;196;196mg[38;2;251;251;251m@[38;2;250;250;250m@[38;2;114;114;114my[38;2;152;152;152m4[38;2;158;158;158my[38;2;155;155;155my[38;2;188;188;188my[38;2;152;152;152my[38;2;193;193;193my[38;2;229;229;229m@[38;2;252;252;252m@[38;2;251;251;251m@  [38;2;0;0;226m@      [39m
 [38;2;0;0;0m     [38;2;0;0;226m@  [38;2;249;249;249m@[38;2;252;252;252m@@[38;2;248;248;248m@[38;2;225;225;225mg[38;2;200;200;200my[38;2;189;189;189my[38;2;209;209;209my[38;2;250;250;250m@[38;2;252;252;252m@@@[38;2;251;251;251m@[38;2;248;248;248mg[38;2;212;212;212my[38;2;191;191;191my[38;2;192;192;192my[38;2;217;217;217m@[38;2;251;251;251m@[38;2;252;252;252m@@[38;2;251;251;251m@  [38;2;0;0;226m@      [39m
 [38;2;0;0;0m     [38;2;0;0;226m@  [38;2;249;249;249m@[38;2;252;252;252m@@@@@@@@@@@@@@@@@@@@[38;2;251;251;251m@  [38;2;0;0;226m@      [39m
 [38;2;0;0;0m     [38;2;0;0;226m@  [38;2;249;249;249m@[38;2;252;252;252m@@@@@@@@@@@@@@@@@@@@[38;2;251;251;251m@  [38;2;0;0;227m@      [39m
 [38;2;0;0;0m     [38;2;0;0;226m@  [38;2;249;249;249m@[38;2;252;252;252m@@@@@@@@@@@@@@@@@@@@[38;2;251;251;251m@  [38;2;0;0;227m@      [39m
 [38;2;0;0;0m     [38;2;0;0;226m@  [38;2;249;249;249m@[38;2;252;252;252m@@@@@@@@@@@@@@@@@@@@[38;2;251;251;251m@  [38;2;0;0;227m@      [39m
 [38;2;0;0;0m     [38;2;0;0;220m@  [38;2;244;244;244m@[38;2;252;252;252m@@@@@@@@@@@@@@@@@@@@[38;2;248;248;248m@  [38;2;0;0;223m@      [39m
 [38;2;0;0;0m     [38;2;1;0;212m`[38;2;0;0;224m@[38;2;0;0;214m,[38;2;153;153;153m~[38;2;179;179;179m@[38;2;248;248;248m@[38;2;252;252;252m@[38;2;251;251;251m@[38;2;213;213;213m@[38;2;198;198;198mF[38;2;164;164;164mF[38;2;175;175;175mA[38;2;236;236;236m@[38;2;252;252;252m@@[38;2;238;238;238m@[38;2;207;207;207mP[38;2;168;168;168mF[38;2;160;160;160mM[38;2;206;206;206m@[38;2;251;251;251m@[38;2;252;252;252m@[38;2;249;249;249m@[38;2;194;194;194m@[38;2;180;180;180m~[38;2;1;0;199m_[38;2;0;0;229mg[38;2;2;1;194mF      [39m
 [38;2;0;0;0m      [38;2;0;0;218m`[38;2;0;0;225m4[38;2;0;0;228mg[38;2;0;0;225m_[38;2;0;0;223m_[38;2;104;104;104m`[38;2;0;0;225m_[38;2;0;0;227m_[38;2;0;0;223mg[38;2;0;0;221m@[38;2;0;0;216my[38;2;0;0;226m_[38;2;0;0;225m_[38;2;0;0;223m_[38;2;0;0;226m_[38;2;0;0;216my@[38;2;0;0;224mg[38;2;0;0;227m_[38;2;0;0;225m_[38;2;107;107;107m`[38;2;0;0;223m_[38;2;0;0;227m_[38;2;0;0;228mg[38;2;0;0;227mP[38;2;1;1;203m~       [39m
 [38;2;0;0;0m        [38;2;2;3;190m`[38;2;0;0;224m~[38;2;0;0;226m~[38;2;0;0;227m~~~[38;2;2;0;211m` [38;2;1;1;207m~[38;2;0;0;227m~~~~[38;2;2;1;208m~ [38;2;2;0;210m`[38;2;0;0;224m~[38;2;0;0;227m~~[38;2;0;0;226m~[38;2;0;0;225m~[38;2;3;2;195m`         [39m
 [38;2;0;0;0m                                       [39m
[?25h