[?25l[39m [38;2;0;0;0m               [38;2;0;0;229m_[38;2;0;0;225m_[38;2;0;0;211my[38;2;0;0;217ma[38;2;0;0;223ma[38;2;0;0;222ma[38;2;0;0;220my[38;2;1;1;208my[38;2;0;0;224m_[38;2;0;0;229m_[38;2;3;2;190m_             [39m
 [38;2;0;0;0m            [38;2;1;1;202my[38;2;0;0;227ma[38;2;0;0;223mP[38;2;0;0;225m~[38;2;0;0;224m~[38;2;128;128;128m_[38;2;237;237;237m_[38;2;139;139;139my[38;2;147;147;147my[38;2;249;249;249m_[38;2;235;235;235m_[38;2;119;119;119m_[38;2;0;0;227m~~[38;2;0;0;220m4[38;2;0;0;222ma[38;2;0;0;226m_          [39m
 [38;2;0;0;0m          [38;2;1;1;204my[38;2;0;0;222m@[38;2;0;0;229m~ [38;2;180;180;180my[38;2;241;241;241mg[38;2;243;243;243m@[38;2;251;251;251m@[38;2;252;252;252m@@@@@[38;2;251;251;251m@[38;2;249;249;249m@[38;2;251;251;251mg[38;2;210;210;210my[38;2;224;224;224m_[38;2;0;0;222m~[38;2;0;0;221m4[38;2;0;0;218mg[38;2;0;0;211m_       [39m
 [38;2;0;0;0m         [38;2;0;0;222mg[38;2;0;0;228mF [38;2;188;188;188my[38;2;236;236;236m@[38;2;251;251;251m@[38;2;252;252;252m@@@@@@@@@@@@[38;2;251;251;251m@[38;2;232;232;232m@[38;2;190;190;190my [38;2;0;0;216m?[38;2;0;0;220mg[38;2;2;1;189m,     [39m
 [38;2;0;0;0m        [38;2;0;0;227mjF [38;2;193;193;193mg[38;2;251;251;251m@[38;2;252;252;252m@@@@@@@@@@@@@@@@@[38;2;227;227;227m@[38;2;134;134;134m_[38;2;0;0;202m"[38;2;0;0;229m$[38;2;0;0;218m,    [39m
 [38;2;0;0;0m        [38;2;0;0;234m@ [38;2;128;128;129my[38;2;251;251;251m@[38;2;252;252;252m@@@@@@@@@@@@[38;2;251;251;251m@[38;2;212;212;212mF[38;2;251;251;251m~[38;2;193;193;193mR[38;2;244;244;244m@[38;2;251;251;251m@[38;2;252;252;252m@[38;2;241;241;241m@[38;2;71;71;71m,[38;2;3;2;189m`[38;2;0;0;228m$    [39m
 [38;2;0;0;0m       [38;2;2;2;187mJ[38;2;0;0;215mE [38;2;172;172;172m$[38;2;252;252;252m@@@@@@@@@@@@@[38;2;251;251;251m@[38;2;217;217;217m$[38;2;199;199;199my[38;2;219;219;219m_ [38;2;166;166;166m~[38;2;135;135;135m5[38;2;224;224;224m@[38;2;139;139;139m@ [38;2;0;0;231mB[38;2;0;0;193m,   [39m
 [38;2;0;0;0m       [38;2;2;2;193mJ[38;2;1;1;204m$ [38;2;189;189;189m$[38;2;252;252;252m@@@@@@@@@@@@@[38;2;251;251;251m@[38;2;210;210;210m@[38;2;196;196;196mF[38;2;184;184;184m~ [38;2;205;205;205m_[38;2;198;198;198my[38;2;216;216;216m@[38;2;173;173;174m$ [38;2;0;0;224mB[38;2;0;0;192m|   [39m
 [38;2;0;0;0m       [38;2;2;1;200mJ[38;2;0;0;217m[ [38;2;207;207;207m$[38;2;252;252;252m@@@@@@@@@@@@@[38;2;251;251;251m@[38;2;212;212;212my[38;2;185;185;185my[38;2;227;227;227mg[38;2;236;236;236m@[38;2;251;251;251m@[38;2;252;252;252m@[38;2;251;251;251m@[38;2;153;153;153m$ [38;2;0;0;227m$    [39m
 [38;2;0;0;0m       [38;2;1;1;209m4[38;2;1;0;208m[ [38;2;230;230;230m$[38;2;252;252;252m@@@@@@@@@@@@@@@@@@@@[38;2;251;251;251m@[38;2;158;158;159mF [38;2;0;0;235m$    [39m
 [38;2;0;0;0m       [38;2;0;0;224mg  [38;2;244;244;244m@[38;2;252;252;252m@@@@@@@@@@@@@@@@@@@@[38;2;251;251;251m@[38;2;79;79;79mF [38;2;0;0;229m@    [39m
 [38;2;0;0;0m       [38;2;0;0;235m@ [38;2;125;125;126my[38;2;251;251;251m@[38;2;252;252;252m@@@@@@@@@@@@@@@@@@@@[38;2;240;240;240m@ [38;2;0;0;197mj[38;2;0;0;224mF    [39m
 [38;2;0;0;0m      [38;2;1;1;202mj[38;2;0;0;224mF [38;2;191;191;191m$[38;2;252;252;252m@@@@@@@@@@@@@@@@@@@@[38;2;251;251;251m@[38;2;158;158;158m@ [38;2;0;0;230mg[38;2;0;0;225m'    [39m
 [38;2;0;0;0m      [38;2;0;0;219m@[38;2;0;0;190m' [38;2;245;245;245m@[38;2;252;252;252m@@@@@@@@@@@@@@@@@@@@[38;2;249;249;249m@[38;2;93;93;93m~ [38;2;0;0;226m@     [39m
 [38;2;0;0;0m      [38;2;0;0;231m@[38;2;0;0;202mL [38;2;199;199;199mR[38;2;251;251;251m@@[38;2;245;245;245m@[38;2;213;213;213mR[38;2;208;208;208mR[38;2;245;245;245m@[38;2;252;252;252m@@@[38;2;251;251;251m@[38;2;210;210;210m@[38;2;199;199;199mR[38;2;217;217;217m@[38;2;251;251;251m@[38;2;252;252;252m@@[38;2;251;251;251m@[38;2;238;238;238m@[38;2;206;206;206mR[38;2;210;210;210mR[38;2;194;194;194m~[38;2;1;0;201m_[38;2;0;0;230mg[38;2;1;1;201mF     [39m
 [38;2;0;0;0m      [38;2;0;0;220m~[38;2;0;0;227m@[38;2;0;0;217mg[38;2;0;0;227m_[38;2;197;197;197m`[38;2;177;177;177m~[38;2;0;0;227m_[38;2;0;0;215my[38;2;0;0;226m_[38;2;0;0;224m_[38;2;185;185;185m~[38;2;231;231;231m~[38;2;218;218;218m~[38;2;132;132;132m`[38;2;0;0;226m_[38;2;0;0;217my[38;2;0;0;227m_[38;2;113;113;113m~[38;2;228;228;228m~[38;2;230;230;230m~[38;2;144;144;144m~[38;2;0;0;227m_[38;2;0;0;216ma[38;2;0;0;227m_[38;2;0;0;226ma[38;2;0;0;225m@[38;2;0;0;218m~      [39m
 [38;2;0;0;0m       [38;2;0;0;220m`[38;2;0;0;226m~[38;2;0;0;218m@[38;2;0;0;227m@[38;2;0;0;228m@[38;2;0;0;225mP[38;2;0;0;227m~[38;2;0;0;222m4[38;2;0;0;228m@[38;2;0;0;226m@@[38;2;0;0;227m@[38;2;0;0;219m@[38;2;0;1;209mF[38;2;0;0;227m~[38;2;0;0;220m@[38;2;0;0;226m@@@[38;2;0;0;227m@[38;2;0;0;222mP[38;2;0;0;227m~[38;2;0;0;232m=[38;2;0;0;229m~        [39m
 [38;2;0;0;0m                                       [39m
 [38;2;0;0;0m                                       [39m
[?25h