[?25l[39m [38;2;0;0;0m                                       [39m
 [38;2;0;0;0m              [38;2;0;0;227m__[38;2;0;0;224m_[38;2;0;0;214my[38;2;0;0;220myy[38;2;0;0;214my[38;2;0;0;225m_[38;2;0;0;227m__               [39m
 [38;2;0;0;0m          [38;2;0;0;211m_[38;2;1;0;209my[38;2;0;0;226ma[38;2;0;0;218mP[38;2;0;0;225m~[38;2;0;0;231m~[38;2;135;135;135m_[38;2;222;222;222m_[38;2;253;253;253m__[38;2;221;221;221m_[38;2;135;135;135m_[38;2;0;0;229m~[38;2;0;0;226m~[38;2;0;0;228m=[38;2;0;0;227ma[38;2;1;0;209my[38;2;1;0;211m_           [39m
 [38;2;0;0;0m        [38;2;0;0;219m_[38;2;0;0;228ma[38;2;0;0;218mF[38;2;0;0;209m~[38;2;131;131;131my[38;2;192;192;192mg[38;2;207;207;207m@[38;2;247;247;247m@[38;2;252;252;252m@[38;2;251;251;251m@[38;2;252;252;252m@@[38;2;251;251;251m@@[38;2;249;249;249m@[38;2;214;214;214m@[38;2;192;192;192mg[38;2;228;228;228m_[38;2;0;0;205m~[38;2;0;0;213m?[38;2;0;0;227ma[38;2;0;0;219m_         [39m
 [38;2;0;0;0m       [38;2;0;0;216mg[38;2;0;0;228mF [38;2;174;174;174my[38;2;214;214;214m@[38;2;251;251;251m@[38;2;252;252;252m@@@@@@@@@@@@[38;2;251;251;251m@[38;2;229;229;229m@[38;2;165;165;165my [38;2;0;0;200m#[38;2;0;0;217mg        [39m
 [38;2;0;0;0m      [38;2;0;0;225mg[38;2;0;0;214mF [38;2;220;220;220mg[38;2;251;251;251m@[38;2;252;252;252m@@@@@@@@@@@@@@@@[38;2;251;251;251m@[38;2;198;198;198m$ [38;2;0;0;220m~[38;2;0;0;222m$       [39m
 [38;2;0;0;0m     [38;2;0;0;207mj[38;2;0;0;229mF [38;2;203;203;203mg[38;2;251;251;251m@@[38;2;218;218;218mF[38;2;156;156;156mM[38;2;187;187;187m@[38;2;251;251;251m@[38;2;252;252;252m@@@@@@@@@@@@@[38;2;251;251;251m@[38;2;181;181;181m@ [38;2;0;0;220m?i      [39m
 [38;2;0;0;0m     [38;2;0;0;217m@  [38;2;245;245;245m@[38;2;252;252;252m@[38;2;251;251;251m@[38;2;229;229;229mg[38;2;177;177;177my[38;2;150;150;150m_ [38;2;217;217;217m~[38;2;188;188;188mF[38;2;243;243;243m@[38;2;252;252;252m@[38;2;245;245;245m@[38;2;192;192;192mM[38;2;204;204;204mF[38;2;203;203;203mF[38;2;204;204;204mFFF[38;2;188;188;188mM[38;2;245;245;245m@[38;2;252;252;252m@[38;2;250;250;250m@  [38;2;0;0;226m$      [39m
 [38;2;0;0;0m     [38;2;0;0;225m@  [38;2;249;249;249m@[38;2;252;252;252m@@[38;2;216;216;216m@[38;2;202;202;202mF[38;2;201;201;201m~ [38;2;188;188;188m_[38;2;192;192;192my[38;2;225;225;225m@[38;2;252;252;252m@[38;2;236;236;236m@[38;2;203;203;203my[38;2;192;192;192myyyyy[38;2;206;206;206my[38;2;232;232;232m@[38;2;252;252;252m@[38;2;251;251;251m@  [38;2;0;0;227m@      [39m
 [38;2;0;0;0m     [38;2;0;0;225m@  [38;2;249;249;249m@[38;2;252;252;252m@[38;2;251;251;251m@[38;2;192;192;192my[38;2;172;172;172my[38;2;219;219;219ma[38;2;228;228;228m@[38;2;251;251;251m@[38;2;252;252;252m@@@@@@@@@@@@@[38;2;251;251;251m@  [38;2;0;0;227m@      [39m
 [38;2;0;0;0m     [38;2;0;0;225m@  [38;2;249;249;249m@[38;2;252;252;252m@@@@@@@@@@@@@@@@@@@@[38;2;251;251;251m@  [38;2;0;0;227m@      [39m
 [38;2;0;0;0m     [38;2;0;0;225m@  [38;2;249;249;249m@[38;2;252;252;252m@@@@@@@@@@@@@@@@@@@@[38;2;251;251;251m@  [38;2;0;0;226m@      [39m
 [38;2;0;0;0m     [38;2;0;0;225m@  [38;2;249;249;249m@[38;2;252;252;252m@@@@@@@@@@@@@@@@@@@@[38;2;251;251;251m@  [38;2;0;0;227m@      [39m
 [38;2;0;0;0m     [38;2;0;0;225m@  [38;2;249;249;249m@[38;2;252;252;252m@@@@@@@@@@@@@@@@@@@@[38;2;251;251;251m@  [38;2;0;0;226m@      [39m
 [38;2;0;0;0m     [38;2;0;0;220m@  [38;2;245;245;245m@[38;2;252;252;252m@@@@@@@@@@@@@@@@@@@@[38;2;249;249;249m@  [38;2;0;0;223m@      [39m
 [38;2;0;0;0m     [38;2;1;0;212m`[38;2;0;0;225m$[38;2;0;0;209m,[38;2;167;167;167m~[38;2;195;195;195m@[38;2;251;251;251m@[38;2;252;252;252m@@[38;2;226;226;226m@[38;2;210;210;210mF[38;2;181;181;181mF[38;2;162;162;162m@[38;2;245;245;245m@[38;2;252;252;252m@@[38;2;245;245;245m@[38;2;173;173;173m@[38;2;184;184;184mF[38;2;170;170;170mP[38;2;221;221;221m@[38;2;252;252;252m@[38;2;251;251;251m@@[38;2;209;209;209m@[38;2;195;195;195m~ [38;2;0;0;231ma'      [39m
 [38;2;0;0;0m      [38;2;0;0;216m`[38;2;0;0;224m4[38;2;0;0;226mg__[38;2;140;140;140m`[38;2;0;0;227m_[38;2;0;0;225m_[38;2;0;0;222ma[38;2;0;0;227ma[38;2;0;0;208my[38;2;0;0;225m_[38;2;133;133;133m``[38;2;0;0;226m_[38;2;0;0;208my[38;2;0;0;226ma[38;2;0;0;218mg[38;2;0;0;225m_[38;2;103;103;103m`[38;2;142;142;142m`[38;2;0;0;226m__g[38;2;0;0;227mP[38;2;1;1;200m~       [39m
 [38;2;0;0;0m         [38;2;0;0;221m~[38;2;0;0;226m~~[38;2;0;0;227m~[38;2;0;0;226m~[38;2;2;1;202m` [38;2;2;2;202m~[38;2;0;0;226m~~~[38;2;0;0;227m~[38;2;1;2;201m~ [38;2;1;1;202m`[38;2;0;0;224m~[38;2;0;0;226m~~[38;2;0;0;227m~[38;2;0;0;225m~[38;2;2;3;187m`         [39m
 [38;2;0;0;0m                                       [39m
[?25h