[?25l[39m [38;2;0;0;0m              [38;2;3;2;185m_[38;2;0;0;229m_[38;2;0;0;226m_[38;2;0;0;214my[38;2;0;0;219ma[38;2;0;0;225ma[38;2;0;0;222ma[38;2;0;0;220my[38;2;1;1;209my[38;2;0;0;224m_[38;2;0;0;229m_[38;2;4;2;185m_             [39m
 [38;2;0;0;0m            [38;2;1;0;208my[38;2;0;0;215m@[38;2;0;0;218mP[38;2;0;0;225m~[38;2;0;0;222m~[38;2;162;162;162m_[38;2;240;240;240m_[38;2;144;144;144my[38;2;148;148;148my[38;2;249;249;249m_[38;2;234;234;234m_[38;2;108;108;108m_[38;2;0;0;227m~~[38;2;0;0;214mR[38;2;0;0;218mg[38;2;0;0;227m_          [39m
 [38;2;0;0;0m          [38;2;0;0;215my[38;2;0;0;217m@[38;2;0;0;226m~[38;2;92;92;92m_[38;2;191;191;191my[38;2;248;248;248mg@[38;2;251;251;251m@[38;2;252;252;252m@@@@@[38;2;251;251;251m@[38;2;248;248;248m@[38;2;249;249;249mg[38;2;205;205;205my[38;2;206;206;206m_[38;2;0;0;223m~[38;2;0;0;226m4[38;2;1;0;216mg[38;2;2;1;199m_       [39m
 [38;2;0;0;0m         [38;2;0;0;229mg[38;2;0;0;218mF [38;2;177;177;177mg[38;2;245;245;245m@[38;2;252;252;252m@@@@@@@@@@@@@[38;2;251;251;251m@[38;2;223;223;223m@[38;2;174;174;174my[38;2;1;1;196m`[38;2;0;0;203m#[38;2;0;0;219my      [39m
 [38;2;0;0;0m        [38;2;0;0;223mg[38;2;0;0;213mF [38;2;219;219;219mg[38;2;251;251;251m@[38;2;252;252;252m@@@@@@@@@@@@@@@@[38;2;251;251;251m@[38;2;208;208;208m@[38;2;88;88;88m,[38;2;0;0;212m~[38;2;0;0;228m$     [39m
 [38;2;0;0;0m       [38;2;2;3;172mj[38;2;0;0;223m@ [38;2;156;156;156mg[38;2;251;251;251m@[38;2;252;252;252m@@@@@@@@@@@@@@[38;2;251;251;251m@[38;2;195;195;195m@[38;2;251;251;251m~[38;2;171;171;171mP[38;2;222;222;222m@[38;2;226;226;226m@ [38;2;0;0;202m~[38;2;0;0;216m$    [39m
 [38;2;0;0;0m       [38;2;1;1;206m4[38;2;0;0;212m[ [38;2;223;223;223m$[38;2;252;252;252m@@@@@@@@@@@@@@@@[38;2;241;241;241m@[38;2;199;199;199mg[38;2;144;144;144my [38;2;174;174;174m`  [38;2;0;0;236m$    [39m
 [38;2;0;0;0m       [38;2;1;1;210m4[38;2;0;0;207m[ [38;2;231;231;231m$[38;2;252;252;252m@@@@@@@@@@@@@@@@[38;2;241;241;241m@[38;2;218;218;218mF[38;2;243;243;243m~ [38;2;131;131;131m_[38;2;88;88;88m_ [38;2;0;0;235m$    [39m
 [38;2;0;0;0m       [38;2;1;0;212m4[38;2;0;0;202m[ [38;2;221;221;221m@[38;2;252;252;252m@@@@@@@@@@@@@@@[38;2;251;251;251m@[38;2;214;214;214m$[38;2;179;179;179my[38;2;194;194;194mg[38;2;215;215;215m@[38;2;252;252;252m@[38;2;139;139;139mF [38;2;0;0;236m$    [39m
 [38;2;0;0;0m       [38;2;0;0;219mg[38;2;0;0;186m[ [38;2;240;240;240m@[38;2;252;252;252m@@@@@@@@@@@@@@@@@@@@[38;2;251;251;251m@[38;2;103;103;104mL [38;2;0;0;230m@    [39m
 [38;2;0;0;0m       [38;2;0;0;231m@ [38;2;71;71;71mu[38;2;250;250;250m@[38;2;252;252;252m@@@@@@@@@@@@@@@@@@@@[38;2;249;249;249m@  [38;2;0;0;223m$    [39m
 [38;2;0;0;0m       [38;2;0;0;231m@ [38;2;148;148;149md[38;2;251;251;251m@[38;2;252;252;252m@@@@@@@@@@@@@@@@@@@@[38;2;223;223;223m@ [38;2;0;0;215mj[38;2;1;0;215mF    [39m
 [38;2;0;0;0m      [38;2;0;0;215mj[38;2;0;0;214mF [38;2;214;214;214m$[38;2;252;252;252m@@@@@@@@@@@@@@@@@@@@[38;2;251;251;251m@[38;2;190;190;190mF [38;2;0;0;229m$[38;2;0;0;206m'    [39m
 [38;2;0;0;0m      [38;2;0;0;227m@  [38;2;249;249;249m@[38;2;252;252;252m@@@@@@@@@@@@@@@@@@@@[38;2;248;248;248m@[38;2;75;75;76m~ [38;2;0;0;221m@     [39m
 [38;2;0;0;0m      [38;2;0;0;231m@[38;2;0;0;214mL [38;2;178;178;178mF[38;2;206;206;206mP[38;2;242;242;242m@[38;2;251;251;251m@[38;2;252;252;252m@[38;2;251;251;251m@[38;2;242;242;242m@[38;2;224;224;224mP[38;2;194;194;194mP[38;2;204;204;204m@[38;2;251;251;251m@@@[38;2;250;250;250m@[38;2;197;197;197m@[38;2;193;193;193mP[38;2;202;202;202mA[38;2;248;248;248m@[38;2;251;251;251m@@[38;2;193;193;193m@[38;2;154;154;154m~[38;2;0;0;223m_[38;2;0;0;224m@[38;2;0;0;235m'     [39m
 [38;2;0;0;0m      [38;2;0;0;210m~[38;2;0;0;227m@[38;2;0;0;224mg[38;2;0;0;225mg[38;2;0;0;205my[38;2;0;0;228m_[38;2;124;124;124m~[38;2;186;186;186m~[38;2;112;112;112m~[38;2;0;0;226m_[38;2;0;0;215ma[38;2;0;0;216mg[38;2;0;0;227m_[38;2;162;162;162m`[38;2;175;175;175m~[38;2;158;158;158m~[38;2;0;0;227m_[38;2;0;0;226m_[38;2;0;0;228mg[38;2;0;0;226m__[38;2;134;134;134m~[38;2;0;0;227m_[38;2;0;0;226m_[38;2;0;0;227mg[38;2;0;0;219m@[38;2;1;1;207m~      [39m
 [38;2;0;0;0m       [38;2;2;2;201m`[38;2;0;0;227m~[38;2;0;0;225m~[38;2;0;0;226m=[38;2;0;0;213m@[38;2;0;0;228m@@[38;2;0;0;221m@[38;2;0;0;230m=[38;2;0;0;226m~[38;2;0;0;227m~[38;2;0;0;222m4[38;2;0;0;227m@[38;2;0;0;228m@[38;2;0;0;226m@[38;2;0;0;222mP[38;2;0;0;227m~[38;2;0;0;226m~[38;2;0;0;230m=[38;2;0;0;220m@[38;2;0;0;226m@[38;2;0;0;222mP[38;2;0;0;226m~[38;2;0;0;219m~        [39m
 [38;2;0;0;0m                                       [39m
 [38;2;0;0;0m                                       [39m
[?25h