[?25l[39m [38;2;0;0;0m                [38;2;1;0;209m_[38;2;0;0;231m_[38;2;0;0;228m_[38;2;0;0;225m_[38;2;0;0;227m_[38;2;0;0;232m_[38;2;0;0;221m_                [39m
 [38;2;0;0;0m            [38;2;0;0;230m_[38;2;0;0;218ma[38;2;1;0;213m@[38;2;0;0;222mP[38;2;0;0;228m~[38;2;0;0;225m~[38;2;0;0;228m~[38;2;0;0;230m~[38;2;0;0;229m~[38;2;0;0;226m~~~[38;2;0;0;214mR[38;2;0;0;227ma[38;2;0;0;224m_[38;2;1;0;225m_           [39m
 [38;2;0;0;0m          [38;2;1;0;208my[38;2;0;0;219m@[38;2;0;0;225m~[38;2;1;0;220m`[38;2;141;141;141my[38;2;212;212;212my[38;2;249;249;249mg[38;2;233;233;233m$[38;2;248;248;248m@[38;2;250;250;250m@@[38;2;247;247;247m@[38;2;232;232;232m$[38;2;246;246;246mg[38;2;210;210;210my[38;2;139;139;139my[38;2;0;0;232m`[38;2;0;0;226m~[38;2;0;0;213m@[38;2;1;1;207my         [39m
 [38;2;0;0;0m        [38;2;1;1;202m_[38;2;0;0;222m@[38;2;0;0;227m~ [38;2;182;182;182mg[38;2;237;237;237m@[38;2;251;251;251m@[38;2;252;252;252m@@@@@@@@@@@[38;2;250;250;250m@[38;2;225;225;225mg[38;2;207;207;207m_[38;2;0;0;210m~[38;2;0;0;230m4[38;2;1;1;207my       [39m
 [38;2;0;0;0m       [38;2;1;1;191m_[38;2;0;0;226m@[38;2;0;0;199m'[38;2;114;114;114my[38;2;225;225;225m@[38;2;252;252;252m@@@@@@@@@@@@@@@@[38;2;251;251;251m@[38;2;177;177;177m@ [38;2;0;0;224m~[38;2;0;0;223m$      [39m
 [38;2;0;0;0m       [38;2;0;0;228m@[38;2;1;0;198m' [38;2;238;238;238m@[38;2;252;252;252m@@@@@[38;2;250;250;250m@[38;2;189;189;189m@[38;2;224;224;224m@[38;2;251;251;251m@[38;2;252;252;252m@@@@@@@@@@[38;2;213;213;213m@ [38;2;0;0;213m~[38;2;1;0;215m$     [39m
 [38;2;0;0;0m      [38;2;3;2;179mj[38;2;0;0;217m@ [38;2;177;177;177mg[38;2;251;251;251m@[38;2;252;252;252m@@@@@[38;2;224;224;224m@[38;2;142;142;142my [38;2;174;174;174m`[38;2;243;243;243m~[38;2;183;183;183mR[38;2;242;242;242m@[38;2;252;252;252m@@[38;2;250;250;250m@[38;2;222;222;222m@[38;2;221;221;221m@@@@[38;2;123;123;123mk [38;2;0;0;233m$     [39m
 [38;2;0;0;0m      [38;2;1;1;195mJ[38;2;1;1;203m$ [38;2;195;195;195m$[38;2;252;252;252m@@@@@@@[38;2;246;246;246m@[38;2;177;177;177m@[38;2;68;68;68m\  [38;2;151;151;151my[38;2;246;246;246m@[38;2;252;252;252m@[38;2;191;191;191my[38;2;205;205;205m_[38;2;204;204;204m___[38;2;203;203;203m_[38;2;114;114;114m_ [38;2;0;0;223m$[38;2;3;1;180m[    [39m
 [38;2;0;0;0m      [38;2;1;1;199mJ[38;2;1;0;216m[ [38;2;205;205;205m$[38;2;252;252;252m@@@@@@[38;2;209;209;209m@[38;2;74;74;74m_[38;2;207;207;207m_[38;2;196;196;196my[38;2;243;243;243mg[38;2;246;246;246m@[38;2;251;251;251m@[38;2;252;252;252m@@@[38;2;251;251;251m@@@@@[38;2;156;156;156m$ [38;2;0;0;226m$     [39m
 [38;2;0;0;0m      [38;2;1;1;202m4[38;2;0;0;212m[ [38;2;224;224;224m$[38;2;252;252;252m@@@@@@@[38;2;251;251;251m@@[38;2;252;252;252m@@@@@@@@@@@[38;2;251;251;251m@[38;2;126;126;126m@ [38;2;0;0;232m$     [39m
 [38;2;0;0;0m      [38;2;0;0;213m4[38;2;0;0;202m[ [38;2;223;223;223m@[38;2;252;252;252m@@@@@@@@@@@@@@@@@@@@[38;2;251;251;251m@[38;2;138;138;138mF [38;2;0;0;236m$     [39m
 [38;2;0;0;0m      [38;2;0;0;220m@  [38;2;248;248;248m@[38;2;252;252;252m@@@@@@@@@@@@@@@@@@@@[38;2;251;251;251m@  [38;2;0;0;228m@     [39m
 [38;2;0;0;0m      [38;2;0;0;235m@ [38;2;106;106;106m4[38;2;251;251;251m@[38;2;252;252;252m@@@@@@@@@@@@@@@@@@@@[38;2;242;242;242m@ [38;2;0;0;184mj[38;2;1;0;213m$     [39m
 [38;2;0;0;0m      [38;2;0;0;226m@ [38;2;158;158;159mg[38;2;251;251;251m@[38;2;252;252;252m@@@@@@@@@@@@@@@@@@@@[38;2;211;211;211m@ [38;2;0;0;217mJ[38;2;1;0;217m[     [39m
 [38;2;0;0;0m     [38;2;2;1;193mJ[38;2;0;0;212m$ [38;2;181;181;181m9[38;2;251;251;251m@[38;2;252;252;252m@@@@@@@@@@@@@@@@@@@[38;2;251;251;251m@[38;2;180;180;180mF [38;2;0;0;228m$[38;2;0;0;204m'     [39m
 [38;2;0;0;0m      [38;2;0;0;229m@[38;2;0;0;231m_ [38;2;156;156;156m5[38;2;176;176;176m@[38;2;164;164;164mF[38;2;245;245;245m~[38;2;155;155;155mM[38;2;210;210;210m@[38;2;246;246;246m@[38;2;245;245;245m@[38;2;212;212;212m@[38;2;202;202;202mF[38;2;247;247;247m~[38;2;250;250;250m~[38;2;200;200;200mR[38;2;237;237;237m@[38;2;248;248;248m@[38;2;231;231;231m@[38;2;164;164;164m@[38;2;251;251;251m~[38;2;247;247;247m~[38;2;182;182;182mF[38;2;216;216;216m~[38;2;1;0;206m_[38;2;0;0;225mg[38;2;0;0;222mF      [39m
 [38;2;0;0;0m      [38;2;2;1;204m`[38;2;0;0;214m4[38;2;0;0;224m@[38;2;0;0;221my[38;2;0;0;215my[38;2;0;0;227mg@[38;2;0;0;223mg[38;2;0;0;227m____[38;2;0;0;226mg[38;2;0;0;227m@[38;2;0;0;228mg[38;2;0;0;208my[38;2;0;0;227m___[38;2;0;0;219ma[38;2;0;0;226ma[38;2;0;0;222m@[38;2;0;0;224mg[38;2;0;0;227mgP[38;2;0;0;214m~       [39m
 [38;2;0;0;0m         [38;2;1;0;220m~[38;2;0;0;224m~  [38;2;1;1;212m~[38;2;0;0;226m~~~~[38;2;0;0;225m` [38;2;2;0;217m`[38;2;0;0;225m~[38;2;0;0;227m~[38;2;0;0;226m~[38;2;0;0;227m~[38;2;1;0;217m~  [38;2;1;1;216m~[38;2;4;2;192m`         [39m
 [38;2;0;0;0m                                       [39m
[?25h