[?25l[39m [38;2;0;0;0m              [38;2;1;1;201m_[38;2;0;0;226m__[38;2;0;0;215my[38;2;0;0;219ma[38;2;0;0;225ma[38;2;0;0;222ma[38;2;0;0;219my[38;2;1;1;206my[38;2;0;0;224m_[38;2;0;0;231m_              [39m
 [38;2;0;0;0m           [38;2;1;0;211m_[38;2;1;0;213ma[38;2;0;0;218m@[38;2;0;0;219m=[38;2;0;0;226m~[38;2;0;0;220m~[38;2;194;194;194m_[38;2;243;243;243m_[38;2;146;146;146my[38;2;147;147;147my[38;2;246;246;246m_[38;2;227;227;227m_[38;2;0;0;219m~[38;2;0;0;227m~[38;2;0;0;228m~[38;2;0;0;216m#[38;2;0;0;220my[38;2;0;0;229m_          [39m
 [38;2;0;0;0m          [38;2;0;0;225ma[38;2;0;0;227mP[38;2;0;0;216m~[38;2;167;167;167m_[38;2;208;208;208my[38;2;251;251;251mg[38;2;250;250;250m@[38;2;251;251;251m@[38;2;252;252;252m@@@@@[38;2;251;251;251m@[38;2;241;241;241m@[38;2;240;240;240mg[38;2;187;187;187my[38;2;146;146;146m_[38;2;0;0;225m~[38;2;0;0;219mR[38;2;1;1;210my        [39m
 [38;2;0;0;0m        [38;2;2;2;192m_[38;2;0;0;225m@[38;2;0;0;215m~[38;2;86;86;87m_[38;2;217;217;217mg[38;2;251;251;251m@[38;2;252;252;252m@@@@@@@@@@@@@[38;2;251;251;251m@[38;2;208;208;208m$[38;2;207;207;207m_[38;2;0;0;205m~[38;2;0;0;223m#[38;2;0;0;228m_      [39m
 [38;2;0;0;0m        [38;2;0;0;229m@[38;2;1;1;205m'[38;2;100;100;100m_[38;2;222;222;222m@[38;2;252;252;252m@@@@@@@@@@@@@@@@@[38;2;251;251;251m@[38;2;189;189;189mg [38;2;0;0;207m4[38;2;1;0;208mg     [39m
 [38;2;0;0;0m       [38;2;0;0;221mJ[38;2;0;0;213mF [38;2;206;206;206m$[38;2;252;252;252m@@@@@@@@@@@@@@@@@@[38;2;251;251;251m@[38;2;229;229;229mF[38;2;74;74;74m^ [38;2;0;0;224m4[38;2;1;0;207mi    [39m
 [38;2;0;0;0m       [38;2;0;0;229m@  [38;2;249;249;249m@[38;2;252;252;252m@@@@@@@@@@@@@@@@@@@[38;2;219;219;219m@[38;2;208;208;208my  [38;2;0;0;221m$    [39m
 [38;2;0;0;0m       [38;2;0;0;232m@ [38;2;69;69;70m4[38;2;249;249;249m@[38;2;252;252;252m@@@@@@@@@@@@@@@@@@[38;2;251;251;251m@[38;2;219;219;219m@[38;2;202;202;202mF  [38;2;0;0;223m$    [39m
 [38;2;0;0;0m       [38;2;0;0;234m@ [38;2;85;85;85m4[38;2;250;250;250m@[38;2;252;252;252m@@@@@@@@@@@@@@@@@@[38;2;251;251;251m@[38;2;191;191;191mg[38;2;178;178;178my  [38;2;0;0;220m$    [39m
 [38;2;0;0;0m       [38;2;0;0;236m@ [38;2;117;117;117m4[38;2;252;252;252m@@@@@@@@@@@@@@@@@@@@@[38;2;241;241;241m@ [38;2;0;0;185mJ[38;2;1;0;213m$    [39m
 [38;2;0;0;0m       [38;2;0;0;231m@ [38;2;158;158;158m4[38;2;251;251;251m@[38;2;252;252;252m@@@@@@@@@@@@@@@@@@@@[38;2;224;224;224m@ [38;2;0;0;209mJ[38;2;0;0;223m[    [39m
 [38;2;0;0;0m      [38;2;2;1;198mj[38;2;0;0;222mF [38;2;190;190;190m$[38;2;252;252;252m@@@@@@@@@@@@@@@@@@@@[38;2;251;251;251m@[38;2;160;160;160m@ [38;2;0;0;229mg[38;2;0;0;218m'    [39m
 [38;2;0;0;0m      [38;2;0;0;219mg[38;2;1;1;198m' [38;2;236;236;236m@[38;2;252;252;252m@@@@@@@@@@@@@@@@@@@@[38;2;251;251;251m@[38;2;111;111;111mF [38;2;0;0;230m@     [39m
 [38;2;0;0;0m      [38;2;0;0;236m@ [38;2;91;91;91m4[38;2;251;251;251m@[38;2;252;252;252m@@@@@@@@@@@@@@@@@@@@[38;2;234;234;234m@ [38;2;0;0;206mj[38;2;1;0;212m$     [39m
 [38;2;0;0;0m      [38;2;0;0;230m@[38;2;0;0;215mL [38;2;164;164;164m5[38;2;246;246;246m@[38;2;244;244;244m@[38;2;223;223;223mP[38;2;194;194;194mF[38;2;175;175;175m#[38;2;242;242;242m@[38;2;251;251;251m@@[38;2;250;250;250m@[38;2;205;205;205m@[38;2;206;206;206mF[38;2;195;195;195mF[38;2;204;204;204m@[38;2;251;251;251m@[38;2;252;252;252m@[38;2;251;251;251m@[38;2;236;236;236m@[38;2;204;204;204mP[38;2;191;191;191mF[38;2;205;205;205mF[38;2;118;118;118m`[38;2;0;0;231m_[38;2;0;0;228m@[38;2;0;0;223m'     [39m
 [38;2;0;0;0m      [38;2;1;1;203m~[38;2;0;0;224m@[38;2;0;0;226mg_[38;2;0;0;229m_[38;2;0;0;226m_[38;2;0;0;217my[38;2;0;0;228mg[38;2;0;0;208my[38;2;0;0;228m_[38;2;177;177;177m`[38;2;204;204;204m`[38;2;0;0;228m_[38;2;0;0;226m_g[38;2;0;0;217mg[38;2;0;0;227m_[38;2;0;0;228m_[38;2;208;208;208m`[38;2;139;139;139m`[38;2;0;0;226m_[38;2;0;0;219ma[38;2;0;0;226mg[38;2;0;0;220my[38;2;0;0;229mg[38;2;0;0;224mP'      [39m
 [38;2;0;0;0m        [38;2;0;0;228m~[38;2;1;0;217m=[38;2;0;0;215m4[38;2;0;0;228m=[38;2;0;0;227m~[38;2;0;0;228m~[38;2;0;0;226m~[38;2;0;0;228m=[38;2;0;0;217mR[38;2;0;0;216mR[38;2;0;0;229m=[38;2;0;0;226m~[38;2;0;0;229m~[38;2;0;0;226m~[38;2;0;0;229m=[38;2;0;0;214mR[38;2;0;0;218mR[38;2;0;0;219mP[38;2;0;0;222m=[38;2;0;0;227m~~[38;2;0;0;226m~[38;2;1;0;222m'        [39m
 [38;2;0;0;0m                                       [39m
 [38;2;0;0;0m                                       [39m
[?25h