[?25l[39m [38;2;0;0;0m                                       [39m
 [38;2;0;0;0m            [38;2;0;0;228m_[38;2;0;0;226m_[38;2;0;0;224mg[38;2;0;0;226mg[38;2;0;0;224m@[38;2;0;0;227m@[38;2;0;0;228m@@[38;2;0;0;227m@[38;2;0;0;224m@[38;2;0;0;227mg[38;2;0;0;224mg[38;2;0;0;226m_[38;2;0;0;229m_             [39m
 [38;2;0;0;0m         [38;2;0;0;214m_[38;2;0;0;221ma[38;2;0;0;226m@[38;2;0;0;214m@[38;2;0;0;227m~[38;2;0;0;228m~[38;2;111;111;111m_[38;2;236;236;236m_[38;2;146;146;146my[38;2;165;165;165my[38;2;164;164;164my[38;2;142;142;142my[38;2;236;236;236m_[38;2;111;111;111m_[38;2;0;0;227m~[38;2;0;0;226m~[38;2;0;0;221mR[38;2;0;0;226m@[38;2;1;0;215mg_          [39m
 [38;2;0;0;0m        [38;2;0;0;224ma[38;2;0;0;225m@[38;2;0;0;227m~[38;2;1;0;202m`[38;2;170;170;170my[38;2;229;229;229mg[38;2;233;233;233m@[38;2;252;252;252m@[38;2;251;251;251m@[38;2;252;252;252m@@@@[38;2;251;251;251m@[38;2;252;252;252m@[38;2;238;238;238m@[38;2;229;229;229mg[38;2;165;165;165my[38;2;1;0;204m`[38;2;0;0;226m~[38;2;0;0;224m@[38;2;0;0;221mg[38;2;1;1;215m,        [39m
 [38;2;0;0;0m      [38;2;1;0;203m_[38;2;0;0;227m@[38;2;0;0;223mF [38;2;202;202;202my[38;2;239;239;239m@[38;2;251;251;251m@[38;2;252;252;252m@@@@@@@@@@@@@[38;2;245;245;245m@[38;2;197;197;197my [38;2;0;0;214m?[38;2;0;0;228m@[38;2;0;1;204m_       [39m
 [38;2;0;0;0m      [38;2;0;0;230m@[38;2;0;0;213m~ [38;2;235;235;235mg[38;2;251;251;251m@[38;2;252;252;252m@@@@@@@@@@@@@@@@@[38;2;212;212;212m@[38;2;69;69;69m,[38;2;0;0;207m~[38;2;0;0;230m@[38;2;0;0;215m,      [39m
 [38;2;0;0;0m     [38;2;1;0;209ma[38;2;0;0;223mF [38;2;215;215;215mg[38;2;251;251;251m@[38;2;252;252;252m@[38;2;195;195;195m@[38;2;196;196;196mR[38;2;243;243;243m@[38;2;251;251;251m@[38;2;252;252;252m@@@@@[38;2;246;246;246m@[38;2;214;214;214mP[38;2;198;198;198m@[38;2;251;251;251m@[38;2;252;252;252m@@@@@[38;2;198;198;198m@ [38;2;0;0;213m?[38;2;0;0;212m$      [39m
 [38;2;0;0;0m     [38;2;0;0;224m@  [38;2;247;247;247m@[38;2;252;252;252m@[38;2;251;251;251m@[38;2;207;207;207my[38;2;213;213;213m_ [38;2;153;153;153m~[38;2;178;178;178mT[38;2;186;186;186m@[38;2;251;251;251m@[38;2;252;252;252m@@[38;2;225;225;225m@[38;2;168;168;168my[38;2;128;128;128m_[38;2;65;65;65m`[38;2;228;228;228m~[38;2;169;169;169m5[38;2;227;227;227m@[38;2;251;251;251m@[38;2;252;252;252m@[38;2;251;251;251m@  [38;2;0;0;225m@      [39m
 [38;2;0;0;0m     [38;2;0;0;226m@  [38;2;249;249;249m@[38;2;252;252;252m@@[38;2;246;246;246m@[38;2;181;181;181m@[38;2;145;145;145mF  [38;2;134;134;134my[38;2;201;201;201m@[38;2;251;251;251m@[38;2;252;252;252m@[38;2;251;251;251m@[38;2;229;229;229m@[38;2;217;217;217mF[38;2;82;82;82m^ [38;2;118;118;118m_[38;2;185;185;185my[38;2;248;248;248m@[38;2;252;252;252m@[38;2;251;251;251m@  [38;2;0;0;226m@      [39m
 [38;2;0;0;0m     [38;2;0;0;226m@  [38;2;249;249;249m@[38;2;252;252;252m@[38;2;250;250;250m@[38;2;232;232;232m_[38;2;212;212;212m_[38;2;189;189;189my[38;2;243;243;243mg[38;2;247;247;247m@[38;2;252;252;252m@@@@[38;2;206;206;206m@[38;2;190;190;190m_[38;2;142;142;142my[38;2;219;219;219my[38;2;222;222;222m$[38;2;251;251;251m@[38;2;252;252;252m@@@[38;2;251;251;251m@  [38;2;0;0;226m@      [39m
 [38;2;0;0;0m     [38;2;0;0;226m@  [38;2;249;249;249m@[38;2;252;252;252m@@[38;2;251;251;251m@@[38;2;252;252;252m@@@@@@@@[38;2;251;251;251m@@[38;2;252;252;252m@@@@@@[38;2;251;251;251m@  [38;2;0;0;226m@      [39m
 [38;2;0;0;0m     [38;2;0;0;226m@  [38;2;249;249;249m@[38;2;252;252;252m@@@@@@@@@@@@@@@@@@@@[38;2;251;251;251m@  [38;2;0;0;227m@      [39m
 [38;2;0;0;0m     [38;2;0;0;226m@  [38;2;249;249;249m@[38;2;252;252;252m@@@@@@@@@@@@@@@@@@@@[38;2;251;251;251m@  [38;2;0;0;227m@      [39m
 [38;2;0;0;0m     [38;2;0;0;223m@  [38;2;248;248;248m@[38;2;252;252;252m@@@@@@@@@@@@@@@@@@@@[38;2;250;250;250m@  [38;2;0;0;225m@      [39m
 [38;2;0;0;0m     [38;2;2;1;193m7[38;2;0;0;220m$ [38;2;151;151;151m7[38;2;230;230;230m@[38;2;251;251;251m@[38;2;252;252;252m@[38;2;251;251;251m@[38;2;245;245;245m@[38;2;228;228;228mP[38;2;193;193;193mP[38;2;196;196;196m@[38;2;251;251;251m@[38;2;252;252;252m@@[38;2;251;251;251m@[38;2;204;204;204m@[38;2;194;194;194mP[38;2;198;198;198mA[38;2;244;244;244m@[38;2;251;251;251m@[38;2;252;252;252m@[38;2;251;251;251m@[38;2;236;236;236m@[38;2;167;167;167mF [38;2;0;0;224mg[38;2;0;1;207mF      [39m
 [38;2;0;0;0m      [38;2;1;0;212m~[38;2;0;0;213m@[38;2;0;0;220my[38;2;0;0;227m_[38;2;200;200;200m`[38;2;181;181;181m~[38;2;135;135;135m~[38;2;0;0;228m_[38;2;0;0;208my[38;2;0;0;226mg_[38;2;114;114;114m`[38;2;163;163;163m~[38;2;172;172;172m~[38;2;116;116;116m`[38;2;0;0;225m_[38;2;0;0;226mg[38;2;0;0;208my[38;2;0;0;228m_[38;2;123;123;123m~[38;2;185;185;185m~[38;2;107;107;107m~[38;2;0;0;227m_[38;2;0;0;218my[38;2;0;0;215m@[38;2;0;0;217m~       [39m
 [38;2;0;0;0m        [38;2;0;0;223m`[38;2;0;0;227m~~~[38;2;0;0;226m~[38;2;0;0;225m~[38;2;1;1;207m~[38;2;0;2;192m`[38;2;0;0;226m~~[38;2;0;0;227m~~[38;2;0;0;225m~[38;2;0;0;229m~[38;2;1;1;190m`[38;2;2;1;205m~[38;2;0;0;226m~~[38;2;0;0;227m~[38;2;0;0;226m~[38;2;0;0;228m~[38;2;1;0;222m`         [39m
 [38;2;0;0;0m                                       [39m
 [38;2;0;0;0m                                       [39m
[?25h