[?25l[39m [38;2;0;0;0m              [38;2;0;0;230m_[38;2;0;0;225m_[38;2;0;0;226m_[38;2;1;0;215my[38;2;0;0;220my[38;2;0;0;219my[38;2;0;0;215my[38;2;0;0;226m_[38;2;0;0;225m_[38;2;0;0;231m_               [39m
 [38;2;0;0;0m          [38;2;0;0;216m_[38;2;1;0;212my[38;2;0;0;225ms[38;2;0;0;216mP[38;2;0;0;226m~~[38;2;152;152;152m_[38;2;235;235;235m_[38;2;243;243;243m__[38;2;235;235;235m_[38;2;152;152;152m_[38;2;0;0;225m~[38;2;0;0;226m~[38;2;0;0;223m=[38;2;0;0;225ma[38;2;0;1;211my[38;2;1;0;216m_           [39m
 [38;2;0;0;0m        [38;2;0;0;220m_[38;2;0;0;230ma[38;2;0;0;216mF[38;2;0;0;204m~[38;2;135;135;135my[38;2;189;189;189mg[38;2;219;219;219m$[38;2;250;250;250m@[38;2;251;251;251m@[38;2;252;252;252m@@@@[38;2;251;251;251m@@[38;2;226;226;226m$[38;2;189;189;189mg[38;2;234;234;234m_[38;2;0;0;201m~[38;2;0;0;212m?[38;2;0;0;230ma[38;2;0;0;220m_         [39m
 [38;2;0;0;0m       [38;2;0;0;217mg[38;2;0;0;227mF [38;2;183;183;183my[38;2;219;219;219m@[38;2;251;251;251m@[38;2;252;252;252m@@@@@@@@@@@@[38;2;251;251;251m@[38;2;230;230;230m@[38;2;175;175;175my [38;2;0;0;200mN[38;2;0;0;218mg        [39m
 [38;2;0;0;0m      [38;2;0;0;225mg[38;2;0;0;213mF [38;2;220;220;220mg[38;2;251;251;251m@[38;2;252;252;252m@@@@@@@@@@@@@@@@[38;2;251;251;251m@[38;2;201;201;201m$ [38;2;0;0;219m~[38;2;0;0;223m$       [39m
 [38;2;0;0;0m     [38;2;1;0;208mj[38;2;0;0;228mF [38;2;205;205;205mg[38;2;251;251;251m@[38;2;252;252;252m@[38;2;251;251;251m@@[38;2;252;252;252m@@@@@@@@@@@@@@@[38;2;251;251;251m@[38;2;183;183;183m@ [38;2;0;0;220m?[38;2;0;0;221mi      [39m
 [38;2;0;0;0m     [38;2;0;0;218m@  [38;2;245;245;245m@[38;2;252;252;252m@[38;2;240;240;240m@[38;2;97;97;97m~[38;2;158;158;158m`[38;2;222;222;222m~[38;2;150;150;150mM[38;2;198;198;198mR[38;2;237;237;237m@[38;2;251;251;251m@[38;2;252;252;252m@[38;2;251;251;251m@[38;2;250;250;250m@[38;2;247;247;247m@@@@@[38;2;250;250;250m@[38;2;251;251;251m@[38;2;252;252;252m@[38;2;250;250;250m@  [38;2;0;0;226m$      [39m
 [38;2;0;0;0m     [38;2;0;0;226m@  [38;2;249;249;249m@[38;2;252;252;252m@[38;2;251;251;251m@[38;2;232;232;232m@[38;2;230;230;230m=   [38;2;119;119;119m_[38;2;191;191;191mg[38;2;251;251;251m@[38;2;215;215;215m@[38;2;168;168;168m_[38;2;150;150;150m_[38;2;151;151;151m___[38;2;150;150;150m_[38;2;174;174;174m_[38;2;218;218;218m$[38;2;252;252;252m@[38;2;251;251;251m@  [38;2;0;0;226m@      [39m
 [38;2;0;0;0m     [38;2;0;0;226m@  [38;2;249;249;249m@[38;2;252;252;252m@[38;2;241;241;241m@[38;2;244;244;244m_[38;2;141;141;141my[38;2;202;202;202my[38;2;237;237;237mg[38;2;230;230;230m@[38;2;252;252;252m@@@@[38;2;251;251;251m@[38;2;252;252;252m@@@@@@@@[38;2;251;251;251m@  [38;2;0;0;226m@      [39m
 [38;2;0;0;0m     [38;2;0;0;226m@  [38;2;249;249;249m@[38;2;252;252;252m@@@@@@@@@@@@@@@@@@@@[38;2;251;251;251m@  [38;2;0;0;226m@      [39m
 [38;2;0;0;0m     [38;2;0;0;226m@  [38;2;249;249;249m@[38;2;252;252;252m@@@@@@@@@@@@@@@@@@@@[38;2;251;251;251m@  [38;2;0;0;226m@      [39m
 [38;2;0;0;0m     [38;2;0;0;226m@  [38;2;249;249;249m@[38;2;252;252;252m@@@@@@@@@@@@@@@@@@@@[38;2;251;251;251m@  [38;2;0;0;227m@      [39m
 [38;2;0;0;0m     [38;2;0;0;226m@  [38;2;249;249;249m@[38;2;252;252;252m@@@@@@@@@@@@@@@@@@@@[38;2;251;251;251m@  [38;2;0;0;227m@      [39m
 [38;2;0;0;0m     [38;2;0;0;225m@  [38;2;249;249;249m@[38;2;252;252;252m@@@@@@@@@@@@@@@@@@@@[38;2;251;251;251m@  [38;2;0;0;226m@      [39m
 [38;2;0;0;0m     [38;2;0;0;212m@[38;2;0;0;225mL [38;2;220;220;220m4[38;2;251;251;251m@[38;2;252;252;252m@@@@[38;2;250;250;250m@[38;2;246;246;246m@[38;2;251;251;251m@[38;2;252;252;252m@@@@[38;2;251;251;251m@[38;2;246;246;246m@[38;2;249;249;249m@[38;2;252;252;252m@@@@[38;2;251;251;251m@[38;2;186;186;186m@ [38;2;0;0;225mj[38;2;0;0;218m@      [39m
 [38;2;0;0;0m     [38;2;2;2;204m`[38;2;0;0;224m@[38;2;0;0;220mg[38;2;0;0;227m_[38;2;160;160;160m~[38;2;175;175;175mT[38;2;190;190;190mT[38;2;181;181;181mF[38;2;224;224;224m~[38;2;0;0;221m_[38;2;0;0;227m_[38;2;156;156;156m`[38;2;242;242;242m~[38;2;181;181;181mF[38;2;187;187;187mF[38;2;248;248;248m~[38;2;156;156;156m`[38;2;0;0;226m_[38;2;0;0;221m_[38;2;204;204;204m~[38;2;167;167;167mF[38;2;188;188;188mF[38;2;173;173;173mF[38;2;186;186;186m~[38;2;0;0;227m_[38;2;0;0;223ma[38;2;0;0;226m@[38;2;0;0;228m'      [39m
 [38;2;0;0;0m       [38;2;0;0;228m~[38;2;1;0;215m@[38;2;0;0;226m@[38;2;0;0;222m@[38;2;0;0;226mgg@[38;2;0;0;224m@[38;2;0;0;223m4[38;2;0;0;227m@[38;2;0;0;225m@[38;2;0;0;226mgg[38;2;0;0;225m@[38;2;0;0;228m@[38;2;0;0;223mP[38;2;0;0;224m@[38;2;0;0;226m@[38;2;0;0;219m@[38;2;0;0;226mg[38;2;0;0;220m@[38;2;0;0;226m@[38;2;0;0;216m@[38;2;0;0;229m~[38;2;3;3;184m`       [39m
 [38;2;0;0;0m          [38;2;0;0;228m`[38;2;1;1;215m~[38;2;2;1;199m~[38;2;4;1;190m`   [38;2;1;0;223m`[38;2;2;1;209m~[38;2;3;1;210m~[38;2;2;0;223m`   [38;2;3;2;190m`[38;2;3;1;198m~[38;2;2;1;214m~[38;2;0;0;227m`           [39m
 [38;2;0;0;0m                                       [39m
[?25h