[?25l[39m [38;2;0;0;0m                                       [39m
 [38;2;0;0;0m              [38;2;1;0;210m_[38;2;0;0;226m_[38;2;0;0;227m__[38;2;1;1;203my[38;2;1;1;204my[38;2;1;1;198my[38;2;0;0;226m__[38;2;0;0;225m_               [39m
 [38;2;0;0;0m           [38;2;0;0;226m_g[38;2;0;0;214m@[38;2;0;0;219m=[38;2;0;0;225m~[38;2;0;0;231m~[38;2;111;111;111m_[38;2;147;147;147m_[38;2;152;152;152m_[38;2;129;129;129m_[38;2;0;0;232m~[38;2;0;0;225m~[38;2;0;0;226m~[38;2;0;0;225m4[38;2;0;0;228ma[38;2;0;1;203my[38;2;0;0;209m_           [39m
 [38;2;0;0;0m         [38;2;0;0;216ma[38;2;0;0;228mP[38;2;0;0;227m~[38;2;107;107;107m_[38;2;181;181;181my[38;2;227;227;227mg[38;2;222;222;222m@[38;2;249;249;249m@[38;2;252;252;252m@[38;2;251;251;251m@@[38;2;252;252;252m@[38;2;251;251;251m@[38;2;237;237;237m@[38;2;244;244;244mg[38;2;209;209;209my[38;2;216;216;216m_[38;2;0;0;216m~[38;2;0;0;215m?[38;2;0;0;227ma[38;2;0;0;224m_         [39m
 [38;2;0;0;0m       [38;2;0;0;226m_[38;2;0;0;221m@[38;2;0;0;212m~[38;2;156;156;156m_[38;2;222;222;222mg[38;2;250;250;250m@[38;2;252;252;252m@@@@@@@@@@@@[38;2;251;251;251m@[38;2;224;224;224m@[38;2;169;169;169my [38;2;0;0;196mN[38;2;0;0;223mg        [39m
 [38;2;0;0;0m      [38;2;0;0;216mj[38;2;0;0;227mP [38;2;189;189;189my[38;2;248;248;248m@[38;2;252;252;252m@@@@@@@@@@@@@@@@[38;2;251;251;251m@[38;2;204;204;204m@[38;2;73;73;73m,[38;2;0;0;211m~[38;2;0;0;229m$       [39m
 [38;2;0;0;0m      [38;2;0;0;231m@ [38;2;148;148;148my[38;2;246;246;246m@[38;2;220;220;220mF[38;2;180;180;180mR[38;2;240;240;240m@[38;2;251;251;251m@[38;2;252;252;252m@@@@@@@@@@@@@@@[38;2;213;213;213m@ [38;2;0;0;211m~[38;2;0;0;212m$      [39m
 [38;2;0;0;0m     [38;2;0;0;212mJ[38;2;1;0;212m[ [38;2;217;217;217m$[38;2;247;247;247m@[38;2;207;207;207my[38;2;221;221;221m_ [38;2;137;137;137m~[38;2;176;176;176mT[38;2;185;185;185m@[38;2;251;251;251m@[38;2;252;252;252m@[38;2;241;241;241m@[38;2;224;224;224mP[38;2;220;220;220mPPPPP[38;2;196;196;196m@[38;2;252;252;252m@@@[38;2;251;251;251m@[38;2;118;118;118mL [38;2;0;0;235m$      [39m
 [38;2;0;0;0m     [38;2;0;0;212m4[38;2;0;0;202m[ [38;2;234;234;234m$[38;2;252;252;252m@[38;2;224;224;224m@[38;2;213;213;213mF[38;2;150;150;150m~ [38;2;153;153;153m_[38;2;186;186;186my[38;2;240;240;240m@[38;2;251;251;251m@[38;2;203;203;203m$[38;2;162;162;162my[38;2;159;159;159myyyyy[38;2;196;196;196my[38;2;245;245;245m@[38;2;252;252;252m@@@[38;2;139;139;139mF [38;2;0;0;235m$      [39m
 [38;2;0;0;0m     [38;2;1;0;212m4[38;2;0;0;201m[ [38;2;221;221;221m@[38;2;233;233;233m@[38;2;251;251;251m_[38;2;152;152;152my[38;2;193;193;193mg[38;2;229;229;229m$[38;2;251;251;251m@[38;2;252;252;252m@@@@@@@@@@@@@@@[38;2;136;136;137mF [38;2;0;0;236m$      [39m
 [38;2;0;0;0m     [38;2;0;0;214m4[38;2;0;0;199m[ [38;2;225;225;225m@[38;2;252;252;252m@@@@@@@@@@@@@@@@@@@@@[38;2;129;129;129mF [38;2;0;0;237m$      [39m
 [38;2;0;0;0m     [38;2;0;0;217m4[38;2;0;0;195m[ [38;2;230;230;230m@[38;2;252;252;252m@@@@@@@@@@@@@@@@@@@@@[38;2;133;133;133mL [38;2;0;0;232m@      [39m
 [38;2;0;0;0m     [38;2;0;0;221m4[38;2;0;0;190m[ [38;2;237;237;237m@[38;2;252;252;252m@@@@@@@@@@@@@@@@@@@@[38;2;251;251;251m@[38;2;118;118;118mL [38;2;0;0;232m@      [39m
 [38;2;0;0;0m     [38;2;0;0;213m$  [38;2;243;243;243m@[38;2;252;252;252m@@@@@@@@@@@@@@@@@@@@[38;2;251;251;251m@[38;2;99;99;100mL [38;2;0;0;230m@      [39m
 [38;2;0;0;0m     [38;2;0;0;215m9[38;2;0;0;218m, [38;2;227;227;227m@[38;2;252;252;252m@@@@@@@@@@@@@@@@@@@@[38;2;247;247;247m@[38;2;63;63;64m~ [38;2;0;0;224m@      [39m
 [38;2;0;0;0m     [38;2;2;2;201m`[38;2;0;0;226m@[38;2;0;0;229m_[38;2;157;157;157m`[38;2;176;176;176mP[38;2;214;214;214mP[38;2;249;249;249m~[38;2;241;241;241m~[38;2;171;171;171mF[38;2;209;209;209m@[38;2;241;241;241m@[38;2;237;237;237m@[38;2;198;198;198m@[38;2;186;186;186mF[38;2;238;238;238m~[38;2;249;249;249m~[38;2;202;202;202mR[38;2;234;234;234m@[38;2;243;243;243m@[38;2;224;224;224m@[38;2;220;220;220mF[38;2;246;246;246m~[38;2;244;244;244m~[38;2;164;164;164mP[38;2;145;145;145m~[38;2;0;0;225m_[38;2;0;0;223m$[38;2;0;0;231m'      [39m
 [38;2;0;0;0m      [38;2;2;2;192m`[38;2;0;0;228m~[38;2;0;0;217m@[38;2;0;0;222my[38;2;0;0;218ma[38;2;0;0;222ma[38;2;0;0;215m@[38;2;0;0;225mg[38;2;0;0;226m_[38;2;0;0;227m__[38;2;0;0;207my[38;2;0;0;228ma[38;2;0;0;221mR[38;2;0;0;227ma[38;2;0;0;211my[38;2;0;0;227m__[38;2;0;0;226m_[38;2;0;0;222ma[38;2;0;0;212m@[38;2;0;0;216m@[38;2;0;0;228mg[38;2;0;0;224ms[38;2;1;1;206mF[38;2;2;0;204m'       [39m
 [38;2;0;0;0m         [38;2;1;1;207m`[38;2;0;1;210m`   [38;2;2;1;204m~[38;2;0;0;223m~~[38;2;0;0;228m`   [38;2;0;0;226m`[38;2;0;0;220m~[38;2;0;0;225m~[38;2;0;0;213m~[38;2;2;2;198m`             [39m
 [38;2;0;0;0m                                       [39m
[?25h