[?25l[39m [38;2;0;0;0m              [38;2;1;0;216m_[38;2;0;0;226m__[38;2;0;0;227m_[38;2;1;1;208my[38;2;1;1;207my[38;2;0;0;227m_[38;2;0;0;226m_[38;2;0;0;227m_[38;2;0;0;216m_               [39m
 [38;2;0;0;0m          [38;2;2;1;192m_[38;2;0;0;225m_[38;2;0;0;226mg[38;2;0;0;227m@[38;2;0;0;220mR[38;2;0;0;224m=[38;2;0;0;226m~~~~~~[38;2;0;0;224m=[38;2;0;0;220mR[38;2;0;0;227m@[38;2;0;0;226mg[38;2;0;0;225m_[38;2;2;1;193m_           [39m
 [38;2;0;0;0m        [38;2;1;0;208m_[38;2;0;0;225ma@[38;2;0;0;208mF[38;2;0;0;217m~[38;2;223;223;223m_[38;2;194;194;194my[38;2;225;225;225mg[38;2;252;252;252mg[38;2;223;223;223m@[38;2;240;240;240m@[38;2;241;241;241m@[38;2;226;226;226m@[38;2;252;252;252mg[38;2;224;224;224mg[38;2;194;194;194my[38;2;223;223;223m_[38;2;0;0;216m~[38;2;0;0;226m~[38;2;0;0;225m@[38;2;0;0;223mg[38;2;1;0;210m_         [39m
 [38;2;0;0;0m       [38;2;0;0;214my[38;2;0;0;226m@[38;2;0;0;228m~[38;2;95;95;95m_[38;2;185;185;185mg[38;2;232;232;232m@[38;2;251;251;251m@[38;2;252;252;252m@@@@@@@@@@[38;2;251;251;251m@[38;2;240;240;240m@[38;2;183;183;183mg[38;2;95;95;95m_[38;2;0;0;224m~@[38;2;0;0;215my        [39m
 [38;2;0;0;0m      [38;2;0;0;218mg[38;2;0;0;227mP [38;2;178;178;179my[38;2;242;242;242m@[38;2;252;252;252m@@@@@@@@@@@@@@@@[38;2;248;248;248m@[38;2;167;167;167my [38;2;0;0;224m4[38;2;0;0;215m$       [39m
 [38;2;0;0;0m     [38;2;1;0;202mj[38;2;0;0;223m@ [38;2;168;168;168my[38;2;251;251;251m@@[38;2;237;237;237m@[38;2;226;226;226m@[38;2;251;251;251m@[38;2;252;252;252m@@@@@@[38;2;251;251;251m@[38;2;220;220;220m@[38;2;243;243;243m@[38;2;251;251;251m@[38;2;252;252;252m@@@@[38;2;251;251;251m@[38;2;154;154;155my [38;2;0;0;223mB[38;2;0;0;217mi      [39m
 [38;2;0;0;0m     [38;2;0;0;214m@[38;2;0;0;193m[ [38;2;230;230;230m@[38;2;252;252;252m@[38;2;251;251;251m@[38;2;159;159;159my [38;2;162;162;162m`[38;2;240;240;240m~[38;2;178;178;178mR[38;2;240;240;240m@[38;2;251;251;251m@[38;2;252;252;252m@@[38;2;212;212;212m@[38;2;215;215;215m_ [38;2;163;163;163m~[38;2;134;134;134m5[38;2;190;190;190m@[38;2;251;251;251m@[38;2;252;252;252m@@[38;2;243;243;243m@  [38;2;0;0;223m$      [39m
 [38;2;0;0;0m     [38;2;0;0;226m@  [38;2;249;249;249m@[38;2;252;252;252m@@[38;2;251;251;251m@[38;2;232;232;232m@[38;2;186;186;186m=  [38;2;122;122;122m_[38;2;203;203;203m$[38;2;251;251;251m@[38;2;252;252;252m@@[38;2;250;250;250m@[38;2;194;194;194m@[38;2;91;91;91mr  [38;2;123;123;123my[38;2;246;246;246m@[38;2;252;252;252m@[38;2;251;251;251m@  [38;2;0;0;226m@      [39m
 [38;2;0;0;0m     [38;2;0;0;226m@  [38;2;249;249;249m@[38;2;252;252;252m@[38;2;251;251;251m@[38;2;145;145;145m~ [38;2;137;137;137my[38;2;186;186;186mg[38;2;209;209;209m@[38;2;251;251;251m@[38;2;252;252;252m@@@[38;2;203;203;203m@[38;2;92;92;92m`[38;2;126;126;126m_[38;2;174;174;174my[38;2;226;226;226mg[38;2;236;236;236m@[38;2;251;251;251m@[38;2;252;252;252m@@[38;2;251;251;251m@  [38;2;0;0;226m@      [39m
 [38;2;0;0;0m     [38;2;0;0;226m@  [38;2;249;249;249m@[38;2;252;252;252m@@[38;2;251;251;251m@[38;2;250;250;250m@[38;2;252;252;252m@@@@@@@[38;2;251;251;251m@[38;2;250;250;250m@[38;2;251;251;251m@[38;2;252;252;252m@@@@@@[38;2;251;251;251m@  [38;2;0;0;226m@      [39m
 [38;2;0;0;0m     [38;2;0;0;226m@  [38;2;249;249;249m@[38;2;252;252;252m@@@@@@@@@@@@@@@@@@@@[38;2;251;251;251m@  [38;2;0;0;226m@      [39m
 [38;2;0;0;0m     [38;2;0;0;226m@  [38;2;249;249;249m@[38;2;252;252;252m@@@@@@@@@@@@@@@@@@@@[38;2;251;251;251m@  [38;2;0;0;227m@      [39m
 [38;2;0;0;0m     [38;2;0;0;226m@  [38;2;249;249;249m@[38;2;252;252;252m@@@@@@@@@@@@@@@@@@@@[38;2;251;251;251m@  [38;2;0;0;227m@      [39m
 [38;2;0;0;0m     [38;2;0;0;217m@[38;2;0;0;215m, [38;2;239;239;239m@[38;2;252;252;252m@@@@@@@@@@@@@@@@@@@@[38;2;247;247;247m@ [38;2;1;0;171mj[38;2;0;0;221m@      [39m
 [38;2;0;0;0m     [38;2;1;1;207m`[38;2;0;0;226m@[38;2;0;0;223m_[38;2;195;195;195m`[38;2;177;177;177m#[38;2;234;234;234m@[38;2;247;247;247m@[38;2;242;242;242m@[38;2;179;179;179m@[38;2;251;251;251m~[38;2;252;252;252m~[38;2;148;148;148m5[38;2;206;206;206m@[38;2;247;247;247m@[38;2;246;246;246m@[38;2;212;212;212m@[38;2;204;204;204mF[38;2;252;252;252m~[38;2;251;251;251m~[38;2;200;200;200mR[38;2;242;242;242m@[38;2;247;247;247m@[38;2;236;236;236m@[38;2;214;214;214mP[38;2;140;140;140m~[38;2;0;0;221m_[38;2;0;0;224m$[38;2;0;0;232m'      [39m
 [38;2;0;0;0m      [38;2;2;2;200m`[38;2;0;0;227m~[38;2;0;0;217m@[38;2;0;0;219my[38;2;0;0;225m_[38;2;0;0;226m__[38;2;0;0;211my[38;2;0;0;227ma[38;2;0;0;218m@[38;2;0;0;223mg[38;2;0;0;225m_[38;2;0;0;226m__[38;2;0;0;225m_[38;2;0;0;223mg[38;2;0;0;217m@[38;2;0;0;227ma[38;2;0;0;211my[38;2;0;0;226m__[38;2;0;0;225m_[38;2;0;0;218my[38;2;0;0;226ms[38;2;0;0;213mF[38;2;1;1;214m'       [39m
 [38;2;0;0;0m         [38;2;0;0;219m`[38;2;0;0;224m~[38;2;0;0;232m~[38;2;0;0;229m~[38;2;0;0;232m`   [38;2;1;1;208m~[38;2;0;0;231m~~[38;2;0;0;210m~   [38;2;0;0;231m`[38;2;0;0;227m~[38;2;0;0;232m~[38;2;0;0;225m~[38;2;0;0;222m`          [39m
 [38;2;0;0;0m                                       [39m
 [38;2;0;0;0m                                       [39m
[?25h