[?25l[39m [38;2;0;0;0m                                       [39m
 [38;2;0;0;0m            [38;2;0;0;228m_[38;2;1;1;209my[38;2;0;0;226mg[38;2;0;0;217m@[38;2;0;0;226m@[38;2;0;0;227m@[38;2;0;0;229m@@[38;2;0;0;227m@[38;2;0;0;226m@[38;2;0;0;219m@[38;2;0;0;226mg[38;2;1;1;209my[38;2;0;0;228m_             [39m
 [38;2;0;0;0m         [38;2;0;0;221m_[38;2;0;0;225ma[38;2;0;0;227m@[38;2;0;0;226mP[38;2;0;0;227m~[38;2;0;0;230m~[38;2;135;135;135m_[38;2;248;248;248m_[38;2;159;159;159my[38;2;169;169;169myy[38;2;156;156;156my[38;2;248;248;248m_[38;2;134;134;134m_[38;2;0;0;227m~[38;2;0;0;226m~[38;2;0;0;219mR[38;2;0;0;226m@[38;2;0;0;220mg[38;2;0;0;222m_          [39m
 [38;2;0;0;0m        [38;2;0;0;226ma[38;2;0;0;224m@[38;2;0;0;228m~[38;2;2;0;193m`[38;2;177;177;177my[38;2;235;235;235mg[38;2;237;237;237m@[38;2;251;251;251m@@[38;2;252;252;252m@@@@@[38;2;251;251;251m@[38;2;242;242;242m@[38;2;235;235;235mg[38;2;172;172;172my[38;2;1;1;190m`[38;2;0;0;226m~[38;2;0;0;223m@g,        [39m
 [38;2;0;0;0m      [38;2;0;0;208m_[38;2;0;0;228m@[38;2;0;0;220mF [38;2;206;206;206my[38;2;243;243;243m@[38;2;252;252;252m@@@@@@@@@@@@@@[38;2;249;249;249m@[38;2;202;202;202my [38;2;0;0;226m~[38;2;0;0;229m@[38;2;0;0;206m_       [39m
 [38;2;0;0;0m      [38;2;0;0;230m@[38;2;0;0;210m~ [38;2;238;238;238mg[38;2;251;251;251m@[38;2;252;252;252m@@@@@@@@@@@@@@@@@[38;2;216;216;216m@[38;2;74;74;74m,[38;2;0;0;203m~[38;2;0;0;230m@[38;2;0;0;219m,      [39m
 [38;2;0;0;0m     [38;2;0;0;224mJ[38;2;0;0;222mF [38;2;217;217;217mg[38;2;251;251;251m@@[38;2;178;178;178mF[38;2;248;248;248m~[38;2;186;186;186mP[38;2;233;233;233m@[38;2;251;251;251m@[38;2;252;252;252m@@@@@@@@@@@@@[38;2;201;201;201m@ [38;2;0;0;211m?[38;2;0;0;214m$      [39m
 [38;2;0;0;0m     [38;2;0;0;224m@  [38;2;248;248;248m@[38;2;252;252;252m@[38;2;251;251;251m@[38;2;213;213;213m@[38;2;211;211;211my[38;2;218;218;218m_ [38;2;221;221;221m`[38;2;249;249;249m~[38;2;226;226;226m@[38;2;252;252;252m@[38;2;235;235;235m@[38;2;175;175;175mF[38;2;173;173;173mTTTTT[38;2;149;149;149mM[38;2;235;235;235m@[38;2;252;252;252m@[38;2;251;251;251m@  [38;2;0;0;225m@      [39m
 [38;2;0;0;0m     [38;2;0;0;225m@  [38;2;249;249;249m@[38;2;252;252;252m@[38;2;251;251;251m@[38;2;180;180;180m@[38;2;249;249;249m~[38;2;113;113;113m~ [38;2;148;148;148my[38;2;197;197;197mg[38;2;240;240;240m@[38;2;252;252;252m@[38;2;246;246;246m@[38;2;215;215;215mg[38;2;204;204;204mg[38;2;203;203;203mgggg[38;2;219;219;219mg[38;2;243;243;243m@[38;2;252;252;252m@[38;2;251;251;251m@  [38;2;0;0;226m@      [39m
 [38;2;0;0;0m     [38;2;0;0;225m@  [38;2;249;249;249m@[38;2;252;252;252m@[38;2;251;251;251m@[38;2;220;220;220my[38;2;205;205;205my[38;2;248;248;248mg[38;2;250;250;250m@[38;2;252;252;252m@@@@@@@@@@@@@@[38;2;251;251;251m@  [38;2;0;0;226m@      [39m
 [38;2;0;0;0m     [38;2;0;0;225m@  [38;2;249;249;249m@[38;2;252;252;252m@@@@@@@@@@@@@@@@@@@@[38;2;251;251;251m@  [38;2;0;0;226m@      [39m
 [38;2;0;0;0m     [38;2;0;0;225m@  [38;2;249;249;249m@[38;2;252;252;252m@@@@@@@@@@@@@@@@@@@@[38;2;251;251;251m@  [38;2;0;0;226m@      [39m
 [38;2;0;0;0m     [38;2;0;0;225m@  [38;2;249;249;249m@[38;2;252;252;252m@@@@@@@@@@@@@@@@@@@@[38;2;251;251;251m@  [38;2;0;0;226m@      [39m
 [38;2;0;0;0m     [38;2;0;0;223m@  [38;2;248;248;248m@[38;2;252;252;252m@@@@@@@@@@@@@@@@@@@@[38;2;250;250;250m@  [38;2;0;0;224m@      [39m
 [38;2;0;0;0m     [38;2;2;2;190m7[38;2;0;0;222m$ [38;2;146;146;146m7[38;2;224;224;224m@[38;2;251;251;251m@@@[38;2;243;243;243m@[38;2;219;219;219mP[38;2;203;203;203mF[38;2;186;186;186m@[38;2;250;250;250m@[38;2;251;251;251m@@@[38;2;196;196;196m@[38;2;207;207;207mF[38;2;187;187;187mA[38;2;241;241;241m@[38;2;251;251;251m@@@[38;2;230;230;230m@[38;2;150;150;150mF [38;2;0;0;227mg[38;2;1;1;202mF      [39m
 [38;2;0;0;0m      [38;2;1;0;208m~[38;2;0;0;229m4[38;2;0;0;222my[38;2;0;0;226m_[38;2;175;175;175m`[38;2;149;149;149m~[38;2;106;106;106m~[38;2;0;0;228m_[38;2;0;0;212my[38;2;0;0;228mg[38;2;0;0;225m_[38;2;0;0;229m_[38;2;132;132;132m~[38;2;140;140;140m~[38;2;0;0;227m_[38;2;0;0;225m_[38;2;0;0;227mg[38;2;0;0;213my[38;2;0;0;227m_[38;2;202;202;202m`[38;2;150;150;150m~[38;2;174;174;174m`[38;2;0;0;226m_[38;2;0;0;217ma[38;2;1;0;213m@[38;2;0;1;212m~       [39m
 [38;2;0;0;0m        [38;2;1;0;217m`[38;2;0;0;227m~[38;2;0;0;226m~~~[38;2;0;0;227m~[38;2;1;2;197m~ [38;2;0;0;225m~~[38;2;0;0;226m~[38;2;0;0;227m~[38;2;0;0;225m~~ [38;2;0;0;226m`[38;2;0;0;225m~[38;2;0;0;226m~~~[38;2;0;0;228m~[38;2;0;0;218m`         [39m
 [38;2;0;0;0m                                       [39m
 [38;2;0;0;0m                                       [39m
[?25h