[?25l[39m [38;2;0;0;0m                                       [39m
 [38;2;0;0;0m             [38;2;0;0;226m_[38;2;1;1;207my[38;2;0;0;223mg[38;2;0;0;228ma[38;2;0;0;221mm[38;2;0;0;215m#[38;2;0;0;214m#[38;2;0;0;217m#[38;2;0;0;229ma[38;2;0;0;224mg[38;2;1;1;208my[38;2;0;0;226m_              [39m
 [38;2;0;0;0m          [38;2;0;0;226m_a[38;2;0;0;221m=[38;2;0;0;227m~[38;2;113;113;113m_[38;2;249;249;249m_[38;2;178;178;178my[38;2;199;199;199my[38;2;209;209;209my[38;2;210;210;210my[38;2;199;199;199my[38;2;178;178;178my[38;2;249;249;249m_[38;2;114;114;114m_[38;2;0;0;227m~[38;2;0;0;221m=[38;2;0;0;216m@[38;2;0;0;226m_           [39m
 [38;2;0;0;0m        [38;2;0;0;214my[38;2;0;0;229mP[38;2;0;0;222m~[38;2;169;169;169m_[38;2;187;187;187mg[38;2;219;219;219m@[38;2;252;252;252m@@@@@@@@@[38;2;251;251;251m@[38;2;227;227;227m@[38;2;187;187;187mg[38;2;170;170;170m_[38;2;0;0;218m~[38;2;0;0;230m4[38;2;0;0;217my         [39m
 [38;2;0;0;0m       [38;2;0;0;221m@~[38;2;89;89;89m_[38;2;216;216;216mg[38;2;251;251;251m@[38;2;252;252;252m@@@@@@@@@@@@@@[38;2;251;251;251m@[38;2;216;216;216mg[38;2;89;89;89m_[38;2;0;0;218m~[38;2;0;0;228m$[38;2;0;0;227m,       [39m
 [38;2;0;0;0m      [38;2;0;0;227m@[38;2;2;1;205m'[38;2;107;107;107m_[38;2;224;224;224m@[38;2;252;252;252m@[38;2;251;251;251m@@[38;2;252;252;252m@@@@@@@@@@@@@@@[38;2;238;238;238m@[38;2;107;107;107m_[38;2;2;2;188m`[38;2;0;0;231m$[38;2;1;0;191m,      [39m
 [38;2;0;0;0m     [38;2;0;0;218mJ[38;2;1;0;214mF [38;2;208;208;208m$[38;2;252;252;252m@[38;2;251;251;251m@[38;2;211;211;211m~[38;2;174;174;174m~[38;2;176;176;176mT[38;2;181;181;181m@[38;2;250;250;250m@[38;2;252;252;252m@@@@@@@@@@@@@[38;2;220;220;220m@ [38;2;0;0;198m?[38;2;1;0;207m$      [39m
 [38;2;0;0;0m     [38;2;0;0;223m@  [38;2;249;249;249m@[38;2;252;252;252m@@[38;2;248;248;248m@[38;2;233;233;233mg[38;2;154;154;154mw  [38;2;209;209;209m~[38;2;205;205;205m@[38;2;251;251;251m@[38;2;220;220;220m@[38;2;250;250;250m~[38;2;248;248;248m~[38;2;249;249;249m~~~~[38;2;251;251;251m~[38;2;217;217;217m@[38;2;252;252;252m@[38;2;251;251;251m@  [38;2;0;0;228m$      [39m
 [38;2;0;0;0m     [38;2;0;0;225m@  [38;2;249;249;249m@[38;2;252;252;252m@[38;2;251;251;251m@[38;2;212;212;212mF[38;2;202;202;202m~ [38;2;201;201;201m_[38;2;195;195;195my[38;2;242;242;242mg[38;2;249;249;249m@[38;2;252;252;252m@[38;2;251;251;251m@[38;2;250;250;250mg[38;2;248;248;248mggggg[38;2;250;250;250mg@[38;2;252;252;252m@[38;2;251;251;251m@  [38;2;0;0;227m@      [39m
 [38;2;0;0;0m     [38;2;0;0;225m@  [38;2;249;249;249m@[38;2;252;252;252m@[38;2;251;251;251m@[38;2;239;239;239mg[38;2;226;226;226mg[38;2;233;233;233m@[38;2;251;251;251m@[38;2;252;252;252m@@@@@@@@@@@@@@[38;2;251;251;251m@  [38;2;0;0;227m@      [39m
 [38;2;0;0;0m     [38;2;0;0;225m@  [38;2;249;249;249m@[38;2;252;252;252m@@@@@@@@@@@@@@@@@@@@[38;2;251;251;251m@  [38;2;0;0;227m@      [39m
 [38;2;0;0;0m     [38;2;0;0;225m@  [38;2;249;249;249m@[38;2;252;252;252m@@@@@@@@@@@@@@@@@@@@[38;2;251;251;251m@  [38;2;0;0;226m@      [39m
 [38;2;0;0;0m     [38;2;0;0;225m@  [38;2;249;249;249m@[38;2;252;252;252m@@@@@@@@@@@@@@@@@@@@[38;2;251;251;251m@  [38;2;0;0;227m@      [39m
 [38;2;0;0;0m     [38;2;0;0;226m@  [38;2;249;249;249m@[38;2;252;252;252m@@@@@@@@@@@@@@@@@@@@[38;2;251;251;251m@  [38;2;0;0;226m@      [39m
 [38;2;0;0;0m     [38;2;0;0;221m@  [38;2;245;245;245m@[38;2;252;252;252m@@@@@@@@@@@@@@@@@@@@[38;2;249;249;249m@  [38;2;0;0;223m@      [39m
 [38;2;0;0;0m     [38;2;1;0;213m`[38;2;0;0;225m$[38;2;0;0;209m,[38;2;169;169;169m~[38;2;197;197;197m@[38;2;251;251;251m@@[38;2;252;252;252m@[38;2;227;227;227m@[38;2;211;211;211mF[38;2;182;182;182mF[38;2;164;164;164m@[38;2;245;245;245m@[38;2;251;251;251m@[38;2;252;252;252m@[38;2;246;246;246m@[38;2;174;174;174m@[38;2;186;186;186mF[38;2;172;172;172mP[38;2;222;222;222m@[38;2;252;252;252m@[38;2;251;251;251m@@[38;2;210;210;210m@[38;2;197;197;197m~ [38;2;0;0;231ma'      [39m
 [38;2;0;0;0m      [38;2;0;0;218m`[38;2;0;0;226m4[38;2;0;0;225mg_[38;2;0;0;226m_[38;2;144;144;144m`[38;2;106;106;106m`[38;2;0;0;225m_[38;2;0;0;221ma[38;2;0;0;226ma[38;2;0;0;206my[38;2;0;0;225m_[38;2;136;136;136m``[38;2;0;0;225m_[38;2;0;0;207my[38;2;0;0;224mg[38;2;0;0;217mg[38;2;0;0;225m_[38;2;108;108;108m`[38;2;144;144;144m`[38;2;0;0;226m_[38;2;0;0;227m_[38;2;0;0;225mg[38;2;0;0;228mP[38;2;1;1;201m~       [39m
 [38;2;0;0;0m        [38;2;3;3;189m`[38;2;0;0;223m~[38;2;0;0;226m~~[38;2;0;0;227m~[38;2;0;0;226m~[38;2;2;0;208m` [38;2;1;1;206m~[38;2;0;0;226m~[38;2;0;0;227m~[38;2;0;0;226m~~[38;2;1;1;206m~ [38;2;2;0;206m`[38;2;0;0;224m~[38;2;0;0;227m~[38;2;0;0;226m~~[38;2;0;0;225m~[38;2;2;3;192m`         [39m
 [38;2;0;0;0m                                       [39m
[?25h