[?25l[39m [38;2;0;0;0m                                       [39m
 [38;2;0;0;0m              [38;2;0;0;227m_[38;2;0;0;226m_[38;2;0;0;227m_[38;2;1;1;203my[38;2;0;1;208my[38;2;0;1;207my[38;2;0;0;227m_[38;2;0;0;226m__[38;2;0;1;207m_               [39m
 [38;2;0;0;0m          [38;2;0;0;225m_[38;2;0;0;214my[38;2;0;0;226ma[38;2;0;0;221mP[38;2;0;0;226m~~[38;2;0;0;232m~[38;2;134;134;134m_[38;2;152;152;152m_[38;2;143;143;143m_[38;2;97;97;97m_[38;2;0;0;229m~[38;2;0;0;226m~=[38;2;0;0;220m@[38;2;0;0;225mg[38;2;0;0;229m_            [39m
 [38;2;0;0;0m        [38;2;0;0;229m_[38;2;0;0;216m@[38;2;0;0;211mF[38;2;0;0;209m~[38;2;137;137;137my[38;2;188;188;188mg[38;2;248;248;248mg[38;2;238;238;238m@[38;2;252;252;252m@@[38;2;251;251;251m@@[38;2;252;252;252m@[38;2;248;248;248m@[38;2;220;220;220m@[38;2;215;215;215mg[38;2;160;160;160my[38;2;0;0;209m`[38;2;0;0;225m~[38;2;0;0;217m@[38;2;0;0;214my          [39m
 [38;2;0;0;0m      [38;2;1;2;187m_[38;2;0;0;229mg[38;2;0;0;215mF [38;2;201;201;201my[38;2;230;230;230m@[38;2;251;251;251m@[38;2;252;252;252m@@@@@@@@@@@@[38;2;249;249;249m@[38;2;193;193;193mg[38;2;87;87;87m_[38;2;0;0;223m~[38;2;0;0;225m@[38;2;0;0;210m_        [39m
 [38;2;0;0;0m      [38;2;0;0;228m@[38;2;0;0;209m'[38;2;91;91;92my[38;2;215;215;215m@[38;2;251;251;251m@[38;2;252;252;252m@@@@@@@@@@@@@@@@[38;2;243;243;243m@[38;2;120;120;121my [38;2;0;0;220m@[38;2;0;0;233m,       [39m
 [38;2;0;0;0m     [38;2;0;0;221m@[38;2;1;1;205m' [38;2;227;227;227m@[38;2;252;252;252m@[38;2;251;251;251m@[38;2;212;212;212mP[38;2;178;178;178m#[38;2;230;230;230m@[38;2;251;251;251m@[38;2;252;252;252m@@@@@@@@@@@@@[38;2;248;248;248m@[38;2;89;89;89m_ [38;2;0;0;233m$       [39m
 [38;2;0;0;0m     [38;2;0;0;231m@ [38;2;149;149;150md[38;2;251;251;251m@[38;2;252;252;252m@[38;2;251;251;251m@[38;2;185;185;185mg[38;2;237;237;237m_ [38;2;216;216;216m`[38;2;249;249;249m~[38;2;170;170;170m@[38;2;251;251;251m@[38;2;252;252;252m@[38;2;247;247;247m@[38;2;202;202;202mR[38;2;221;221;221mPPPPP[38;2;185;185;185m@[38;2;251;251;251m@[38;2;252;252;252m@[38;2;184;184;184m$ [38;2;0;0;216m0[38;2;0;0;206mi      [39m
 [38;2;0;0;0m    [38;2;3;2;160mJ[38;2;0;0;224m@ [38;2;188;188;188m4[38;2;252;252;252m@@[38;2;251;251;251m@[38;2;234;234;234m@[38;2;222;222;222mF[38;2;136;136;136mT [38;2;100;100;100m_[38;2;169;169;169my[38;2;224;224;224m@[38;2;252;252;252m@[38;2;230;230;230m$[38;2;166;166;166my[38;2;159;159;159myyyyy[38;2;182;182;182my[38;2;232;232;232m@[38;2;252;252;252m@[38;2;202;202;202m@ [38;2;0;0;213m4[38;2;1;1;215m[      [39m
 [38;2;0;0;0m    [38;2;3;2;157mJ[38;2;0;0;226m@ [38;2;182;182;182m4[38;2;252;252;252m@@[38;2;247;247;247m@[38;2;140;140;140my[38;2;252;252;252m_[38;2;211;211;211my[38;2;251;251;251mg@[38;2;252;252;252m@@@@@@@@@@@@@[38;2;208;208;208m@ [38;2;0;0;210m4[38;2;1;1;216m[      [39m
 [38;2;0;0;0m     [38;2;0;0;230m@ [38;2;173;173;173m4[38;2;251;251;251m@[38;2;252;252;252m@@@@@@@@@@@@@@@@@@@@[38;2;218;218;218m@ [38;2;0;0;204m4[38;2;1;0;221m[      [39m
 [38;2;0;0;0m     [38;2;0;0;234m@ [38;2;158;158;158m4[38;2;251;251;251m@[38;2;252;252;252m@@@@@@@@@@@@@@@@@@@@[38;2;232;232;232m@ [38;2;0;0;198m4[38;2;0;0;223m[      [39m
 [38;2;0;0;0m     [38;2;0;0;236m@ [38;2;139;139;140m4[38;2;251;251;251m@[38;2;252;252;252m@@@@@@@@@@@@@@@@@@@@[38;2;238;238;238m@ [38;2;0;0;190mJ[38;2;1;1;207m$      [39m
 [38;2;0;0;0m     [38;2;0;0;237m@ [38;2;119;119;119m4[38;2;252;252;252m@@@@@@@@@@@@@@@@@@@@@[38;2;241;241;241m@  [38;2;0;0;214m$      [39m
 [38;2;0;0;0m     [38;2;0;0;226m@[38;2;0;0;209m,[38;2;68;68;68m"[38;2;243;243;243m@[38;2;252;252;252m@@@@@@@@@@@@@@@@@@@@[38;2;227;227;227m@ [38;2;0;0;205mj[38;2;0;0;209m$      [39m
 [38;2;0;0;0m     [38;2;1;0;209m`[38;2;0;0;224m@[38;2;0;0;225m_[38;2;181;181;181m`[38;2;138;138;138m5[38;2;192;192;192m@[38;2;231;231;231m@[38;2;228;228;228m@[38;2;178;178;178m@[38;2;157;157;157mF[38;2;227;227;227m~[38;2;244;244;244m~[38;2;187;187;187mR[38;2;224;224;224m@[38;2;232;232;232m@[38;2;205;205;205m@[38;2;203;203;203mF[38;2;232;232;232m~[38;2;231;231;231m~[38;2;157;157;157m5[38;2;205;205;205m@[38;2;231;231;231m@[38;2;210;210;210m@[38;2;209;209;209mF[38;2;94;94;94m`[38;2;0;0;229m_[38;2;0;0;223m@[38;2;0;0;214m'      [39m
 [38;2;0;0;0m      [38;2;2;3;187m`[38;2;0;0;227m~[38;2;0;0;225m4[38;2;0;0;226mg[38;2;0;0;211my[38;2;0;0;227m__[38;2;0;0;213ma[38;2;0;0;228ma[38;2;0;0;221mP[38;2;0;0;227ma[38;2;0;0;221my[38;2;0;0;226m_[38;2;0;0;227m_[38;2;0;0;206my[38;2;0;0;227mg[38;2;0;0;225mP[38;2;1;0;210m@[38;2;0;0;225mg[38;2;0;0;205my[38;2;0;0;227m_[38;2;0;0;204my[38;2;0;0;225mg[38;2;0;0;212m@[38;2;0;0;229m~        [39m
 [38;2;0;0;0m          [38;2;0;0;224m`[38;2;1;1;212m~[38;2;1;1;210m~[38;2;1;0;219m`   [38;2;2;1;205m`[38;2;2;1;201m~[38;2;2;1;211m~[38;2;0;0;227m`    `[38;2;1;1;210m~[38;2;0;0;227m`           [39m
 [38;2;0;0;0m                                       [39m
[?25h