[?25l[39m [38;2;0;0;0m                                       [39m
 [38;2;0;0;0m              [38;2;0;0;227m__[38;2;1;1;201my[38;2;0;0;216my[38;2;1;0;216maa[38;2;0;0;218my[38;2;1;1;205my[38;2;0;0;227m__               [39m
 [38;2;0;0;0m          [38;2;1;1;203m_[38;2;1;1;205my[38;2;0;0;227mg[38;2;0;0;226mP~[38;2;0;0;225m~[38;2;0;0;231m~[38;2;122;122;122m_[38;2;156;156;156m_[38;2;162;162;162m_[38;2;134;134;134m_[38;2;0;0;232m~[38;2;0;0;226m~~[38;2;0;0;224m4[38;2;0;0;221m@[38;2;0;0;216my[38;2;0;0;226m_           [39m
 [38;2;0;0;0m        [38;2;1;0;208m_[38;2;0;0;225mg[38;2;0;0;228mP[38;2;0;0;227m~[38;2;132;132;132m_[38;2;187;187;187my[38;2;233;233;233mg[38;2;226;226;226m@[38;2;250;250;250m@[38;2;252;252;252m@[38;2;251;251;251m@@@[38;2;252;252;252m@[38;2;238;238;238m@[38;2;244;244;244mg[38;2;208;208;208my[38;2;213;213;213m_[38;2;0;0;217m~[38;2;0;0;212m4[38;2;0;0;221m@[38;2;0;0;229m_         [39m
 [38;2;0;0;0m       [38;2;0;0;210my[38;2;0;0;219m@[38;2;1;0;206m~[38;2;177;177;177m_[38;2;231;231;231mg[38;2;251;251;251m@[38;2;252;252;252m@@@@@@@@@@@@@[38;2;221;221;221m@[38;2;162;162;163my [38;2;0;0;198m#[38;2;0;0;226mg[38;2;1;1;201m,       [39m
 [38;2;0;0;0m      [38;2;1;0;210mg[38;2;0;0;230mF [38;2;173;173;173mg[38;2;249;249;249m@[38;2;252;252;252m@@@@@@@@@@@@@@@@[38;2;251;251;251m@[38;2;199;199;199m@[38;2;64;64;64m,[38;2;0;0;215m~[38;2;0;0;230m$       [39m
 [38;2;0;0;0m     [38;2;2;2;174mj[38;2;0;0;227m@ [38;2;161;161;161my[38;2;215;215;215mP[38;2;182;182;182mP[38;2;223;223;223m@[38;2;251;251;251m@[38;2;252;252;252m@@@@@@@@@@@@@@@@[38;2;204;204;204m@ [38;2;0;0;207m?[38;2;0;0;211m$      [39m
 [38;2;0;0;0m     [38;2;0;0;212m4[38;2;1;0;207m[ [38;2;227;227;227m$[38;2;196;196;196mg[38;2;243;243;243m_ [38;2;184;184;184m`[38;2;248;248;248m~[38;2;190;190;190mR[38;2;250;250;250m@[38;2;252;252;252m@[38;2;248;248;248m@[38;2;228;228;228mP[38;2;219;219;219mPPPPP[38;2;177;177;177m@[38;2;250;250;250m@[38;2;252;252;252m@@@[38;2;251;251;251m@[38;2;90;90;90mL [38;2;0;0;234m$      [39m
 [38;2;0;0;0m     [38;2;0;0;217m4[38;2;0;0;195m[ [38;2;230;230;230m@[38;2;234;234;234m@[38;2;222;222;222mF[38;2;203;203;203m~ [38;2;101;101;101m_[38;2;169;169;169my[38;2;218;218;218m@[38;2;252;252;252m@[38;2;224;224;224m@[38;2;173;173;173my[38;2;163;163;163myyyyy[38;2;183;183;183my[38;2;228;228;228m@[38;2;252;252;252m@@@@[38;2;136;136;136mL [38;2;0;0;233m@      [39m
 [38;2;0;0;0m     [38;2;0;0;218m4[38;2;0;0;195m[ [38;2;229;229;229m@[38;2;147;147;147my[38;2;252;252;252m_[38;2;213;213;213my[38;2;251;251;251mg@[38;2;252;252;252m@@@@@@@@@@@@@@@@[38;2;131;131;131mL [38;2;0;0;236m$      [39m
 [38;2;0;0;0m     [38;2;0;0;220m4[38;2;0;0;193m[ [38;2;234;234;234m@[38;2;252;252;252m@@@@@@@@@@@@@@@@@@@@[38;2;251;251;251m@[38;2;125;125;125mL [38;2;0;0;232m@      [39m
 [38;2;0;0;0m     [38;2;0;0;221m4  [38;2;238;238;238m@[38;2;252;252;252m@@@@@@@@@@@@@@@@@@@@[38;2;251;251;251m@[38;2;116;116;116mL [38;2;0;0;231m@      [39m
 [38;2;0;0;0m     [38;2;0;0;217mg  [38;2;243;243;243m@[38;2;252;252;252m@@@@@@@@@@@@@@@@@@@@[38;2;251;251;251m@[38;2;102;102;102mL [38;2;0;0;231m@      [39m
 [38;2;0;0;0m     [38;2;0;0;215m@  [38;2;247;247;247m@[38;2;252;252;252m@@@@@@@@@@@@@@@@@@@@[38;2;251;251;251m@[38;2;87;87;87mL [38;2;0;0;231m@      [39m
 [38;2;0;0;0m     [38;2;1;0;208m9[38;2;0;0;211mL [38;2;201;201;201m$[38;2;251;251;251m@@[38;2;252;252;252m@@@@@@@[38;2;251;251;251m@[38;2;252;252;252m@@@@@@@@@@[38;2;229;229;229m@  [38;2;0;0;219m$      [39m
 [38;2;0;0;0m      [38;2;0;1;212m@[38;2;0;0;212my [38;2;234;234;234m~[38;2;188;188;188m~`[38;2;193;193;193m~[38;2;179;179;179mF[38;2;199;199;199mR[38;2;207;207;207mR[38;2;214;214;214mF[38;2;235;235;235m~[38;2;103;103;103m~[38;2;128;128;128m~[38;2;245;245;245m~[38;2;181;181;181mR[38;2;210;210;210mR[38;2;166;166;166m@[38;2;180;180;180mF[38;2;159;159;159m~[38;2;195;195;195m`[38;2;218;218;218m~[38;2;164;164;164mF[38;2;69;69;69m~[38;2;0;0;206my[38;2;0;0;218m@[38;2;0;0;213m'      [39m
 [38;2;0;0;0m       [38;2;1;0;224m~[38;2;0;0;226m=[38;2;0;0;218m@[38;2;0;0;225mP[38;2;0;0;215m=[38;2;0;0;219mR[38;2;0;0;227ma[38;2;0;0;226mg[38;2;0;0;224mg[38;2;0;0;226mg[38;2;0;0;213m@[38;2;0;0;217m=[38;2;0;0;219m4[38;2;0;0;227ma[38;2;0;0;228mg[38;2;0;0;221mg[38;2;0;0;227mga[38;2;0;0;221mP[38;2;0;0;226m~[38;2;0;0;214m@[38;2;0;0;225ma[38;2;0;0;218mP[38;2;0;0;225m~        [39m
 [38;2;0;0;0m                                       [39m
 [38;2;0;0;0m                                       [39m
[?25h