[?25l[39m [38;2;0;0;0m                                       [39m
 [38;2;0;0;0m               [38;2;0;0;227m__[38;2;0;0;226m_[38;2;0;0;227m__[38;2;0;0;226m_[38;2;0;0;227m_[38;2;0;0;226m_                [39m
 [38;2;0;0;0m           [38;2;0;0;228m_[38;2;0;0;226ma[38;2;0;0;212m@[38;2;0;0;225m=~[38;2;0;0;227m~[38;2;0;0;233m~[38;2;110;110;110m_[38;2;111;111;111m_[38;2;0;0;233m~[38;2;0;0;227m~[38;2;0;0;225m~=[38;2;0;0;215m@[38;2;0;0;222mg[38;2;0;0;228m_            [39m
 [38;2;0;0;0m         [38;2;0;0;217ma[38;2;0;0;227mP[38;2;0;0;226m~[38;2;119;119;119m_[38;2;180;180;180my[38;2;223;223;223mg[38;2;216;216;216m@[38;2;244;244;244m@[38;2;251;251;251m@[38;2;252;252;252m@@[38;2;251;251;251m@[38;2;246;246;246m@[38;2;221;221;221m@[38;2;223;223;223mg[38;2;178;178;178my[38;2;121;121;121m_[38;2;0;0;225m~[38;2;0;0;229m4[38;2;0;0;214mg[38;2;0;1;215m,         [39m
 [38;2;0;0;0m       [38;2;0;0;231m_[38;2;0;0;230mP[38;2;0;0;202m~[38;2;189;189;189m_[38;2;233;233;233mg[38;2;251;251;251m@[38;2;252;252;252m@@@@@@@@@@@@[38;2;251;251;251m@[38;2;233;233;233mg[38;2;189;189;189m_[38;2;0;0;206m"[38;2;0;0;231m4_        [39m
 [38;2;0;0;0m      [38;2;0;0;212mg[38;2;0;0;228mF [38;2;189;189;189mg[38;2;251;251;251m@[38;2;252;252;252m@@@@@@@@@@@@@@@@[38;2;251;251;251m@[38;2;185;185;185mg [38;2;0;0;219m?[38;2;1;1;211mg       [39m
 [38;2;0;0;0m     [38;2;1;1;192mj[38;2;0;0;215m@ [38;2;176;176;176mg[38;2;251;251;251m@[38;2;252;252;252m@@@@@@@@@@@@@@@@@@[38;2;251;251;251m@[38;2;148;148;149m@ [38;2;0;0;225m4[38;2;1;0;208mi      [39m
 [38;2;0;0;0m     [38;2;0;0;221mg[38;2;1;1;193m' [38;2;239;239;239m@[38;2;252;252;252m@[38;2;251;251;251m@[38;2;248;248;248m@[38;2;247;247;247m@@@@@[38;2;251;251;251m@[38;2;252;252;252m@@[38;2;249;249;249m@[38;2;248;248;248m@@@@@[38;2;250;250;250m@[38;2;252;252;252m@@[38;2;247;247;247m@  [38;2;0;0;223m$      [39m
 [38;2;0;0;0m     [38;2;0;0;225m@  [38;2;249;249;249m@[38;2;251;251;251m@[38;2;159;159;159m@      [38;2;196;196;196m_[38;2;248;248;248m@[38;2;215;215;215m@[38;2;106;106;106m_     [38;2;118;118;118m_[38;2;218;218;218m$[38;2;252;252;252m@[38;2;251;251;251m@  [38;2;0;0;226m@      [39m
 [38;2;0;0;0m     [38;2;0;0;224m@  [38;2;249;249;249m@[38;2;252;252;252m@@[38;2;251;251;251m@[38;2;252;252;252m@[38;2;251;251;251m@@@@@[38;2;252;252;252m@@[38;2;251;251;251m@@@@@@@[38;2;252;252;252m@@[38;2;251;251;251m@  [38;2;0;0;226m@      [39m
 [38;2;0;0;0m     [38;2;0;0;224m@  [38;2;250;250;250m@[38;2;252;252;252m@@@@@@@@@@@@@@@@@@@@[38;2;251;251;251m@  [38;2;0;0;226m@      [39m
 [38;2;0;0;0m     [38;2;0;0;224m@  [38;2;250;250;250m@[38;2;252;252;252m@@@@@@@@@@@@@@@@@@@@[38;2;251;251;251m@  [38;2;0;0;226m@      [39m
 [38;2;0;0;0m     [38;2;0;0;224m@  [38;2;249;249;249m@[38;2;252;252;252m@@@@@@@@@@@@@@@@@@@@[38;2;251;251;251m@  [38;2;0;0;226m@      [39m
 [38;2;0;0;0m     [38;2;0;0;224m@  [38;2;249;249;249m@[38;2;252;252;252m@@@@@@@@@@@@@@@@@@@@[38;2;251;251;251m@  [38;2;0;0;226m@      [39m
 [38;2;0;0;0m     [38;2;0;0;215m@[38;2;0;0;209mL [38;2;203;203;203m$[38;2;251;251;251m@[38;2;252;252;252m@@@@[38;2;251;251;251m@@[38;2;252;252;252m@@@@@@[38;2;251;251;251m@@[38;2;252;252;252m@@@@[38;2;251;251;251m@[38;2;217;217;217m@ [38;2;0;0;210mj[38;2;0;0;220m@      [39m
 [38;2;0;0;0m     [38;2;1;1;210m`[38;2;0;0;228m@[38;2;0;0;213my[38;2;0;0;191m,[38;2;229;229;229m~[38;2;187;187;187mP[38;2;193;193;193mR[38;2;206;206;206mP[38;2;172;172;172mF[38;2;136;136;136m~[38;2;138;138;138m`[38;2;188;188;188m~[38;2;178;178;178mF[38;2;187;187;187mR[38;2;214;214;214mP[38;2;200;200;200mF[38;2;208;208;208m~[38;2;133;133;133m`[38;2;114;114;114m~[38;2;245;245;245m~[38;2;196;196;196mP[38;2;194;194;194mR[38;2;196;196;196mP[38;2;241;241;241m~ [38;2;0;0;213my[38;2;0;0;228m@[38;2;0;0;232m'      [39m
 [38;2;0;0;0m      [38;2;2;2;203m`[38;2;0;0;225m~[38;2;0;0;226m@[38;2;0;0;219m@[38;2;0;0;228mg[38;2;0;0;229mg[38;2;0;0;228mg[38;2;0;0;226mg@[38;2;0;0;222m@[38;2;0;0;226m@[38;2;0;0;227mg[38;2;0;0;229mgg[38;2;0;0;226mg@[38;2;0;0;221m@[38;2;0;0;227m@[38;2;0;0;226mg[38;2;0;0;229mgg[38;2;0;0;228mg[38;2;0;0;226mg[38;2;0;0;225m@[38;2;0;0;212mF[38;2;0;1;214m'       [39m
 [38;2;0;0;0m         [38;2;0;0;224m`[38;2;0;0;223m~[38;2;0;0;226m~[38;2;0;0;225m~[38;2;0;0;229m`   [38;2;0;1;214m~[38;2;0;0;226m~[38;2;0;0;225m~[38;2;0;0;216m~[38;2;4;3;185m`  [38;2;0;0;228m`[38;2;0;0;224m~[38;2;0;0;226m~[38;2;0;0;223m~[38;2;0;0;225m`          [39m
 [38;2;0;0;0m                                       [39m
[?25h