[?25l[39m [38;2;0;0;0m              [38;2;1;0;207m_[38;2;0;0;228m_[38;2;0;0;225m__[38;2;1;1;203my[38;2;1;1;204my[38;2;0;0;225m__[38;2;0;0;228m_[38;2;1;0;209m_               [39m
 [38;2;0;0;0m           [38;2;0;0;223m_[38;2;0;0;228ma[38;2;0;0;224mP[38;2;0;0;228m~[38;2;0;0;227m~[38;2;0;0;224m~[38;2;141;141;141m_[38;2;211;211;211m_[38;2;210;210;210m_[38;2;140;140;140m_[38;2;0;0;224m~[38;2;0;0;227m~~[38;2;0;0;224m4[38;2;0;0;227ma[38;2;0;0;223m_[38;2;3;1;199m,           [39m
 [38;2;0;0;0m        [38;2;0;0;205m_[38;2;0;0;226ma[38;2;0;0;225mP~[38;2;186;186;186m_[38;2;198;198;198my[38;2;245;245;245mg[38;2;234;234;234m@[38;2;251;251;251m@@@@@@[38;2;240;240;240m@[38;2;245;245;245mg[38;2;199;199;199my[38;2;186;186;186m_[38;2;0;0;223m~[38;2;0;0;224m4[38;2;0;0;223mg[38;2;1;0;204m_         [39m
 [38;2;0;0;0m       [38;2;0;0;213my[38;2;0;0;228mP[38;2;1;0;206m'[38;2;149;149;149my[38;2;244;244;244mg[38;2;251;251;251m@[38;2;252;252;252m@@@@@@@@@@@@[38;2;251;251;251m@[38;2;210;210;210m@[38;2;137;137;137my[38;2;2;0;203m`[38;2;0;0;227m4[38;2;0;0;214my        [39m
 [38;2;0;0;0m      [38;2;0;0;219mg[38;2;0;0;223mF [38;2;203;203;203mg[38;2;251;251;251m@[38;2;252;252;252m@@@@@@@@@@@@@@@@[38;2;251;251;251m@[38;2;171;171;171m@ [38;2;0;0;211m?[38;2;0;0;215m$       [39m
 [38;2;0;0;0m     [38;2;1;1;200mj[38;2;0;0;232mF [38;2;190;190;190mg[38;2;251;251;251m@[38;2;252;252;252m@@@@@@@@@@@@@@@@@@[38;2;251;251;251m@[38;2;166;166;166m@ [38;2;0;0;220m4[38;2;0;0;215mi      [39m
 [38;2;0;0;0m     [38;2;0;0;215m@[38;2;0;0;180m[ [38;2;242;242;242m@[38;2;252;252;252m@[38;2;251;251;251m@[38;2;236;236;236m@[38;2;209;209;209mP[38;2;186;186;186mF[38;2;175;175;175mF[38;2;182;182;182mF[38;2;190;190;190mR[38;2;245;245;245m@[38;2;252;252;252m@@[38;2;250;250;250m@[38;2;186;186;186m@[38;2;201;201;201mF[38;2;175;175;175mF[38;2;177;177;177mF[38;2;183;183;183mM[38;2;217;217;217m@[38;2;251;251;251m@[38;2;252;252;252m@[38;2;248;248;248m@  [38;2;0;0;225m$      [39m
 [38;2;0;0;0m     [38;2;0;0;226m@  [38;2;249;249;249m@[38;2;251;251;251m@[38;2;180;180;180m@ [38;2;202;202;202mF[38;2;171;171;171m~[38;2;154;154;154mZ[38;2;159;159;159m~[38;2;178;178;178m$ [38;2;229;229;229m@[38;2;244;244;244m@[38;2;140;140;140m`[38;2;191;191;191ma[38;2;205;205;205m~[38;2;165;165;165my[38;2;199;199;199m~[38;2;136;136;136m4[38;2;88;88;88mr[38;2;166;166;166m5[38;2;251;251;251m@@  [38;2;0;0;226m@      [39m
 [38;2;0;0;0m     [38;2;0;0;226m@  [38;2;249;249;249m@[38;2;252;252;252m@[38;2;226;226;226m@[38;2;224;224;224m_[38;2;176;176;176m=[38;2;122;122;122ma[38;2;156;156;156maa[38;2;207;207;207my[38;2;233;233;233mg[38;2;251;251;251m@@[38;2;186;186;186my[38;2;152;152;152m?[38;2;166;166;166m*[38;2;153;153;153mw[38;2;188;188;188ma[38;2;197;197;197my[38;2;200;200;200mg[38;2;238;238;238m@[38;2;252;252;252m@[38;2;251;251;251m@  [38;2;0;0;226m@      [39m
 [38;2;0;0;0m     [38;2;0;0;226m@  [38;2;249;249;249m@[38;2;252;252;252m@@[38;2;251;251;251m@[38;2;249;249;249m@[38;2;221;221;221m@[38;2;228;228;228m$[38;2;232;232;232m$[38;2;252;252;252m@@@@@[38;2;251;251;251m@[38;2;235;235;235m@[38;2;229;229;229m$$[38;2;248;248;248m@[38;2;252;252;252m@@@[38;2;251;251;251m@  [38;2;0;0;226m@      [39m
 [38;2;0;0;0m     [38;2;0;0;226m@  [38;2;249;249;249m@[38;2;252;252;252m@@@@@@@@@@@@@@@@@@@@[38;2;251;251;251m@  [38;2;0;0;226m@      [39m
 [38;2;0;0;0m     [38;2;0;0;226m@  [38;2;249;249;249m@[38;2;252;252;252m@@@@@@@@@@@@@@@@@@@@[38;2;251;251;251m@  [38;2;0;0;227m@      [39m
 [38;2;0;0;0m     [38;2;0;0;226m@  [38;2;249;249;249m@[38;2;252;252;252m@@@@@@@@@@@@@@@@@@@@[38;2;251;251;251m@  [38;2;0;0;227m@      [39m
 [38;2;0;0;0m     [38;2;0;0;225m@  [38;2;249;249;249m@[38;2;252;252;252m@@@@@@@@@@@@@@@@@@@@[38;2;251;251;251m@  [38;2;0;0;227m@      [39m
 [38;2;0;0;0m     [38;2;0;0;217m@[38;2;0;0;202mL [38;2;210;210;210m@[38;2;252;252;252m@@@@@@[38;2;251;251;251m@[38;2;252;252;252m@@@@@@[38;2;251;251;251m@[38;2;252;252;252m@@@@@@[38;2;229;229;229m@ [38;2;0;0;200mj[38;2;0;0;221m@      [39m
 [38;2;0;0;0m     [38;2;1;1;210m`[38;2;0;0;228m@[38;2;0;0;206my [38;2;244;244;244m~[38;2;195;195;195m#[38;2;217;217;217mR[38;2;204;204;204mR[38;2;196;196;196mF[38;2;197;197;197m~[38;2;125;125;125m~[38;2;227;227;227m~[38;2;185;185;185mP[38;2;214;214;214mR[38;2;215;215;215mR[38;2;218;218;218mF[38;2;235;235;235m~[38;2;129;129;129m~[38;2;178;178;178m~[38;2;141;141;141m5[38;2;201;201;201mR[38;2;217;217;217mR[38;2;171;171;171m@[38;2;178;178;178mF[38;2;71;71;72m~[38;2;0;0;226m_[38;2;0;0;228m@[38;2;0;0;233m'      [39m
 [38;2;0;0;0m      [38;2;1;2;208m`[38;2;0;0;215m?[38;2;0;0;227m@[38;2;0;0;226mg[38;2;0;0;225mg[38;2;0;0;220my[38;2;0;0;223ma[38;2;0;0;227mg[38;2;0;0;226m@[38;2;0;0;225m@[38;2;0;0;222m@[38;2;0;0;228mg[38;2;0;0;222my[38;2;0;0;217ma[38;2;0;0;228mg[38;2;0;0;219m@[38;2;0;0;225m@[38;2;0;0;227m@g[38;2;0;0;220mg[38;2;0;0;219my[38;2;0;0;225mg[38;2;0;0;226mg[38;2;0;0;227m@[38;2;0;0;214mP[38;2;0;0;224m'       [39m
 [38;2;0;0;0m         [38;2;0;0;229m`[38;2;0;0;226m~[38;2;0;0;227m~[38;2;0;0;226m~[38;2;1;0;210m~  [38;2;1;0;207m`[38;2;0;0;222m~[38;2;0;0;227m~~[38;2;0;0;224m~[38;2;1;0;208m`  [38;2;1;1;206m~[38;2;0;0;225m~[38;2;0;0;227m~[38;2;0;0;226m~[38;2;0;0;227m`          [39m
 [38;2;0;0;0m                                       [39m
[?25h