[?25l[39m [38;2;0;0;0m             [38;2;2;2;186m_[38;2;0;0;229m_[38;2;0;0;226m_[38;2;1;1;210my[38;2;0;0;215ma[38;2;0;0;221mgg[38;2;0;0;220my[38;2;0;1;209my[38;2;0;0;226m_[38;2;0;0;229m_               [39m
 [38;2;0;0;0m          [38;2;0;0;228m_[38;2;0;0;216ma[38;2;0;0;220m@[38;2;0;0;221mP[38;2;0;0;225m~[38;2;0;0;228m~[38;2;0;0;216m~[38;2;207;207;207m_[38;2;233;233;233m__[38;2;195;195;195m_[38;2;0;0;218m~[38;2;0;0;228m~[38;2;0;0;226m~[38;2;0;0;224m4[38;2;0;0;221m@[38;2;0;0;215my[38;2;0;0;221m_           [39m
 [38;2;0;0;0m        [38;2;0;0;228m_[38;2;0;0;227mg[38;2;0;0;218mF[38;2;1;0;214m~[38;2;222;222;222m_[38;2;211;211;211my[38;2;251;251;251mg[38;2;246;246;246m@[38;2;251;251;251m@@[38;2;252;252;252m@@[38;2;251;251;251m@@[38;2;246;246;246m@[38;2;249;249;249mg[38;2;203;203;203my[38;2;192;192;192m_[38;2;0;0;221m~4$[38;2;0;0;220m_         [39m
 [38;2;0;0;0m       [38;2;0;0;225mgF [38;2;181;181;181my[38;2;215;215;215m@[38;2;251;251;251m@[38;2;252;252;252m@@@@@@@@@@@@[38;2;251;251;251m@[38;2;210;210;210m@[38;2;132;132;132my[38;2;1;0;202m`[38;2;0;0;227m4[38;2;0;0;214mg        [39m
 [38;2;0;0;0m      [38;2;0;0;231mg[38;2;0;0;207mF [38;2;225;225;225mg[38;2;251;251;251m@[38;2;252;252;252m@@@@@@@@@@@@@@@@[38;2;251;251;251m@[38;2;191;191;191mg [38;2;0;0;216m?[38;2;0;0;218m$       [39m
 [38;2;0;0;0m     [38;2;0;0;222mj[38;2;0;0;224mF [38;2;216;216;216mg[38;2;251;251;251m@[38;2;252;252;252m@@@@@@@@@@@@@@@@@@[38;2;251;251;251m@[38;2;143;143;144m@ [38;2;0;0;221mR[38;2;0;0;212mi      [39m
 [38;2;0;0;0m     [38;2;0;0;229m@  [38;2;249;249;249m@[38;2;252;252;252m@@@@@@@@@@@@@@@@@@@@[38;2;242;242;242m@  [38;2;0;0;217m$      [39m
 [38;2;0;0;0m     [38;2;0;0;233m@ [38;2;84;84;84m4[38;2;250;250;250m@[38;2;252;252;252m@@@@@@@@@@@@@@@@@@@@[38;2;248;248;248m@  [38;2;0;0;220m$      [39m
 [38;2;0;0;0m     [38;2;0;0;233m@ [38;2;83;83;84m4[38;2;250;250;250m@[38;2;252;252;252m@@@@@@@@@@@@@@@@@@@@[38;2;248;248;248m@  [38;2;0;0;220m$      [39m
 [38;2;0;0;0m     [38;2;0;0;233m@ [38;2;81;81;82m4[38;2;250;250;250m@[38;2;252;252;252m@@@@@@@@@@@@@@@@@@@@[38;2;249;249;249m@  [38;2;0;0;221m$      [39m
 [38;2;0;0;0m     [38;2;0;0;233m@ [38;2;77;77;78m4[38;2;250;250;250m@[38;2;252;252;252m@@@@@@@@@@@@@@@@@@@@[38;2;249;249;249m@  [38;2;0;0;222m$      [39m
 [38;2;0;0;0m     [38;2;0;0;233m@ [38;2;72;72;73m4[38;2;250;250;250m@[38;2;252;252;252m@@@@@@@@@@@@@@@@@@@@[38;2;250;250;250m@  [38;2;0;0;224m$      [39m
 [38;2;0;0;0m     [38;2;0;0;232m@ [38;2;64;64;65m4[38;2;250;250;250m@[38;2;252;252;252m@@@@@@@@@@@@@@@@@@@@[38;2;251;251;251m@  [38;2;0;0;225m$      [39m
 [38;2;0;0;0m     [38;2;0;0;224m@[38;2;0;0;213m, [38;2;243;243;243m@[38;2;252;252;252m@@@@@@@@@@@@@@@@@@@@[38;2;244;244;244m@ [38;2;0;0;181mj[38;2;0;0;221m$      [39m
 [38;2;0;0;0m     [38;2;0;0;214m`[38;2;0;0;226m@[38;2;0;0;218m_[38;2;114;114;114m~[38;2;174;174;174mT[38;2;182;182;182m@[38;2;245;245;245m@[38;2;248;248;248m@[38;2;232;232;232m@[38;2;225;225;225mF[38;2;252;252;252m~~[38;2;175;175;175mA[38;2;233;233;233m@[38;2;247;247;247m@[38;2;245;245;245m@[38;2;188;188;188m@[38;2;166;166;166mF[38;2;251;251;251m~[38;2;180;180;180mT[38;2;201;201;201m@[38;2;246;246;246m@[38;2;237;237;237m@[38;2;213;213;213mP[38;2;133;133;133m~[38;2;0;0;223m_[38;2;0;0;222m@[38;2;0;0;232m'      [39m
 [38;2;0;0;0m      [38;2;1;0;217m`[38;2;0;0;221m4[38;2;0;0;230m@[38;2;0;0;227mg[38;2;0;0;208my[38;2;0;0;226m___[38;2;0;0;215ma[38;2;0;0;217m@[38;2;0;0;220m@[38;2;0;0;219my[38;2;0;0;226m___[38;2;0;0;209my[38;2;0;0;227mg[38;2;0;0;229m@[38;2;0;0;223mg[38;2;0;0;227m_[38;2;0;0;226m__[38;2;0;0;218my[38;2;0;0;227mg[38;2;0;0;223mP[38;2;0;0;229m'       [39m
 [38;2;0;0;0m         [38;2;1;0;215m`[38;2;0;0;228m~[38;2;0;0;226m~[38;2;0;0;225m~[38;2;0;0;226m~[38;2;1;0;218m~  [38;2;0;0;217m~[38;2;0;0;227m~[38;2;0;0;225m~~[38;2;0;0;230m~[38;2;1;1;209m` [38;2;0;0;224m`[38;2;0;0;228m~[38;2;0;0;225m~[38;2;0;0;226m~[38;2;0;0;223m~          [39m
 [38;2;0;0;0m                                       [39m
 [38;2;0;0;0m                                       [39m
[?25h