[?25l[39m [38;2;0;0;0m                [38;2;0;0;230m_[38;2;0;0;225m__[38;2;0;0;226m_[38;2;0;0;225m_[38;2;0;0;224m_[38;2;0;0;229m_[38;2;1;0;213m_               [39m
 [38;2;0;0;0m            [38;2;0;0;228m_[38;2;0;0;223mg[38;2;0;0;215m@[38;2;0;0;222m=[38;2;0;0;225m~[38;2;0;0;228m~[38;2;0;0;227m~[38;2;0;0;222m~[38;2;0;0;223m~[38;2;0;0;228m~[38;2;0;0;227m~[38;2;0;0;226m~[38;2;0;0;224m=[38;2;0;0;220ma[38;2;0;0;214mg[38;2;0;0;227m_           [39m
 [38;2;0;0;0m          [38;2;0;0;209my[38;2;0;0;219m@[38;2;0;0;226m~[38;2;1;0;202m`[38;2;157;157;157my[38;2;195;195;195mg[38;2;252;252;252mg[38;2;244;244;244m@[38;2;251;251;251m@[38;2;252;252;252m@[38;2;251;251;251m@@[38;2;249;249;249m@[38;2;229;229;229m$[38;2;226;226;226mg[38;2;186;186;186my[38;2;182;182;182m_[38;2;0;0;224m~[38;2;0;0;225m4[38;2;0;0;219mg[38;2;0;0;217m_        [39m
 [38;2;0;0;0m         [38;2;0;0;219m@[38;2;0;0;228m~ [38;2;179;179;179mg[38;2;238;238;238m@[38;2;251;251;251m@[38;2;252;252;252m@@@@@@@@@@@[38;2;251;251;251m@[38;2;222;222;222m@[38;2;182;182;182my [38;2;0;0;214m?[38;2;0;0;223mg[38;2;0;1;209m,      [39m
 [38;2;0;0;0m        [38;2;0;0;228m@[38;2;1;1;210m'[38;2;104;104;104m_[38;2;208;208;208m@[38;2;252;252;252m@@@@@@@@@@@@@@@@@[38;2;229;229;229m@[38;2;162;162;162m_[38;2;1;0;206m`[38;2;0;0;223m@[38;2;0;0;232m,     [39m
 [38;2;0;0;0m       [38;2;0;0;221mg[38;2;1;0;200mF [38;2;220;220;220m$[38;2;252;252;252m@@@@@@[38;2;244;244;244m@[38;2;215;215;215mP[38;2;196;196;196m@[38;2;250;250;250m@[38;2;252;252;252m@@@@@@@@@[38;2;248;248;248m@[38;2;108;108;108m_ [38;2;0;0;233m$     [39m
 [38;2;0;0;0m       [38;2;0;0;236m@ [38;2;113;113;114md[38;2;251;251;251m@[38;2;252;252;252m@@@@@@[38;2;228;228;228m@[38;2;173;173;173my[38;2;124;124;124m_[38;2;99;99;99m`[38;2;223;223;223m~[38;2;172;172;172mP[38;2;224;224;224m@[38;2;251;251;251m@[38;2;252;252;252m@[38;2;241;241;241m@[38;2;220;220;220mR[38;2;219;219;219mRRR[38;2;157;157;157m$ [38;2;0;0;206m9[38;2;0;0;217ml    [39m
 [38;2;0;0;0m       [38;2;0;0;233m@ [38;2;155;155;156m4[38;2;251;251;251m@[38;2;252;252;252m@@@@@@[38;2;251;251;251m@[38;2;231;231;231m@[38;2;219;219;219mF[38;2;79;79;79mT [38;2;129;129;129m_[38;2;186;186;186my[38;2;248;248;248m@[38;2;251;251;251m@[38;2;207;207;207my[38;2;252;252;252m_[38;2;253;253;253m___[38;2;232;232;232m_ [38;2;0;0;201mJ[38;2;0;0;224m[    [39m
 [38;2;0;0;0m       [38;2;0;0;231m@ [38;2;164;164;164m4[38;2;251;251;251m@[38;2;252;252;252m@@@@@@[38;2;207;207;207m@_[38;2;145;145;145my[38;2;191;191;191mg[38;2;213;213;213m@[38;2;251;251;251m@[38;2;252;252;252m@@@@@@@@[38;2;224;224;224m@ [38;2;1;1;201m4[38;2;0;0;223m[    [39m
 [38;2;0;0;0m      [38;2;3;2;160mj[38;2;0;0;223m@ [38;2;186;186;186m4[38;2;252;252;252m@@@@@@@@[38;2;251;251;251m@[38;2;252;252;252m@@@@@@@@@@@@[38;2;202;202;202m@ [38;2;0;0;212m4[38;2;1;1;215m[    [39m
 [38;2;0;0;0m      [38;2;2;2;192mj[38;2;0;0;220mF [38;2;186;186;186m$[38;2;252;252;252m@@@@@@@@@@@@@@@@@@@@[38;2;251;251;251m@[38;2;175;175;176m$ [38;2;0;0;222m0[38;2;0;0;197m|    [39m
 [38;2;0;0;0m      [38;2;1;1;210m4[38;2;0;0;204m[ [38;2;232;232;232m$[38;2;252;252;252m@@@@@@@@@@@@@@@@@@@@[38;2;251;251;251m@[38;2;154;154;154mF [38;2;0;0;235m$     [39m
 [38;2;0;0;0m      [38;2;0;0;225m@  [38;2;249;249;249m@[38;2;252;252;252m@@@@@@@@@@@@@@@@@@@@[38;2;251;251;251m@[38;2;70;70;70m~ [38;2;0;0;224m@     [39m
 [38;2;0;0;0m      [38;2;0;0;234m@ [38;2;140;140;140m4[38;2;251;251;251m@[38;2;252;252;252m@@@@@@@@@@@@@@@@@@@@[38;2;233;233;233m@ [38;2;0;0;204mj[38;2;0;0;218mF     [39m
 [38;2;0;0;0m     [38;2;3;2;177mJ[38;2;0;0;223m@ [38;2;182;182;182m4[38;2;251;251;251m@[38;2;252;252;252m@@@@@@@@@@@@@@@@@@@[38;2;251;251;251m@[38;2;198;198;198mF [38;2;0;0;231mg[38;2;0;0;220m'     [39m
 [38;2;0;0;0m      [38;2;0;0;227m@[38;2;0;0;221mL [38;2;176;176;176m7[38;2;211;211;211mR[38;2;214;214;214mF[38;2;237;237;237m~[38;2;228;228;228m~[38;2;142;142;142m5[38;2;198;198;198m@[38;2;232;232;232m@[38;2;226;226;226m@[38;2;172;172;172m@[38;2;249;249;249m~[38;2;227;227;227m~[38;2;245;245;245m~[38;2;195;195;195mR[38;2;226;226;226m@[38;2;231;231;231m@[38;2;199;199;199m@[38;2;198;198;198mF[38;2;232;232;232m~[38;2;231;231;231m~[38;2;199;199;199m~[38;2;0;0;221m_[38;2;0;0;227mg[38;2;0;0;223mF      [39m
 [38;2;0;0;0m      [38;2;2;2;198m`[38;2;0;0;216m?[38;2;0;0;227m@g[38;2;0;0;214my[38;2;0;0;226mg[38;2;0;0;225m@@g[38;2;0;0;204my[38;2;0;0;227m__[38;2;0;0;220ma[38;2;0;0;227mg@g[38;2;0;0;216my[38;2;0;0;227m__[38;2;0;0;213my[38;2;0;0;227mg[38;2;0;0;228m@[38;2;0;0;222m@[38;2;0;0;226mg[38;2;0;0;225mP[38;2;0;0;213m~       [39m
 [38;2;0;0;0m         [38;2;1;0;213m~[38;2;0;0;226m~[38;2;1;1;207m~  [38;2;1;0;216m~[38;2;0;0;226m~[38;2;0;0;227m~~[38;2;0;0;225m~[38;2;2;2;190m` [38;2;0;0;224m`[38;2;0;0;225m~[38;2;0;0;227m~~[38;2;0;0;226m~[38;2;0;0;225m`            [39m
 [38;2;0;0;0m                                       [39m
[?25h