[?25l[39m [38;2;0;0;0m              [38;2;1;0;225m_[38;2;0;0;225m_[38;2;0;0;227m_[38;2;1;1;207my[38;2;0;1;213myy[38;2;1;1;207my[38;2;0;0;227m_[38;2;0;0;226m_[38;2;1;0;226m_               [39m
 [38;2;0;0;0m          [38;2;1;1;204m_[38;2;1;1;205my[38;2;0;0;227mg@[38;2;0;0;220mR[38;2;0;0;224m=[38;2;0;0;226m~~~~~[38;2;0;0;227m~[38;2;0;0;224m=[38;2;0;0;220mR[38;2;0;0;227m@g[38;2;1;1;205my[38;2;2;0;204m_           [39m
 [38;2;0;0;0m        [38;2;0;0;215m_[38;2;0;0;227ma[38;2;0;0;225m@[38;2;0;0;208mF[38;2;0;0;217m~[38;2;223;223;223m_[38;2;194;194;194my[38;2;224;224;224mg[38;2;252;252;252mg[38;2;222;222;222m@[38;2;240;240;240m@[38;2;241;241;241m@[38;2;226;226;226m@[38;2;252;252;252mg[38;2;224;224;224mg[38;2;194;194;194my[38;2;223;223;223m_[38;2;0;0;214m~[38;2;0;0;226m~[38;2;0;0;224m@g[38;2;1;0;215m_         [39m
 [38;2;0;0;0m       [38;2;1;0;211mg[38;2;0;0;225m@[38;2;0;0;228m~[38;2;95;95;95m_[38;2;184;184;184mg[38;2;232;232;232m@[38;2;251;251;251m@[38;2;252;252;252m@@@@@@@@@@[38;2;251;251;251m@[38;2;240;240;240m@[38;2;183;183;183mg[38;2;94;94;94m_[38;2;0;0;224m~@[38;2;1;1;212mg        [39m
 [38;2;0;0;0m      [38;2;0;0;220mg[38;2;0;0;227mP [38;2;178;178;178my[38;2;242;242;242m@[38;2;252;252;252m@@@@@@@@@@@@@@@@[38;2;248;248;248m@[38;2;167;167;167my [38;2;0;0;225m4[38;2;0;0;218m$       [39m
 [38;2;0;0;0m     [38;2;1;1;206mj[38;2;0;0;223m@ [38;2;167;167;168my[38;2;251;251;251m@[38;2;252;252;252m@[38;2;177;177;177m@[38;2;192;192;192mP[38;2;229;229;229m@[38;2;251;251;251m@[38;2;252;252;252m@@@@@@@@@@@@@[38;2;251;251;251m@[38;2;154;154;154my [38;2;0;0;223mB[38;2;0;0;220mi      [39m
 [38;2;0;0;0m     [38;2;0;0;216m@[38;2;0;0;194m[ [38;2;230;230;230m@[38;2;252;252;252m@[38;2;251;251;251m@[38;2;190;190;190mg[38;2;245;245;245m_ [38;2;116;116;116m~[38;2;246;246;246m~[38;2;195;195;195mR[38;2;249;249;249m@[38;2;252;252;252m@[38;2;249;249;249m@[38;2;187;187;187m@[38;2;205;205;205mRRRR[38;2;204;204;204mR[38;2;185;185;185m@[38;2;251;251;251m@[38;2;252;252;252m@[38;2;243;243;243m@  [38;2;0;0;223m$      [39m
 [38;2;0;0;0m     [38;2;0;0;226m@  [38;2;249;249;249m@[38;2;252;252;252m@@[38;2;241;241;241m@[38;2;216;216;216mP[38;2;154;154;154mT [38;2;80;80;80m_[38;2;158;158;158my[38;2;208;208;208m@[38;2;252;252;252m@[38;2;225;225;225m@[38;2;171;171;171my[38;2;157;157;157myyyyy[38;2;176;176;176my[38;2;219;219;219m@[38;2;252;252;252m@[38;2;251;251;251m@  [38;2;0;0;226m@      [39m
 [38;2;0;0;0m     [38;2;0;0;225m@  [38;2;249;249;249m@[38;2;252;252;252m@[38;2;251;251;251m@[38;2;148;148;148my[38;2;238;238;238m_[38;2;208;208;208my[38;2;247;247;247mg[38;2;250;250;250m@[38;2;251;251;251m@[38;2;252;252;252m@@@@@@@@@@@@[38;2;251;251;251m@  [38;2;0;0;226m@      [39m
 [38;2;0;0;0m     [38;2;0;0;225m@  [38;2;249;249;249m@[38;2;252;252;252m@@@@@@@@@@@@@@@@@@@@[38;2;251;251;251m@  [38;2;0;0;226m@      [39m
 [38;2;0;0;0m     [38;2;0;0;225m@  [38;2;249;249;249m@[38;2;252;252;252m@@@@@@@@@@@@@@@@@@@@[38;2;251;251;251m@  [38;2;0;0;226m@      [39m
 [38;2;0;0;0m     [38;2;0;0;225m@  [38;2;249;249;249m@[38;2;252;252;252m@@@@@@@@@@@@@@@@@@@@[38;2;251;251;251m@  [38;2;0;0;226m@      [39m
 [38;2;0;0;0m     [38;2;0;0;225m@  [38;2;249;249;249m@[38;2;252;252;252m@@@@@@@@@@@@@@@@@@@@[38;2;251;251;251m@  [38;2;0;0;226m@      [39m
 [38;2;0;0;0m     [38;2;0;0;217m@[38;2;0;0;214m, [38;2;240;240;240m@[38;2;252;252;252m@@@@@@@@@@@@@@@@@@@@[38;2;247;247;247m@ [38;2;1;0;172mj[38;2;0;0;223m$      [39m
 [38;2;0;0;0m     [38;2;1;1;208m`[38;2;0;0;226m@[38;2;0;0;220m_[38;2;105;105;105m~[38;2;182;182;182mA[38;2;238;238;238m@[38;2;248;248;248m@[38;2;244;244;244m@[38;2;183;183;183m@[38;2;160;160;160mF[38;2;252;252;252m~[38;2;153;153;153m5[38;2;212;212;212m@[38;2;247;247;247m@@[38;2;216;216;216m@[38;2;207;207;207mF[38;2;252;252;252m~[38;2;251;251;251m~[38;2;205;205;205mR[38;2;244;244;244m@[38;2;248;248;248m@[38;2;239;239;239m@[38;2;217;217;217mP[38;2;142;142;142m~[38;2;0;0;219m_[38;2;0;0;224m$[38;2;0;0;231m'      [39m
 [38;2;0;0;0m      [38;2;1;2;202m`[38;2;0;1;212m?[38;2;0;0;226ma[38;2;0;0;217my[38;2;0;0;225m_[38;2;0;0;226m__[38;2;0;0;209my[38;2;0;0;227ma[38;2;0;0;218m@[38;2;0;0;221mg[38;2;0;0;225m_[38;2;0;0;226m__[38;2;0;0;225m_[38;2;0;0;224ma[38;2;0;0;216m@[38;2;0;0;227ma[38;2;0;0;209my[38;2;0;0;226m__[38;2;0;0;225m_[38;2;0;0;217my[38;2;0;0;227ms[38;2;0;0;214mF[38;2;0;1;215m'       [39m
 [38;2;0;0;0m         [38;2;1;0;224m`[38;2;0;0;226m~[38;2;0;0;232m~[38;2;0;0;229m~[38;2;0;0;231m`   [38;2;0;1;212m~[38;2;0;0;232m~~[38;2;1;0;213m~   [38;2;0;0;231m`[38;2;0;0;229m~[38;2;0;0;232m~[38;2;0;0;226m~[38;2;0;0;222m`          [39m
 [38;2;0;0;0m                                       [39m
 [38;2;0;0;0m                                       [39m
[?25h