[?25l[39m [38;2;0;0;0m                                       [39m
 [38;2;0;0;0m             [38;2;3;1;191m_[38;2;0;0;226m__[38;2;1;1;206my[38;2;0;0;219my[38;2;0;0;216mg[38;2;1;0;215mg[38;2;0;0;216my[38;2;0;0;225m_[38;2;0;0;226m_[38;2;0;0;228m_               [39m
 [38;2;0;0;0m          [38;2;0;0;230m_[38;2;0;0;221ma[38;2;0;0;211m@[38;2;0;0;228m~[38;2;0;0;225m~[38;2;0;0;228m~[38;2;177;177;177m_[38;2;250;250;250m_[38;2;253;253;253m__[38;2;219;219;219m_[38;2;121;121;121m_[38;2;0;0;228m~[38;2;0;0;226m~[38;2;0;0;225m4[38;2;0;0;229ma[38;2;0;0;225m_[38;2;2;2;193m,           [39m
 [38;2;0;0;0m        [38;2;0;0;231m_[38;2;0;0;216m@[38;2;0;0;228m~[38;2;73;73;73m_[38;2;175;175;175my[38;2;228;228;228mg[38;2;227;227;227m@[38;2;252;252;252m@[38;2;251;251;251m@[38;2;252;252;252m@@@[38;2;251;251;251m@[38;2;252;252;252m@[38;2;245;245;245m@g[38;2;203;203;203my[38;2;170;170;170m_[38;2;0;0;220m~[38;2;0;0;227m4[38;2;0;0;217mg[38;2;1;0;213m,         [39m
 [38;2;0;0;0m      [38;2;2;2;189m_[38;2;0;0;230ma[38;2;0;0;229m~ [38;2;194;194;194mg[38;2;245;245;245m@[38;2;252;252;252m@@@@@@@@@@@@@[38;2;251;251;251m@[38;2;235;235;235mg[38;2;172;172;172m_[38;2;0;0;207m"[38;2;0;0;223m0_        [39m
 [38;2;0;0;0m      [38;2;0;0;227m@[38;2;1;1;200m'[38;2;116;116;116my[38;2;229;229;229m@[38;2;252;252;252m@@@@@@@@@@@@@@@@@[38;2;251;251;251m@[38;2;174;174;174my [38;2;0;0;227m4[38;2;0;0;208mi       [39m
 [38;2;0;0;0m     [38;2;0;0;221m@[38;2;1;1;201m' [38;2;233;233;233m@[38;2;252;252;252m@@[38;2;246;246;246m@[38;2;190;190;190mF[38;2;157;157;157mM[38;2;198;198;198m@[38;2;251;251;251m@[38;2;252;252;252m@@@@@@@@@@@@[38;2;251;251;251m@[38;2;121;121;121mL [38;2;0;0;233m$       [39m
 [38;2;0;0;0m     [38;2;0;0;233m@ [38;2;141;141;142md[38;2;251;251;251m@[38;2;252;252;252m@@[38;2;251;251;251m@[38;2;218;218;218mg[38;2;167;167;167my[38;2;126;126;126m_[38;2;69;69;69m`[38;2;229;229;229m~[38;2;178;178;178mP[38;2;248;248;248m@[38;2;252;252;252m@[38;2;231;231;231m@[38;2;206;206;206mF[38;2;200;200;200mFFFFF[38;2;183;183;183mA[38;2;250;250;250m@[38;2;210;210;210m$ [38;2;0;0;213m4[38;2;1;1;212m[      [39m
 [38;2;0;0;0m     [38;2;0;0;230m@ [38;2;172;172;172m4[38;2;251;251;251m@[38;2;252;252;252m@@@[38;2;196;196;196m@[38;2;184;184;184mF[38;2;158;158;158m~ [38;2;225;225;225m_[38;2;210;210;210my[38;2;242;242;242m@[38;2;252;252;252m@[38;2;220;220;220m@[38;2;202;202;202my[38;2;197;197;197myyyyy[38;2;219;219;219my[38;2;245;245;245m@[38;2;218;218;218m@ [38;2;1;0;204m4[38;2;1;1;220m[      [39m
 [38;2;0;0;0m     [38;2;0;0;232m@ [38;2;168;168;168m4[38;2;251;251;251m@[38;2;252;252;252m@@[38;2;245;245;245m@[38;2;182;182;182my[38;2;181;181;181my[38;2;233;233;233mg[38;2;242;242;242m@[38;2;251;251;251m@[38;2;252;252;252m@@@@@@@@@@@@[38;2;223;223;223m@ [38;2;0;0;202m4[38;2;0;0;222m[      [39m
 [38;2;0;0;0m     [38;2;0;0;234m@ [38;2;159;159;159m4[38;2;251;251;251m@[38;2;252;252;252m@@@@@@@@@@@@@@@@@@@@[38;2;231;231;231m@ [38;2;1;1;197m4[38;2;0;0;224m[      [39m
 [38;2;0;0;0m     [38;2;0;0;236m@ [38;2;147;147;147m4[38;2;251;251;251m@[38;2;252;252;252m@@@@@@@@@@@@@@@@@@@@[38;2;237;237;237m@ [38;2;1;0;193mJ[38;2;1;1;204m$      [39m
 [38;2;0;0;0m     [38;2;0;0;236m@ [38;2;131;131;132m4[38;2;251;251;251m@[38;2;252;252;252m@@@@@@@@@@@@@@@@@@@@[38;2;239;239;239m@ [38;2;0;0;185mJ[38;2;1;0;210m$      [39m
 [38;2;0;0;0m     [38;2;0;0;236m@ [38;2;110;110;110m4[38;2;251;251;251m@[38;2;252;252;252m@@@@@@@@@@@@@@@@@@@@[38;2;243;243;243m@  [38;2;0;0;217m$      [39m
 [38;2;0;0;0m     [38;2;0;0;231m@ [38;2;64;64;65m4[38;2;249;249;249m@[38;2;252;252;252m@@@@@@@@@@@@@@@@@@@@[38;2;243;243;243m@ [38;2;0;0;181mj[38;2;0;0;217m$      [39m
 [38;2;0;0;0m     [38;2;0;0;218m`[38;2;0;0;222m$[38;2;0;0;204m,[38;2;188;188;188m~[38;2;163;163;163mM[38;2;194;194;194m@[38;2;251;251;251m@@[38;2;252;252;252m@[38;2;233;233;233m@[38;2;217;217;217mF[38;2;182;182;182mF[38;2;180;180;180mR[38;2;242;242;242m@[38;2;252;252;252m@[38;2;251;251;251m@[38;2;248;248;248m@[38;2;182;182;182m@[38;2;187;187;187mF[38;2;167;167;167mP[38;2;214;214;214m@[38;2;252;252;252m@[38;2;251;251;251m@[38;2;204;204;204m@[38;2;175;175;175m~[38;2;1;1;189m_[38;2;0;0;232ma[38;2;0;0;231m'      [39m
 [38;2;0;0;0m      [38;2;2;1;197m~[38;2;0;0;227m4[38;2;0;0;226maa__[38;2;143;143;143m`[38;2;118;118;118m`[38;2;0;0;225m_[38;2;0;0;216ma[38;2;0;0;227ma[38;2;0;0;211my[38;2;0;0;225m_[38;2;132;132;132m`[38;2;139;139;139m`[38;2;0;0;225m_[38;2;0;0;227m_[38;2;0;0;226ma[38;2;0;0;221mg[38;2;0;0;225m_[38;2;0;0;227m_[38;2;0;0;226m__[38;2;0;0;227mg[38;2;0;0;226mP[38;2;0;0;232m'       [39m
 [38;2;0;0;0m          [38;2;1;0;219m~[38;2;0;0;226m~~~~[38;2;0;0;220m` [38;2;0;0;228m`[38;2;0;0;226m~~~[38;2;0;0;227m~[38;2;1;0;213m~  [38;2;0;0;222m~[38;2;0;0;226m~~[38;2;0;0;224m~[38;2;4;4;184m`         [39m
 [38;2;0;0;0m                                       [39m
[?25h