[?25l[39m [38;2;0;0;0m              [38;2;0;0;228m_[38;2;0;0;224m_[38;2;0;0;226m_[38;2;1;1;210my[38;2;0;0;216myy[38;2;1;1;210my[38;2;0;0;226m_[38;2;0;0;224m_[38;2;0;0;230m_               [39m
 [38;2;0;0;0m          [38;2;1;0;209m_[38;2;1;1;207my[38;2;0;0;225ma[38;2;0;0;220mP[38;2;0;0;225m~[38;2;0;0;228m~[38;2;109;109;109m_[38;2;228;228;228m_[38;2;237;237;237m__[38;2;228;228;228m_[38;2;109;109;109m_[38;2;0;0;227m~[38;2;0;0;225m~[38;2;0;0;219m4[38;2;0;0;227ma[38;2;1;1;207my[38;2;1;0;210m_           [39m
 [38;2;0;0;0m        [38;2;0;0;216m_[38;2;0;0;229ma[38;2;0;0;220mF[38;2;1;0;211m~[38;2;222;222;222m_[38;2;215;215;215my[38;2;252;252;252mg[38;2;248;248;248m@[38;2;251;251;251m@[38;2;252;252;252m@@@@[38;2;251;251;251m@[38;2;250;250;250m@[38;2;219;219;219m$[38;2;215;215;215my[38;2;222;222;222m_[38;2;0;0;210m~[38;2;0;0;214m?[38;2;0;0;228ma[38;2;1;0;217m_         [39m
 [38;2;0;0;0m       [38;2;1;0;215mg[38;2;0;0;228mF[38;2;0;0;191m'[38;2;175;175;175my[38;2;213;213;213m@[38;2;251;251;251m@[38;2;252;252;252m@@@@@@@@@@@@[38;2;251;251;251m@[38;2;226;226;226m@[38;2;166;166;166my [38;2;0;0;218m4[38;2;0;0;214mg        [39m
 [38;2;0;0;0m      [38;2;0;0;223mg[38;2;1;0;216mF [38;2;216;216;216mg[38;2;251;251;251m@[38;2;252;252;252m@@@@@@@@@@@@@@@@[38;2;251;251;251m@[38;2;194;194;194m$ [38;2;0;0;221m~$       [39m
 [38;2;0;0;0m     [38;2;1;0;207mj[38;2;0;0;229mF [38;2;201;201;201mg[38;2;251;251;251m@[38;2;252;252;252m@[38;2;251;251;251m@@[38;2;252;252;252m@@@@@@@@[38;2;251;251;251m@[38;2;252;252;252m@@@@@@[38;2;251;251;251m@[38;2;178;178;178m@ [38;2;0;0;221m?[38;2;0;0;220mi      [39m
 [38;2;0;0;0m     [38;2;0;0;217m@  [38;2;244;244;244m@[38;2;252;252;252m@[38;2;242;242;242m@[38;2;200;200;200m~[38;2;187;187;187m~[38;2;174;174;174mT[38;2;179;179;179mR[38;2;226;226;226m@[38;2;251;251;251m@[38;2;252;252;252m@@[38;2;251;251;251m@[38;2;170;170;170m@[38;2;168;168;168m~[38;2;233;233;233m~[38;2;175;175;175mF[38;2;183;183;183m@[38;2;246;246;246m@[38;2;251;251;251m@[38;2;252;252;252m@@[38;2;249;249;249m@  [38;2;0;0;225m$      [39m
 [38;2;0;0;0m     [38;2;0;0;225m@  [38;2;249;249;249m@[38;2;252;252;252m@@[38;2;243;243;243m@[38;2;212;212;212ma[38;2;94;94;94m+  [38;2;85;85;85m`[38;2;167;167;167m$[38;2;252;252;252m@@@[38;2;223;223;223m$[38;2;197;197;197m*   [38;2;213;213;213m`[38;2;236;236;236m@[38;2;252;252;252m@[38;2;251;251;251m@  [38;2;0;0;227m@      [39m
 [38;2;0;0;0m     [38;2;0;0;225m@  [38;2;249;249;249m@[38;2;252;252;252m@[38;2;240;240;240m@[38;2;134;134;134m`[38;2;85;85;85m_[38;2;142;142;142my[38;2;206;206;206my[38;2;240;240;240mg[38;2;236;236;236m@[38;2;251;251;251m@[38;2;252;252;252m@[38;2;251;251;251m@[38;2;170;170;170m@ [38;2;192;192;192m_[38;2;171;171;171my[38;2;203;203;203mg[38;2;250;250;250mg[38;2;247;247;247m@[38;2;252;252;252m@@[38;2;251;251;251m@  [38;2;0;0;227m@      [39m
 [38;2;0;0;0m     [38;2;0;0;225m@  [38;2;249;249;249m@[38;2;252;252;252m@@[38;2;251;251;251m@@[38;2;252;252;252m@@@@@@@@[38;2;251;251;251m@@[38;2;252;252;252m@@@@@@[38;2;251;251;251m@  [38;2;0;0;227m@      [39m
 [38;2;0;0;0m     [38;2;0;0;225m@  [38;2;249;249;249m@[38;2;252;252;252m@@@@@@@@@@@@@@@@@@@@[38;2;251;251;251m@  [38;2;0;0;227m@      [39m
 [38;2;0;0;0m     [38;2;0;0;225m@  [38;2;249;249;249m@[38;2;252;252;252m@@@@@@@@@@@@@@@@@@@@[38;2;251;251;251m@  [38;2;0;0;227m@      [39m
 [38;2;0;0;0m     [38;2;0;0;225m@  [38;2;249;249;249m@[38;2;252;252;252m@@@@@@@@@@@@@@@@@@@@[38;2;251;251;251m@  [38;2;0;0;227m@      [39m
 [38;2;0;0;0m     [38;2;0;0;225m@  [38;2;249;249;249m@[38;2;252;252;252m@@@@@@@@@@@@@@@@@@@@[38;2;251;251;251m@  [38;2;0;0;226m@      [39m
 [38;2;0;0;0m     [38;2;0;0;214m@[38;2;0;0;217mL [38;2;180;180;180m@[38;2;251;251;251m@[38;2;252;252;252m@@@[38;2;251;251;251m@@@[38;2;252;252;252m@@@@@[38;2;251;251;251m@@@[38;2;252;252;252m@@@@[38;2;251;251;251m@[38;2;204;204;204m@ [38;2;0;0;218mj[38;2;0;0;219m@      [39m
 [38;2;0;0;0m     [38;2;2;1;208m`[38;2;0;0;227m@[38;2;0;0;219my[38;2;0;0;220m_[38;2;199;199;199m~[38;2;179;179;179mF[38;2;192;192;192mP[38;2;185;185;185mF[38;2;182;182;182m~[38;2;0;0;227m_[38;2;92;92;92m`[38;2;221;221;221m~[38;2;184;184;184mF[38;2;196;196;196mP[38;2;199;199;199mF[38;2;238;238;238m~[38;2;106;106;106m`[38;2;0;0;228m_[38;2;148;148;148m~[38;2;178;178;178mT[38;2;190;190;190mP[38;2;209;209;209mF[38;2;174;174;174mF[38;2;139;139;139m~[38;2;0;0;228m_[38;2;0;0;218my[38;2;0;0;227m@[38;2;0;0;231m'      [39m
 [38;2;0;0;0m      [38;2;2;2;193m`[38;2;0;0;227m~[38;2;0;0;223m@[38;2;0;0;225m@[38;2;0;0;226mg[38;2;0;0;227mg[38;2;0;0;226mg@[38;2;0;0;214m@[38;2;0;0;224m@[38;2;0;0;225m@[38;2;0;0;226mg[38;2;0;0;227mg[38;2;0;0;226mg[38;2;0;0;224m@[38;2;0;0;225m@[38;2;0;0;214m@[38;2;0;0;227m@[38;2;0;0;226mg[38;2;0;0;227mgg[38;2;0;0;226mg[38;2;0;0;227m@[38;2;0;0;219mR[38;2;1;1;207mF[38;2;1;1;203m'       [39m
 [38;2;0;0;0m         [38;2;2;1;209m`[38;2;1;1;215m~[38;2;0;0;224m~[38;2;1;1;204m~   [38;2;2;0;216m`[38;2;1;1;216m~[38;2;0;0;223m~[38;2;0;1;219m~[38;2;2;0;216m`   [38;2;2;1;200m~[38;2;1;0;224m~[38;2;0;0;223m~[38;2;0;0;228m`           [39m
 [38;2;0;0;0m                                       [39m
[?25h