[?25l[39m [38;2;0;0;0m                 [38;2;3;0;202m_[38;2;0;0;224m_[38;2;0;0;222m_[38;2;1;0;202m_                  [39m
 [38;2;0;0;0m           [38;2;2;2;193m_[38;2;0;0;225m_[38;2;0;0;222ma[38;2;0;0;226mg@[38;2;0;0;228m@@[38;2;0;0;224m@@[38;2;0;0;228m@[38;2;0;0;227m@@[38;2;0;0;226mg[38;2;0;0;220mg[38;2;0;0;225m_[38;2;3;1;194m_            [39m
 [38;2;0;0;0m         [38;2;0;0;231m_[38;2;0;0;227mg@[38;2;0;0;223mP[38;2;0;0;225m~[38;2;0;0;221m~[38;2;219;219;219m_[38;2;161;161;161my[38;2;184;184;184my[38;2;195;195;195myy[38;2;184;184;184my[38;2;157;157;157my[38;2;219;219;219m_[38;2;0;0;220m~[38;2;0;0;227m~[38;2;0;0;224m4[38;2;0;0;227m@g[38;2;0;0;231m_          [39m
 [38;2;0;0;0m       [38;2;0;0;208m_[38;2;0;0;227mg[38;2;0;0;217m@[38;2;0;0;228m~[38;2;118;118;118m_[38;2;202;202;202my[38;2;248;248;248mg[38;2;250;250;250m@[38;2;251;251;251m@[38;2;252;252;252m@@@@@@[38;2;251;251;251m@@[38;2;209;209;209m@[38;2;201;201;201my[38;2;120;120;120m_[38;2;0;0;224m~[38;2;0;0;223mR$[38;2;0;1;209m_        [39m
 [38;2;0;0;0m      [38;2;0;0;218m_[38;2;0;0;229m@[38;2;0;0;208mF [38;2;198;198;198mg[38;2;249;249;249m@[38;2;252;252;252m@@@@@@@@@@@@@@[38;2;250;250;250m@[38;2;198;198;198mg[38;2;66;66;66m,[38;2;0;0;224m~[38;2;0;0;228m@[38;2;0;0;219m_       [39m
 [38;2;0;0;0m      [38;2;0;0;231m@[38;2;1;0;196m~[38;2;90;90;90m_[38;2;214;214;214m@[38;2;252;252;252m@@@@@@@@@@@@@@@@@@[38;2;231;231;231m@[38;2;90;90;90m_[38;2;1;0;198m"[38;2;0;0;229m@,      [39m
 [38;2;0;0;0m     [38;2;0;0;214mg[38;2;0;0;218mF [38;2;199;199;199m$[38;2;252;252;252m@[38;2;251;251;251m@[38;2;196;196;196mF[38;2;251;251;251m~[38;2;165;165;165m@[38;2;245;245;245m@[38;2;251;251;251m@[38;2;252;252;252m@@@@[38;2;221;221;221m@[38;2;251;251;251m~[38;2;156;156;156mM[38;2;202;202;202m@[38;2;251;251;251m@[38;2;252;252;252m@@@@[38;2;213;213;213m@ [38;2;0;0;204m?[38;2;0;0;217m$      [39m
 [38;2;0;0;0m     [38;2;0;0;225m@  [38;2;249;249;249m@[38;2;252;252;252m@[38;2;251;251;251m@[38;2;245;245;245mg[38;2;198;198;198my[38;2;194;194;194m_ [38;2;170;170;170m~[38;2;140;140;140m5[38;2;235;235;235m@[38;2;252;252;252m@@[38;2;249;249;249m@[38;2;215;215;215mg[38;2;163;163;163my[38;2;83;83;83m_[38;2;85;85;85m`[38;2;235;235;235m~[38;2;191;191;191mM[38;2;251;251;251m@[38;2;252;252;252m@[38;2;251;251;251m@  [38;2;0;0;225m@      [39m
 [38;2;0;0;0m     [38;2;0;0;226m@  [38;2;249;249;249m@[38;2;252;252;252m@[38;2;251;251;251m@[38;2;196;196;196m@[38;2;181;181;181mF[38;2;158;158;158m~ [38;2;230;230;230m_[38;2;211;211;211my[38;2;233;233;233m@[38;2;252;252;252m@@[38;2;246;246;246m@[38;2;205;205;205mP[38;2;241;241;241m~[38;2;111;111;111m`[38;2;91;91;91m_[38;2;165;165;165my[38;2;219;219;219mg[38;2;251;251;251m@[38;2;252;252;252m@[38;2;251;251;251m@  [38;2;0;0;226m@      [39m
 [38;2;0;0;0m     [38;2;0;0;226m@  [38;2;249;249;249m@[38;2;252;252;252m@[38;2;251;251;251m@[38;2;207;207;207my[38;2;188;188;188my[38;2;237;237;237mg[38;2;244;244;244m@[38;2;251;251;251m@[38;2;252;252;252m@@@@[38;2;225;225;225m@[38;2;182;182;182my[38;2;211;211;211my[38;2;251;251;251mg@[38;2;252;252;252m@@@@[38;2;251;251;251m@  [38;2;0;0;226m@      [39m
 [38;2;0;0;0m     [38;2;0;0;226m@  [38;2;249;249;249m@[38;2;252;252;252m@@@@@@@@@@@@@@@@@@@@[38;2;251;251;251m@  [38;2;0;0;226m@      [39m
 [38;2;0;0;0m     [38;2;0;0;226m@  [38;2;249;249;249m@[38;2;252;252;252m@@@@@@@@@@@@@@@@@@@@[38;2;251;251;251m@  [38;2;0;0;227m@      [39m
 [38;2;0;0;0m     [38;2;0;0;226m@  [38;2;249;249;249m@[38;2;252;252;252m@@@@@@@@@@@@@@@@@@@@[38;2;251;251;251m@  [38;2;0;0;227m@      [39m
 [38;2;0;0;0m     [38;2;0;0;221m@  [38;2;246;246;246m@[38;2;252;252;252m@@@@@@@@@@@@@@@@@@@@[38;2;249;249;249m@  [38;2;0;0;224m@      [39m
 [38;2;0;0;0m     [38;2;1;0;213m`[38;2;0;0;224m$[38;2;0;0;208m,[38;2;175;175;175m~[38;2;196;196;196m@[38;2;251;251;251m@@@[38;2;228;228;228m@[38;2;214;214;214mF[38;2;181;181;181mF[38;2;196;196;196mA[38;2;247;247;247m@[38;2;251;251;251m@@[38;2;247;247;247m@[38;2;228;228;228mP[38;2;186;186;186mF[38;2;194;194;194mF[38;2;225;225;225m@[38;2;251;251;251m@@@[38;2;210;210;210m@[38;2;197;197;197m~ [38;2;0;0;231ma[38;2;1;1;195mF      [39m
 [38;2;0;0;0m      [38;2;0;0;217m`[38;2;0;0;224m4[38;2;0;0;223mg[38;2;0;0;225m_[38;2;0;0;228m_[38;2;180;180;180m`[38;2;0;0;228m_[38;2;0;0;226m_[38;2;0;0;218ma[38;2;0;0;228ma[38;2;0;0;207my[38;2;0;0;227m_[38;2;161;161;161m``[38;2;0;0;227m_[38;2;0;0;207my[38;2;0;0;228ma[38;2;0;0;216mg[38;2;0;0;226m_[38;2;103;103;103m`[38;2;179;179;179m`[38;2;0;0;228m_[38;2;0;0;225m_a[38;2;0;0;226mP[38;2;1;1;203m~       [39m
 [38;2;0;0;0m        [38;2;3;3;184m`[38;2;1;0;226m~[38;2;0;0;226m~[38;2;0;0;225m~~[38;2;0;0;230m~[38;2;2;0;207m` [38;2;1;1;204m~[38;2;0;0;227m~[38;2;0;0;225m~~[38;2;0;0;227m~[38;2;2;1;205m~ [38;2;2;1;204m`[38;2;0;0;227m~[38;2;0;0;225m~~~[38;2;0;0;226m~[38;2;2;3;189m`         [39m
 [38;2;0;0;0m                                       [39m
 [38;2;0;0;0m                                       [39m
[?25h