[?25l[39m [38;2;0;0;0m             [38;2;2;1;197m_[38;2;0;0;229m_[38;2;0;0;226m_[38;2;1;1;203my[38;2;1;0;213my[38;2;0;0;216my[38;2;0;0;214my[38;2;1;1;205my[38;2;0;0;226m_[38;2;0;0;228m_[38;2;3;2;199m_               [39m
 [38;2;0;0;0m          [38;2;0;0;227m_[38;2;0;0;223mg[38;2;0;0;225m@[38;2;0;0;223mP[38;2;0;0;226m~~[38;2;0;0;227m~[38;2;0;0;229m~~[38;2;0;0;230m~[38;2;0;0;227m~[38;2;0;0;226m~[38;2;0;0;222m=[38;2;0;0;216m@[38;2;0;0;225m@[38;2;0;0;219mg[38;2;0;0;229m_            [39m
 [38;2;0;0;0m       [38;2;1;1;198m_[38;2;0;0;221ma[38;2;0;0;224m@~[38;2;0;0;211m~[38;2;137;137;137my[38;2;208;208;208my[38;2;245;245;245mg[38;2;232;232;232m$[38;2;248;248;248m@[38;2;250;250;250m@[38;2;251;251;251m@[38;2;250;250;250m@[38;2;242;242;242m@[38;2;220;220;220m$[38;2;206;206;206mg[38;2;171;171;171my[38;2;103;103;103m_[38;2;0;0;226m~[38;2;0;0;228m4[38;2;0;0;222m@[38;2;0;0;228m_          [39m
 [38;2;0;0;0m      [38;2;1;0;213my[38;2;0;0;223m@[38;2;0;0;225m~[38;2;144;144;144m_[38;2;205;205;205mg[38;2;241;241;241m@[38;2;251;251;251m@[38;2;252;252;252m@@@@@@@@@@@[38;2;251;251;251m@[38;2;225;225;225mg[38;2;162;162;162m_[38;2;0;0;201m~[38;2;0;0;222mR[38;2;0;0;219mg         [39m
 [38;2;0;0;0m     [38;2;0;0;223mg[38;2;0;0;229mF [38;2;175;175;175mg[38;2;248;248;248m@[38;2;252;252;252m@@@@@@@@@@@@@@@@[38;2;251;251;251m@[38;2;187;187;187my [38;2;0;0;224m?[38;2;0;0;219m$        [39m
 [38;2;0;0;0m    [38;2;0;0;218mj[38;2;0;0;230mF [38;2;186;186;186mg[38;2;251;251;251m@[38;2;252;252;252m@@@@@@@@@@@@@@@@@@[38;2;251;251;251m@[38;2;146;146;146my [38;2;0;0;226mB[38;2;1;0;209mi       [39m
 [38;2;0;0;0m    [38;2;0;0;228m@  [38;2;211;211;211m@[38;2;215;215;215m@@@@[38;2;219;219;219m@[38;2;252;252;252m@@@@@@@@@@@@@@@[38;2;236;236;236m@ [38;2;0;0;183mJ[38;2;0;0;216m$       [39m
 [38;2;0;0;0m    [38;2;0;0;233m@  [38;2;235;235;235m_____[38;2;241;241;241m_[38;2;184;184;184m$[38;2;252;252;252m@@@@@@@@@@@@@@[38;2;247;247;247m@  [38;2;0;0;221m$       [39m
 [38;2;0;0;0m    [38;2;0;0;233m@ [38;2;78;78;79m4[38;2;250;250;250m@[38;2;252;252;252m@@@@@@@@@@@@@@@@@@@@[38;2;249;249;249m@  [38;2;0;0;222m$       [39m
 [38;2;0;0;0m    [38;2;0;0;229m@  [38;2;250;250;250m@[38;2;252;252;252m@@@@@@@@@@@@@@@@@@@@@  [38;2;0;0;226m$       [39m
 [38;2;0;0;0m    [38;2;0;0;218m@  [38;2;249;249;249m@[38;2;252;252;252m@@@@@@@@@@@@@@@@@@@@[38;2;251;251;251m@[38;2;73;73;74mL [38;2;0;0;230m@       [39m
 [38;2;0;0;0m    [38;2;0;0;217m4[38;2;0;0;195m[ [38;2;229;229;229m@[38;2;252;252;252m@@@@@@@@@@@@@@@@@@@@@[38;2;143;143;143mL [38;2;0;0;236m$       [39m
 [38;2;0;0;0m    [38;2;2;1;198m4[38;2;0;1;213m[ [38;2;213;213;213m$[38;2;252;252;252m@@@@@@@@@@@@@@@@@@@@[38;2;251;251;251m@[38;2;138;138;138m@ [38;2;0;0;228m$[38;2;1;0;194m,      [39m
 [38;2;0;0;0m    [38;2;3;2;191m`[38;2;0;0;225m@ [38;2;174;174;174m4[38;2;251;251;251m@[38;2;252;252;252m@@@@@@@@@@@@@@@@@@@[38;2;251;251;251m@[38;2;155;155;155m@ [38;2;0;0;220m0[38;2;0;0;205m|      [39m
 [38;2;0;0;0m     [38;2;0;0;227m~[38;2;0;0;222mg[38;2;1;0;198m_[38;2;202;202;202m~[38;2;199;199;199mR[38;2;204;204;204mF[38;2;251;251;251m~[38;2;252;252;252m~[38;2;190;190;190mR[38;2;238;238;238m@[38;2;247;247;247m@[38;2;238;238;238m@[38;2;219;219;219mP[38;2;252;252;252m~~[38;2;181;181;181mF[38;2;212;212;212m@[38;2;246;246;246m@[38;2;245;245;245m@[38;2;200;200;200m@[38;2;181;181;181mF[38;2;251;251;251m~~[38;2;203;203;203mF [38;2;0;0;232m_[38;2;0;0;223m@       [39m
 [38;2;0;0;0m      [38;2;2;1;195m~[38;2;0;0;214m4[38;2;0;0;227ma[38;2;0;0;215my[38;2;0;0;219mg[38;2;0;0;218m@[38;2;0;0;226ma[38;2;0;0;219my[38;2;0;0;226m___[38;2;0;0;215my[38;2;0;0;227ma[38;2;0;0;219m@[38;2;0;0;222mg[38;2;0;0;225m_[38;2;0;0;226m__[38;2;0;0;225m_[38;2;0;0;224mg[38;2;0;0;220m@[38;2;0;0;227ma[38;2;0;0;220mg[38;2;0;0;217m@[38;2;1;1;208mF        [39m
 [38;2;0;0;0m         [38;2;0;0;231m`[38;2;3;0;203m`  [38;2;0;0;222m`[38;2;0;0;226m~[38;2;0;0;232m~[38;2;0;0;231m~[38;2;0;0;232m`   [38;2;1;0;211m~[38;2;0;0;230m~[38;2;0;0;232m~[38;2;0;0;218m~[38;2;0;3;192m`  [38;2;1;0;215m`          [39m
 [38;2;0;0;0m                                       [39m
 [38;2;0;0;0m                                       [39m
[?25h