[?25l[39m [38;2;0;0;0m                                       [39m
 [38;2;0;0;0m              [38;2;1;0;214m_[38;2;0;0;226m__[38;2;0;0;225m_[38;2;1;1;200myy[38;2;0;0;225m_[38;2;0;0;227m__[38;2;0;0;213m_               [39m
 [38;2;0;0;0m           [38;2;0;0;224m_[38;2;0;0;227ma[38;2;0;0;226mP~[38;2;0;0;225m~[38;2;0;0;232m~[38;2;132;132;132m_[38;2;164;164;164m__[38;2;132;132;132m_[38;2;0;0;231m~[38;2;0;0;225m~~4[38;2;0;0;228ma[38;2;0;0;224m_[38;2;1;2;193m,           [39m
 [38;2;0;0;0m        [38;2;1;1;204m_[38;2;0;0;225maP[38;2;0;0;224m~[38;2;182;182;182m_[38;2;199;199;199my[38;2;240;240;240mg[38;2;231;231;231m@[38;2;251;251;251m@[38;2;252;252;252m@[38;2;251;251;251m@@@@[38;2;235;235;235m@[38;2;240;240;240mg[38;2;198;198;198my[38;2;182;182;182m_[38;2;0;0;220m~[38;2;0;0;223m4[38;2;0;0;222mg[38;2;0;0;204m_         [39m
 [38;2;0;0;0m       [38;2;0;0;212my[38;2;0;0;229mP[38;2;1;0;208m'[38;2;147;147;147my[38;2;245;245;245mg[38;2;251;251;251m@[38;2;252;252;252m@@@@@@@@@@@@[38;2;251;251;251m@[38;2;218;218;218m$[38;2;132;132;132my[38;2;1;2;203m`[38;2;0;0;228m4[38;2;1;0;214my        [39m
 [38;2;0;0;0m      [38;2;0;0;218mg[38;2;0;0;224mF [38;2;202;202;202mg[38;2;251;251;251m@[38;2;252;252;252m@@@@@@@@@@@@@@@@[38;2;251;251;251m@[38;2;168;168;168m@ [38;2;0;0;227m~[38;2;0;0;214m$       [39m
 [38;2;0;0;0m     [38;2;1;1;201mj[38;2;0;0;231mF [38;2;189;189;189mg[38;2;251;251;251m@@[38;2;218;218;218mP[38;2;182;182;182mM[38;2;218;218;218m@[38;2;251;251;251m@[38;2;252;252;252m@@@@@@@@@@@@@[38;2;251;251;251m@[38;2;169;169;169m$ [38;2;0;0;220m4[38;2;0;0;215mi      [39m
 [38;2;0;0;0m     [38;2;0;0;216m@[38;2;0;0;182m[ [38;2;242;242;242m@[38;2;252;252;252m@[38;2;251;251;251m@[38;2;201;201;201mg[38;2;141;141;141my[38;2;66;66;66m_[38;2;160;160;160m`[38;2;245;245;245m~[38;2;190;190;190mA[38;2;249;249;249m@[38;2;252;252;252m@[38;2;249;249;249m@[38;2;229;229;229mP[38;2;218;218;218mPPPPP[38;2;204;204;204mR[38;2;250;250;250m@[38;2;252;252;252m@[38;2;248;248;248m@  [38;2;0;0;225m$      [39m
 [38;2;0;0;0m     [38;2;0;0;225m@  [38;2;249;249;249m@[38;2;252;252;252m@[38;2;251;251;251m@[38;2;236;236;236m@[38;2;204;204;204mP[38;2;209;209;209m~ [38;2;95;95;95m_[38;2;166;166;166my[38;2;213;213;213m@[38;2;252;252;252m@[38;2;228;228;228m@[38;2;177;177;177my[38;2;164;164;164myyyyy[38;2;182;182;182my[38;2;223;223;223m@[38;2;252;252;252m@[38;2;251;251;251m@  [38;2;0;0;227m@      [39m
 [38;2;0;0;0m     [38;2;0;0;225m@  [38;2;249;249;249m@[38;2;252;252;252m@[38;2;251;251;251m@[38;2;158;158;158my[38;2;253;253;253m_[38;2;211;211;211my[38;2;251;251;251mg@[38;2;252;252;252m@@@@@@@@@@@@@[38;2;251;251;251m@  [38;2;0;0;227m@      [39m
 [38;2;0;0;0m     [38;2;0;0;225m@  [38;2;249;249;249m@[38;2;252;252;252m@@@@@@@@@@@@@@@@@@@@[38;2;251;251;251m@  [38;2;0;0;227m@      [39m
 [38;2;0;0;0m     [38;2;0;0;225m@  [38;2;249;249;249m@[38;2;252;252;252m@@@@@@@@@@@@@@@@@@@@[38;2;251;251;251m@  [38;2;0;0;226m@      [39m
 [38;2;0;0;0m     [38;2;0;0;225m@  [38;2;249;249;249m@[38;2;252;252;252m@@@@@@@@@@@@@@@@@@@@[38;2;251;251;251m@  [38;2;0;0;227m@      [39m
 [38;2;0;0;0m     [38;2;0;0;225m@  [38;2;249;249;249m@[38;2;252;252;252m@@@@@@@@@@@@@@@@@@@@[38;2;251;251;251m@  [38;2;0;0;226m@      [39m
 [38;2;0;0;0m     [38;2;0;0;218m@  [38;2;241;241;241m@[38;2;252;252;252m@@@@@@@@@@@@@@@@@@@@[38;2;248;248;248m@  [38;2;0;0;224m$      [39m
 [38;2;0;0;0m     [38;2;1;1;208m`[38;2;0;0;225m@[38;2;0;0;215m_[38;2;134;134;134m~[38;2;165;165;165m@[38;2;242;242;242m@[38;2;251;251;251m@[38;2;248;248;248m@[38;2;200;200;200m@[38;2;186;186;186mF[38;2;251;251;251m~[38;2;171;171;171mP[38;2;225;225;225m@[38;2;251;251;251m@@[38;2;229;229;229m@[38;2;217;217;217mF[38;2;251;251;251m~[38;2;145;145;145mM[38;2;191;191;191m@[38;2;248;248;248m@[38;2;251;251;251m@[38;2;243;243;243m@[38;2;181;181;181m@[38;2;166;166;166m~[38;2;0;0;211m_[38;2;0;0;232ma[38;2;0;0;231m'      [39m
 [38;2;0;0;0m      [38;2;1;2;208m`[38;2;0;0;214m?[38;2;0;0;227ma[38;2;0;0;209my[38;2;0;0;225m_[38;2;0;0;223m_[38;2;0;0;225m__g[38;2;0;0;224m@[38;2;0;0;216mg[38;2;0;0;227m_[38;2;0;0;225m__[38;2;0;0;227m_[38;2;0;0;221ma@[38;2;0;0;227ma[38;2;0;0;225m__[38;2;0;0;223m_[38;2;0;0;225m_[38;2;0;0;208my[38;2;0;0;227ma[38;2;0;0;214mP[38;2;0;0;224m'       [39m
 [38;2;0;0;0m         [38;2;0;0;226m`~[38;2;0;0;227m~[38;2;0;0;226m~[38;2;1;0;209m~  [38;2;2;0;209m`[38;2;0;0;221m~[38;2;0;0;227m~~[38;2;0;0;223m~[38;2;0;1;208m`  [38;2;1;1;207m~[38;2;0;0;225m~[38;2;0;0;227m~[38;2;0;0;226m~[38;2;2;1;198m~          [39m
 [38;2;0;0;0m                                       [39m
[?25h