[?25l[39m [38;2;0;0;0m                [38;2;0;0;221m_[38;2;0;0;230m_[38;2;0;0;225m_[38;2;0;0;224m__[38;2;0;0;228m_[38;2;0;0;231m_                [39m
 [38;2;0;0;0m            [38;2;0;0;229m_[38;2;0;0;221ma[38;2;0;0;214m@[38;2;0;0;219mP[38;2;0;0;226m~~[38;2;0;0;230m~~~[38;2;0;0;228m~[38;2;0;0;225m~[38;2;0;0;227m~[38;2;0;0;220m4[38;2;0;0;227ma[38;2;1;1;209my[38;2;0;0;228m_           [39m
 [38;2;0;0;0m          [38;2;1;0;209my[38;2;0;0;219m@[38;2;0;0;226m~[38;2;0;0;213m`[38;2;147;147;147my[38;2;217;217;217my[38;2;251;251;251mg[38;2;229;229;229m@[38;2;250;250;250m@[38;2;251;251;251m@@[38;2;250;250;250m@[38;2;231;231;231m@[38;2;251;251;251mg[38;2;221;221;221my[38;2;161;161;161my[38;2;101;101;101m_[38;2;0;0;225m~[38;2;0;0;218mR[38;2;0;0;215my[38;2;1;1;211m,        [39m
 [38;2;0;0;0m        [38;2;1;1;196m_[38;2;0;0;221m@[38;2;0;0;228m~ [38;2;182;182;182mg[38;2;237;237;237m@[38;2;251;251;251m@[38;2;252;252;252m@@@@@@@@@@@[38;2;251;251;251m@[38;2;237;237;237mg[38;2;136;136;136my[38;2;0;0;221m`[38;2;0;0;225m4[38;2;1;0;217my       [39m
 [38;2;0;0;0m        [38;2;0;0;228m@[38;2;0;1;203m'[38;2;95;95;95my[38;2;220;220;220m@[38;2;252;252;252m@@@@@@@@@@@@@@@@[38;2;251;251;251m@[38;2;205;205;205m$[38;2;87;87;87m,[38;2;0;0;218m~[38;2;0;0;228m$[38;2;1;0;198m,     [39m
 [38;2;0;0;0m       [38;2;0;0;222m@[38;2;1;1;204m' [38;2;229;229;229m@[38;2;252;252;252m@@@@@[38;2;251;251;251m@[38;2;201;201;201m@[38;2;188;188;188m@[38;2;248;248;248m@[38;2;251;251;251m@[38;2;252;252;252m@@@@@@@@@[38;2;230;230;230m@ [38;2;0;0;204m"[38;2;0;0;225m$     [39m
 [38;2;0;0;0m       [38;2;0;0;227m@ [38;2;155;155;155ma[38;2;251;251;251m@[38;2;252;252;252m@@@@@[38;2;250;250;250m@[38;2;192;192;192my[38;2;168;168;168m_ [38;2;203;203;203m~[38;2;178;178;178mF[38;2;210;210;210m@[38;2;251;251;251m@[38;2;252;252;252m@@[38;2;221;221;221m@[38;2;215;215;215m@@@@[38;2;147;147;147mK [38;2;0;0;229mB[38;2;0;0;206m,    [39m
 [38;2;0;0;0m      [38;2;3;2;177mJ[38;2;0;0;215m@ [38;2;162;162;162m$[38;2;252;252;252m@@@@@@@[38;2;249;249;249m@[38;2;195;195;195m@[38;2;134;134;134mF  [38;2;219;219;219m_[38;2;218;218;218m$[38;2;251;251;251m@[38;2;212;212;212m@[38;2;243;243;243m_[38;2;234;234;234m____[38;2;161;161;161m_ [38;2;0;0;214m0[38;2;0;0;206ml    [39m
 [38;2;0;0;0m      [38;2;3;2;184mJ[38;2;0;0;211m$ [38;2;172;172;172m$[38;2;252;252;252m@@@@@@[38;2;246;246;246m@[38;2;184;184;184m_[38;2;177;177;177m_[38;2;181;181;181my[38;2;232;232;232mg[38;2;239;239;239m@[38;2;251;251;251m@[38;2;252;252;252m@@@@@@@@[38;2;190;190;190m$ [38;2;0;0;218m0[38;2;0;0;200ml    [39m
 [38;2;0;0;0m      [38;2;1;1;196mJ[38;2;1;1;201m$ [38;2;197;197;197m$[38;2;252;252;252m@@@@@@@[38;2;251;251;251m@@[38;2;252;252;252m@@@@@@@@@@@[38;2;251;251;251m@[38;2;164;164;164m$ [38;2;0;0;223m$[38;2;0;1;197m'    [39m
 [38;2;0;0;0m      [38;2;1;0;213mJ[38;2;0;0;210m[ [38;2;228;228;228m$[38;2;252;252;252m@@@@@@@@@@@@@@@@@@@@[38;2;251;251;251m@[38;2;164;164;164mF [38;2;0;0;234m$     [39m
 [38;2;0;0;0m      [38;2;0;0;220mg[38;2;0;0;185m[ [38;2;241;241;241m@[38;2;252;252;252m@@@@@@@@@@@@@@@@@@@@[38;2;251;251;251m@[38;2;95;95;95mF [38;2;0;0;230m@     [39m
 [38;2;0;0;0m      [38;2;0;0;233m@ [38;2;85;85;85m4[38;2;250;250;250m@[38;2;252;252;252m@@@@@@@@@@@@@@@@@@@@[38;2;246;246;246m@  [38;2;0;0;218m$     [39m
 [38;2;0;0;0m      [38;2;0;0;230m@ [38;2;162;162;162m4[38;2;251;251;251m@[38;2;252;252;252m@@@@@@@@@@@@@@@@@@@@[38;2;220;220;220m@ [38;2;0;0;212mJ[38;2;0;0;221m[     [39m
 [38;2;0;0;0m     [38;2;2;2;188mJ[38;2;0;0;214m@ [38;2;199;199;199m4[38;2;251;251;251m@[38;2;252;252;252m@@@@@@@@@@@@@@@@@@@[38;2;251;251;251m@[38;2;187;187;187mF [38;2;0;0;226m$[38;2;0;0;211m'     [39m
 [38;2;0;0;0m      [38;2;0;0;228m@[38;2;0;0;230m_ [38;2;144;144;144m5[38;2;210;210;210mR[38;2;181;181;181mF[38;2;238;238;238m~[38;2;249;249;249m~[38;2;179;179;179m@[38;2;236;236;236m@[38;2;242;242;242m@[38;2;220;220;220m@[38;2;217;217;217mF[38;2;245;245;245m~~[38;2;167;167;167mA[38;2;223;223;223m@[38;2;242;242;242m@[38;2;233;233;233m@[38;2;178;178;178m@[38;2;160;160;160mF[38;2;237;237;237m~[38;2;176;176;176mT[38;2;210;210;210m~[38;2;1;0;212m_[38;2;0;0;226mg[38;2;0;0;222mF      [39m
 [38;2;0;0;0m      [38;2;2;2;201m`[38;2;1;0;211m4[38;2;0;0;225m@[38;2;0;0;221mg[38;2;0;0;213my[38;2;0;0;228mg[38;2;0;0;227m@[38;2;0;0;228mg[38;2;0;0;207my[38;2;0;0;227m___[38;2;0;0;223mg@[38;2;0;0;220m@[38;2;0;0;221my[38;2;0;0;227m___[38;2;0;0;214ma[38;2;0;0;225mg[38;2;0;0;228m@g[38;2;0;0;227mgP[38;2;0;0;214m~       [39m
 [38;2;0;0;0m         [38;2;0;0;218m~[38;2;0;0;226m~[38;2;1;0;207m` [38;2;1;0;227m`[38;2;0;0;225m~[38;2;0;0;227m~~[38;2;0;0;226m~[38;2;1;1;206m~  [38;2;0;0;221m~[38;2;0;0;226m~~[38;2;0;0;227m~[38;2;0;0;224m~[38;2;2;4;188m` [38;2;2;2;198m~[38;2;4;3;187m`         [39m
 [38;2;0;0;0m                                       [39m
[?25h