[?25l[39m [38;2;0;0;0m                                       [39m
 [38;2;0;0;0m             [38;2;0;0;226m_[38;2;0;0;214my[38;2;0;0;227ma[38;2;0;0;223ms[38;2;0;0;214m#[38;2;0;0;218mP[38;2;0;0;219mP4[38;2;0;0;215m#[38;2;0;0;229ma[38;2;1;0;220mg[38;2;0;0;225m_[38;2;0;0;227m_             [39m
 [38;2;0;0;0m          [38;2;0;0;228m_a[38;2;0;0;218mP[38;2;0;0;227m~[38;2;113;113;113m_[38;2;140;140;140my[38;2;188;188;188my[38;2;212;212;212my[38;2;202;202;202ma[38;2;201;201;201mg[38;2;223;223;223my[38;2;205;205;205my[38;2;176;176;176my[38;2;231;231;231m_[38;2;0;0;217m~[38;2;0;0;226m~[38;2;0;0;228m4[38;2;0;0;221mg[38;2;0;0;226m_          [39m
 [38;2;0;0;0m        [38;2;0;0;229m_[38;2;0;0;220m@[38;2;0;0;228m~[38;2;95;95;95m_[38;2;204;204;204my[38;2;210;210;210m@[38;2;251;251;251m@[38;2;252;252;252m@@@@@@@@[38;2;251;251;251m@[38;2;250;250;250m@[38;2;242;242;242mg[38;2;173;173;173my[38;2;0;1;191m`[38;2;0;0;227m~[38;2;0;0;221m$[38;2;0;0;216m_        [39m
 [38;2;0;0;0m       [38;2;0;0;220mg[38;2;0;0;226mF [38;2;204;204;204my[38;2;245;245;245m@[38;2;252;252;252m@@@@@@@@@@@@@@@[38;2;240;240;240m@[38;2;167;167;167my [38;2;0;0;224m4[38;2;1;1;210my       [39m
 [38;2;0;0;0m      [38;2;1;0;210mg[38;2;0;0;223mF [38;2;214;214;214mg[38;2;251;251;251m@[38;2;252;252;252m@@@[38;2;251;251;251m@[38;2;252;252;252m@@@@@@@@@@@@@[38;2;251;251;251m@[38;2;157;157;157m@ [38;2;0;0;223m?[38;2;0;0;215mL      [39m
 [38;2;0;0;0m      [38;2;0;0;233m@ [38;2;146;146;146my[38;2;251;251;251m@[38;2;252;252;252m@@@[38;2;248;248;248m@[38;2;162;162;162m~[38;2;118;118;118m~[38;2;244;244;244m~[38;2;189;189;189mR[38;2;244;244;244m@[38;2;251;251;251m@[38;2;252;252;252m@@@@@@@@@[38;2;251;251;251m@[38;2;131;131;131mL [38;2;0;0;234m$      [39m
 [38;2;0;0;0m     [38;2;2;1;184mJ[38;2;0;0;210m$ [38;2;174;174;174m$[38;2;252;252;252m@@@@@[38;2;251;251;251m@[38;2;245;245;245mg[38;2;162;162;162mw  [38;2;163;163;163m~[38;2;220;220;220m$[38;2;251;251;251m@[38;2;207;207;207m@[38;2;203;203;203m~[38;2;176;176;176m~~~~~[38;2;211;211;211m~[38;2;157;157;157m$ [38;2;0;0;222mB[38;2;1;0;195m|     [39m
 [38;2;0;0;0m     [38;2;2;2;190mJ[38;2;0;0;207m$ [38;2;182;182;182m$[38;2;252;252;252m@@@@[38;2;249;249;249m@[38;2;178;178;178mF[38;2;136;136;136m~ [38;2;138;138;138my[38;2;186;186;186mg[38;2;209;209;209m@[38;2;252;252;252m@@[38;2;251;251;251m@[38;2;224;224;224m@[38;2;216;216;216m@@@@@[38;2;225;225;225m@[38;2;182;182;182m$ [38;2;0;0;222m0[38;2;0;1;196m|     [39m
 [38;2;0;0;0m     [38;2;1;1;193mJ[38;2;0;1;204m$ [38;2;190;190;190m$[38;2;252;252;252m@@@@[38;2;251;251;251m@gg[38;2;248;248;248m@[38;2;252;252;252m@@@@@@@@@@@@@[38;2;174;174;174m$ [38;2;0;0;220m$[38;2;0;0;192m|     [39m
 [38;2;0;0;0m     [38;2;1;1;200mJ[38;2;1;0;217m[ [38;2;203;203;203m$[38;2;252;252;252m@@@@@@@@@@@@@@@@@@@@[38;2;251;251;251m@[38;2;158;158;158m$ [38;2;0;0;225m$      [39m
 [38;2;0;0;0m     [38;2;1;1;206mJ[38;2;1;1;214m[ [38;2;220;220;220m$[38;2;252;252;252m@@@@@@@@@@@@@@@@@@@@[38;2;251;251;251m@[38;2;132;132;132m@ [38;2;0;0;231m$      [39m
 [38;2;0;0;0m     [38;2;1;1;208m4[38;2;0;0;207m[ [38;2;231;231;231m$[38;2;252;252;252m@@@@@@@@@@@@@@@@@@@@[38;2;251;251;251m@[38;2;153;153;153mF [38;2;0;0;235m$      [39m
 [38;2;0;0;0m     [38;2;1;0;215m4[38;2;0;0;200m[ [38;2;225;225;225m@[38;2;252;252;252m@@@@@@@@@@@@@@@@@@@@@[38;2;131;131;131mF [38;2;0;0;237m$      [39m
 [38;2;0;0;0m     [38;2;0;0;220m4[38;2;0;0;197m[ [38;2;228;228;228m@[38;2;252;252;252m@@@@@@@@@@@@@@@@@@@@[38;2;251;251;251m@[38;2;78;78;78mF [38;2;0;0;230m@      [39m
 [38;2;0;0;0m     [38;2;2;1;207m`[38;2;0;0;226m@[38;2;0;0;215m,[38;2;138;138;138m~[38;2;204;204;204mF[38;2;178;178;178mF[38;2;182;182;182mA[38;2;241;241;241m@[38;2;252;252;252m@@[38;2;246;246;246m@[38;2;176;176;176m@[38;2;185;185;185mF[38;2;186;186;186mF[38;2;213;213;213m@[38;2;252;252;252m@@[38;2;251;251;251m@[38;2;214;214;214m@[38;2;200;200;200mF[38;2;178;178;178mF[38;2;170;170;170m@[38;2;247;247;247m@[38;2;213;213;213m@[38;2;142;142;142mF [38;2;0;0;226mg[38;2;1;0;206mF      [39m
 [38;2;0;0;0m      [38;2;1;0;216m`[38;2;0;0;223m4[38;2;0;0;225mg[38;2;0;0;222ma[38;2;0;0;227ma[38;2;0;0;211my[38;2;0;0;225m_[38;2;128;128;128m`[38;2;133;133;133m`[38;2;0;0;225m_[38;2;0;0;206my[38;2;0;0;224mg[38;2;0;0;220mg[38;2;0;0;225m_[38;2;0;0;227m_[38;2;139;139;139m`[38;2;0;0;226m_[38;2;0;0;227m_[38;2;0;0;225mgg[38;2;0;0;226m_[38;2;0;0;225m_[38;2;0;0;227m_[38;2;0;0;226mg[38;2;0;0;229mP[38;2;1;0;207m~       [39m
 [38;2;0;0;0m        [38;2;3;3;188m`[38;2;1;0;210m` [38;2;2;1;205m~[38;2;0;0;226m~[38;2;0;0;227m~~~[38;2;2;0;210m~ [38;2;2;1;205m`[38;2;0;0;224m~[38;2;0;0;226m~~~[38;2;0;0;225m~[38;2;3;3;189m` [38;2;1;0;215m~[38;2;0;0;226m~[38;2;0;0;225m~[38;2;4;2;196m`         [39m
 [38;2;0;0;0m                                       [39m
[?25h