[?25l[39m [38;2;0;0;0m                                       [39m
 [38;2;0;0;0m              [38;2;0;0;228m_[38;2;0;0;226m_[38;2;1;1;203my[38;2;0;0;220my[38;2;0;0;219mgg[38;2;0;0;222my[38;2;1;1;208my[38;2;0;0;226m__[38;2;1;2;192m_              [39m
 [38;2;0;0;0m          [38;2;1;1;203m_[38;2;1;0;206my[38;2;0;0;226ma[38;2;0;0;219mP[38;2;0;0;224m~[38;2;0;0;230m~[38;2;149;149;149m_[38;2;243;243;243m_[38;2;253;253;253m__[38;2;252;252;252m_[38;2;186;186;186m_[38;2;0;0;226m~[38;2;0;0;227m~[38;2;0;0;226m~[38;2;0;0;214m@g[38;2;0;0;228m_           [39m
 [38;2;0;0;0m        [38;2;1;1;204m_[38;2;0;0;228ma[38;2;0;0;220mP[38;2;0;0;215m~[38;2;215;215;215m_[38;2;187;187;187mg[38;2;205;205;205m@[38;2;247;247;247m@[38;2;251;251;251m@@[38;2;252;252;252m@@@[38;2;251;251;251m@[38;2;252;252;252m@[38;2;231;231;231m@[38;2;224;224;224mg[38;2;164;164;164my[38;2;1;0;208m`[38;2;0;0;225m~[38;2;0;0;219m@[38;2;0;0;229m_         [39m
 [38;2;0;0;0m       [38;2;0;0;218mj[38;2;0;0;230mP[38;2;1;0;205m'[38;2;145;145;145my[38;2;246;246;246mg[38;2;251;251;251m@[38;2;252;252;252m@@@@@@@@@@@@@[38;2;249;249;249m@[38;2;178;178;178mg [38;2;0;0;227m~[38;2;0;0;226m$[38;2;0;0;218m,       [39m
 [38;2;0;0;0m      [38;2;0;0;226mj[38;2;0;0;229mF [38;2;189;189;189mg[38;2;251;251;251m@[38;2;252;252;252m@@@@@@@@@@@@@@@@@[38;2;231;231;231m@[38;2;113;113;113m_[38;2;2;1;202m`[38;2;0;0;230m$[38;2;1;0;207m,      [39m
 [38;2;0;0;0m      [38;2;0;0;227m@ [38;2;144;144;144mg[38;2;251;251;251m@[38;2;240;240;240m@[38;2;174;174;174mF[38;2;158;158;158mM[38;2;202;202;202m@[38;2;251;251;251m@[38;2;252;252;252m@@@@@@@@@@@@@@[38;2;231;231;231m@ [38;2;1;0;206m`[38;2;0;0;219m$      [39m
 [38;2;0;0;0m     [38;2;2;1;206m4[38;2;1;0;211m[ [38;2;223;223;223m$[38;2;252;252;252m@[38;2;250;250;250m@[38;2;215;215;215mg[38;2;163;163;163my[38;2;107;107;107m_[38;2;81;81;81m`[38;2;233;233;233m~[38;2;175;175;175mA[38;2;251;251;251m@@[38;2;215;215;215m@[38;2;201;201;201mF[38;2;198;198;198mFFFFF[38;2;197;197;197mM[38;2;251;251;251m@[38;2;252;252;252m@[38;2;251;251;251m@[38;2;139;139;140mL [38;2;0;0;236m$      [39m
 [38;2;0;0;0m     [38;2;1;0;211m4[38;2;1;1;204m[ [38;2;233;233;233m$[38;2;252;252;252m@[38;2;250;250;250m@[38;2;179;179;179m@[38;2;164;164;164mF[38;2;118;118;118m~ [38;2;141;141;141my[38;2;192;192;192mg[38;2;248;248;248m@[38;2;251;251;251m@[38;2;209;209;209m@[38;2;205;205;205my[38;2;202;202;202myyyyyg[38;2;250;250;250m@[38;2;252;252;252m@[38;2;251;251;251m@[38;2;142;142;142mF [38;2;0;0;235m$      [39m
 [38;2;0;0;0m     [38;2;0;0;212m4[38;2;0;0;202m[ [38;2;234;234;234m$[38;2;252;252;252m@[38;2;236;236;236m@[38;2;178;178;178my[38;2;193;193;193my[38;2;246;246;246mg[38;2;248;248;248m@[38;2;252;252;252m@@@@@@@@@@@@@@@[38;2;139;139;139mF [38;2;0;0;236m$      [39m
 [38;2;0;0;0m     [38;2;0;0;214m4[38;2;0;0;200m[ [38;2;223;223;223m@[38;2;252;252;252m@@@@@@@@@@@@@@@@@@@@@[38;2;133;133;134mF [38;2;0;0;237m$      [39m
 [38;2;0;0;0m     [38;2;0;0;216m4[38;2;0;0;197m[ [38;2;229;229;229m@[38;2;252;252;252m@@@@@@@@@@@@@@@@@@@@@[38;2;122;122;122mF [38;2;0;0;237m$      [39m
 [38;2;0;0;0m     [38;2;0;0;220m4[38;2;0;0;190m[ [38;2;236;236;236m@[38;2;252;252;252m@@@@@@@@@@@@@@@@@@@@[38;2;251;251;251m@[38;2;121;121;121mL [38;2;0;0;232m@      [39m
 [38;2;0;0;0m     [38;2;0;0;212m$  [38;2;243;243;243m@[38;2;252;252;252m@@@@@@@@@@@@@@@@@@@@[38;2;251;251;251m@[38;2;101;101;102mL [38;2;0;0;231m@      [39m
 [38;2;0;0;0m     [38;2;0;0;213m@  [38;2;240;240;240m@[38;2;252;252;252m@@@@@@@@@@@@@@@@@@@@[38;2;250;250;250m@[38;2;65;65;65m~ [38;2;0;0;227m@      [39m
 [38;2;0;0;0m     [38;2;1;1;210m`[38;2;0;0;224m@[38;2;0;0;209m,[38;2;158;158;158m~[38;2;195;195;195m@[38;2;251;251;251m@[38;2;232;232;232m@[38;2;217;217;217mF[38;2;183;183;183mFR[38;2;244;244;244m@[38;2;252;252;252m@[38;2;251;251;251m@[38;2;247;247;247m@[38;2;181;181;181m@[38;2;188;188;188mF[38;2;169;169;169mP[38;2;217;217;217m@[38;2;252;252;252m@[38;2;251;251;251m@[38;2;252;252;252m@[38;2;219;219;219m@[38;2;205;205;205mF[38;2;162;162;162mM[38;2;137;137;137mF [38;2;0;0;229ma[38;2;1;1;200mF      [39m
 [38;2;0;0;0m      [38;2;1;0;215m`[38;2;0;0;224m4[38;2;0;0;225mg___[38;2;0;0;219ma[38;2;0;0;227ma[38;2;0;0;209my[38;2;0;0;225m_[38;2;136;136;136m`[38;2;141;141;141m`[38;2;0;0;225m_[38;2;0;0;226m_[38;2;0;0;224mg[38;2;0;0;219mg[38;2;0;0;225m_[38;2;105;105;105m`[38;2;151;151;151m`[38;2;0;0;227m_[38;2;0;0;225m_a[38;2;0;0;226mag[38;2;0;0;228mP[38;2;1;1;204m~       [39m
 [38;2;0;0;0m        [38;2;3;4;185m`[38;2;0;0;223m~[38;2;0;0;226m~~[38;2;0;0;213m` [38;2;3;1;200m~[38;2;0;0;227m~[38;2;0;0;225m~[38;2;0;0;226m~[38;2;0;0;227m~[38;2;1;0;211m~ [38;2;2;1;201m`[38;2;0;0;224m~[38;2;0;0;227m~[38;2;0;0;226m~[38;2;0;0;225m~[38;2;0;0;226m~[38;2;2;2;197m` [38;2;4;2;196m`         [39m
 [38;2;0;0;0m                                       [39m
[?25h