[?25l[39m [38;2;0;0;0m                                       [39m
 [38;2;0;0;0m              [38;2;1;0;208m_[38;2;0;0;227m__[38;2;0;0;225m_[38;2;1;1;203my[38;2;1;1;204my[38;2;1;1;197my[38;2;0;0;226m___               [39m
 [38;2;0;0;0m           [38;2;0;0;226m_[38;2;0;0;225mg[38;2;0;0;226mP[38;2;0;0;227m~[38;2;0;0;225m~[38;2;0;0;232m~[38;2;134;134;134m_[38;2;176;176;176m_[38;2;185;185;185m_[38;2;151;151;151m_[38;2;86;86;86m_[38;2;0;0;226m~~[38;2;0;0;222m4[38;2;0;0;228ma[38;2;0;1;204my[38;2;0;0;214m_           [39m
 [38;2;0;0;0m         [38;2;0;0;216ma[38;2;0;0;228mP[38;2;0;0;226m~[38;2;131;131;131m_[38;2;188;188;188my[38;2;234;234;234mg[38;2;228;228;228m@[38;2;251;251;251m@[38;2;252;252;252m@[38;2;251;251;251m@@@[38;2;252;252;252m@[38;2;243;243;243m@[38;2;248;248;248mg[38;2;184;184;184mg[38;2;228;228;228m_[38;2;0;0;208m~[38;2;0;0;212m?[38;2;0;0;227ma[38;2;0;0;225m_         [39m
 [38;2;0;0;0m       [38;2;0;0;224m_[38;2;0;0;219m@[38;2;0;0;209m~[38;2;168;168;168m_[38;2;228;228;228mg[38;2;251;251;251m@[38;2;252;252;252m@@@@@@@@@@@@[38;2;251;251;251m@[38;2;233;233;233m@[38;2;183;183;183my [38;2;0;0;217m?[38;2;0;0;224mg[38;2;1;2;190m,       [39m
 [38;2;0;0;0m      [38;2;0;0;215mj[38;2;0;0;227mP [38;2;192;192;192my[38;2;248;248;248m@[38;2;252;252;252m@@@@@@@@@@@@@@@@@[38;2;211;211;211m@[38;2;82;82;82m_[38;2;0;0;203m~[38;2;0;0;230m$       [39m
 [38;2;0;0;0m      [38;2;0;0;231m@ [38;2;147;147;148my[38;2;250;250;250m@[38;2;198;198;198m@[38;2;189;189;189mF[38;2;188;188;188m@[38;2;251;251;251m@[38;2;252;252;252m@@@@@@@@@@@@@@@[38;2;220;220;220m@ [38;2;0;0;204m~[38;2;0;0;214m$      [39m
 [38;2;0;0;0m     [38;2;0;0;211mJ[38;2;1;0;213m[ [38;2;216;216;216m$[38;2;251;251;251m@[38;2;207;207;207m$[38;2;176;176;176my[38;2;145;145;145m_ [38;2;218;218;218m~[38;2;189;189;189mF[38;2;233;233;233m@[38;2;252;252;252m@@[38;2;192;192;192m@[38;2;216;216;216mPPPPPP[38;2;238;238;238m@[38;2;252;252;252m@@[38;2;251;251;251m@[38;2;131;131;131mL [38;2;0;0;236m$      [39m
 [38;2;0;0;0m     [38;2;1;0;210m4[38;2;0;0;204m[ [38;2;233;233;233m$[38;2;252;252;252m@[38;2;245;245;245m@[38;2;174;174;174m@[38;2;157;157;157mF  [38;2;146;146;146my[38;2;217;217;217mg[38;2;251;251;251m@[38;2;248;248;248m@[38;2;199;199;199my[38;2;170;170;170myyyyy[38;2;175;175;175my[38;2;225;225;225mg[38;2;251;251;251m@[38;2;252;252;252m@[38;2;251;251;251m@[38;2;143;143;143mF [38;2;0;0;236m$      [39m
 [38;2;0;0;0m     [38;2;0;0;212m4[38;2;0;0;202m[ [38;2;234;234;234m$[38;2;251;251;251m@[38;2;198;198;198my[38;2;253;253;253m_[38;2;196;196;196my[38;2;248;248;248mg[38;2;249;249;249m@[38;2;252;252;252m@@@@@@@@@@@@@@@[38;2;140;140;140mF [38;2;0;0;236m$      [39m
 [38;2;0;0;0m     [38;2;0;0;213m4[38;2;0;0;201m[ [38;2;222;222;222m@[38;2;252;252;252m@@@@@@@@@@@@@@@@@@@@@[38;2;135;135;136mF [38;2;0;0;236m$      [39m
 [38;2;0;0;0m     [38;2;0;0;216m4[38;2;0;0;197m[ [38;2;228;228;228m@[38;2;252;252;252m@@@@@@@@@@@@@@@@@@@@@[38;2;124;124;124mF [38;2;0;0;237m$      [39m
 [38;2;0;0;0m     [38;2;0;0;220m4[38;2;0;0;190m[ [38;2;235;235;235m@[38;2;252;252;252m@@@@@@@@@@@@@@@@@@@@[38;2;251;251;251m@[38;2;122;122;122mL [38;2;0;0;232m@      [39m
 [38;2;0;0;0m     [38;2;0;0;212m$  [38;2;242;242;242m@[38;2;252;252;252m@@@@@@@@@@@@@@@@@@@@[38;2;251;251;251m@[38;2;103;103;103mL [38;2;0;0;231m@      [39m
 [38;2;0;0;0m     [38;2;0;0;210m@[38;2;0;0;215m, [38;2;236;236;236m@[38;2;252;252;252m@@@@@@@@@@@@@@@@@@@@[38;2;249;249;249m@[38;2;65;65;66m~ [38;2;0;0;226m@      [39m
 [38;2;0;0;0m     [38;2;2;1;207m`[38;2;0;0;226m@[38;2;0;0;208m_[38;2;131;131;131m~[38;2;171;171;171m@[38;2;234;234;234m@[38;2;206;206;206mP[38;2;165;165;165mF[38;2;154;154;154mM[38;2;197;197;197m@[38;2;250;250;250m@[38;2;251;251;251m@[38;2;248;248;248m@[38;2;197;197;197m@[38;2;186;186;186mF[38;2;175;175;175mT[38;2;180;180;180mR[38;2;241;241;241m@[38;2;251;251;251m@@[38;2;228;228;228m@[38;2;213;213;213mF[38;2;159;159;159mF[38;2;180;180;180mF[38;2;188;188;188m~[38;2;1;0;197m_[38;2;0;0;231ma[38;2;1;1;202m~      [39m
 [38;2;0;0;0m      [38;2;2;1;209m`[38;2;1;0;211m4[38;2;0;0;228ma[38;2;0;0;226m_[38;2;0;0;227m_[38;2;0;0;213ma[38;2;0;0;217m@[38;2;0;0;225mg[38;2;0;0;226m_[38;2;0;0;223m_[38;2;0;0;225m___[38;2;0;0;227ma[38;2;0;0;218m@[38;2;0;0;210my[38;2;0;0;225m_[38;2;0;0;223m__[38;2;0;0;226m_[38;2;0;0;222ma[38;2;0;0;224m@g[38;2;0;0;227ma[38;2;0;0;220mP[38;2;0;0;228m'       [39m
 [38;2;0;0;0m         [38;2;1;1;208m~[38;2;0;0;225m~[38;2;0;0;223m`  [38;2;1;0;217m~[38;2;0;0;227m~[38;2;0;0;226m~[38;2;0;0;227m~[38;2;1;0;212m~  [38;2;0;0;226m`~[38;2;0;0;227m~~[38;2;0;0;224m~[38;2;2;1;208m` [38;2;3;2;188m`          [39m
 [38;2;0;0;0m                                       [39m
[?25h