[?25l[39m [38;2;0;0;0m                                       [39m
 [38;2;0;0;0m              [38;2;0;0;227m_[38;2;0;0;226m_[38;2;0;0;227m_[38;2;1;1;210my[38;2;0;0;216my[38;2;0;0;217my[38;2;1;0;211my[38;2;0;0;227m_[38;2;0;0;226m_[38;2;0;0;227m_               [39m
 [38;2;0;0;0m          [38;2;1;0;207m_[38;2;1;1;206my[38;2;0;0;227mg[38;2;0;0;226mP~[38;2;0;0;225m~[38;2;0;0;231m~[38;2;123;123;123m_[38;2;153;153;153m_[38;2;152;152;152m_[38;2;124;124;124m_[38;2;0;0;231m~[38;2;0;0;225m~[38;2;0;0;226m~4g[38;2;1;1;206my[38;2;1;0;209m_           [39m
 [38;2;0;0;0m        [38;2;0;0;217m_[38;2;0;0;226mg[38;2;0;0;225mP[38;2;0;0;226m~[38;2;172;172;172m_[38;2;195;195;195my[38;2;238;238;238mg[38;2;229;229;229m@[38;2;251;251;251m@[38;2;252;252;252m@[38;2;251;251;251m@@[38;2;252;252;252m@@[38;2;233;233;233m@[38;2;238;238;238mg[38;2;194;194;194my[38;2;173;173;173m_[38;2;0;0;222m~[38;2;0;0;224m4[38;2;0;0;226mg[38;2;0;0;219m_         [39m
 [38;2;0;0;0m       [38;2;1;0;213mg[38;2;0;0;229mP[38;2;1;1;210m'[38;2;141;141;141my[38;2;245;245;245mg[38;2;251;251;251m@[38;2;252;252;252m@@@@@@@@@@@@[38;2;251;251;251m@[38;2;216;216;216m$[38;2;126;126;126my[38;2;2;0;207m`[38;2;0;0;229m4[38;2;0;0;215mg        [39m
 [38;2;0;0;0m      [38;2;0;0;223mg[38;2;0;0;224mF [38;2;199;199;199mg[38;2;251;251;251m@[38;2;252;252;252m@@@@@@@@@@@@@@@@[38;2;251;251;251m@[38;2;165;165;165m@ [38;2;0;0;214m?[38;2;0;0;221m$       [39m
 [38;2;0;0;0m     [38;2;1;0;206mj[38;2;0;0;231mF [38;2;187;187;187mg[38;2;251;251;251m@[38;2;252;252;252m@[38;2;251;251;251m@[38;2;241;241;241m@[38;2;197;197;197m@[38;2;207;207;207mR[38;2;198;198;198m@[38;2;246;246;246m@[38;2;251;251;251m@[38;2;252;252;252m@@@[38;2;250;250;250m@[38;2;211;211;211m@[38;2;209;209;209mR[38;2;213;213;213mR[38;2;229;229;229m@[38;2;251;251;251m@[38;2;252;252;252m@[38;2;251;251;251m@[38;2;166;166;166m$ [38;2;0;0;219m4[38;2;0;0;220mi      [39m
 [38;2;0;0;0m     [38;2;0;0;217m@[38;2;0;0;182m[ [38;2;242;242;242m@[38;2;252;252;252m@[38;2;241;241;241m@[38;2;192;192;192m~[38;2;172;172;172my[38;2;235;235;235m=[38;2;208;208;208m4[38;2;226;226;226m=[38;2;150;150;150my[38;2;216;216;216m~[38;2;249;249;249m@[38;2;251;251;251m@[38;2;216;216;216mF[38;2;141;141;141my[38;2;230;230;230m=[38;2;232;232;232m=[38;2;241;241;241m=[38;2;133;133;133ma[38;2;121;121;121m~[38;2;213;213;213m@[38;2;252;252;252m@[38;2;248;248;248m@  [38;2;0;0;225m$      [39m
 [38;2;0;0;0m     [38;2;0;0;226m@  [38;2;249;249;249m@[38;2;251;251;251m@[38;2;167;167;167m$[38;2;93;93;93m4[38;2;117;117;117mE [38;2;162;162;162m@ [38;2;178;178;178m0 [38;2;225;225;225m@[38;2;237;237;237m@ [38;2;200;200;200m$ [38;2;193;193;193ma [38;2;127;127;127m4[38;2;95;95;95mF[38;2;178;178;178mg[38;2;251;251;251m@@  [38;2;0;0;226m@      [39m
 [38;2;0;0;0m     [38;2;0;0;226m@  [38;2;249;249;249m@[38;2;252;252;252m@[38;2;246;246;246m@[38;2;150;150;150my[38;2;155;155;155m?[38;2;224;224;224m=[38;2;242;242;242m*[38;2;210;210;210mm[38;2;233;233;233mg[38;2;222;222;222m@[38;2;251;251;251m@@[38;2;183;183;183mg[38;2;137;137;137m~[38;2;213;213;213m=[38;2;219;219;219m*[38;2;196;196;196m#[38;2;228;228;228ma[38;2;250;250;250mg[38;2;251;251;251m@[38;2;252;252;252m@[38;2;251;251;251m@  [38;2;0;0;226m@      [39m
 [38;2;0;0;0m     [38;2;0;0;226m@  [38;2;249;249;249m@[38;2;252;252;252m@@[38;2;251;251;251m@[38;2;249;249;249m@[38;2;221;221;221m@[38;2;251;251;251mg[38;2;217;217;217m@[38;2;251;251;251m@[38;2;252;252;252m@@@@[38;2;251;251;251m@[38;2;230;230;230m@[38;2;207;207;207m@[38;2;251;251;251mg[38;2;247;247;247m@[38;2;252;252;252m@@@[38;2;251;251;251m@  [38;2;0;0;226m@      [39m
 [38;2;0;0;0m     [38;2;0;0;226m@  [38;2;249;249;249m@[38;2;252;252;252m@@@@@@@@@@@@@@@@@@@@[38;2;251;251;251m@  [38;2;0;0;227m@      [39m
 [38;2;0;0;0m     [38;2;0;0;226m@  [38;2;249;249;249m@[38;2;252;252;252m@@@@@@@@@@@@@@@@@@@@[38;2;251;251;251m@  [38;2;0;0;227m@      [39m
 [38;2;0;0;0m     [38;2;0;0;226m@  [38;2;249;249;249m@[38;2;252;252;252m@@@@@@@@@@@@@@@@@@@@[38;2;251;251;251m@  [38;2;0;0;226m@      [39m
 [38;2;0;0;0m     [38;2;1;0;208m@[38;2;0;0;196mL [38;2;217;217;217m@[38;2;252;252;252m@@@@@@[38;2;251;251;251m@[38;2;252;252;252m@@@@@@[38;2;251;251;251m@[38;2;252;252;252m@@@@@@[38;2;234;234;234m@ [38;2;0;0;195mj[38;2;0;0;218m$      [39m
 [38;2;0;0;0m     [38;2;2;2;194m`[38;2;0;0;220m@[38;2;0;0;229m_ [38;2;172;172;172mT[38;2;202;202;202mR[38;2;204;204;204m@[38;2;187;187;187m@[38;2;205;205;205mF[38;2;218;218;218m~[38;2;161;161;161m~[38;2;239;239;239m~[38;2;174;174;174mR[38;2;199;199;199m@[38;2;201;201;201m@[38;2;210;210;210mP[38;2;242;242;242m~[38;2;165;165;165m~[38;2;203;203;203m~[38;2;175;175;175mF[38;2;184;184;184m@[38;2;207;207;207m@R[38;2;188;188;188mF[38;2;69;69;69m`[38;2;0;0;229m_[38;2;0;0;220m@[38;2;0;0;218m'      [39m
 [38;2;0;0;0m       [38;2;0;0;229m~[38;2;0;0;226m4[38;2;0;0;228ma[38;2;0;0;216mg[38;2;0;0;212my[38;2;0;0;215ma[38;2;0;0;226mg[38;2;0;0;225mP[38;2;0;0;228m=[38;2;0;0;216m@[38;2;0;0;225mg[38;2;0;0;214my[38;2;0;0;215my[38;2;0;0;226mg[38;2;0;0;224ma[38;2;0;0;228m=[38;2;0;0;218mR[38;2;0;0;225mg[38;2;0;0;219my[38;2;0;0;212my[38;2;0;0;220ma[38;2;0;0;227ma[38;2;0;0;225mP[38;2;0;0;228m~        [39m
 [38;2;0;0;0m          [38;2;4;1;195m`[38;2;1;1;223m`[38;2;1;1;209m`     [38;2;1;1;221m``     [38;2;2;1;209m`[38;2;1;0;224m`[38;2;2;2;200m`           [39m
 [38;2;0;0;0m                                       [39m
[?25h