[?25l[39m [38;2;0;0;0m                 [38;2;3;1;187m_[38;2;1;0;216m_[38;2;0;0;224m_[38;2;1;0;215m_                  [39m
 [38;2;0;0;0m            [38;2;0;0;227m_[38;2;1;1;207my[38;2;0;0;228ma[38;2;0;0;219m#[38;2;0;0;228m=[38;2;0;0;229m~[38;2;0;0;227m~[38;2;0;0;226m~[38;2;0;0;227m~[38;2;0;0;229m~[38;2;0;0;226m=[38;2;0;0;214mR[38;2;0;0;227ma[38;2;1;1;211my[38;2;0;0;229m_            [39m
 [38;2;0;0;0m          [38;2;1;1;204my[38;2;0;0;218m@[38;2;0;0;226m~[38;2;0;0;214m~[38;2;218;218;218m_[38;2;189;189;189my[38;2;218;218;218ma[38;2;252;252;252mg[38;2;226;226;226m$[38;2;232;232;232m$[38;2;231;231;231m$[38;2;252;252;252mg[38;2;236;236;236mg[38;2;210;210;210my[38;2;156;156;156my[38;2;119;119;119m_[38;2;0;0;225m~[38;2;0;0;229m4[38;2;0;0;220mg[38;2;0;0;222m_         [39m
 [38;2;0;0;0m        [38;2;0;0;219m_[38;2;0;0;221m@[38;2;0;0;227m~[38;2;85;85;85m_[38;2;182;182;182mg[38;2;231;231;231m@[38;2;251;251;251m@[38;2;252;252;252m@@@@@@@@@@[38;2;251;251;251m@[38;2;210;210;210m@[38;2;177;177;177my [38;2;0;0;211m?[38;2;0;0;219m$[38;2;0;0;227m,       [39m
 [38;2;0;0;0m       [38;2;1;0;211mj[38;2;0;0;230mP [38;2;168;168;168my[38;2;240;240;240m@[38;2;252;252;252m@@@@@@@@@@@@@@@@[38;2;234;234;234m@[38;2;126;126;126my[38;2;2;2;189m`[38;2;0;0;226m#[38;2;0;0;214m_      [39m
 [38;2;0;0;0m       [38;2;0;0;228m@ [38;2;155;155;156my[38;2;250;250;250m@[38;2;252;252;252m@@@@[38;2;251;251;251m@[38;2;236;236;236m@[38;2;250;250;250m@[38;2;252;252;252m@@@@@@@@@@@[38;2;251;251;251m@[38;2;141;141;141my [38;2;0;0;227mB,     [39m
 [38;2;0;0;0m      [38;2;0;0;212mg[38;2;0;0;200m[ [38;2;220;220;220m@[38;2;252;252;252m@@@@[38;2;251;251;251m@[38;2;186;186;186m@[38;2;129;129;129m_[38;2;92;92;92m`[38;2;220;220;220m~[38;2;170;170;170mP[38;2;220;220;220m@[38;2;251;251;251m@[38;2;252;252;252m@@[38;2;251;251;251m@@@@@@[38;2;242;242;242m@  [38;2;0;0;220m$     [39m
 [38;2;0;0;0m      [38;2;0;0;222m@  [38;2;250;250;250m@[38;2;252;252;252m@@@@@@[38;2;250;250;250m@[38;2;178;178;178m@   [38;2;135;135;135my[38;2;249;249;249m@[38;2;251;251;251m@[38;2;193;193;193m_[38;2;68;68;68m_____[38;2;73;73;73m_  [38;2;0;0;226m@     [39m
 [38;2;0;0;0m      [38;2;0;0;225m@  [38;2;249;249;249m@[38;2;252;252;252m@@@@[38;2;251;251;251m@[38;2;169;169;169m@[38;2;118;118;118m`[38;2;110;110;110m_[38;2;170;170;170my[38;2;221;221;221mg[38;2;232;232;232m@[38;2;251;251;251m@[38;2;252;252;252m@@[38;2;251;251;251m@@@@@@@  [38;2;0;0;226m@     [39m
 [38;2;0;0;0m      [38;2;0;0;230m@  [38;2;249;249;249m@[38;2;252;252;252m@@@@@[38;2;251;251;251m@[38;2;245;245;245m@[38;2;251;251;251m@[38;2;252;252;252m@@@@@@@@@@@@[38;2;251;251;251m@  [38;2;0;0;225m$     [39m
 [38;2;0;0;0m      [38;2;0;0;234m@ [38;2;91;91;91m4[38;2;251;251;251m@[38;2;252;252;252m@@@@@@@@@@@@@@@@@@@@[38;2;246;246;246m@  [38;2;0;0;219m$     [39m
 [38;2;0;0;0m      [38;2;0;0;237m@ [38;2;131;131;132m4[38;2;251;251;251m@[38;2;252;252;252m@@@@@@@@@@@@@@@@@@@@[38;2;238;238;238m@ [38;2;1;0;194mJ[38;2;1;1;207m$     [39m
 [38;2;0;0;0m      [38;2;0;0;227m@ [38;2;174;174;175m4[38;2;251;251;251m@[38;2;252;252;252m@@@@@@@@@@@@@@@@@@@@[38;2;211;211;211m@ [38;2;0;0;215mJ[38;2;1;1;219m[     [39m
 [38;2;0;0;0m     [38;2;1;1;192mj[38;2;0;0;221mF [38;2;185;185;185m$[38;2;252;252;252m@@@@@@@@@@@@@@@@@@@@[38;2;251;251;251m@[38;2;176;176;176m$ [38;2;0;0;222m0[38;2;0;0;212m'     [39m
 [38;2;0;0;0m     [38;2;1;0;204m4[38;2;1;1;216m[ [38;2;203;203;203m$[38;2;252;252;252m@@@@@@@@@@@@@@@@@@@@[38;2;251;251;251m@[38;2;144;144;144mF [38;2;0;0;233m$      [39m
 [38;2;0;0;0m     [38;2;2;2;196m`[38;2;0;0;230m@[38;2;0;0;222m_[38;2;126;126;126m`[38;2;175;175;175mR[38;2;199;199;199mF[38;2;251;251;251m~[38;2;161;161;161m5[38;2;224;224;224m@[38;2;251;251;251m@@[38;2;237;237;237m@[38;2;209;209;209mP[38;2;162;162;162mF[38;2;164;164;164mF[38;2;186;186;186m@[38;2;248;248;248m@[38;2;251;251;251m@[38;2;248;248;248m@[38;2;198;198;198m@[38;2;186;186;186mF[38;2;251;251;251m~[38;2;170;170;170mA[38;2;198;198;198m@[38;2;222;222;222m~[38;2;1;0;188m_[38;2;0;0;225mg[38;2;0;0;217mF      [39m
 [38;2;0;0;0m      [38;2;2;0;210m`[38;2;0;0;220m4[38;2;0;0;227mg[38;2;0;0;213my[38;2;0;0;224mg[38;2;0;0;225m@[38;2;0;0;215mg[38;2;0;0;227m_[38;2;0;0;223m__[38;2;0;0;226m_[38;2;0;0;214ma[38;2;0;0;217m@[38;2;0;0;227mg_[38;2;0;0;225m_[38;2;0;0;223m_[38;2;0;0;225m_[38;2;0;0;227m_g[38;2;0;0;220m@[38;2;0;0;213my[38;2;0;0;227m_[38;2;0;0;228mgP[38;2;1;0;213m~       [39m
 [38;2;0;0;0m         [38;2;0;0;224m~[38;2;3;0;207m` [38;2;2;1;205m~[38;2;0;0;226m~[38;2;0;0;227m~~~[38;2;1;1;209m~ [38;2;2;0;207m`[38;2;0;0;225m~[38;2;0;0;227m~~[38;2;0;0;226m~[38;2;0;0;224m~[38;2;3;3;190m` [38;2;1;1;215m~[38;2;0;0;226m~[38;2;4;1;200m`         [39m
 [38;2;0;0;0m                                       [39m
[?25h