[?25l[39m [38;2;0;0;0m             [38;2;0;0;231m_[38;2;0;0;225m_[38;2;0;0;217my[38;2;0;0;227mga[38;2;0;0;225maa[38;2;0;0;229ma[38;2;0;0;227mg[38;2;0;0;218my[38;2;0;0;225m_[38;2;0;0;229m_              [39m
 [38;2;0;0;0m          [38;2;0;0;227m_[38;2;0;0;226mgP[38;2;0;0;225m~[38;2;0;0;224m~[38;2;189;189;189m_[38;2;142;142;142my[38;2;168;168;168my[38;2;183;183;183myy[38;2;167;167;167my[38;2;137;137;137my[38;2;189;189;189m_[38;2;0;0;223m~[38;2;0;0;226m~[38;2;0;0;227m4[38;2;0;0;225mg[38;2;0;0;228m_           [39m
 [38;2;0;0;0m        [38;2;0;0;231m_[38;2;0;0;219m@[38;2;0;0;229m~[38;2;88;88;88m_[38;2;187;187;187my[38;2;245;245;245mg[38;2;248;248;248m@[38;2;251;251;251m@[38;2;252;252;252m@@@@@@[38;2;251;251;251m@[38;2;250;250;250m@[38;2;246;246;246mg[38;2;184;184;184my[38;2;89;89;89m_[38;2;0;0;225m~[38;2;0;0;219m@[38;2;0;0;231m_         [39m
 [38;2;0;0;0m       [38;2;0;0;229mg[38;2;0;0;214mF [38;2;188;188;188mg[38;2;246;246;246m@[38;2;252;252;252m@@@@@@@@@@@@@@[38;2;249;249;249m@[38;2;187;187;187mg [38;2;0;0;225m~[38;2;0;0;226m$[38;2;0;0;209m,       [39m
 [38;2;0;0;0m      [38;2;0;0;223m@[38;2;0;0;203m~ [38;2;213;213;213m$[38;2;251;251;251m@[38;2;231;231;231m@[38;2;215;215;215m@[38;2;251;251;251m@[38;2;252;252;252m@@@@@@@@@@@@@@[38;2;224;224;224m@[38;2;82;82;82m,[38;2;1;0;205m"[38;2;0;0;231m$       [39m
 [38;2;0;0;0m     [38;2;0;0;218mj[38;2;0;0;220mF [38;2;221;221;221mg[38;2;251;251;251m@@[38;2;165;165;165my[38;2;77;77;77m_[38;2;151;151;151m`[38;2;243;243;243m~[38;2;189;189;189mR[38;2;244;244;244m@[38;2;251;251;251m@[38;2;252;252;252m@@[38;2;251;251;251m@[38;2;250;250;250m@@@@@[38;2;251;251;251m@@[38;2;252;252;252m@[38;2;206;206;206m@ [38;2;0;0;207m?[38;2;1;1;202m$      [39m
 [38;2;0;0;0m     [38;2;0;0;222m@  [38;2;248;248;248m@[38;2;252;252;252m@@[38;2;251;251;251m@[38;2;244;244;244m@[38;2;216;216;216m=   [38;2;202;202;202m$[38;2;251;251;251m@[38;2;214;214;214m@      [38;2;88;88;88m_[38;2;218;218;218m$[38;2;252;252;252m@[38;2;251;251;251m@  [38;2;0;0;228m$      [39m
 [38;2;0;0;0m     [38;2;0;0;226m@  [38;2;249;249;249m@[38;2;252;252;252m@[38;2;251;251;251m@[38;2;198;198;198m~ _[38;2;201;201;201my[38;2;248;248;248mg[38;2;251;251;251m@[38;2;252;252;252m@@@[38;2;251;251;251m@[38;2;252;252;252m@@@@@[38;2;251;251;251m@[38;2;252;252;252m@@[38;2;251;251;251m@  [38;2;0;0;226m@      [39m
 [38;2;0;0;0m     [38;2;0;0;225m@  [38;2;249;249;249m@[38;2;252;252;252m@@[38;2;247;247;247m@[38;2;239;239;239m@[38;2;251;251;251m@[38;2;252;252;252m@@@@@@@@@@@@@@@[38;2;251;251;251m@  [38;2;0;0;226m@      [39m
 [38;2;0;0;0m     [38;2;0;0;225m@  [38;2;249;249;249m@[38;2;252;252;252m@@@@@@@@@@@@@@@@@@@@[38;2;251;251;251m@  [38;2;0;0;226m@      [39m
 [38;2;0;0;0m     [38;2;0;0;225m@  [38;2;249;249;249m@[38;2;252;252;252m@@@@@@@@@@@@@@@@@@@@[38;2;251;251;251m@  [38;2;0;0;226m@      [39m
 [38;2;0;0;0m     [38;2;0;0;225m@  [38;2;249;249;249m@[38;2;252;252;252m@@@@@@@@@@@@@@@@@@@@[38;2;251;251;251m@  [38;2;0;0;226m@      [39m
 [38;2;0;0;0m     [38;2;0;0;225m@  [38;2;249;249;249m@[38;2;252;252;252m@@@@@@@@@@@@@@@@@@@@[38;2;251;251;251m@  [38;2;0;0;226m@      [39m
 [38;2;0;0;0m     [38;2;0;0;222m@  [38;2;243;243;243m@[38;2;252;252;252m@@@@@@@@@@@@@@@@@@@@[38;2;247;247;247m@  [38;2;0;0;224m@      [39m
 [38;2;0;0;0m     [38;2;2;1;197m7[38;2;0;0;224m@[38;2;0;0;209m_[38;2;137;137;137m~[38;2;200;200;200mR[38;2;246;246;246m@[38;2;252;252;252m@[38;2;249;249;249m@[38;2;202;202;202m@[38;2;185;185;185mF[38;2;252;252;252m~[38;2;171;171;171m5[38;2;231;231;231m@[38;2;251;251;251m@@[38;2;233;233;233m@[38;2;219;219;219mF[38;2;252;252;252m~[38;2;178;178;178mT[38;2;190;190;190m@[38;2;248;248;248m@[38;2;252;252;252m@[38;2;246;246;246m@[38;2;181;181;181m@[38;2;163;163;163m~[38;2;0;0;208m_[38;2;0;0;230mg[38;2;0;0;210mF      [39m
 [38;2;0;0;0m      [38;2;0;0;218m~@[38;2;0;0;227mg[38;2;0;0;209my[38;2;0;0;226m__[38;2;0;0;227m_[38;2;0;0;226m_[38;2;0;0;224mg[38;2;0;0;222m@[38;2;0;0;220my[38;2;0;0;226m__[38;2;0;0;227m_[38;2;0;0;226m_[38;2;0;0;216ma[38;2;0;0;219m@[38;2;0;0;224mg[38;2;0;0;226m____[38;2;0;0;209my[38;2;0;0;227mg[38;2;0;0;220m@[38;2;0;0;219m~       [39m
 [38;2;0;0;0m        [38;2;2;1;198m~[38;2;0;0;225m~[38;2;0;0;227m~~~[38;2;0;0;225m~[38;2;1;0;217m~[38;2;0;1;208m`[38;2;0;0;227m~[38;2;0;0;226m~[38;2;0;0;227m~~[38;2;0;0;226m~[38;2;0;0;229m~[38;2;0;1;208m`[38;2;1;0;214m~[38;2;0;0;226m~~[38;2;0;0;227m~~[38;2;0;0;226m~[38;2;1;2;202m~         [39m
 [38;2;0;0;0m                                       [39m
 [38;2;0;0;0m                                       [39m
[?25h