[?25l[39m [38;2;0;0;0m              [38;2;0;0;229m_[38;2;0;0;226m_[38;2;1;1;210my[38;2;1;0;216ma[38;2;0;0;222mg[38;2;0;0;221mg[38;2;0;0;220my[38;2;1;1;210my[38;2;0;0;226m_[38;2;0;0;229m_               [39m
 [38;2;0;0;0m          [38;2;0;0;225m_[38;2;1;0;213ma[38;2;0;0;218m@[38;2;0;0;220mP[38;2;0;0;225m~[38;2;0;0;229m~[38;2;84;84;84m_[38;2;219;219;219m_[38;2;235;235;235m__[38;2;219;219;219m_[38;2;84;84;84m_[38;2;0;0;227m~[38;2;0;0;226m~[38;2;0;0;220m4[38;2;0;0;222m@[38;2;0;0;217my[38;2;0;0;225m_           [39m
 [38;2;0;0;0m        [38;2;0;0;227m_[38;2;0;0;228mg[38;2;0;0;221mF[38;2;1;0;216m~[38;2;216;216;216m_[38;2;211;211;211my[38;2;251;251;251mg[38;2;246;246;246m@[38;2;251;251;251m@@[38;2;252;252;252m@@[38;2;251;251;251m@@[38;2;249;249;249m@[38;2;251;251;251mg[38;2;211;211;211my[38;2;216;216;216m_[38;2;0;0;212m~[38;2;0;0;218m=[38;2;0;0;223m$[38;2;0;0;227m_         [39m
 [38;2;0;0;0m       [38;2;0;0;221mg[38;2;0;0;224mP[38;2;0;0;193m'[38;2;170;170;170my[38;2;210;210;210m@[38;2;251;251;251m@[38;2;252;252;252m@@@@@@@@@@@@[38;2;251;251;251m@[38;2;224;224;224m@[38;2;160;160;160my [38;2;0;0;220m4[38;2;0;0;222mg        [39m
 [38;2;0;0;0m      [38;2;0;0;227mg[38;2;0;0;218mF [38;2;213;213;213mg[38;2;251;251;251m@[38;2;252;252;252m@@@@@@@@@@@@@@@@[38;2;251;251;251m@[38;2;184;184;184m@ [38;2;0;0;222m~[38;2;0;0;225m$       [39m
 [38;2;0;0;0m     [38;2;0;0;211mj[38;2;0;0;229mF [38;2;199;199;199mg[38;2;251;251;251m@@[38;2;226;226;226mF[38;2;153;153;153m5[38;2;198;198;198m@[38;2;250;250;250m@[38;2;252;252;252m@@@@@@@@@@@@@[38;2;251;251;251m@[38;2;176;176;176m@ [38;2;0;0;222m?[38;2;0;0;220ml      [39m
 [38;2;0;0;0m     [38;2;0;0;219m@[38;2;0;0;178m[ [38;2;244;244;244m@[38;2;252;252;252m@[38;2;251;251;251m@[38;2;223;223;223mg[38;2;166;166;166my[38;2;99;99;99m_[38;2;116;116;116m`[38;2;230;230;230m~[38;2;166;166;166m#[38;2;245;245;245m@[38;2;252;252;252m@[38;2;247;247;247m@[38;2;206;206;206mP[38;2;211;211;211mFFFFF[38;2;184;184;184mA[38;2;246;246;246m@[38;2;252;252;252m@[38;2;249;249;249m@  [38;2;0;0;226m$      [39m
 [38;2;0;0;0m     [38;2;0;0;226m@  [38;2;249;249;249m@[38;2;252;252;252m@[38;2;251;251;251m@[38;2;221;221;221m@[38;2;210;210;210mF[38;2;211;211;211m~ [38;2;165;165;165m_[38;2;185;185;185my[38;2;220;220;220m@[38;2;252;252;252m@[38;2;233;233;233m@[38;2;196;196;196my[38;2;187;187;187myyyyy[38;2;201;201;201my[38;2;228;228;228m@[38;2;252;252;252m@[38;2;251;251;251m@  [38;2;0;0;226m@      [39m
 [38;2;0;0;0m     [38;2;0;0;226m@  [38;2;249;249;249m@[38;2;252;252;252m@[38;2;251;251;251m@[38;2;184;184;184my[38;2;162;162;162my[38;2;205;205;205mg[38;2;224;224;224m@[38;2;251;251;251m@[38;2;252;252;252m@@@@@@@@@@@@@[38;2;251;251;251m@  [38;2;0;0;226m@      [39m
 [38;2;0;0;0m     [38;2;0;0;226m@  [38;2;249;249;249m@[38;2;252;252;252m@@@@@@@@@@@@@@@@@@@@[38;2;251;251;251m@  [38;2;0;0;226m@      [39m
 [38;2;0;0;0m     [38;2;0;0;226m@  [38;2;249;249;249m@[38;2;252;252;252m@@@@@@@@@@@@@@@@@@@@[38;2;251;251;251m@  [38;2;0;0;226m@      [39m
 [38;2;0;0;0m     [38;2;0;0;226m@  [38;2;249;249;249m@[38;2;252;252;252m@@@@@@@@@@@@@@@@@@@@[38;2;251;251;251m@  [38;2;0;0;227m@      [39m
 [38;2;0;0;0m     [38;2;0;0;226m@  [38;2;249;249;249m@[38;2;252;252;252m@@@@@@@@@@@@@@@@@@@@[38;2;251;251;251m@  [38;2;0;0;227m@      [39m
 [38;2;0;0;0m     [38;2;0;0;220m@[38;2;0;0;217m, [38;2;240;240;240m@[38;2;252;252;252m@@@@@@@@@@@@@@@@@@@@[38;2;247;247;247m@ [38;2;1;0;171mj[38;2;0;0;223m@      [39m
 [38;2;0;0;0m     [38;2;1;0;212m`[38;2;0;0;227m@[38;2;0;0;222m_[38;2;203;203;203m`[38;2;181;181;181mA[38;2;237;237;237m@[38;2;248;248;248m@[38;2;244;244;244m@[38;2;183;183;183m@[38;2;159;159;159mF[38;2;252;252;252m~[38;2;153;153;153m5[38;2;211;211;211m@[38;2;247;247;247m@@[38;2;216;216;216m@[38;2;207;207;207mF[38;2;252;252;252m~[38;2;251;251;251m~[38;2;206;206;206mR[38;2;244;244;244m@[38;2;248;248;248m@[38;2;239;239;239m@[38;2;218;218;218mP[38;2;146;146;146m~[38;2;0;0;219m_[38;2;0;0;230mg[38;2;1;1;196mF      [39m
 [38;2;0;0;0m      [38;2;1;0;217m`[38;2;0;0;222m4[38;2;0;0;227mg[38;2;0;0;218my[38;2;0;0;226m___[38;2;0;0;209my[38;2;0;0;227mg[38;2;0;0;228m@[38;2;0;0;221mg[38;2;0;0;226m____[38;2;0;0;223ma[38;2;0;0;225m@[38;2;0;0;227mg[38;2;0;0;210my[38;2;0;0;226m___[38;2;0;0;216my[38;2;0;0;227mg[38;2;0;0;224mP[38;2;1;1;204m~       [39m
 [38;2;0;0;0m        [38;2;3;3;187m`[38;2;0;0;226m~[38;2;0;0;225m~~~[38;2;0;0;231m~[38;2;2;1;203m` [38;2;2;1;206m~[38;2;0;0;227m~[38;2;0;0;225m~~[38;2;0;0;227m~[38;2;2;1;206m~ [38;2;3;0;203m`[38;2;0;0;227m~[38;2;0;0;225m~~~[38;2;0;0;227m~[38;2;2;3;190m`         [39m
 [38;2;0;0;0m                                       [39m
 [38;2;0;0;0m                                       [39m
[?25h