[?25l[39m [38;2;0;0;0m                [38;2;2;1;189m_[38;2;0;0;225m_[38;2;0;0;233m_[38;2;0;0;234m_[38;2;0;0;226m_[38;2;2;1;188m_                 [39m
 [38;2;0;0;0m           [38;2;1;0;213m_[38;2;0;0;226m_[38;2;0;0;224mg[38;2;0;0;219m@[38;2;0;0;227m@[38;2;0;0;228m@[38;2;0;0;223m@[38;2;0;0;222mRR[38;2;0;0;223m@[38;2;0;0;228m@[38;2;0;0;227m@[38;2;0;0;220m@[38;2;0;0;225mg[38;2;0;0;226m_[38;2;1;0;212m_            [39m
 [38;2;0;0;0m         [38;2;0;0;230m_[38;2;0;0;228mg[38;2;0;0;226m@[38;2;0;0;218mP[38;2;0;0;226m~[38;2;88;88;88m_[38;2;243;243;243m_[38;2;172;172;172my[38;2;194;194;194my[38;2;202;202;202myy[38;2;194;194;194my[38;2;172;172;172my[38;2;243;243;243m_[38;2;88;88;88m_[38;2;0;0;226m~=[38;2;0;0;227m@[38;2;0;0;228mg[38;2;0;0;230m_          [39m
 [38;2;0;0;0m       [38;2;0;0;216m_[38;2;0;0;218m@[38;2;0;0;228mP[38;2;0;0;225m~[38;2;153;153;153m_[38;2;212;212;212my@[38;2;251;251;251m@@[38;2;252;252;252m@@@@@@[38;2;251;251;251m@@[38;2;220;220;220m@[38;2;211;211;211my[38;2;153;153;153m_[38;2;0;0;222m~[38;2;0;0;228m4[38;2;0;0;223m@[38;2;0;0;215m_        [39m
 [38;2;0;0;0m      [38;2;0;0;210mj[38;2;0;0;229m@[38;2;0;0;225m~ [38;2;209;209;209mg[38;2;251;251;251m@[38;2;252;252;252m@@@@@@@@@@@@@@[38;2;251;251;251m@[38;2;209;209;209mg[38;2;81;81;81m,[38;2;0;0;222m~[38;2;0;0;228m@[38;2;0;0;221m_       [39m
 [38;2;0;0;0m      [38;2;0;0;231m@[38;2;1;1;209m'[38;2;101;101;102m_[38;2;220;220;220m@[38;2;252;252;252m@[38;2;251;251;251m@@[38;2;252;252;252m@@@@@@@@@@@@@@@[38;2;235;235;235m@[38;2;101;101;102m_[38;2;1;0;196m`[38;2;0;0;229m@[38;2;0;0;232m,      [39m
 [38;2;0;0;0m     [38;2;0;0;214mg[38;2;0;0;216mF [38;2;205;205;205m$[38;2;252;252;252m@[38;2;251;251;251m@[38;2;213;213;213m~[38;2;174;174;174m~[38;2;177;177;177mT[38;2;182;182;182m@[38;2;250;250;250m@[38;2;252;252;252m@@@@@@@@@@@@@[38;2;218;218;218m@ [38;2;0;0;200m?[38;2;0;0;218m$      [39m
 [38;2;0;0;0m     [38;2;0;0;225m@  [38;2;249;249;249m@[38;2;252;252;252m@@[38;2;248;248;248m@[38;2;233;233;233mg[38;2;142;142;142my  [38;2;210;210;210m~[38;2;205;205;205m@[38;2;251;251;251m@[38;2;220;220;220m@[38;2;250;250;250m~[38;2;249;249;249m~~~~~[38;2;251;251;251m~[38;2;218;218;218m@[38;2;252;252;252m@[38;2;251;251;251m@  [38;2;0;0;225m@      [39m
 [38;2;0;0;0m     [38;2;0;0;225m@  [38;2;249;249;249m@[38;2;252;252;252m@[38;2;251;251;251m@[38;2;212;212;212mF[38;2;204;204;204m~ [38;2;200;200;200m_[38;2;195;195;195my[38;2;242;242;242mg[38;2;249;249;249m@[38;2;252;252;252m@[38;2;251;251;251m@[38;2;250;250;250mg[38;2;247;247;247mggggg[38;2;250;250;250mg@[38;2;252;252;252m@[38;2;251;251;251m@  [38;2;0;0;226m@      [39m
 [38;2;0;0;0m     [38;2;0;0;225m@  [38;2;249;249;249m@[38;2;252;252;252m@[38;2;251;251;251m@[38;2;238;238;238mg[38;2;226;226;226mg[38;2;232;232;232m@[38;2;251;251;251m@[38;2;252;252;252m@@@@@@@@@@@@@@[38;2;251;251;251m@  [38;2;0;0;226m@      [39m
 [38;2;0;0;0m     [38;2;0;0;225m@  [38;2;249;249;249m@[38;2;252;252;252m@@@@@@@@@@@@@@@@@@@@[38;2;251;251;251m@  [38;2;0;0;226m@      [39m
 [38;2;0;0;0m     [38;2;0;0;225m@  [38;2;249;249;249m@[38;2;252;252;252m@@@@@@@@@@@@@@@@@@@@[38;2;251;251;251m@  [38;2;0;0;226m@      [39m
 [38;2;0;0;0m     [38;2;0;0;225m@  [38;2;249;249;249m@[38;2;252;252;252m@@@@@@@@@@@@@@@@@@@@[38;2;251;251;251m@  [38;2;0;0;226m@      [39m
 [38;2;0;0;0m     [38;2;0;0;221m@  [38;2;245;245;245m@[38;2;252;252;252m@@@@@@@@@@@@@@@@@@@@[38;2;249;249;249m@  [38;2;0;0;222m@      [39m
 [38;2;0;0;0m     [38;2;0;0;213m`[38;2;0;0;226m$[38;2;0;0;210m,[38;2;171;171;171m~[38;2;190;190;190m@[38;2;250;250;250m@[38;2;251;251;251m@@[38;2;223;223;223m@[38;2;209;209;209mF[38;2;169;169;169mF[38;2;188;188;188mA[38;2;244;244;244m@[38;2;251;251;251m@@[38;2;245;245;245m@[38;2;220;220;220mP[38;2;174;174;174mF[38;2;167;167;167mM[38;2;217;217;217m@[38;2;251;251;251m@@[38;2;250;250;250m@[38;2;202;202;202m@[38;2;190;190;190m~ [38;2;0;0;232ma'      [39m
 [38;2;0;0;0m      [38;2;0;0;215m`[38;2;0;0;222m4[38;2;0;0;223mg[38;2;0;0;225m_[38;2;0;0;229m_[38;2;152;152;152m`[38;2;0;0;228m_[38;2;0;0;225m_[38;2;0;0;222ma[38;2;0;0;228ma[38;2;0;0;211my[38;2;0;0;226m_[38;2;127;127;127m``[38;2;0;0;226m_[38;2;0;0;211my[38;2;0;0;227ma[38;2;0;0;219mg[38;2;0;0;225m_[38;2;0;0;228m_[38;2;148;148;148m`[38;2;0;0;228m_[38;2;0;0;225m_[38;2;0;0;226ma[38;2;0;0;225mP[38;2;0;0;230m'       [39m
 [38;2;0;0;0m         [38;2;0;0;222m~[38;2;0;0;226m~[38;2;0;0;224m~[38;2;0;0;225m~[38;2;0;0;228m~[38;2;2;2;194m` [38;2;0;0;229m`[38;2;0;0;228m~[38;2;0;0;225m~~[38;2;0;0;230m~[38;2;2;2;197m~ [38;2;3;2;193m`[38;2;0;0;225m~[38;2;0;0;226m~[38;2;0;0;224m~[38;2;0;0;226m~[38;2;0;0;221m~          [39m
 [38;2;0;0;0m                                       [39m
 [38;2;0;0;0m                                       [39m
[?25h