[?25l[39m [38;2;0;0;0m                                       [39m
 [38;2;0;0;0m            [38;2;1;0;206m_[38;2;0;0;225m_[38;2;0;0;215my[38;2;0;0;225mg[38;2;0;0;227mg[38;2;0;0;219m@[38;2;0;0;222m@@[38;2;0;0;220m@[38;2;0;0;227mg[38;2;0;0;225mg[38;2;0;0;214my[38;2;0;0;226m_[38;2;2;1;202m_             [39m
 [38;2;0;0;0m         [38;2;3;2;185m_[38;2;1;0;208my[38;2;0;0;227mg[38;2;0;0;223m@=[38;2;0;0;225m~[38;2;0;0;229m~[38;2;170;170;170m_[38;2;250;250;250m_[38;2;253;253;253m__[38;2;249;249;249m_[38;2;164;164;164m_[38;2;0;0;228m~[38;2;0;0;226m~[38;2;0;0;224m=@[38;2;0;0;219m@[38;2;1;1;206my[38;2;3;1;200m,          [39m
 [38;2;0;0;0m        [38;2;0;0;215ma[38;2;0;0;227m@[38;2;0;0;212mF[38;2;0;0;224m`[38;2;150;150;150my[38;2;210;210;210mg[38;2;219;219;219m@[38;2;251;251;251m@@[38;2;252;252;252m@@@@[38;2;251;251;251m@@[38;2;222;222;222m@[38;2;204;204;204mg[38;2;235;235;235m_[38;2;0;0;225m`[38;2;0;0;211m?[38;2;0;0;227m@[38;2;0;0;218my         [39m
 [38;2;0;0;0m      [38;2;1;1;189m_[38;2;0;0;223m@[38;2;0;0;225mF [38;2;191;191;191my[38;2;226;226;226m@[38;2;251;251;251m@[38;2;252;252;252m@@@@@@@@@@@@[38;2;251;251;251m@[38;2;233;233;233m@[38;2;173;173;173my [38;2;0;0;199mN[38;2;0;0;228m$,       [39m
 [38;2;0;0;0m      [38;2;0;0;228m@[38;2;0;0;205mF [38;2;230;230;230mg[38;2;251;251;251m@[38;2;252;252;252m@@@@@@@@@@@@@@@@[38;2;251;251;251m@[38;2;194;194;194m@ [38;2;0;0;219m~[38;2;0;0;228m@[38;2;1;1;189m,      [39m
 [38;2;0;0;0m     [38;2;0;0;223mJ[38;2;0;0;224mF [38;2;213;213;213mg[38;2;251;251;251m@@[38;2;203;203;203mF[38;2;144;144;144mM[38;2;176;176;176m@[38;2;249;249;249m@[38;2;252;252;252m@@@@@@@@@@@@@[38;2;251;251;251m@[38;2;179;179;179m@ [38;2;0;0;220m?[38;2;1;1;204m$      [39m
 [38;2;0;0;0m     [38;2;0;0;226m@  [38;2;248;248;248m@[38;2;252;252;252m@[38;2;251;251;251m@[38;2;237;237;237mg[38;2;186;186;186my[38;2;173;173;173m_ [38;2;200;200;200m~[38;2;156;156;156m5[38;2;241;241;241m@[38;2;252;252;252m@[38;2;241;241;241m@[38;2;208;208;208mF[38;2;198;198;198mFFFFF[38;2;172;172;172mP[38;2;244;244;244m@[38;2;252;252;252m@[38;2;249;249;249m@  [38;2;0;0;225m$      [39m
 [38;2;0;0;0m     [38;2;0;0;228m@  [38;2;249;249;249m@[38;2;252;252;252m@[38;2;251;251;251m@[38;2;203;203;203m@[38;2;189;189;189mF[38;2;176;176;176m~ [38;2;219;219;219m_[38;2;203;203;203my[38;2;232;232;232m@[38;2;252;252;252m@[38;2;237;237;237m@[38;2;213;213;213my[38;2;202;202;202myyyyy[38;2;218;218;218my[38;2;237;237;237m@[38;2;252;252;252m@@  [38;2;0;0;224m@      [39m
 [38;2;0;0;0m     [38;2;0;0;228m@  [38;2;249;249;249m@[38;2;252;252;252m@[38;2;251;251;251m@[38;2;198;198;198my[38;2;180;180;180my[38;2;227;227;227mg[38;2;239;239;239m@[38;2;251;251;251m@[38;2;252;252;252m@@@@@@@@@@@@@@  [38;2;0;0;224m@      [39m
 [38;2;0;0;0m     [38;2;0;0;228m@  [38;2;249;249;249m@[38;2;252;252;252m@@@@@@@@@@@@@@@@@@@@@  [38;2;0;0;224m@      [39m
 [38;2;0;0;0m     [38;2;0;0;228m@  [38;2;249;249;249m@[38;2;252;252;252m@@@@@@@@@@@@@@@@@@@@@  [38;2;0;0;224m@      [39m
 [38;2;0;0;0m     [38;2;0;0;227m@  [38;2;249;249;249m@[38;2;252;252;252m@@@@@@@@@@@@@@@@@@@@@  [38;2;0;0;224m@      [39m
 [38;2;0;0;0m     [38;2;0;0;226m@  [38;2;250;250;250m@[38;2;252;252;252m@@@@@@@@@@@@@@@@@@@@[38;2;251;251;251m@  [38;2;0;0;227m$      [39m
 [38;2;0;0;0m     [38;2;1;1;203m7[38;2;0;0;218mg [38;2;145;145;145m3[38;2;245;245;245m@[38;2;252;252;252m@@@[38;2;251;251;251m@[38;2;200;200;200m@[38;2;202;202;202mR[38;2;229;229;229m@[38;2;251;251;251m@[38;2;252;252;252m@@[38;2;251;251;251m@[38;2;231;231;231m@[38;2;202;202;202mR[38;2;193;193;193m@[38;2;250;250;250m@[38;2;252;252;252m@@@[38;2;246;246;246m@[38;2;204;204;204mF [38;2;0;0;219mg[38;2;0;0;214mF      [39m
 [38;2;0;0;0m      [38;2;0;0;224m~[38;2;0;0;220m@[38;2;0;0;205my[38;2;0;0;226m_[38;2;185;185;185m~[38;2;232;232;232m~[38;2;218;218;218m~[38;2;115;115;115m`[38;2;0;0;227m_[38;2;0;0;220my[38;2;0;0;227m_[38;2;121;121;121m~[38;2;227;227;227m~[38;2;229;229;229m~[38;2;138;138;138m~[38;2;0;0;228m_[38;2;0;0;219my[38;2;0;0;227m_[38;2;109;109;109m`[38;2;206;206;206m~[38;2;231;231;231m~[38;2;201;201;201m~[38;2;0;0;225m_[38;2;0;0;205my[38;2;0;0;218m$[38;2;0;0;224m~       [39m
 [38;2;0;0;0m        [38;2;1;0;220m~[38;2;0;0;226m~[38;2;0;0;219m=[38;2;0;0;231m=[38;2;0;0;227m=[38;2;0;0;226m~~[38;2;0;0;230m`[38;2;0;0;227m~~[38;2;0;0;229m==[38;2;0;0;227m~[38;2;0;0;228m~[38;2;0;0;230m`[38;2;0;0;223m~[38;2;0;0;226m~[38;2;0;0;225m=[38;2;0;0;231m=[38;2;0;0;219m=[38;2;0;0;225m~[38;2;0;0;218m~         [39m
 [38;2;0;0;0m                                       [39m
 [38;2;0;0;0m                                       [39m
[?25h