[?25l[39m [38;2;0;0;0m                 [38;2;1;0;203m_[38;2;0;0;223m__[38;2;1;0;202m_                  [39m
 [38;2;0;0;0m           [38;2;2;1;194m_[38;2;0;0;224m_[38;2;0;0;220mg[38;2;0;0;225ms[38;2;0;0;221mP[38;2;0;0;216m=[38;2;0;0;228m~[38;2;0;0;227m~[38;2;0;0;226m~[38;2;0;0;227m~[38;2;0;0;216m=[38;2;0;0;221m4[38;2;0;0;224ma[38;2;0;0;221mg[38;2;0;0;224m_[38;2;2;1;192m_            [39m
 [38;2;0;0;0m         [38;2;0;0;230m_[38;2;0;0;228ma[38;2;0;0;216mP[38;2;0;0;228m~[38;2;173;173;173m_[38;2;178;178;178my[38;2;221;221;221my[38;2;248;248;248mg[38;2;252;252;252mg[38;2;232;232;232m$$[38;2;222;222;222m$[38;2;248;248;248mg[38;2;221;221;221my[38;2;176;176;176my[38;2;173;173;173m_[38;2;0;0;225m~[38;2;0;0;221m=[38;2;0;0;229ma[38;2;0;0;230m_          [39m
 [38;2;0;0;0m       [38;2;1;0;207m_[38;2;0;0;228ma[38;2;0;0;230m~ [38;2;199;199;199my[38;2;215;215;215m@[38;2;251;251;251m@[38;2;252;252;252m@@@@@@@@@@[38;2;251;251;251m@[38;2;225;225;225m@[38;2;197;197;197my [38;2;0;0;226m~[38;2;0;0;223m$[38;2;1;0;206m_        [39m
 [38;2;0;0;0m      [38;2;0;0;218m_[38;2;0;0;216m@[38;2;0;0;191m'[38;2;156;156;157my[38;2;231;231;231m@[38;2;252;252;252m@@@@@@@@@@@@@@@@[38;2;241;241;241m@[38;2;142;142;142my [38;2;0;0;231m4[38;2;0;0;218m_       [39m
 [38;2;0;0;0m      [38;2;0;0;228m@ [38;2;156;156;156my[38;2;249;249;249m@[38;2;251;251;251m@[38;2;245;245;245m@[38;2;240;240;240m@[38;2;251;251;251m@[38;2;252;252;252m@@@@@@@@@@@@@@[38;2;251;251;251m@[38;2;140;140;140my [38;2;0;0;228mB[38;2;0;0;226m,      [39m
 [38;2;0;0;0m     [38;2;0;0;215mg[38;2;0;0;197m[ [38;2;223;223;223m@[38;2;252;252;252m@[38;2;251;251;251m@[38;2;241;241;241m_ [38;2;127;127;127m~[38;2;248;248;248m~[38;2;200;200;200mR[38;2;248;248;248m@[38;2;252;252;252m@@@@[38;2;251;251;251m@@@@@[38;2;252;252;252m@@@[38;2;240;240;240m@  [38;2;0;0;218m$      [39m
 [38;2;0;0;0m     [38;2;0;0;225m@  [38;2;249;249;249m@[38;2;252;252;252m@@[38;2;251;251;251m@[38;2;242;242;242m@[38;2;209;209;209m=  [38;2;70;70;70m_[38;2;202;202;202m$[38;2;251;251;251m@[38;2;214;214;214m@[38;2;102;102;102m_[38;2;71;71;71m_[38;2;72;72;72m____[38;2;111;111;111m_[38;2;216;216;216m$[38;2;252;252;252m@[38;2;251;251;251m@  [38;2;0;0;226m@      [39m
 [38;2;0;0;0m     [38;2;0;0;226m@  [38;2;249;249;249m@[38;2;252;252;252m@[38;2;251;251;251m@[38;2;188;188;188m~ [38;2;222;222;222m_[38;2;204;204;204my[38;2;246;246;246mg[38;2;249;249;249m@[38;2;251;251;251m@[38;2;252;252;252m@@[38;2;251;251;251m@@@@@@@[38;2;252;252;252m@@[38;2;251;251;251m@  [38;2;0;0;226m@      [39m
 [38;2;0;0;0m     [38;2;0;0;226m@  [38;2;249;249;249m@[38;2;252;252;252m@@[38;2;250;250;250m@[38;2;247;247;247m@[38;2;251;251;251m@[38;2;252;252;252m@@@@@@@@@@@@@@@[38;2;251;251;251m@  [38;2;0;0;226m@      [39m
 [38;2;0;0;0m     [38;2;0;0;226m@  [38;2;249;249;249m@[38;2;252;252;252m@@@@@@@@@@@@@@@@@@@@[38;2;251;251;251m@  [38;2;0;0;226m@      [39m
 [38;2;0;0;0m     [38;2;0;0;226m@  [38;2;249;249;249m@[38;2;252;252;252m@@@@@@@@@@@@@@@@@@@@[38;2;251;251;251m@  [38;2;0;0;227m@      [39m
 [38;2;0;0;0m     [38;2;0;0;226m@  [38;2;249;249;249m@[38;2;252;252;252m@@@@@@@@@@@@@@@@@@@@[38;2;251;251;251m@  [38;2;0;0;227m@      [39m
 [38;2;0;0;0m     [38;2;0;0;226m@  [38;2;249;249;249m@[38;2;252;252;252m@@@@@@@@@@@@@@@@@@@@[38;2;251;251;251m@  [38;2;0;0;226m@      [39m
 [38;2;0;0;0m     [38;2;0;0;220m@  [38;2;242;242;242m@[38;2;252;252;252m@@@@@@@@@@@@@@@@@@@@[38;2;248;248;248m@  [38;2;0;0;223m@      [39m
 [38;2;0;0;0m     [38;2;1;0;212m`[38;2;0;0;225m@[38;2;0;0;209m_[38;2;141;141;141m~[38;2;170;170;170m@[38;2;245;245;245m@[38;2;251;251;251m@[38;2;249;249;249m@[38;2;205;205;205m@[38;2;190;190;190mF[38;2;251;251;251m~[38;2;178;178;178mP[38;2;230;230;230m@[38;2;251;251;251m@@[38;2;233;233;233m@[38;2;221;221;221mF[38;2;251;251;251m~[38;2;150;150;150mM[38;2;196;196;196m@[38;2;249;249;249m@[38;2;251;251;251m@[38;2;246;246;246m@[38;2;185;185;185m@[38;2;171;171;171m~[38;2;1;0;206m_[38;2;0;0;230mg[38;2;0;0;231m'      [39m
 [38;2;0;0;0m      [38;2;1;0;218m`[38;2;0;0;224m4[38;2;0;0;227mg[38;2;0;0;205my[38;2;0;0;225m_[38;2;0;0;223m_[38;2;0;0;225m_[38;2;0;0;227m_[38;2;0;0;226mg[38;2;0;0;224m@[38;2;0;0;220my[38;2;0;0;227m_[38;2;0;0;223m__[38;2;0;0;227m_[38;2;0;0;218ma[38;2;0;0;220m@[38;2;0;0;226mg[38;2;0;0;227m_[38;2;0;0;223m__[38;2;0;0;225m_[38;2;0;0;205my[38;2;0;0;228mg[38;2;0;0;227mP[38;2;1;1;203m~       [39m
 [38;2;0;0;0m        [38;2;4;2;189m`[38;2;0;0;224m~[38;2;0;0;226m~[38;2;0;0;227m~~~[38;2;2;0;206m` [38;2;2;1;207m~[38;2;0;0;227m~~~~[38;2;2;1;208m~ [38;2;2;0;205m`[38;2;0;0;225m~[38;2;0;0;227m~~[38;2;0;0;226m~[38;2;0;0;225m~[38;2;2;2;196m`         [39m
 [38;2;0;0;0m                                       [39m
[?25h