[?25l[39m [38;2;0;0;0m                                       [39m
 [38;2;0;0;0m              [38;2;0;0;214m_[38;2;0;0;225m_[38;2;0;0;226m_[38;2;1;1;198my[38;2;1;1;206my[38;2;1;1;207my[38;2;1;1;200my[38;2;0;0;226m___               [39m
 [38;2;0;0;0m           [38;2;0;0;226m_[38;2;0;0;227mg[38;2;0;0;214m@[38;2;0;0;219m=[38;2;0;0;225m~[38;2;0;0;231m~[38;2;110;110;110m_[38;2;147;147;147m_[38;2;151;151;151m_[38;2;129;129;129m_[38;2;0;0;232m~[38;2;0;0;225m~[38;2;0;0;226m~[38;2;0;0;224m4[38;2;0;0;228ma[38;2;1;1;205my[38;2;0;0;212m_           [39m
 [38;2;0;0;0m         [38;2;0;0;218ma[38;2;0;0;229mP[38;2;0;0;227m~[38;2;108;108;108m_[38;2;181;181;181my[38;2;227;227;227mg[38;2;222;222;222m@[38;2;249;249;249m@[38;2;252;252;252m@[38;2;251;251;251m@@[38;2;252;252;252m@[38;2;251;251;251m@[38;2;237;237;237m@[38;2;244;244;244mg[38;2;208;208;208my[38;2;215;215;215m_[38;2;0;0;217m~[38;2;0;0;212m4[38;2;0;0;219m$[38;2;0;0;225m_         [39m
 [38;2;0;0;0m       [38;2;0;0;225m_[38;2;0;0;221m@[38;2;0;0;212m~[38;2;158;158;158m_[38;2;223;223;223mg[38;2;250;250;250m@[38;2;252;252;252m@@@@@@@@@@@@[38;2;251;251;251m@[38;2;223;223;223m@[38;2;168;168;168my [38;2;0;0;196mN[38;2;0;0;224mg        [39m
 [38;2;0;0;0m      [38;2;0;0;218mj[38;2;0;0;227mP [38;2;189;189;189my[38;2;248;248;248m@[38;2;252;252;252m@@@@@@@@@@@@@@@@[38;2;251;251;251m@[38;2;204;204;204m@[38;2;72;72;72m,[38;2;0;0;211m~[38;2;0;0;230m$       [39m
 [38;2;0;0;0m      [38;2;0;0;230m@ [38;2;148;148;149my[38;2;243;243;243m@[38;2;215;215;215mF[38;2;191;191;191mR[38;2;244;244;244m@[38;2;251;251;251m@[38;2;252;252;252m@@@@@@@@@@@@@@@[38;2;212;212;212m@ [38;2;0;0;211m~[38;2;0;0;213m$      [39m
 [38;2;0;0;0m     [38;2;2;0;206m4[38;2;1;0;211m[ [38;2;218;218;218m$[38;2;240;240;240m@[38;2;200;200;200my[38;2;205;205;205m_ [38;2;167;167;167m~[38;2;180;180;180mT[38;2;196;196;196m@[38;2;252;252;252m@@[38;2;234;234;234m@[38;2;222;222;222mP[38;2;221;221;221mPPPPP[38;2;206;206;206m@[38;2;251;251;251m@[38;2;252;252;252m@@[38;2;251;251;251m@[38;2;115;115;115mL [38;2;0;0;232m@      [39m
 [38;2;0;0;0m     [38;2;0;0;213m4[38;2;0;0;201m[ [38;2;235;235;235m$[38;2;251;251;251m@[38;2;217;217;217m@[38;2;206;206;206mF[38;2;120;120;120m~ [38;2;178;178;178m_[38;2;195;195;195my[38;2;247;247;247m@[38;2;251;251;251m@[38;2;174;174;174m@[38;2;160;160;160my[38;2;159;159;159myyyyy[38;2;204;204;204my[38;2;249;249;249m@[38;2;252;252;252m@@@[38;2;138;138;138mF [38;2;0;0;235m$      [39m
 [38;2;0;0;0m     [38;2;1;0;213m4[38;2;0;0;200m[ [38;2;222;222;222m@[38;2;220;220;220m@[38;2;250;250;250m_[38;2;161;161;161my[38;2;213;213;213ma[38;2;224;224;224m@[38;2;251;251;251m@[38;2;252;252;252m@@@@@@@@@@@@@@@[38;2;135;135;135mF [38;2;0;0;236m$      [39m
 [38;2;0;0;0m     [38;2;0;0;215m4[38;2;0;0;198m[ [38;2;226;226;226m@[38;2;252;252;252m@@@@@@@@@@@@@@@@@@@@@[38;2;127;127;128mF [38;2;0;0;237m$      [39m
 [38;2;0;0;0m     [38;2;0;0;218m4[38;2;0;0;195m[ [38;2;231;231;231m@[38;2;252;252;252m@@@@@@@@@@@@@@@@@@@@@[38;2;131;131;131mL [38;2;0;0;236m$      [39m
 [38;2;0;0;0m     [38;2;0;0;221m4  [38;2;237;237;237m@[38;2;252;252;252m@@@@@@@@@@@@@@@@@@@@[38;2;251;251;251m@[38;2;116;116;116mL [38;2;0;0;232m@      [39m
 [38;2;0;0;0m     [38;2;0;0;213m$  [38;2;244;244;244m@[38;2;252;252;252m@@@@@@@@@@@@@@@@@@@@[38;2;251;251;251m@[38;2;98;98;98mL [38;2;0;0;230m@      [39m
 [38;2;0;0;0m     [38;2;0;0;206m@[38;2;0;0;194mL [38;2;224;224;224m@[38;2;252;252;252m@@@@@@@@@@@@@@@@@@@@[38;2;246;246;246m@  [38;2;0;0;223m@      [39m
 [38;2;0;0;0m     [38;2;2;2;200m`[38;2;0;0;225m@[38;2;0;0;229m_[38;2;138;138;138m`[38;2;163;163;163m5[38;2;219;219;219mF[38;2;242;242;242m~[38;2;235;235;235m~[38;2;173;173;173mF[38;2;207;207;207m@[38;2;236;236;236m@[38;2;231;231;231m@[38;2;182;182;182m@[38;2;163;163;163mF[38;2;231;231;231m~[38;2;248;248;248m~[38;2;203;203;203mR[38;2;231;231;231m@[38;2;236;236;236m@[38;2;212;212;212m@[38;2;206;206;206mF[38;2;238;238;238m~[38;2;240;240;240m~[38;2;196;196;196mT[38;2;134;134;134m~[38;2;0;0;227m_[38;2;0;0;223m$[38;2;0;0;230m'      [39m
 [38;2;0;0;0m       [38;2;0;0;227m~[38;2;0;0;216m@[38;2;0;0;221mg[38;2;0;0;224ma[38;2;0;0;213m@@[38;2;0;0;225mg[38;2;0;0;201my[38;2;0;0;227m__[38;2;0;0;215my[38;2;0;0;228ma[38;2;0;0;216mR[38;2;0;0;228ma[38;2;0;0;213my[38;2;0;0;227m__[38;2;0;0;201my[38;2;0;0;226mg[38;2;1;0;210m@[38;2;0;0;217m@[38;2;0;0;228mg[38;2;0;0;212m@[38;2;0;0;230m~[38;2;1;1;197m'       [39m
 [38;2;0;0;0m         [38;2;3;3;191m`    [38;2;2;2;197m~[38;2;1;0;219m~[38;2;1;1;216m~[38;2;0;0;219m`   [38;2;0;0;223m`[38;2;0;1;217m~[38;2;0;1;221m~[38;2;0;0;228m`              [39m
 [38;2;0;0;0m                                       [39m
[?25h