[?25l[39m [38;2;0;0;0m                [38;2;0;0;231m_[38;2;0;0;229m_[38;2;0;0;226m_[38;2;0;0;225m_[38;2;0;0;229m_[38;2;0;0;232m_                 [39m
 [38;2;0;0;0m           [38;2;0;0;229m_[38;2;1;0;213my[38;2;0;0;227ma[38;2;0;0;222mP[38;2;0;0;229m~[38;2;0;0;225m~[38;2;0;0;227m~[38;2;0;0;230m~~[38;2;0;0;227m~[38;2;0;0;225m~[38;2;0;0;228m~[38;2;0;0;222m4[38;2;0;0;227ma[38;2;1;0;212my[38;2;0;0;229m_            [39m
 [38;2;0;0;0m         [38;2;1;1;207my[38;2;0;0;217m$[38;2;0;0;226m~[38;2;0;0;229m`[38;2;145;145;145my[38;2;211;211;211my[38;2;247;247;247mg[38;2;232;232;232m$[38;2;247;247;247m@[38;2;250;250;250m@@[38;2;248;248;248m@[38;2;220;220;220m@[38;2;247;247;247mg[38;2;211;211;211my[38;2;245;245;245m_[38;2;0;0;229m`[38;2;0;0;225m~[38;2;0;0;216m@[38;2;1;1;209my          [39m
 [38;2;0;0;0m       [38;2;0;0;224m_[38;2;0;0;219m@[38;2;0;0;221m~[38;2;135;135;135m_[38;2;206;206;206mg[38;2;243;243;243m@[38;2;251;251;251m@[38;2;252;252;252m@@@@@@@@@@@[38;2;247;247;247m@[38;2;206;206;206mg[38;2;134;134;134m_[38;2;0;0;217m~[38;2;0;0;218m@[38;2;0;0;225m_        [39m
 [38;2;0;0;0m      [38;2;0;0;222mj[38;2;0;0;232mF [38;2;194;194;194my[38;2;246;246;246m@[38;2;252;252;252m@@@@@@@@@@@@@@@@[38;2;250;250;250m@[38;2;186;186;186my [38;2;0;0;221m4[38;2;0;0;219mL       [39m
 [38;2;0;0;0m     [38;2;2;1;179mj[38;2;0;0;221m@ [38;2;157;157;157mg[38;2;251;251;251m@[38;2;252;252;252m@[38;2;216;216;216m@[38;2;195;195;195m@[38;2;249;249;249m@[38;2;251;251;251m@[38;2;252;252;252m@@@@@@@@@@@@@[38;2;251;251;251m@[38;2;148;148;148mg [38;2;0;0;224mR[38;2;1;0;218m;      [39m
 [38;2;0;0;0m     [38;2;0;0;219mg[38;2;2;1;197m' [38;2;234;234;234m@[38;2;252;252;252m@[38;2;251;251;251m@[38;2;189;189;189my[38;2;142;142;142m_[38;2;74;74;74m`[38;2;212;212;212m~[38;2;167;167;167mP[38;2;217;217;217m@[38;2;251;251;251m@[38;2;252;252;252m@[38;2;251;251;251m@[38;2;230;230;230m@[38;2;221;221;221m@@@@@[38;2;232;232;232m@[38;2;251;251;251m@[38;2;252;252;252m@[38;2;245;245;245m@  [38;2;0;0;221m$      [39m
 [38;2;0;0;0m     [38;2;0;0;225m@  [38;2;249;249;249m@[38;2;252;252;252m@@[38;2;251;251;251m@[38;2;208;208;208m@[38;2;142;142;142mF  [38;2;191;191;191m_[38;2;208;208;208m$[38;2;251;251;251m@[38;2;218;218;218m@[38;2;220;220;220m_[38;2;199;199;199m_____[38;2;227;227;227m_[38;2;220;220;220m$[38;2;252;252;252m@[38;2;251;251;251m@  [38;2;0;0;226m@      [39m
 [38;2;0;0;0m     [38;2;0;0;225m@  [38;2;249;249;249m@[38;2;252;252;252m@[38;2;251;251;251m@[38;2;169;169;169m_[38;2;115;115;115m_[38;2;167;167;167my[38;2;219;219;219mg[38;2;231;231;231m@[38;2;251;251;251m@[38;2;252;252;252m@@@[38;2;251;251;251m@@@@@@@[38;2;252;252;252m@@[38;2;251;251;251m@  [38;2;0;0;227m@      [39m
 [38;2;0;0;0m     [38;2;0;0;225m@  [38;2;249;249;249m@[38;2;252;252;252m@@[38;2;251;251;251m@@[38;2;252;252;252m@@@@@@@@@@@@@@@@[38;2;251;251;251m@  [38;2;0;0;227m@      [39m
 [38;2;0;0;0m     [38;2;0;0;225m@  [38;2;249;249;249m@[38;2;252;252;252m@@@@@@@@@@@@@@@@@@@@[38;2;251;251;251m@  [38;2;0;0;227m@      [39m
 [38;2;0;0;0m     [38;2;0;0;225m@  [38;2;249;249;249m@[38;2;252;252;252m@@@@@@@@@@@@@@@@@@@@[38;2;251;251;251m@  [38;2;0;0;226m@      [39m
 [38;2;0;0;0m     [38;2;0;0;225m@  [38;2;249;249;249m@[38;2;252;252;252m@@@@@@@@@@@@@@@@@@@@[38;2;251;251;251m@  [38;2;0;0;227m@      [39m
 [38;2;0;0;0m     [38;2;0;0;226m@  [38;2;249;249;249m@[38;2;252;252;252m@@@@@@@@@@@@@@@@@@@@[38;2;251;251;251m@  [38;2;0;0;226m@      [39m
 [38;2;0;0;0m     [38;2;0;0;220m@[38;2;0;0;216m, [38;2;238;238;238m@[38;2;252;252;252m@@@@@@@@@@@@@@@@@@@@[38;2;246;246;246m@ [38;2;0;0;173mj[38;2;0;0;222m@      [39m
 [38;2;0;0;0m     [38;2;1;0;212m`[38;2;0;0;227m@[38;2;0;0;225m_[38;2;101;101;101m~[38;2;176;176;176mA[38;2;229;229;229m@[38;2;248;248;248m@[38;2;237;237;237m@[38;2;181;181;181m@[38;2;162;162;162mF[38;2;247;247;247m~[38;2;157;157;157mM[38;2;208;208;208m@[38;2;245;245;245m@@[38;2;213;213;213m@[38;2;201;201;201mF[38;2;246;246;246m~[38;2;250;250;250m~[38;2;199;199;199mR[38;2;236;236;236m@[38;2;248;248;248m@[38;2;232;232;232m@[38;2;163;163;163m@[38;2;142;142;142m~[38;2;0;0;223m_[38;2;0;0;221m@[38;2;0;0;233m'      [39m
 [38;2;0;0;0m      [38;2;1;0;216m`[38;2;0;0;221m4[38;2;0;0;219m@[38;2;0;0;220my[38;2;0;0;227m___[38;2;0;0;210my[38;2;0;0;227mg[38;2;0;0;228m@[38;2;0;0;225mg[38;2;0;0;227m____[38;2;0;0;226mg@[38;2;0;0;227mg[38;2;0;0;211my[38;2;0;0;227m___[38;2;0;0;216ma[38;2;0;0;227mg[38;2;0;0;224mP[38;2;2;1;198m~       [39m
 [38;2;0;0;0m         [38;2;0;0;221m~[38;2;0;0;226m~~~~[38;2;3;1;198m` [38;2;3;2;199m~[38;2;0;0;226m~~[38;2;0;0;227m~[38;2;0;0;226m~[38;2;2;1;198m~ [38;2;3;1;198m`[38;2;0;0;224m~[38;2;0;0;227m~~~[38;2;0;0;223m~[38;2;3;3;184m`         [39m
 [38;2;0;0;0m                                       [39m
[?25h