[?25l[39m [38;2;0;0;0m                                       [39m
 [38;2;0;0;0m            [38;2;1;0;208m_[38;2;0;0;225m_[38;2;1;0;216mg[38;2;0;0;228ma[38;2;0;0;216m#[38;2;0;0;219mP[38;2;0;0;228m=[38;2;0;0;226m=[38;2;0;0;229m==[38;2;0;0;217m#[38;2;0;0;227ma[38;2;1;0;213my[38;2;0;0;227m_             [39m
 [38;2;0;0;0m          [38;2;0;0;228m_[38;2;0;0;229md[38;2;0;0;214mF[38;2;0;0;230m~[38;2;154;154;154m_[38;2;164;164;164my[38;2;202;202;202my[38;2;209;209;209ma[38;2;236;236;236mg[38;2;245;245;245mg[38;2;233;233;233mg[38;2;195;195;195mg[38;2;199;199;199my[38;2;153;153;153my[38;2;145;145;145m_[38;2;0;0;227m~[38;2;0;0;223m=[38;2;0;0;229ma_          [39m
 [38;2;0;0;0m        [38;2;0;0;226m_[38;2;0;0;220m@[38;2;0;0;227m~[38;2;94;94;94m_[38;2;208;208;208my[38;2;218;218;218m@[38;2;251;251;251m@[38;2;252;252;252m@@@@@@@@@[38;2;251;251;251m@[38;2;228;228;228m@[38;2;180;180;180mg[38;2;128;128;128m_[38;2;0;0;223m~[38;2;0;0;215m@[38;2;0;0;230m_        [39m
 [38;2;0;0;0m       [38;2;0;0;212mg[38;2;0;0;229mF [38;2;196;196;196my[38;2;244;244;244m@[38;2;252;252;252m@@@@@@@@@@@@@@@[38;2;251;251;251m@[38;2;187;187;187mg [38;2;0;0;228m~[38;2;0;0;221m$       [39m
 [38;2;0;0;0m      [38;2;0;0;216mj[38;2;0;0;231mF [38;2;193;193;193mg[38;2;251;251;251m@[38;2;252;252;252m@@@@[38;2;251;251;251m@@[38;2;252;252;252m@@@@@@@@@@@@[38;2;210;210;210m@ [38;2;0;0;213m~[38;2;0;0;221m$      [39m
 [38;2;0;0;0m      [38;2;0;0;234m@ [38;2;97;97;98mu[38;2;250;250;250m@[38;2;252;252;252m@@@[38;2;251;251;251m@[38;2;165;165;165m@ [38;2;152;152;152m~[38;2;177;177;177mT[38;2;184;184;184m@[38;2;250;250;250m@[38;2;252;252;252m@@@@[38;2;251;251;251m@@@@@@[38;2;148;148;148m$ [38;2;0;0;223mB[38;2;1;0;211m;     [39m
 [38;2;0;0;0m      [38;2;0;0;232m@ [38;2;164;164;164m4[38;2;251;251;251m@[38;2;252;252;252m@@@@[38;2;251;251;251m@[38;2;247;247;247m@[38;2;218;218;218ma   [38;2;214;214;214m~[38;2;251;251;251m@@[38;2;209;209;209m~[38;2;205;205;205m``````[38;2;186;186;186m~ [38;2;0;1;204m4[38;2;1;1;220m[     [39m
 [38;2;0;0;0m      [38;2;0;0;230m@ [38;2;171;171;171m4[38;2;251;251;251m@[38;2;252;252;252m@@@[38;2;251;251;251m@[38;2;176;176;176m@[38;2;180;180;180m~ [38;2;223;223;223m_[38;2;206;206;206my[38;2;246;246;246mg[38;2;249;249;249m@[38;2;252;252;252m@@[38;2;249;249;249m@[38;2;237;237;237m@@@@@@[38;2;217;217;217m@ [38;2;0;1;204m4[38;2;1;1;221m[     [39m
 [38;2;0;0;0m      [38;2;0;0;226m@ [38;2;180;180;180m4[38;2;251;251;251m@[38;2;252;252;252m@@@@[38;2;249;249;249m@[38;2;252;252;252mg[38;2;241;241;241m@[38;2;251;251;251m@[38;2;252;252;252m@@@@@@@@@@@@[38;2;209;209;209m@ [38;2;0;0;209m4[38;2;1;1;218m[     [39m
 [38;2;0;0;0m     [38;2;3;2;166mj[38;2;0;0;221m@ [38;2;151;151;151m$[38;2;252;252;252m@@@@@@@@@@@@@@@@@@@@@[38;2;195;195;195m@ [38;2;0;0;214m4[38;2;1;1;212m[     [39m
 [38;2;0;0;0m     [38;2;2;2;184mJ[38;2;0;0;210m@ [38;2;173;173;173m$[38;2;252;252;252m@@@@@@@@@@@@@@@@@@@@@[38;2;189;189;189m$ [38;2;0;0;217m0[38;2;1;1;198m[     [39m
 [38;2;0;0;0m     [38;2;1;1;201mJ[38;2;1;0;217m[ [38;2;207;207;207m$[38;2;252;252;252m@@@@@@@@@@@@@@@@@@@@[38;2;251;251;251m@[38;2;153;153;153m$ [38;2;0;0;226m$[38;2;2;0;188m'     [39m
 [38;2;0;0;0m     [38;2;1;1;207m4[38;2;1;0;208m[ [38;2;230;230;230m$[38;2;252;252;252m@@@@@@@@@@@@@@@@@@@@[38;2;251;251;251m@[38;2;158;158;158mF [38;2;0;0;234m$      [39m
 [38;2;0;0;0m     [38;2;0;0;216m4[38;2;1;0;205m[ [38;2;216;216;216m@[38;2;252;252;252m@@@@@@@@@@@@@@@@@@@@[38;2;251;251;251m@[38;2;101;101;102mF [38;2;0;0;231m@      [39m
 [38;2;0;0;0m     [38;2;2;1;204m`[38;2;0;0;227m@[38;2;1;0;207m_[38;2;114;114;114m~[38;2;192;192;192mP[38;2;177;177;177mF[38;2;183;183;183mF[38;2;217;217;217m@[38;2;251;251;251m@[38;2;252;252;252m@[38;2;250;250;250m@[38;2;201;201;201m@[38;2;192;192;192mF[38;2;175;175;175mF[38;2;174;174;174m@[38;2;248;248;248m@[38;2;252;252;252m@@[38;2;232;232;232m@[38;2;217;217;217mF[38;2;173;173;173mF[38;2;177;177;177mP[38;2;230;230;230m@[38;2;210;210;210m@[38;2;144;144;144mF [38;2;0;0;225mg[38;2;1;0;211mF      [39m
 [38;2;0;0;0m      [38;2;1;0;214m`[38;2;0;0;224m4[38;2;0;0;227mg[38;2;0;0;216ma[38;2;0;0;226ma[38;2;0;0;219mg[38;2;0;0;227m_[38;2;0;0;225m_[38;2;127;127;127m`[38;2;0;0;225m__[38;2;0;0;226mg[38;2;0;0;225mg__[38;2;123;123;123m`[38;2;0;0;226m_[38;2;0;0;225m_[38;2;0;0;220ma[38;2;0;0;218m@y[38;2;0;0;226m_[38;2;0;0;227m_g[38;2;0;0;229mP[38;2;1;0;209m~       [39m
 [38;2;0;0;0m        [38;2;3;3;187m`[38;2;0;0;229m` [38;2;1;0;221m`[38;2;0;0;225m~[38;2;0;0;227m~~[38;2;0;0;226m~[38;2;0;0;225m~  [38;2;1;0;220m~[38;2;0;0;226m~[38;2;0;0;227m~~[38;2;0;0;226m~[38;2;0;0;223m` [38;2;0;0;231m`[38;2;0;0;226m~[38;2;0;0;225m~[38;2;4;2;198m`         [39m
 [38;2;0;0;0m                                       [39m
[?25h