[?25l[39m [38;2;0;0;0m                                       [39m
 [38;2;0;0;0m             [38;2;2;2;191m_[38;2;0;0;226m__[38;2;1;1;207my[38;2;0;0;218my[38;2;0;0;217ma[38;2;1;0;215may[38;2;0;0;227m_[38;2;0;0;226m_[38;2;0;0;227m_               [39m
 [38;2;0;0;0m          [38;2;0;0;230m_[38;2;0;0;221ma@P[38;2;0;0;227m~[38;2;0;0;226m~[38;2;0;0;232m~[38;2;140;140;140m_[38;2;163;163;163m_[38;2;152;152;152m_[38;2;113;113;113m_[38;2;0;0;230m~[38;2;0;0;226m~[38;2;0;0;221m=[38;2;0;0;217m@[38;2;0;0;228mg[38;2;0;0;225m_[38;2;2;2;195m,           [39m
 [38;2;0;0;0m        [38;2;0;0;229m_[38;2;0;0;221m@[38;2;0;0;213mF[38;2;0;0;210m~[38;2;134;134;134my[38;2;187;187;187mg[38;2;248;248;248mg[38;2;239;239;239m@[38;2;252;252;252m@[38;2;251;251;251m@@@[38;2;252;252;252m@[38;2;250;250;250m@[38;2;225;225;225m@[38;2;222;222;222mg[38;2;171;171;171my[38;2;83;83;83m_[38;2;0;0;225m~[38;2;0;0;223mR[38;2;0;0;218mg[38;2;0;1;217m,         [39m
 [38;2;0;0;0m      [38;2;1;2;188m_[38;2;0;0;230mg[38;2;0;0;219mF [38;2;197;197;197my[38;2;226;226;226m@[38;2;251;251;251m@[38;2;252;252;252m@@@@@@@@@@@@[38;2;250;250;250m@[38;2;207;207;207mg[38;2;113;113;113m_[38;2;0;0;218m~[38;2;0;0;224m@_        [39m
 [38;2;0;0;0m      [38;2;0;0;229m@[38;2;1;0;198m~[38;2;113;113;113m_[38;2;205;205;205m@[38;2;251;251;251m@[38;2;252;252;252m@@@@@@@@@@@@@@@@[38;2;248;248;248m@[38;2;148;148;148my [38;2;0;0;223mR[38;2;1;0;205mL       [39m
 [38;2;0;0;0m     [38;2;0;0;227mg[38;2;0;0;194mF [38;2;214;214;214m@[38;2;252;252;252m@[38;2;248;248;248m@[38;2;195;195;195mM[38;2;190;190;190mP[38;2;233;233;233m@[38;2;251;251;251m@[38;2;252;252;252m@@@@@@@@@@@@@[38;2;251;251;251m@[38;2;115;115;116m_ [38;2;0;0;229m@[38;2;1;0;193m,      [39m
 [38;2;0;0;0m     [38;2;0;0;235m@ [38;2;135;135;135m4[38;2;251;251;251m@[38;2;252;252;252m@[38;2;249;249;249m@[38;2;213;213;213my[38;2;232;232;232m_ [38;2;222;222;222m`[38;2;249;249;249m~[38;2;175;175;175m@[38;2;251;251;251m@[38;2;252;252;252m@[38;2;243;243;243m@[38;2;224;224;224mP[38;2;219;219;219mPPPPP[38;2;188;188;188m@[38;2;251;251;251m@[38;2;252;252;252m@[38;2;209;209;209m$ [38;2;0;0;207m3[38;2;1;1;215m[      [39m
 [38;2;0;0;0m     [38;2;0;0;232m@ [38;2;167;167;167m4[38;2;251;251;251m@[38;2;252;252;252m@@[38;2;226;226;226m@[38;2;215;215;215mF[38;2;170;170;170m~ [38;2;140;140;140m_[38;2;180;180;180my[38;2;236;236;236m@[38;2;251;251;251m@[38;2;218;218;218m$[38;2;168;168;168my[38;2;163;163;163myyyy[38;2;162;162;162my[38;2;192;192;192my[38;2;240;240;240m@[38;2;252;252;252m@[38;2;224;224;224m@ [38;2;1;0;201m4[38;2;1;0;222m[      [39m
 [38;2;0;0;0m     [38;2;0;0;233m@ [38;2;161;161;161m4[38;2;251;251;251m@[38;2;252;252;252m@[38;2;240;240;240m@[38;2;252;252;252m_[38;2;145;145;145my[38;2;221;221;221my[38;2;225;225;225m$[38;2;251;251;251m@[38;2;252;252;252m@@@@@@@@@@@@@[38;2;229;229;229m@ [38;2;1;0;200m4[38;2;1;0;223m[      [39m
 [38;2;0;0;0m     [38;2;0;0;234m@ [38;2;153;153;153m4[38;2;251;251;251m@[38;2;252;252;252m@@@@@@@@@@@@@@@@@@@@[38;2;234;234;234m@ [38;2;0;0;195m4[38;2;1;0;225m[      [39m
 [38;2;0;0;0m     [38;2;0;0;236m@ [38;2;142;142;142m4[38;2;251;251;251m@[38;2;252;252;252m@@@@@@@@@@@@@@@@@@@@[38;2;237;237;237m@ [38;2;0;0;193mJ[38;2;1;1;205m$      [39m
 [38;2;0;0;0m     [38;2;0;0;237m@ [38;2;127;127;127m4[38;2;252;252;252m@@@@@@@@@@@@@@@@@@@@@[38;2;239;239;239m@ [38;2;0;0;184mJ[38;2;0;0;212m$      [39m
 [38;2;0;0;0m     [38;2;0;0;236m@ [38;2;105;105;105m4[38;2;251;251;251m@[38;2;252;252;252m@@@@@@@@@@@@@@@@@@@@[38;2;244;244;244m@  [38;2;0;0;218m$      [39m
 [38;2;0;0;0m     [38;2;0;0;217m@[38;2;1;0;217m, [38;2;223;223;223m@[38;2;252;252;252m@@@@@[38;2;251;251;251m@[38;2;252;252;252m@@@@@@@[38;2;251;251;251m@[38;2;252;252;252m@@@@@[38;2;251;251;251m@[38;2;208;208;208m@ [38;2;0;0;218mj[38;2;0;0;223mF      [39m
 [38;2;0;0;0m     [38;2;2;2;197m`[38;2;0;0;217m@[38;2;0;0;205my [38;2;239;239;239m~[38;2;193;193;193mP[38;2;209;209;209mR[38;2;196;196;196mR[38;2;194;194;194mF[38;2;185;185;185m~[38;2;189;189;189m`[38;2;196;196;196m~[38;2;180;180;180mF[38;2;199;199;199mR[38;2;207;207;207mR[38;2;215;215;215mF[38;2;234;234;234m~[38;2;101;101;101m~[38;2;132;132;132m~[38;2;246;246;246m~[38;2;181;181;181mR[38;2;208;208;208mR[38;2;207;207;207mP[38;2;243;243;243m~ [38;2;0;0;212my[38;2;1;0;214m@       [39m
 [38;2;0;0;0m       [38;2;0;0;227m~[38;2;1;0;207m4[38;2;0;0;215m@[38;2;0;0;227mg[38;2;0;0;222mg[38;2;0;0;227mg[38;2;0;0;228ma[38;2;0;0;224mP[38;2;0;0;213m=[38;2;0;0;218mR[38;2;0;0;227ma[38;2;0;0;226mg[38;2;0;0;223mg[38;2;0;0;227mg[38;2;0;0;213m@[38;2;0;0;218m=[38;2;0;0;219m4[38;2;0;0;227ma[38;2;0;0;228mg[38;2;0;0;222mg[38;2;0;0;228mg[38;2;0;0;225ma[38;2;0;0;216mP[38;2;0;0;222m~        [39m
 [38;2;0;0;0m                                       [39m
 [38;2;0;0;0m                                       [39m
[?25h