[?25l[39m [38;2;0;0;0m             [38;2;0;0;231m_[38;2;0;0;226m_[38;2;0;0;217my[38;2;0;0;229mg[38;2;0;0;228ma[38;2;0;0;227maa[38;2;0;0;228ma[38;2;0;0;229mg[38;2;0;0;217my[38;2;0;0;226m_[38;2;0;0;229m_              [39m
 [38;2;0;0;0m          [38;2;0;0;228m_[38;2;0;0;227mgP[38;2;0;0;225m~[38;2;0;0;228m~[38;2;132;132;132m_[38;2;242;242;242m_[38;2;155;155;155my[38;2;168;168;168myy[38;2;155;155;155my[38;2;242;242;242m_[38;2;134;134;134m_[38;2;0;0;226m~~[38;2;0;0;228m4[38;2;0;0;227mg[38;2;0;0;228m_           [39m
 [38;2;0;0;0m        [38;2;0;0;230m_[38;2;0;0;222m@[38;2;0;0;227m~[38;2;2;2;189m`[38;2;177;177;177my[38;2;236;236;236mg[38;2;240;240;240m@[38;2;251;251;251m@[38;2;252;252;252m@@@@@@[38;2;251;251;251m@[38;2;245;245;245m@[38;2;236;236;236mg[38;2;172;172;172my[38;2;2;1;189m`[38;2;0;0;225m~[38;2;0;0;222m@[38;2;0;0;230m_         [39m
 [38;2;0;0;0m       [38;2;0;0;229mg[38;2;0;0;219mF [38;2;178;178;178mg[38;2;240;240;240m@[38;2;252;252;252m@@@@@@@@@@@@@@[38;2;246;246;246m@[38;2;176;176;176mg [38;2;0;0;227m~[38;2;0;0;226m$[38;2;0;0;209m,       [39m
 [38;2;0;0;0m      [38;2;0;0;223m@[38;2;0;0;208m~ [38;2;240;240;240mg[38;2;251;251;251m@[38;2;243;243;243m@[38;2;235;235;235m@[38;2;251;251;251m@[38;2;252;252;252m@@@@@@@@@@@@@@[38;2;217;217;217m@[38;2;74;74;74m,[38;2;0;0;210m"[38;2;0;0;231m$       [39m
 [38;2;0;0;0m     [38;2;0;0;218mj[38;2;0;0;223mF [38;2;218;218;218mg[38;2;251;251;251m@@[38;2;144;144;144my [38;2;208;208;208m`[38;2;247;247;247m~[38;2;175;175;175m@[38;2;248;248;248m@[38;2;252;252;252m@@@[38;2;251;251;251m@@@@@@@[38;2;252;252;252m@@[38;2;201;201;201m@ [38;2;0;0;211m?[38;2;1;1;203m$      [39m
 [38;2;0;0;0m     [38;2;0;0;222m@  [38;2;248;248;248m@[38;2;252;252;252m@@[38;2;251;251;251m@[38;2;245;245;245m@[38;2;218;218;218m=   [38;2;202;202;202m$[38;2;251;251;251m@[38;2;213;213;213m@[38;2;80;80;80m`     [38;2;95;95;95m`[38;2;216;216;216m$[38;2;252;252;252m@[38;2;251;251;251m@  [38;2;0;0;228m$      [39m
 [38;2;0;0;0m     [38;2;0;0;226m@  [38;2;249;249;249m@[38;2;252;252;252m@[38;2;251;251;251m@[38;2;222;222;222m~ [38;2;175;175;175m_[38;2;191;191;191my[38;2;242;242;242mg[38;2;249;249;249m@[38;2;252;252;252m@@@@@@@@@@@@[38;2;251;251;251m@  [38;2;0;0;226m@      [39m
 [38;2;0;0;0m     [38;2;0;0;225m@  [38;2;249;249;249m@[38;2;252;252;252m@@[38;2;243;243;243m@[38;2;233;233;233m@[38;2;251;251;251m@[38;2;252;252;252m@@@@@@@@@@@@@@@[38;2;251;251;251m@  [38;2;0;0;226m@      [39m
 [38;2;0;0;0m     [38;2;0;0;225m@  [38;2;249;249;249m@[38;2;252;252;252m@@@@@@@@@@@@@@@@@@@@[38;2;251;251;251m@  [38;2;0;0;226m@      [39m
 [38;2;0;0;0m     [38;2;0;0;225m@  [38;2;249;249;249m@[38;2;252;252;252m@@@@@@@@@@@@@@@@@@@@[38;2;251;251;251m@  [38;2;0;0;226m@      [39m
 [38;2;0;0;0m     [38;2;0;0;225m@  [38;2;249;249;249m@[38;2;252;252;252m@@@@@@@@@@@@@@@@@@@@[38;2;251;251;251m@  [38;2;0;0;226m@      [39m
 [38;2;0;0;0m     [38;2;0;0;225m@  [38;2;249;249;249m@[38;2;252;252;252m@@@@@@@@@@@@@@@@@@@@[38;2;251;251;251m@  [38;2;0;0;226m@      [39m
 [38;2;0;0;0m     [38;2;0;0;221m@[38;2;0;0;214m, [38;2;241;241;241m@[38;2;252;252;252m@@@@@@@@@@@@@@@@@@@@[38;2;247;247;247m@ [38;2;0;0;171mj[38;2;0;0;223m@      [39m
 [38;2;0;0;0m     [38;2;0;0;214m`[38;2;0;0;226m@[38;2;0;0;219m_[38;2;110;110;110m~[38;2;187;187;187mA[38;2;239;239;239m@[38;2;249;249;249m@[38;2;245;245;245m@[38;2;186;186;186m@[38;2;163;163;163mF[38;2;252;252;252m~[38;2;156;156;156m5[38;2;215;215;215m@[38;2;248;248;248m@@[38;2;219;219;219m@[38;2;209;209;209mF[38;2;252;252;252m~[38;2;251;251;251m~[38;2;208;208;208mR[38;2;245;245;245m@[38;2;249;249;249m@[38;2;240;240;240m@[38;2;220;220;220mP[38;2;146;146;146m~[38;2;0;0;218m_[38;2;0;0;231mg[38;2;1;1;197mF      [39m
 [38;2;0;0;0m      [38;2;2;1;198m~[38;2;0;0;225m4[38;2;0;0;227mg[38;2;0;0;216my[38;2;0;0;226m___[38;2;0;0;208my[38;2;0;0;227mg[38;2;0;0;226m@[38;2;0;0;220mg[38;2;0;0;226m____[38;2;0;0;223ma[38;2;0;0;224m@[38;2;0;0;227mg[38;2;0;0;208my[38;2;0;0;226m___[38;2;0;0;216my[38;2;0;0;228mg[38;2;0;0;226mP[38;2;0;1;205m~       [39m
 [38;2;0;0;0m        [38;2;1;3;202m`[38;2;0;0;227m~[38;2;0;0;225m~~~[38;2;0;0;230m~[38;2;2;0;214m` [38;2;0;1;212m~[38;2;0;0;226m~[38;2;0;0;225m~~[38;2;0;0;226m~[38;2;0;0;212m~ [38;2;2;0;212m`[38;2;0;0;228m~[38;2;0;0;225m~~~[38;2;0;0;228m~[38;2;2;1;202m`         [39m
 [38;2;0;0;0m                                       [39m
 [38;2;0;0;0m                                       [39m
[?25h