[?25l[39m [38;2;0;0;0m                [38;2;0;0;230m__[38;2;0;0;225m_[38;2;0;0;226m_[38;2;0;0;229m_[38;2;0;0;232m_                 [39m
 [38;2;0;0;0m           [38;2;0;0;229m_[38;2;1;0;212my[38;2;0;0;227ma[38;2;0;0;222mP[38;2;0;0;227m~[38;2;0;0;225m~[38;2;0;0;227m~[38;2;0;0;230m~~[38;2;0;0;227m~[38;2;0;0;225m~[38;2;0;0;228m~[38;2;0;0;222m4[38;2;0;0;227ma[38;2;1;0;213my[38;2;0;0;229m_            [39m
 [38;2;0;0;0m         [38;2;1;0;207my[38;2;0;0;217m$[38;2;0;0;225m~[38;2;0;0;229m`[38;2;144;144;144my[38;2;211;211;211my[38;2;247;247;247mg[38;2;232;232;232m$[38;2;247;247;247m@[38;2;250;250;250m@@[38;2;248;248;248m@[38;2;220;220;220m@[38;2;247;247;247mg[38;2;211;211;211my[38;2;245;245;245m_[38;2;0;0;229m`[38;2;0;0;226m~[38;2;0;0;216m@[38;2;1;0;209my          [39m
 [38;2;0;0;0m       [38;2;0;0;222m_[38;2;0;0;220m@[38;2;0;0;222m~[38;2;133;133;133m_[38;2;206;206;206mg[38;2;242;242;242m@[38;2;251;251;251m@[38;2;252;252;252m@@@@@@@@@@@[38;2;247;247;247m@[38;2;207;207;207mg[38;2;137;137;137m_[38;2;0;0;218m~@[38;2;0;0;225m_        [39m
 [38;2;0;0;0m      [38;2;0;0;221mj[38;2;0;0;232mF [38;2;192;192;193my[38;2;246;246;246m@[38;2;252;252;252m@@@@@@@@@@@@@@@@[38;2;250;250;250m@[38;2;188;188;188my [38;2;0;0;220m4[38;2;0;0;219mL       [39m
 [38;2;0;0;0m      [38;2;0;0;222m@ [38;2;155;155;155mg[38;2;251;251;251m@[38;2;252;252;252m@[38;2;216;216;216m@[38;2;195;195;195m@[38;2;249;249;249m@[38;2;251;251;251m@[38;2;252;252;252m@@@@@@@@@@@@@[38;2;251;251;251m@[38;2;150;150;150mg [38;2;0;0;224mR[38;2;1;1;200mi      [39m
 [38;2;0;0;0m     [38;2;0;0;218mg[38;2;0;0;191m[ [38;2;232;232;232m@[38;2;252;252;252m@[38;2;251;251;251m@[38;2;189;189;189my[38;2;144;144;144m_[38;2;74;74;74m`[38;2;212;212;212m~[38;2;167;167;167mP[38;2;217;217;217m@[38;2;251;251;251m@[38;2;252;252;252m@[38;2;251;251;251m@[38;2;230;230;230m@[38;2;221;221;221m@@@@@[38;2;232;232;232m@[38;2;251;251;251m@[38;2;252;252;252m@[38;2;246;246;246m@  [38;2;0;0;222m$      [39m
 [38;2;0;0;0m     [38;2;0;0;224m@  [38;2;250;250;250m@[38;2;252;252;252m@@[38;2;251;251;251m@[38;2;208;208;208m@[38;2;142;142;142mF  [38;2;190;190;190m_[38;2;207;207;207m$[38;2;251;251;251m@[38;2;218;218;218m@[38;2;221;221;221m_[38;2;199;199;199m_____[38;2;227;227;227m_[38;2;220;220;220m$[38;2;252;252;252m@[38;2;251;251;251m@  [38;2;0;0;227m@      [39m
 [38;2;0;0;0m     [38;2;0;0;224m@  [38;2;250;250;250m@[38;2;252;252;252m@[38;2;251;251;251m@[38;2;171;171;171m_[38;2;115;115;115m_[38;2;167;167;167my[38;2;219;219;219mg[38;2;231;231;231m@[38;2;251;251;251m@[38;2;252;252;252m@@@[38;2;251;251;251m@@@@@@@[38;2;252;252;252m@@[38;2;251;251;251m@  [38;2;0;0;227m@      [39m
 [38;2;0;0;0m     [38;2;0;0;224m@  [38;2;250;250;250m@[38;2;252;252;252m@@[38;2;251;251;251m@@[38;2;252;252;252m@@@@@@@@@@@@@@@@[38;2;251;251;251m@  [38;2;0;0;227m@      [39m
 [38;2;0;0;0m     [38;2;0;0;224m@  [38;2;250;250;250m@[38;2;252;252;252m@@@@@@@@@@@@@@@@@@@@[38;2;251;251;251m@  [38;2;0;0;226m@      [39m
 [38;2;0;0;0m     [38;2;0;0;225m@  [38;2;250;250;250m@[38;2;252;252;252m@@@@@@@@@@@@@@@@@@@@[38;2;251;251;251m@  [38;2;0;0;227m@      [39m
 [38;2;0;0;0m     [38;2;0;0;225m@  [38;2;250;250;250m@[38;2;252;252;252m@@@@@@@@@@@@@@@@@@@@[38;2;251;251;251m@  [38;2;0;0;227m@      [39m
 [38;2;0;0;0m     [38;2;0;0;225m@  [38;2;249;249;249m@[38;2;252;252;252m@@@@@@@@@@@@@@@@@@@@[38;2;251;251;251m@  [38;2;0;0;226m@      [39m
 [38;2;0;0;0m     [38;2;0;0;219m@[38;2;0;0;217m, [38;2;238;238;238m@[38;2;252;252;252m@@@@@@@@@@@@@@@@@@@@[38;2;246;246;246m@ [38;2;0;0;174mj[38;2;0;0;222m@      [39m
 [38;2;0;0;0m     [38;2;1;0;213m`[38;2;0;0;227m@[38;2;0;0;225m_[38;2;102;102;102m~[38;2;178;178;178mA[38;2;230;230;230m@[38;2;240;240;240m@[38;2;195;195;195m@[38;2;179;179;179mF[38;2;246;246;246m~[38;2;178;178;178mT[38;2;193;193;193m@[38;2;242;242;242m@[38;2;247;247;247m@[38;2;223;223;223m@[38;2;215;215;215mF[38;2;248;248;248m~[38;2;249;249;249m~[38;2;181;181;181mR[38;2;231;231;231m@[38;2;249;249;249m@[38;2;237;237;237m@[38;2;179;179;179m@[38;2;160;160;160mF[38;2;141;141;141m~[38;2;0;0;222m_[38;2;0;0;221m@[38;2;0;0;232m'      [39m
 [38;2;0;0;0m      [38;2;1;0;217m`[38;2;0;0;222m4[38;2;0;0;219m@y[38;2;0;0;227m__[38;2;0;0;205my[38;2;0;0;228mg@[38;2;0;0;227mg[38;2;0;0;203my[38;2;0;0;227m___[38;2;0;0;224ma[38;2;0;0;222m@[38;2;0;0;220m$[38;2;0;0;217my[38;2;0;0;227m___[38;2;0;0;213my[38;2;0;0;226mg[38;2;0;0;228m@[38;2;0;0;225mP[38;2;1;1;199m~       [39m
 [38;2;0;0;0m         [38;2;0;0;221m~[38;2;0;0;227m~[38;2;0;0;226m~~[38;2;1;0;220m` [38;2;0;0;224m`[38;2;0;0;226m~[38;2;0;0;227m~[38;2;0;0;226m~[38;2;0;0;227m~[38;2;2;0;211m~  [38;2;0;0;220m~[38;2;0;0;226m~[38;2;0;0;227m~[38;2;0;0;226m~[38;2;0;0;225m~[38;2;2;1;204m`          [39m
 [38;2;0;0;0m                                       [39m
[?25h