[?25l[39m [38;2;0;0;0m                                       [39m
 [38;2;0;0;0m                                       [39m
 [38;2;0;0;0m                                       [39m
 [38;2;0;0;0m            [38;2;0;0;224m__[38;2;0;0;221ma[38;2;0;0;226ma[38;2;0;0;216m#[38;2;0;0;220mP[38;2;0;0;228m==[38;2;0;0;229m=[38;2;0;0;214mR[38;2;0;0;227ma[38;2;0;0;219mg[38;2;0;0;224m__             [39m
 [38;2;0;0;0m         [38;2;0;0;208m_[38;2;0;0;214ma[38;2;0;0;212m@[38;2;0;0;226m~[38;2;0;0;221m~[38;2;219;219;219m_[38;2;171;171;171my[38;2;207;207;207my[38;2;204;204;204mg[38;2;230;230;230mg[38;2;229;229;229mg[38;2;204;204;204mg[38;2;207;207;207my[38;2;171;171;171my[38;2;219;219;219m_[38;2;0;0;218m~[38;2;0;0;226m~[38;2;0;0;220mR[38;2;0;0;218my[38;2;3;0;207m_          [39m
 [38;2;0;0;0m        [38;2;0;0;221mg[38;2;0;0;223mP[38;2;0;0;225m`[38;2;139;139;139my[38;2;225;225;225mg[38;2;242;242;242m@[38;2;251;251;251m@[38;2;252;252;252m@@@@@@@@[38;2;251;251;251m@[38;2;247;247;247m@[38;2;225;225;225mg[38;2;224;224;224m_[38;2;0;0;223m`[38;2;0;0;219m4[38;2;0;0;220mg[38;2;1;1;207m,        [39m
 [38;2;0;0;0m      [38;2;1;1;196m_[38;2;0;0;224m@[38;2;0;1;205m~[38;2;136;136;136m_[38;2;241;241;241mg[38;2;251;251;251m@[38;2;252;252;252m@@@@@@@@@@@@@@[38;2;251;251;251m@[38;2;207;207;207m@[38;2;136;136;136m_[38;2;0;0;207m"[38;2;0;0;223m@[38;2;0;0;234m,       [39m
 [38;2;0;0;0m      [38;2;0;0;230m@[38;2;0;0;194m'[38;2;106;106;107my[38;2;241;241;241m@[38;2;252;252;252m@@@@@@@@@@@@@@@@@@[38;2;248;248;248m@[38;2;134;134;135m_ [38;2;0;0;231m$[38;2;0;0;209m,      [39m
 [38;2;0;0;0m     [38;2;0;0;222mJ[38;2;0;0;206mF [38;2;220;220;220m$[38;2;252;252;252m@@@@@@@@@@@@@@@@@@@@[38;2;229;229;229m@ [38;2;0;1;204m`[38;2;0;0;212m$      [39m
 [38;2;0;0;0m     [38;2;0;0;223m@  [38;2;250;250;250m@[38;2;252;252;252m@@[38;2;251;251;251m@@@@@@[38;2;252;252;252m@@@@[38;2;251;251;251m@@@@@[38;2;252;252;252m@@@[38;2;251;251;251m@  [38;2;0;0;228m$      [39m
 [38;2;0;0;0m     [38;2;0;0;224m@  [38;2;250;250;250m@[38;2;252;252;252m@[38;2;251;251;251m@[38;2;176;176;176m~[38;2;172;172;172m`[38;2;173;173;173m`[38;2;175;175;175m`[38;2;177;177;177m`[38;2;201;201;201m`$[38;2;251;251;251m@@[38;2;172;172;172mF[38;2;179;179;179m`````[38;2;134;134;134mZ[38;2;251;251;251m@[38;2;252;252;252m@[38;2;251;251;251m@  [38;2;0;0;226m@      [39m
 [38;2;0;0;0m     [38;2;0;0;224m@  [38;2;250;250;250m@[38;2;252;252;252m@@[38;2;250;250;250m@[38;2;245;245;245m@@@@[38;2;246;246;246m@[38;2;251;251;251m@[38;2;252;252;252m@@[38;2;251;251;251m@[38;2;245;245;245m@@@@@[38;2;251;251;251m@[38;2;252;252;252m@@[38;2;251;251;251m@  [38;2;0;0;226m@      [39m
 [38;2;0;0;0m     [38;2;0;0;224m@  [38;2;250;250;250m@[38;2;252;252;252m@@@@@@@@@@@@@@@@@@@@[38;2;251;251;251m@  [38;2;0;0;226m@      [39m
 [38;2;0;0;0m     [38;2;0;0;224m@  [38;2;250;250;250m@[38;2;252;252;252m@@@@@@@@@@@@@@@@@@@@[38;2;251;251;251m@  [38;2;0;0;226m@      [39m
 [38;2;0;0;0m     [38;2;0;0;217m@[38;2;1;0;219m, [38;2;224;224;224m@[38;2;252;252;252m@@@@@@@@@@@@@@@@@@@@[38;2;236;236;236m@ [38;2;0;0;191mj[38;2;0;0;221m@      [39m
 [38;2;0;0;0m     [38;2;1;0;212m`[38;2;0;0;228m@[38;2;0;0;229m_[38;2;95;95;95m`[38;2;140;140;140m5[38;2;184;184;184m@[38;2;219;219;219m@[38;2;201;201;201m@[38;2;214;214;214mF[38;2;231;231;231m~[38;2;196;196;196m~[38;2;243;243;243m~[38;2;187;187;187mR[38;2;212;212;212m@[38;2;214;214;214m@[38;2;170;170;170m@[38;2;246;246;246m~[38;2;197;197;197m~[38;2;222;222;222m~[38;2;169;169;169mP[38;2;196;196;196m@[38;2;218;218;218m@[38;2;190;190;190m@[38;2;197;197;197mF[38;2;97;97;97m`[38;2;0;0;229m_[38;2;0;0;227m@[38;2;0;0;234m'      [39m
 [38;2;0;0;0m      [38;2;1;1;213m`[38;2;1;0;213m4[38;2;0;0;227m@[38;2;0;0;228mg[38;2;0;0;217my[38;2;0;0;203my[38;2;0;0;212my[38;2;0;0;226mg[38;2;0;0;222m@[38;2;0;0;227m@[38;2;0;0;226mg[38;2;0;0;220mg[38;2;0;0;207myy[38;2;0;0;222ma[38;2;0;0;226mg[38;2;0;0;227m@[38;2;0;0;225m@[38;2;0;0;227mg[38;2;0;0;213my[38;2;0;0;204my[38;2;0;0;217my[38;2;0;0;227mg@[38;2;0;0;218mP[38;2;0;0;228m'       [39m
 [38;2;0;0;0m         [38;2;1;1;209m~[38;2;0;0;226m~~~[38;2;0;0;219m~  [38;2;1;0;220m`[38;2;0;0;224m~[38;2;0;0;226m~~~[38;2;0;0;220m`  [38;2;0;1;216m~[38;2;0;0;226m~~~[38;2;1;0;211m~          [39m
 [38;2;0;0;0m                                       [39m
[?25h