[?25l[39m [38;2;0;0;0m                                       [39m
 [38;2;0;0;0m              [38;2;0;0;226m___[38;2;1;1;204my[38;2;1;0;211my[38;2;0;0;211my[38;2;1;1;204my[38;2;0;0;227m_[38;2;0;0;226m_[38;2;0;0;227m_               [39m
 [38;2;0;0;0m          [38;2;1;1;199m_[38;2;0;0;225m_[38;2;0;0;227mgP[38;2;0;0;226m~[38;2;0;0;225m~[38;2;0;0;231m~[38;2;120;120;120m_[38;2;150;150;150m__[38;2;121;121;121m_[38;2;0;0;231m~[38;2;0;0;225m~[38;2;0;0;226m~4g[38;2;1;1;201my[38;2;2;1;199m_           [39m
 [38;2;0;0;0m        [38;2;0;0;213m_[38;2;0;0;225mgP[38;2;0;0;226m~[38;2;169;169;169m_[38;2;195;195;195my[38;2;237;237;237mg[38;2;228;228;228m@[38;2;251;251;251m@[38;2;252;252;252m@[38;2;251;251;251m@@[38;2;252;252;252m@[38;2;251;251;251m@[38;2;232;232;232m@[38;2;237;237;237mg[38;2;193;193;193my[38;2;170;170;170m_[38;2;0;0;222m~[38;2;0;0;225m4g[38;2;0;0;214m_         [39m
 [38;2;0;0;0m       [38;2;0;0;217my[38;2;0;0;229mP[38;2;1;1;211m'[38;2;139;139;140my[38;2;244;244;244mg[38;2;251;251;251m@[38;2;252;252;252m@@@@@@@@@@@@[38;2;251;251;251m@[38;2;215;215;215m$_[38;2;1;1;207m`[38;2;0;0;229m4[38;2;1;0;211mg        [39m
 [38;2;0;0;0m      [38;2;0;0;221mg[38;2;0;0;224mF [38;2;198;198;198mg[38;2;251;251;251m@[38;2;252;252;252m@@@@@@@@@@@@@@@@[38;2;251;251;251m@[38;2;164;164;164m@ [38;2;0;0;214m?[38;2;0;0;219m$       [39m
 [38;2;0;0;0m     [38;2;1;0;205mj[38;2;0;0;231mF [38;2;186;186;186mg[38;2;251;251;251m@[38;2;252;252;252m@[38;2;251;251;251m@[38;2;235;235;235m@[38;2;213;213;213mR[38;2;200;200;200mR[38;2;189;189;189m@[38;2;242;242;242m@[38;2;251;251;251m@[38;2;252;252;252m@@@[38;2;249;249;249m@[38;2;204;204;204m@[38;2;202;202;202mR[38;2;207;207;207mR[38;2;221;221;221m@[38;2;251;251;251m@[38;2;252;252;252m@[38;2;251;251;251m@[38;2;165;165;165m$ [38;2;0;0;220m4[38;2;0;0;218mi      [39m
 [38;2;0;0;0m     [38;2;0;0;217m@[38;2;1;1;191m' [38;2;241;241;241m@[38;2;252;252;252m@[38;2;239;239;239m@[38;2;178;178;178m~[38;2;159;159;159ma[38;2;218;218;218m=[38;2;205;205;205m4[38;2;212;212;212m=[38;2;155;155;155my[38;2;204;204;204m~[38;2;249;249;249m@[38;2;251;251;251m@[38;2;208;208;208mF[38;2;149;149;149my[38;2;233;233;233m=[38;2;214;214;214m=[38;2;231;231;231m=[38;2;138;138;138ma[38;2;99;99;99m~[38;2;208;208;208m@[38;2;252;252;252m@[38;2;248;248;248m@  [38;2;0;0;225m$      [39m
 [38;2;0;0;0m     [38;2;0;0;226m@  [38;2;249;249;249m@[38;2;251;251;251m@[38;2;167;167;167m$[38;2;94;94;94m4[38;2;118;118;118mE [38;2;161;161;161m@ [38;2;174;174;174m0 [38;2;227;227;227m@[38;2;237;237;237m@ [38;2;200;200;200m$ [38;2;187;187;187ma [38;2;125;125;125m4[38;2;93;93;93mF[38;2;181;181;181mg[38;2;251;251;251m@@  [38;2;0;0;226m@      [39m
 [38;2;0;0;0m     [38;2;0;0;226m@  [38;2;249;249;249m@[38;2;252;252;252m@[38;2;247;247;247m@[38;2;161;161;161my[38;2;154;154;154m7[38;2;233;233;233m=[38;2;247;247;247m=[38;2;205;205;205mm[38;2;244;244;244mg[38;2;229;229;229m@[38;2;252;252;252m@[38;2;251;251;251m@[38;2;161;161;161m@[38;2;127;127;127m~[38;2;196;196;196m=[38;2;234;234;234m=[38;2;251;251;251m=[38;2;231;231;231mg[38;2;251;251;251mg@[38;2;252;252;252m@[38;2;251;251;251m@  [38;2;0;0;226m@      [39m
 [38;2;0;0;0m     [38;2;0;0;226m@  [38;2;249;249;249m@[38;2;252;252;252m@@@[38;2;251;251;251m@[38;2;227;227;227m@[38;2;212;212;212m@[38;2;224;224;224m@[38;2;251;251;251m@[38;2;252;252;252m@@@@[38;2;251;251;251m@[38;2;235;235;235m@[38;2;215;215;215m@@[38;2;248;248;248m@[38;2;252;252;252m@@@[38;2;251;251;251m@  [38;2;0;0;226m@      [39m
 [38;2;0;0;0m     [38;2;0;0;226m@  [38;2;249;249;249m@[38;2;252;252;252m@@@@@@@@@@@@@@@@@@@@[38;2;251;251;251m@  [38;2;0;0;227m@      [39m
 [38;2;0;0;0m     [38;2;0;0;226m@  [38;2;249;249;249m@[38;2;252;252;252m@@@@@@@@@@@@@@@@@@@@[38;2;251;251;251m@  [38;2;0;0;227m@      [39m
 [38;2;0;0;0m     [38;2;0;0;226m@  [38;2;249;249;249m@[38;2;252;252;252m@@@@@@@@@@@@@@@@@@@@[38;2;251;251;251m@  [38;2;0;0;226m@      [39m
 [38;2;0;0;0m     [38;2;1;0;211m@[38;2;1;0;218m, [38;2;227;227;227m@[38;2;252;252;252m@@@@@@@@@@@@@@@@@@@@[38;2;240;240;240m@ [38;2;0;0;186mj[38;2;0;0;220m$      [39m
 [38;2;0;0;0m     [38;2;2;2;199m`[38;2;0;0;224m@[38;2;0;0;229m_[38;2;119;119;119m`[38;2;171;171;171mF[38;2;195;195;195m@[38;2;228;228;228m@[38;2;212;212;212m@[38;2;219;219;219mF[38;2;237;237;237m~[38;2;219;219;219m~[38;2;246;246;246m~[38;2;200;200;200mR[38;2;223;223;223m@[38;2;224;224;224m@[38;2;179;179;179m@[38;2;166;166;166mF[38;2;219;219;219m~[38;2;233;233;233m~[38;2;180;180;180mP[38;2;209;209;209m@[38;2;229;229;229m@[38;2;202;202;202m@[38;2;207;207;207mF[38;2;131;131;131m`[38;2;0;0;229m_[38;2;0;0;224m$'      [39m
 [38;2;0;0;0m       [38;2;0;0;228m~[38;2;0;0;218mR[38;2;0;0;226mg[38;2;0;0;211my[38;2;0;0;195my[38;2;0;0;205my[38;2;0;0;224mg[38;2;0;0;220m#[38;2;0;0;221m4[38;2;0;0;228ma[38;2;0;0;220my[38;2;0;0;197my[38;2;0;0;198my[38;2;0;0;216ma[38;2;0;0;228ma[38;2;0;0;221mP[38;2;0;0;216m@[38;2;0;0;224mg[38;2;0;0;204my[38;2;0;0;195my[38;2;0;0;211my[38;2;0;0;227mg[38;2;1;0;211m@[38;2;0;0;229m~        [39m
 [38;2;0;0;0m          [38;2;0;0;227m``[38;2;0;0;228m`    [38;2;2;1;212m`[38;2;0;0;227m`[38;2;0;0;226m`[38;2;2;1;213m`    [38;2;1;0;225m`[38;2;0;0;227m``           [39m
 [38;2;0;0;0m                                       [39m
[?25h