[?25l[39m [38;2;0;0;0m                                       [39m
 [38;2;0;0;0m              [38;2;0;0;227m_[38;2;0;0;226m__[38;2;1;1;199my[38;2;1;1;204my[38;2;1;1;202my[38;2;0;0;225m_[38;2;0;0;226m_[38;2;0;0;227m_[38;2;2;2;190m_               [39m
 [38;2;0;0;0m          [38;2;0;0;225m_[38;2;0;0;213my[38;2;0;0;223ma[38;2;0;0;228m=[38;2;0;0;225m~[38;2;0;0;228m~[38;2;103;103;103m_[38;2;158;158;158m_[38;2;187;187;187m_[38;2;169;169;169m_[38;2;124;124;124m_[38;2;0;0;230m~[38;2;0;0;226m~[38;2;0;0;220m=[38;2;0;0;215m@[38;2;0;0;221mg[38;2;0;0;229m_            [39m
 [38;2;0;0;0m        [38;2;0;0;229m_[38;2;0;0;213m@[38;2;0;0;228m~[38;2;0;0;222m`[38;2;154;154;154my[38;2;205;205;205mg[38;2;208;208;208m@[38;2;245;245;245m@[38;2;252;252;252m@[38;2;251;251;251m@@@[38;2;252;252;252m@[38;2;251;251;251m@[38;2;225;225;225m@[38;2;221;221;221mg[38;2;167;167;167my[38;2;68;68;68m,[38;2;0;0;224m~[38;2;0;0;216m@[38;2;1;0;209my          [39m
 [38;2;0;0;0m      [38;2;1;1;188m_[38;2;0;0;230ma[38;2;0;0;231m~ [38;2;181;181;181mg[38;2;241;241;241m@[38;2;252;252;252m@@@@@@@@@@@@@[38;2;249;249;249m@[38;2;196;196;196mg[38;2;90;90;90m_[38;2;0;0;221m~[38;2;0;0;224m@[38;2;0;0;233m,        [39m
 [38;2;0;0;0m      [38;2;0;0;226m@[38;2;1;0;202m'[38;2;116;116;116my[38;2;226;226;226m@[38;2;252;252;252m@@@@@@@@@@@@@@@@@[38;2;243;243;243m@[38;2;117;117;118my [38;2;0;0;221m@[38;2;0;0;233m,       [39m
 [38;2;0;0;0m     [38;2;0;0;224m@[38;2;1;1;198m' [38;2;237;237;237m@[38;2;252;252;252m@[38;2;251;251;251m@[38;2;195;195;195m@[38;2;189;189;189mF[38;2;190;190;190m@[38;2;251;251;251m@[38;2;252;252;252m@@@@@@@@@@@@@[38;2;247;247;247m@[38;2;87;87;87m, [38;2;0;0;232m$       [39m
 [38;2;0;0;0m     [38;2;0;0;226m@ [38;2;172;172;172m4[38;2;251;251;251m@[38;2;252;252;252m@[38;2;251;251;251m@[38;2;203;203;203m$[38;2;174;174;174my[38;2;140;140;140m_ [38;2;221;221;221m~[38;2;167;167;167m5[38;2;235;235;235m@[38;2;252;252;252m@[38;2;251;251;251m@[38;2;190;190;190m@[38;2;216;216;216mP[38;2;217;217;217mPPPP[38;2;216;216;216mP[38;2;239;239;239m@[38;2;251;251;251m@[38;2;171;171;171m$ [38;2;0;0;221mB[38;2;1;1;195mi      [39m
 [38;2;0;0;0m    [38;2;3;2;168mJ[38;2;0;0;218m@ [38;2;157;157;157m$[38;2;252;252;252m@@@[38;2;245;245;245m@[38;2;173;173;173m@[38;2;156;156;156mF  [38;2;147;147;147my[38;2;218;218;218mg[38;2;251;251;251m@[38;2;248;248;248m@[38;2;198;198;198my[38;2;170;170;170myyyyy[38;2;176;176;176my[38;2;226;226;226mg[38;2;251;251;251m@[38;2;202;202;202m$ [38;2;0;0;217m4[38;2;1;1;208m[      [39m
 [38;2;0;0;0m    [38;2;2;2;166mJ[38;2;0;0;221m@ [38;2;150;150;150m$[38;2;251;251;251m@[38;2;252;252;252m@[38;2;251;251;251m@[38;2;200;200;200my[38;2;253;253;253m_[38;2;194;194;194my[38;2;247;247;247mg[38;2;249;249;249m@[38;2;252;252;252m@@@@@@@@@@@@@[38;2;207;207;207m$ [38;2;0;0;215m4[38;2;1;1;212m[      [39m
 [38;2;0;0;0m     [38;2;0;0;226m@ [38;2;183;183;184m4[38;2;251;251;251m@[38;2;252;252;252m@@@@@@@@@@@@@@@@@@@@[38;2;207;207;207m@ [38;2;0;0;210m4[38;2;0;1;216m[      [39m
 [38;2;0;0;0m     [38;2;0;0;232m@ [38;2;168;168;168m4[38;2;251;251;251m@[38;2;252;252;252m@@@@@@@@@@@@@@@@@@@@[38;2;224;224;224m@ [38;2;1;1;202m4[38;2;0;0;222m[      [39m
 [38;2;0;0;0m     [38;2;0;0;236m@ [38;2;147;147;147m4[38;2;251;251;251m@[38;2;252;252;252m@@@@@@@@@@@@@@@@@@@@[38;2;236;236;236m@ [38;2;0;0;192mJ[38;2;1;1;204m$      [39m
 [38;2;0;0;0m     [38;2;0;0;237m@ [38;2;126;126;126m4[38;2;252;252;252m@@@@@@@@@@@@@@@@@@@@@[38;2;240;240;240m@ [38;2;0;0;182mJ[38;2;0;0;212m$      [39m
 [38;2;0;0;0m     [38;2;0;0;232m@[38;2;0;0;193m,[38;2;69;69;69m4[38;2;249;249;249m@[38;2;252;252;252m@@@@@@@@@@@@@@@@@@@@[38;2;239;239;239m@ [38;2;1;0;192mj[38;2;0;0;214m$      [39m
 [38;2;0;0;0m     [38;2;0;0;216m`[38;2;0;0;223m$[38;2;1;0;197m_[38;2;176;176;176m~[38;2;159;159;159m5[38;2;221;221;221m@[38;2;251;251;251m@@[38;2;243;243;243m@[38;2;173;173;173m@[38;2;171;171;171mF[38;2;167;167;167mF[38;2;180;180;180m@[38;2;247;247;247m@[38;2;251;251;251m@[38;2;250;250;250m@[38;2;210;210;210m@[38;2;194;194;194mF[38;2;174;174;174mT[38;2;168;168;168mA[38;2;232;232;232m@[38;2;251;251;251m@[38;2;246;246;246m@[38;2;183;183;183m@[38;2;147;147;147m~[38;2;0;0;210m_[38;2;0;0;224m$[38;2;0;0;228m'      [39m
 [38;2;0;0;0m      [38;2;1;0;216m`[38;2;0;0;215m4[38;2;0;0;227m@[38;2;0;0;221mg[38;2;0;0;227m_[38;2;0;0;223m_[38;2;0;0;225m__[38;2;0;0;207my[38;2;0;0;227maa[38;2;0;0;225m__[38;2;0;0;223m__[38;2;0;0;225m_g[38;2;0;0;223m@[38;2;0;0;219my[38;2;0;0;225m_[38;2;0;0;223m_[38;2;0;0;225m_[38;2;0;0;226m_[38;2;0;0;228ma[38;2;0;0;217mP[38;2;0;0;223m'       [39m
 [38;2;0;0;0m         [38;2;2;1;199m`[38;2;0;0;222m~[38;2;0;0;227m~~[38;2;0;0;226m~[38;2;2;1;199m~  [38;2;2;1;204m~[38;2;0;0;226m~~~[38;2;0;0;219m~  [38;2;0;0;214m`[38;2;0;0;224m~[38;2;0;0;226m~[38;2;0;0;227m~[38;2;1;0;207m~          [39m
 [38;2;0;0;0m                                       [39m
[?25h