[?25l[39m [38;2;0;0;0m                                       [39m
 [38;2;0;0;0m             [38;2;1;0;214m_[38;2;0;0;226m_[38;2;0;0;225m_[38;2;0;0;220my[38;2;0;0;223mg[38;2;0;0;226maa[38;2;0;0;222mg[38;2;0;0;221my[38;2;0;0;225m_[38;2;0;0;226m_[38;2;1;0;212m_              [39m
 [38;2;0;0;0m          [38;2;0;0;229m_[38;2;0;0;222ma[38;2;0;0;211m@[38;2;0;0;226m~[38;2;0;0;227m~[38;2;112;112;112m_[38;2;236;236;236m_[38;2;146;146;146my[38;2;165;165;165my[38;2;164;164;164my[38;2;142;142;142my[38;2;236;236;236m_[38;2;111;111;111m_[38;2;0;0;228m~[38;2;0;0;225m~[38;2;0;0;219mR[38;2;0;0;218mg[38;2;0;0;231m_           [39m
 [38;2;0;0;0m        [38;2;0;0;228m_[38;2;0;0;218m$[38;2;0;0;228m~[38;2;0;0;203m`[38;2;171;171;171my[38;2;230;230;230mg[38;2;232;232;232m@[38;2;252;252;252m@[38;2;251;251;251m@[38;2;252;252;252m@@@@[38;2;251;251;251m@[38;2;252;252;252m@[38;2;238;238;238m@[38;2;229;229;229mg[38;2;165;165;165my[38;2;1;0;203m`[38;2;0;0;226m~[38;2;0;0;219m@[38;2;0;0;228m_         [39m
 [38;2;0;0;0m       [38;2;0;0;225mg[38;2;0;0;222mF [38;2;202;202;202my[38;2;239;239;239m@[38;2;251;251;251m@[38;2;252;252;252m@@@@@@@@@@@@@[38;2;245;245;245m@[38;2;197;197;197my [38;2;0;0;228m~[38;2;0;0;220m$        [39m
 [38;2;0;0;0m      [38;2;0;0;230mg[38;2;0;0;212m~ [38;2;235;235;235mg[38;2;251;251;251m@[38;2;252;252;252m@@@@@@@@@@@@@@@@@[38;2;211;211;211m@[38;2;68;68;68m,[38;2;0;0;206m~[38;2;0;0;228m$       [39m
 [38;2;0;0;0m     [38;2;0;0;213mj[38;2;0;0;225mF [38;2;215;215;215mg[38;2;251;251;251m@@[38;2;187;187;187mF[38;2;251;251;251m~[38;2;177;177;177mR[38;2;240;240;240m@[38;2;251;251;251m@[38;2;252;252;252m@@@@@@@@@@@@@[38;2;197;197;197m@ [38;2;0;0;213m?[38;2;0;0;222ml      [39m
 [38;2;0;0;0m     [38;2;0;0;219m@  [38;2;247;247;247m@[38;2;252;252;252m@[38;2;251;251;251m@[38;2;207;207;207m@[38;2;206;206;206my[38;2;211;211;211m_ [38;2;136;136;136m~[38;2;176;176;176mT[38;2;230;230;230m@[38;2;252;252;252m@[38;2;238;238;238m@[38;2;188;188;188mF[38;2;167;167;167mFFFFF[38;2;158;158;158mM[38;2;237;237;237m@[38;2;252;252;252m@[38;2;251;251;251m@  [38;2;0;0;226m$      [39m
 [38;2;0;0;0m     [38;2;0;0;225m@  [38;2;249;249;249m@[38;2;252;252;252m@[38;2;251;251;251m@[38;2;187;187;187m@[38;2;167;167;167mF[38;2;134;134;134m~ [38;2;138;138;138my[38;2;187;187;187mg[38;2;238;238;238m@[38;2;252;252;252m@[38;2;245;245;245m@[38;2;203;203;203mg[38;2;189;189;189mggggg[38;2;207;207;207mg[38;2;241;241;241m@[38;2;252;252;252m@[38;2;251;251;251m@  [38;2;0;0;227m@      [39m
 [38;2;0;0;0m     [38;2;0;0;225m@  [38;2;249;249;249m@[38;2;252;252;252m@@[38;2;215;215;215my[38;2;197;197;197my[38;2;244;244;244mg[38;2;248;248;248m@[38;2;252;252;252m@@@@@@@@@@@@@@[38;2;251;251;251m@  [38;2;0;0;227m@      [39m
 [38;2;0;0;0m     [38;2;0;0;225m@  [38;2;249;249;249m@[38;2;252;252;252m@@@@@@@@@@@@@@@@@@@@[38;2;251;251;251m@  [38;2;0;0;227m@      [39m
 [38;2;0;0;0m     [38;2;0;0;225m@  [38;2;249;249;249m@[38;2;252;252;252m@@@@@@@@@@@@@@@@@@@@[38;2;251;251;251m@  [38;2;0;0;226m@      [39m
 [38;2;0;0;0m     [38;2;0;0;225m@  [38;2;249;249;249m@[38;2;252;252;252m@@@@@@@@@@@@@@@@@@@@[38;2;251;251;251m@  [38;2;0;0;227m@      [39m
 [38;2;0;0;0m     [38;2;0;0;225m@  [38;2;249;249;249m@[38;2;252;252;252m@@@@@@@@@@@@@@@@@@@@[38;2;251;251;251m@  [38;2;0;0;226m@      [39m
 [38;2;0;0;0m     [38;2;0;0;221m@  [38;2;246;246;246m@[38;2;252;252;252m@@@@@@@@@@@@@@@@@@@@[38;2;249;249;249m@  [38;2;0;0;223m@      [39m
 [38;2;0;0;0m     [38;2;1;0;213m`[38;2;0;0;224m$[38;2;0;0;208m,[38;2;173;173;173m~[38;2;201;201;201m@[38;2;251;251;251m@@[38;2;252;252;252m@[38;2;230;230;230m@[38;2;214;214;214mF[38;2;184;184;184mF[38;2;167;167;167m@[38;2;246;246;246m@[38;2;251;251;251m@@[38;2;247;247;247m@[38;2;177;177;177m@[38;2;188;188;188mF[38;2;177;177;177mP[38;2;226;226;226m@[38;2;251;251;251m@@[38;2;252;252;252m@[38;2;214;214;214m@[38;2;201;201;201m~ [38;2;0;0;230ma[38;2;0;0;231m'      [39m
 [38;2;0;0;0m      [38;2;0;0;218m`[38;2;0;0;226m4[38;2;0;0;225mg[38;2;0;0;227m__[38;2;152;152;152m`[38;2;116;116;116m`[38;2;0;0;225m_[38;2;0;0;220ma[38;2;0;0;227ma[38;2;0;0;205my[38;2;0;0;225m_[38;2;143;143;143m``[38;2;0;0;225m_[38;2;0;0;205my[38;2;0;0;224mg[38;2;0;0;215mg[38;2;0;0;225m_[38;2;118;118;118m`[38;2;153;153;153m`[38;2;0;0;228m_[38;2;0;0;227m_[38;2;0;0;225mg[38;2;0;0;228mP[38;2;1;1;203m~       [39m
 [38;2;0;0;0m        [38;2;3;2;190m`[38;2;0;0;223m~[38;2;0;0;226m~~~~[38;2;0;0;209m` [38;2;2;1;207m~[38;2;0;0;226m~~~~[38;2;1;1;207m~ [38;2;1;0;209m`[38;2;0;0;224m~[38;2;0;0;227m~[38;2;0;0;226m~~[38;2;0;0;225m~[38;2;2;3;195m`         [39m
 [38;2;0;0;0m                                       [39m
[?25h