[?25l[39m [38;2;0;0;0m                                       [39m
 [38;2;0;0;0m                                       [39m
 [38;2;0;0;0m               [38;2;0;0;234m_[38;2;0;0;225m_[38;2;0;0;227m_[38;2;0;0;226m___[38;2;0;0;224m_[38;2;0;0;233m_                [39m
 [38;2;0;0;0m           [38;2;0;0;228m_[38;2;0;0;225ma[38;2;0;0;219m#[38;2;0;0;218m=[38;2;0;0;225m~[38;2;0;0;227m~[38;2;0;0;222m~[38;2;125;125;125m__[38;2;0;0;222m~[38;2;0;0;227m~[38;2;0;0;225m~[38;2;0;0;218m=R[38;2;0;0;221mg[38;2;0;0;227m_            [39m
 [38;2;0;0;0m        [38;2;1;2;188m_[38;2;0;0;220ma[38;2;0;0;229mP[38;2;0;0;228m~[38;2;130;130;130m_[38;2;181;181;181my[38;2;230;230;230mg[38;2;228;228;228m$[38;2;248;248;248m@[38;2;251;251;251m@@@@[38;2;248;248;248m@[38;2;222;222;222m@[38;2;229;229;229mg[38;2;181;181;181my[38;2;132;132;132m_[38;2;0;0;225m~[38;2;0;0;230m4[38;2;0;0;217mg[38;2;0;0;224m,         [39m
 [38;2;0;0;0m       [38;2;1;1;206my[38;2;0;0;230mP[38;2;0;0;199m~[38;2;127;127;127my[38;2;235;235;235mg[38;2;251;251;251m@[38;2;252;252;252m@@@@@@@@@@@@[38;2;251;251;251m@[38;2;206;206;206m$_[38;2;0;0;219m`[38;2;0;0;230m4[38;2;0;1;205my        [39m
 [38;2;0;0;0m      [38;2;0;0;213mg[38;2;0;0;227mF [38;2;192;192;192mg[38;2;251;251;251m@[38;2;252;252;252m@@@@@@@@@@@@@@@@[38;2;251;251;251m@[38;2;188;188;188mg [38;2;0;0;217m?[38;2;0;0;213mg       [39m
 [38;2;0;0;0m     [38;2;1;1;195mj[38;2;0;0;214m@ [38;2;179;179;179mg[38;2;251;251;251m@[38;2;252;252;252m@@@@@@@@@@@@@@@@@@[38;2;251;251;251m@[38;2;171;171;172mg [38;2;0;0;217m5[38;2;1;0;211mi      [39m
 [38;2;0;0;0m     [38;2;0;0;222mg[38;2;0;1;192m' [38;2;239;239;239m@[38;2;252;252;252m@@@@@@@@@@@@@@@@@@@@[38;2;247;247;247m@  [38;2;0;0;224m$      [39m
 [38;2;0;0;0m     [38;2;0;0;224m@  [38;2;250;250;250m@[38;2;252;252;252m@[38;2;227;227;227m@[38;2;142;142;142mM[38;2;252;252;252m~~~~~[38;2;187;187;187m5[38;2;251;251;251m@[38;2;247;247;247m@[38;2;166;166;166mM[38;2;252;252;252m~~~~~[38;2;143;143;143m5[38;2;247;247;247m@[38;2;252;252;252m@[38;2;251;251;251m@  [38;2;0;0;226m@      [39m
 [38;2;0;0;0m     [38;2;0;0;224m@  [38;2;250;250;250m@[38;2;252;252;252m@[38;2;245;245;245m@[38;2;221;221;221mg[38;2;214;214;214mgggg[38;2;216;216;216mg[38;2;204;204;204m@[38;2;251;251;251m@@[38;2;230;230;230mg[38;2;215;215;215mggggg[38;2;233;233;233mg[38;2;251;251;251m@[38;2;252;252;252m@[38;2;251;251;251m@  [38;2;0;0;226m@      [39m
 [38;2;0;0;0m     [38;2;0;0;224m@  [38;2;250;250;250m@[38;2;252;252;252m@@@@@@@@@@@@@@@@@@@@[38;2;251;251;251m@  [38;2;0;0;226m@      [39m
 [38;2;0;0;0m     [38;2;0;0;224m@  [38;2;250;250;250m@[38;2;252;252;252m@@@@@@@@@@@@@@@@@@@@[38;2;251;251;251m@  [38;2;0;0;226m@      [39m
 [38;2;0;0;0m     [38;2;0;0;224m@  [38;2;249;249;249m@[38;2;252;252;252m@@@@@@@@@@@@@@@@@@@@[38;2;251;251;251m@  [38;2;0;0;226m@      [39m
 [38;2;0;0;0m     [38;2;0;0;217m@[38;2;1;0;195mL [38;2;218;218;218m@[38;2;252;252;252m@@@@@@[38;2;251;251;251m@[38;2;252;252;252m@@@@@@[38;2;251;251;251m@[38;2;252;252;252m@@@@@@[38;2;232;232;232m@ [38;2;0;0;197mj[38;2;0;0;221m@      [39m
 [38;2;0;0;0m     [38;2;1;1;211m`[38;2;0;0;229m@[38;2;0;0;228m_ [38;2;172;172;173mT[38;2;203;203;203mR[38;2;206;206;206m@[38;2;188;188;188m@[38;2;206;206;206mF[38;2;217;217;217m~[38;2;162;162;162m~[38;2;239;239;239m~[38;2;174;174;174mR[38;2;199;199;199m@[38;2;201;201;201m@[38;2;210;210;210mP[38;2;242;242;242m~[38;2;164;164;164m~[38;2;203;203;203m~[38;2;174;174;174mF[38;2;183;183;183m@[38;2;205;205;205m@[38;2;206;206;206mR[38;2;187;187;187mF[38;2;64;64;64m`[38;2;0;0;228m_@[38;2;0;0;233m'      [39m
 [38;2;0;0;0m      [38;2;2;1;210m`[38;2;1;0;209m4[38;2;0;0;227m@g[38;2;0;0;217mg[38;2;0;0;211my[38;2;0;0;215ma[38;2;0;0;228mg[38;2;0;0;225m@[38;2;0;0;226m@[38;2;0;0;227mg[38;2;0;0;226mg[38;2;0;0;215myy[38;2;0;0;226mg[38;2;0;0;227mg[38;2;0;0;226m@@[38;2;0;0;228mg[38;2;0;0;220my[38;2;0;0;212my[38;2;0;0;220ma[38;2;0;0;227mg@[38;2;0;0;216mP[38;2;0;0;226m'       [39m
 [38;2;0;0;0m         [38;2;1;2;201m~[38;2;0;0;226m~~[38;2;0;0;227m~[38;2;1;0;216m~  [38;2;1;0;214m`[38;2;0;0;223m~[38;2;0;0;227m~~[38;2;0;0;225m~[38;2;0;0;215m`  [38;2;0;1;211m~[38;2;0;0;227m~~[38;2;0;0;226m~[38;2;1;1;204m~          [39m
 [38;2;0;0;0m                                       [39m
[?25h