[?25l[39m [38;2;0;0;0m                  [38;2;1;0;201m_[38;2;1;0;200m_                   [39m
 [38;2;0;0;0m            [38;2;0;0;226m_[38;2;1;0;216ma[38;2;0;0;228mg[38;2;0;0;224m@[38;2;0;0;227m@[38;2;0;0;229m@[38;2;0;0;227m@@[38;2;0;0;229m@[38;2;0;0;227m@[38;2;0;0;225m@[38;2;0;0;227mg[38;2;1;0;213mg[38;2;0;0;226m_             [39m
 [38;2;0;0;0m         [38;2;0;0;229m_[38;2;0;0;227mg[38;2;0;0;228m@[38;2;0;0;225mP[38;2;0;0;226m~[38;2;0;0;227m~[38;2;192;192;192m_[38;2;147;147;147my[38;2;175;175;175my[38;2;187;187;187myy[38;2;175;175;175my[38;2;142;142;142my[38;2;193;193;193m_[38;2;0;0;226m~~4[38;2;0;0;227m@g[38;2;0;0;229m_          [39m
 [38;2;0;0;0m       [38;2;2;0;202m_[38;2;0;0;226mg[38;2;0;0;220m@[38;2;0;0;228m~[38;2;96;96;96m_[38;2;194;194;194my[38;2;245;245;245mg[38;2;247;247;247m@[38;2;251;251;251m@[38;2;252;252;252m@@@@@@[38;2;251;251;251m@[38;2;249;249;249m@[38;2;245;245;245mg[38;2;192;192;192my[38;2;97;97;97m_[38;2;0;0;225m~[38;2;0;0;217m@[38;2;0;0;222m$[38;2;2;1;202m_        [39m
 [38;2;0;0;0m      [38;2;0;0;216m_[38;2;0;0;229m@[38;2;0;0;212mF [38;2;190;190;190mg[38;2;246;246;246m@[38;2;252;252;252m@@@@@@@@@@@@@@[38;2;249;249;249m@[38;2;188;188;188mg [38;2;0;0;226m~[38;2;0;0;229m@[38;2;0;0;216m_       [39m
 [38;2;0;0;0m      [38;2;0;0;231m@[38;2;1;0;200m~ [38;2;208;208;208m@[38;2;251;251;251m@[38;2;252;252;252m@@@@@@@@@@@@@@@@@[38;2;227;227;227m@[38;2;84;84;85m,[38;2;0;0;202m"[38;2;0;0;230m@[38;2;0;0;227m,      [39m
 [38;2;0;0;0m     [38;2;0;0;212mg[38;2;0;0;219mF [38;2;223;223;223mg[38;2;251;251;251m@@[38;2;241;241;241m~[38;2;226;226;226m~[38;2;158;158;158m5[38;2;213;213;213m@[38;2;251;251;251m@[38;2;252;252;252m@@@@@@@@@@@@@[38;2;209;209;209m@ [38;2;0;0;207m?[38;2;0;0;216m$      [39m
 [38;2;0;0;0m     [38;2;0;0;225m@  [38;2;248;248;248m@[38;2;252;252;252m@[38;2;251;251;251m@[38;2;229;229;229m@[38;2;202;202;202mg[38;2;137;137;137my [38;2;141;141;141m`[38;2;243;243;243m~[38;2;216;216;216m@[38;2;252;252;252m@[38;2;228;228;228m@[38;2;251;251;251m~~~~~~~[38;2;227;227;227m@[38;2;252;252;252m@[38;2;251;251;251m@  [38;2;0;0;225m@      [39m
 [38;2;0;0;0m     [38;2;0;0;225m@  [38;2;249;249;249m@[38;2;252;252;252m@[38;2;251;251;251m@[38;2;231;231;231mF[38;2;237;237;237m~[38;2;107;107;107m`[38;2;109;109;109m_[38;2;170;170;170my[38;2;222;222;222mg[38;2;245;245;245m@[38;2;252;252;252m@[38;2;249;249;249m@[38;2;237;237;237mg[38;2;234;234;234mggggg[38;2;238;238;238mg[38;2;248;248;248m@[38;2;252;252;252m@[38;2;251;251;251m@  [38;2;0;0;226m@      [39m
 [38;2;0;0;0m     [38;2;0;0;225m@  [38;2;249;249;249m@[38;2;252;252;252m@[38;2;251;251;251m@[38;2;205;205;205mg[38;2;222;222;222my[38;2;219;219;219m$[38;2;251;251;251m@[38;2;252;252;252m@@@@@@@@@@@@@@[38;2;251;251;251m@  [38;2;0;0;226m@      [39m
 [38;2;0;0;0m     [38;2;0;0;225m@  [38;2;249;249;249m@[38;2;252;252;252m@@@@@@@@@@@@@@@@@@@@[38;2;251;251;251m@  [38;2;0;0;226m@      [39m
 [38;2;0;0;0m     [38;2;0;0;225m@  [38;2;249;249;249m@[38;2;252;252;252m@@@@@@@@@@@@@@@@@@@@[38;2;251;251;251m@  [38;2;0;0;226m@      [39m
 [38;2;0;0;0m     [38;2;0;0;225m@  [38;2;249;249;249m@[38;2;252;252;252m@@@@@@@@@@@@@@@@@@@@[38;2;251;251;251m@  [38;2;0;0;226m@      [39m
 [38;2;0;0;0m     [38;2;0;0;222m@  [38;2;247;247;247m@[38;2;252;252;252m@@@@@@@@@@@@@@@@@@@@[38;2;249;249;249m@  [38;2;0;0;223m@      [39m
 [38;2;0;0;0m     [38;2;0;0;215m`[38;2;0;0;224m$[38;2;0;0;204m,[38;2;181;181;181m~[38;2;206;206;206m@[38;2;251;251;251m@[38;2;252;252;252m@[38;2;251;251;251m@[38;2;233;233;233m@[38;2;217;217;217mF[38;2;192;192;192mF[38;2;168;168;168m@[38;2;249;249;249m@[38;2;251;251;251m@@[38;2;249;249;249m@[38;2;180;180;180m@[38;2;197;197;197mF[38;2;177;177;177mP[38;2;230;230;230m@[38;2;251;251;251m@[38;2;252;252;252m@[38;2;251;251;251m@[38;2;216;216;216m@[38;2;201;201;201m~ [38;2;0;0;228mg[38;2;0;0;232m'      [39m
 [38;2;0;0;0m      [38;2;1;1;199m~[38;2;0;0;227m4[38;2;0;0;221mg[38;2;0;0;225m_[38;2;0;0;228m_[38;2;208;208;208m`[38;2;141;141;141m`[38;2;0;0;226m_[38;2;0;0;215ma[38;2;0;0;228ma[38;2;0;0;226m_[38;2;0;0;228m_[38;2;192;192;192m``[38;2;0;0;228m_[38;2;0;0;226m_[38;2;0;0;228ma[38;2;0;0;219my[38;2;0;0;227m_[38;2;137;137;137m`[38;2;206;206;206m`[38;2;0;0;228m_[38;2;0;0;225m_[38;2;0;0;224ma[38;2;0;0;227mP[38;2;1;1;204m~       [39m
 [38;2;0;0;0m        [38;2;3;2;200m`[38;2;0;0;228m~[38;2;0;0;225m~~~[38;2;0;0;230m~[38;2;0;0;215m` [38;2;1;1;213m~[38;2;0;0;226m~[38;2;0;0;225m~[38;2;0;0;226m~~[38;2;1;1;212m~ [38;2;2;0;211m`[38;2;0;0;228m~[38;2;0;0;225m~~~[38;2;0;0;228m~[38;2;1;2;204m`         [39m
 [38;2;0;0;0m                                       [39m
 [38;2;0;0;0m                                       [39m
[?25h