[?25l[39m [38;2;0;0;0m                [38;2;1;0;205m_[38;2;0;0;233m__[38;2;0;0;235m_[38;2;0;0;233m_[38;2;1;0;205m_                 [39m
 [38;2;0;0;0m           [38;2;0;0;220m_[38;2;1;1;201my[38;2;0;0;228ma[38;2;0;0;217m#[38;2;0;0;224m=[38;2;0;0;229m~[38;2;0;0;225m~[38;2;0;0;226m~~[38;2;0;0;225m~[38;2;0;0;227m~[38;2;0;0;224m=[38;2;0;0;216mR[38;2;0;0;226ma[38;2;0;0;225m_[38;2;1;0;219m_            [39m
 [38;2;0;0;0m         [38;2;0;0;229m_[38;2;0;0;217m$[38;2;0;0;227m~[38;2;0;0;218m~[38;2;223;223;223m_[38;2;194;194;194my[38;2;225;225;225mg[38;2;252;252;252mg[38;2;223;223;223m@[38;2;240;240;240m@[38;2;241;241;241m@[38;2;226;226;226m@[38;2;252;252;252mg[38;2;225;225;225mg[38;2;194;194;194my[38;2;223;223;223m_[38;2;0;0;214m~[38;2;0;0;226m~[38;2;0;0;219m@[38;2;0;0;229m_          [39m
 [38;2;0;0;0m       [38;2;0;0;217m_[38;2;0;0;219m@[38;2;0;0;228m~[38;2;95;95;95m_[38;2;184;184;184mg[38;2;232;232;232m@[38;2;251;251;251m@[38;2;252;252;252m@@@@@@@@@@[38;2;251;251;251m@[38;2;240;240;240m@[38;2;184;184;184mg[38;2;95;95;95m_[38;2;0;0;224m~[38;2;0;0;222m@[38;2;0;0;217m_        [39m
 [38;2;0;0;0m      [38;2;0;0;213mj[38;2;0;0;229mP [38;2;178;178;179my[38;2;242;242;242m@[38;2;252;252;252m@@@@@@@@@@@@@@@@[38;2;248;248;248m@[38;2;167;167;168my [38;2;0;0;227m4[38;2;0;0;224m_       [39m
 [38;2;0;0;0m      [38;2;0;0;225m@ [38;2;168;168;168my[38;2;251;251;251m@@[38;2;233;233;233m@[38;2;220;220;220m@[38;2;251;251;251m@[38;2;252;252;252m@@@@@@@@@@@@@@[38;2;251;251;251m@[38;2;154;154;154my [38;2;0;0;224mB[38;2;0;0;230m,      [39m
 [38;2;0;0;0m     [38;2;0;0;218mg[38;2;0;0;194m[ [38;2;230;230;230m@[38;2;252;252;252m@[38;2;251;251;251m@[38;2;167;167;167my[38;2;66;66;66m_[38;2;150;150;150m`[38;2;237;237;237m~[38;2;177;177;177mA[38;2;236;236;236m@[38;2;251;251;251m@[38;2;252;252;252m@[38;2;251;251;251m@[38;2;249;249;249m@[38;2;245;245;245m@@@@@[38;2;249;249;249m@[38;2;251;251;251m@[38;2;252;252;252m@[38;2;243;243;243m@  [38;2;0;0;220m$      [39m
 [38;2;0;0;0m     [38;2;0;0;225m@  [38;2;249;249;249m@[38;2;252;252;252m@@[38;2;251;251;251m@[38;2;229;229;229m@[38;2;175;175;175m=  [38;2;137;137;137m_[38;2;204;204;204m$[38;2;251;251;251m@[38;2;215;215;215m@[38;2;172;172;172m_[38;2;154;154;154m__[38;2;155;155;155m___[38;2;179;179;179m_[38;2;219;219;219m$[38;2;252;252;252m@[38;2;251;251;251m@  [38;2;0;0;226m@      [39m
 [38;2;0;0;0m     [38;2;0;0;225m@  [38;2;249;249;249m@[38;2;252;252;252m@[38;2;251;251;251m@[38;2;133;133;133m~ [38;2;144;144;144my[38;2;193;193;193mg[38;2;214;214;214m@[38;2;251;251;251m@[38;2;252;252;252m@@@[38;2;251;251;251m@[38;2;252;252;252m@@@@@[38;2;251;251;251m@[38;2;252;252;252m@@[38;2;251;251;251m@  [38;2;0;0;227m@      [39m
 [38;2;0;0;0m     [38;2;0;0;225m@  [38;2;249;249;249m@[38;2;252;252;252m@@[38;2;251;251;251m@@[38;2;252;252;252m@@@@@@@@@@@@@@@@[38;2;251;251;251m@  [38;2;0;0;227m@      [39m
 [38;2;0;0;0m     [38;2;0;0;225m@  [38;2;249;249;249m@[38;2;252;252;252m@@@@@@@@@@@@@@@@@@@@[38;2;251;251;251m@  [38;2;0;0;227m@      [39m
 [38;2;0;0;0m     [38;2;0;0;225m@  [38;2;249;249;249m@[38;2;252;252;252m@@@@@@@@@@@@@@@@@@@@[38;2;251;251;251m@  [38;2;0;0;226m@      [39m
 [38;2;0;0;0m     [38;2;0;0;225m@  [38;2;249;249;249m@[38;2;252;252;252m@@@@@@@@@@@@@@@@@@@@[38;2;251;251;251m@  [38;2;0;0;227m@      [39m
 [38;2;0;0;0m     [38;2;0;0;226m@  [38;2;249;249;249m@[38;2;252;252;252m@@@@@@@@@@@@@@@@@@@@[38;2;251;251;251m@  [38;2;0;0;226m@      [39m
 [38;2;0;0;0m     [38;2;0;0;220m@[38;2;0;0;213m, [38;2;241;241;241m@[38;2;252;252;252m@@@@@@@@@@@@@@@@@@@@[38;2;247;247;247m@  [38;2;0;0;222m@      [39m
 [38;2;0;0;0m     [38;2;1;0;212m`[38;2;0;0;226m@[38;2;0;0;219m_[38;2;124;124;124m~[38;2;188;188;188mR[38;2;238;238;238m@[38;2;252;252;252m@[38;2;245;245;245m@[38;2;195;195;195m@[38;2;179;179;179mF[38;2;251;251;251m~[38;2;161;161;161m5[38;2;220;220;220m@[38;2;251;251;251m@@[38;2;224;224;224m@[38;2;213;213;213mF[38;2;251;251;251m~[38;2;175;175;175mT[38;2;185;185;185m@[38;2;245;245;245m@[38;2;252;252;252m@[38;2;240;240;240m@[38;2;176;176;176m@[38;2;158;158;158m~[38;2;0;0;216m_[38;2;0;0;230mg[38;2;0;0;233m'      [39m
 [38;2;0;0;0m      [38;2;0;0;218m`[38;2;0;0;223m4[38;2;0;0;227mg[38;2;0;0;213my[38;2;0;0;227m_[38;2;0;0;225m_[38;2;0;0;226m_[38;2;0;0;227m_[38;2;0;0;228mg[38;2;0;0;226m@[38;2;0;0;219mg[38;2;0;0;227m_[38;2;0;0;225m__[38;2;0;0;227m_[38;2;0;0;223ma[38;2;0;0;224m@[38;2;0;0;228mg[38;2;0;0;227m_[38;2;0;0;226m_[38;2;0;0;225m_[38;2;0;0;227m_[38;2;0;0;211my[38;2;0;0;227mg[38;2;0;0;226mP[38;2;2;1;201m~       [39m
 [38;2;0;0;0m        [38;2;4;3;186m`[38;2;0;0;223m~[38;2;0;0;226m~[38;2;0;0;227m~[38;2;0;0;226m~~[38;2;2;1;202m` [38;2;2;1;203m~[38;2;0;0;227m~~~~[38;2;1;1;205m~ [38;2;3;1;201m`[38;2;0;0;224m~[38;2;0;0;227m~~[38;2;0;0;226m~[38;2;0;0;224m~[38;2;2;4;190m`         [39m
 [38;2;0;0;0m                                       [39m
[?25h