[?25l[39m [38;2;0;0;0m              [38;2;0;0;228m_[38;2;0;0;224m_[38;2;0;0;226m_[38;2;1;1;210my[38;2;0;0;216my[38;2;1;0;216my[38;2;1;1;210my[38;2;0;0;226m_[38;2;0;0;224m_[38;2;1;0;229m_               [39m
 [38;2;0;0;0m          [38;2;1;0;208m_[38;2;1;1;208my[38;2;0;0;226ma[38;2;0;0;220mP[38;2;0;0;225m~[38;2;0;0;228m~[38;2;105;105;105m_[38;2;227;227;227m_[38;2;237;237;237m__[38;2;227;227;227m_[38;2;105;105;105m_[38;2;0;0;228m~[38;2;0;0;225m~[38;2;0;0;219m4[38;2;0;0;226ma[38;2;1;1;207my[38;2;1;0;210m_           [39m
 [38;2;0;0;0m        [38;2;0;0;218m_[38;2;0;0;229ma[38;2;0;0;220mF[38;2;1;0;213m~[38;2;222;222;222m_[38;2;214;214;214my[38;2;251;251;251mg[38;2;248;248;248m@[38;2;251;251;251m@[38;2;252;252;252m@@@@[38;2;251;251;251m@[38;2;250;250;250m@[38;2;251;251;251mg[38;2;214;214;214my[38;2;222;222;222m_[38;2;0;0;211m~[38;2;0;0;214m?[38;2;0;0;228ma[38;2;0;0;218m_         [39m
 [38;2;0;0;0m       [38;2;1;0;215mg[38;2;0;0;229mF[38;2;0;0;191m'[38;2;174;174;174my[38;2;213;213;213m@[38;2;251;251;251m@[38;2;252;252;252m@@@@@@@@@@@@[38;2;251;251;251m@[38;2;225;225;225m@[38;2;165;165;165my [38;2;0;0;220m4[38;2;1;0;215mg        [39m
 [38;2;0;0;0m      [38;2;0;0;223mg[38;2;0;0;215mF [38;2;215;215;215mg[38;2;251;251;251m@[38;2;252;252;252m@@@@@@@@@@@@@@@@[38;2;251;251;251m@[38;2;194;194;194m$ [38;2;0;0;222m~[38;2;0;0;221m$       [39m
 [38;2;0;0;0m     [38;2;1;0;205mj[38;2;0;0;230mF [38;2;201;201;201mg[38;2;251;251;251m@[38;2;252;252;252m@[38;2;228;228;228m@[38;2;237;237;237m@[38;2;249;249;249m@[38;2;251;251;251m@@[38;2;252;252;252m@@@@@@@@@@@@[38;2;251;251;251m@[38;2;178;178;178m@ [38;2;0;0;222m?[38;2;0;0;219mi      [39m
 [38;2;0;0;0m     [38;2;0;0;217m@[38;2;0;0;178m[ [38;2;244;244;244m@[38;2;252;252;252m@[38;2;215;215;215m@   [38;2;131;131;131m`[38;2;133;133;133m~[38;2;207;207;207m~[38;2;168;168;168mM[38;2;251;251;251m@[38;2;219;219;219m@[38;2;230;230;230m~[38;2;217;217;217m~~~~~[38;2;230;230;230m~[38;2;215;215;215m@[38;2;252;252;252m@[38;2;249;249;249m@  [38;2;0;0;225m$      [39m
 [38;2;0;0;0m     [38;2;0;0;226m@  [38;2;249;249;249m@[38;2;252;252;252m@[38;2;220;220;220m@[38;2;157;157;157my[38;2;172;172;172my[38;2;196;196;196my[38;2;189;189;189mg[38;2;223;223;223mg[38;2;251;251;251mg[38;2;238;238;238m@[38;2;252;252;252m@[38;2;251;251;251m@[38;2;252;252;252mggggggg@@[38;2;251;251;251m@  [38;2;0;0;226m@      [39m
 [38;2;0;0;0m     [38;2;0;0;225m@  [38;2;249;249;249m@[38;2;252;252;252m@@@@@@@@@@@@@@@@@@@@[38;2;251;251;251m@  [38;2;0;0;226m@      [39m
 [38;2;0;0;0m     [38;2;0;0;225m@  [38;2;249;249;249m@[38;2;252;252;252m@@@@@@@@@@@@@@@@@@@@[38;2;251;251;251m@  [38;2;0;0;226m@      [39m
 [38;2;0;0;0m     [38;2;0;0;225m@  [38;2;249;249;249m@[38;2;252;252;252m@@@@@@@@@@@@@@@@@@@@[38;2;251;251;251m@  [38;2;0;0;226m@      [39m
 [38;2;0;0;0m     [38;2;0;0;225m@  [38;2;249;249;249m@[38;2;252;252;252m@@@@@@@@@@@@@@@@@@@@[38;2;251;251;251m@  [38;2;0;0;226m@      [39m
 [38;2;0;0;0m     [38;2;0;0;225m@  [38;2;249;249;249m@[38;2;252;252;252m@@@@@@@@@@@@@@@@@@@@[38;2;251;251;251m@  [38;2;0;0;226m@      [39m
 [38;2;0;0;0m     [38;2;0;0;225m@  [38;2;249;249;249m@[38;2;252;252;252m@@@@@@@@@@@@@@@@@@@@[38;2;251;251;251m@  [38;2;0;0;225m@      [39m
 [38;2;0;0;0m     [38;2;0;0;211m9[38;2;0;0;214m$ [38;2;171;171;171m7[38;2;243;243;243m@[38;2;251;251;251m@[38;2;252;252;252m@[38;2;251;251;251m@[38;2;250;250;250m@[38;2;190;190;190m@[38;2;219;219;219mP[38;2;218;218;218m@[38;2;251;251;251m@[38;2;252;252;252m@@[38;2;251;251;251m@[38;2;222;222;222m@P[38;2;214;214;214mR[38;2;249;249;249m@[38;2;251;251;251m@[38;2;252;252;252m@[38;2;251;251;251m@[38;2;245;245;245m@[38;2;194;194;194mF [38;2;0;0;218mg[38;2;0;0;226mF      [39m
 [38;2;0;0;0m      [38;2;0;0;222m4[38;2;0;0;224m@[38;2;0;0;211my[38;2;0;0;227m_[38;2;155;155;155m~[38;2;225;225;225m~[38;2;199;199;199m~[38;2;0;0;225m_[38;2;0;0;226m_[38;2;0;0;218mg[38;2;0;0;227m_[38;2;192;192;192m`[38;2;217;217;217m~[38;2;222;222;222m~[38;2;105;105;105m~[38;2;0;0;227m_[38;2;0;0;221ma[38;2;0;0;226m__[38;2;184;184;184m~[38;2;226;226;226m~[38;2;173;173;173m~[38;2;0;0;227m_[38;2;0;0;211my[38;2;0;0;220m@[38;2;0;0;226mP[38;2;1;2;189m'      [39m
 [38;2;0;0;0m       [38;2;0;0;214m~[38;2;0;0;226m~[38;2;0;0;214m@[38;2;0;0;227m@[38;2;0;0;226m@[38;2;0;0;227m@[38;2;0;0;222m@[38;2;0;0;224m=[38;2;0;0;227m~[38;2;0;0;224m4[38;2;0;0;227m@@@[38;2;0;0;228m@[38;2;0;0;223mP[38;2;0;0;227m~[38;2;0;0;224m=[38;2;0;0;222m@[38;2;0;0;226m@[38;2;0;0;227m@[38;2;0;0;228m@[38;2;0;0;214m@[38;2;1;1;205mF[38;2;0;0;214m~        [39m
 [38;2;0;0;0m                                       [39m
 [38;2;0;0;0m                                       [39m
[?25h