[?25l[39m [38;2;0;0;0m             [38;2;2;0;212m_[38;2;0;0;225m_[38;2;0;0;226m_[38;2;0;0;219my[38;2;0;0;227ma[38;2;0;0;230maa[38;2;0;0;226ma[38;2;0;0;219my[38;2;0;0;226m__[38;2;2;0;212m_              [39m
 [38;2;0;0;0m          [38;2;0;0;229m_[38;2;0;0;220mg[38;2;0;0;222mP[38;2;0;0;228m~[38;2;0;0;229m~[38;2;105;105;105m_[38;2;238;238;238m_[38;2;150;150;150my[38;2;163;163;163my[38;2;162;162;162my[38;2;149;149;149my[38;2;238;238;238m_[38;2;104;104;104m_[38;2;0;0;227m~[38;2;0;0;226m~[38;2;0;0;218mR[38;2;0;0;219mg[38;2;0;0;229m_           [39m
 [38;2;0;0;0m        [38;2;0;0;228m_[38;2;0;0;220m$[38;2;0;0;227m~[38;2;1;1;195m`[38;2;172;172;172my[38;2;231;231;231mg[38;2;236;236;236m@[38;2;251;251;251m@[38;2;252;252;252m@@@@@@[38;2;251;251;251m@[38;2;242;242;242m@[38;2;231;231;231mg[38;2;166;166;166my[38;2;2;1;199m`[38;2;0;0;225m~[38;2;0;0;221m@[38;2;0;0;228m_         [39m
 [38;2;0;0;0m       [38;2;0;0;226mg[38;2;0;0;221mF [38;2;204;204;204my[38;2;238;238;238m@[38;2;251;251;251m@[38;2;252;252;252m@@@@@@@@@@@@@[38;2;245;245;245m@[38;2;200;200;200my [38;2;0;0;227m~[38;2;0;0;220m$        [39m
 [38;2;0;0;0m      [38;2;0;0;230mg[38;2;0;0;212m~ [38;2;237;237;237mg[38;2;251;251;251m@@@[38;2;252;252;252m@@@@@@@@@@@@@@@[38;2;213;213;213m@[38;2;71;71;71m,[38;2;0;0;205m~[38;2;0;0;228m$       [39m
 [38;2;0;0;0m     [38;2;0;0;213mj[38;2;0;0;224mF [38;2;216;216;216mg[38;2;251;251;251m@[38;2;247;247;247m@[38;2;113;113;113m_[38;2;108;108;108m`[38;2;229;229;229m~[38;2;187;187;187mF[38;2;211;211;211m@[38;2;251;251;251m@[38;2;252;252;252m@@@[38;2;251;251;251m@@@@@@@[38;2;252;252;252m@@[38;2;199;199;199m@ [38;2;0;0;213m?[38;2;0;0;222ml      [39m
 [38;2;0;0;0m     [38;2;0;0;220m@  [38;2;247;247;247m@[38;2;252;252;252m@@[38;2;251;251;251m@[38;2;216;216;216m@[38;2;152;152;152m*  [38;2;122;122;122m`[38;2;185;185;185m$[38;2;252;252;252m@[38;2;212;212;212m@[38;2;96;96;96m~[38;2;144;144;144m`[38;2;145;145;145m````[38;2;168;168;168m`[38;2;216;216;216m$[38;2;252;252;252m@[38;2;251;251;251m@  [38;2;0;0;227m$      [39m
 [38;2;0;0;0m     [38;2;0;0;226m@  [38;2;249;249;249m@[38;2;252;252;252m@[38;2;248;248;248m@[38;2;163;163;163m~ [38;2;206;206;206m_[38;2;192;192;192my[38;2;236;236;236mg[38;2;239;239;239m@[38;2;251;251;251m@[38;2;252;252;252m@@@@@@@@@[38;2;251;251;251m@[38;2;252;252;252m@[38;2;251;251;251m@  [38;2;0;0;226m@      [39m
 [38;2;0;0;0m     [38;2;0;0;225m@  [38;2;249;249;249m@[38;2;252;252;252m@@[38;2;247;247;247m@[38;2;243;243;243m@[38;2;251;251;251m@[38;2;252;252;252m@@@@@@@@@@@@@@@[38;2;251;251;251m@  [38;2;0;0;226m@      [39m
 [38;2;0;0;0m     [38;2;0;0;225m@  [38;2;249;249;249m@[38;2;252;252;252m@@@@@@@@@@@@@@@@@@@@[38;2;251;251;251m@  [38;2;0;0;226m@      [39m
 [38;2;0;0;0m     [38;2;0;0;225m@  [38;2;249;249;249m@[38;2;252;252;252m@@@@@@@@@@@@@@@@@@@@[38;2;251;251;251m@  [38;2;0;0;226m@      [39m
 [38;2;0;0;0m     [38;2;0;0;225m@  [38;2;249;249;249m@[38;2;252;252;252m@@@@@@@@@@@@@@@@@@@@[38;2;251;251;251m@  [38;2;0;0;226m@      [39m
 [38;2;0;0;0m     [38;2;0;0;225m@  [38;2;249;249;249m@[38;2;252;252;252m@@@@@@@@@@@@@@@@@@@@[38;2;251;251;251m@  [38;2;0;0;226m@      [39m
 [38;2;0;0;0m     [38;2;0;0;224m@  [38;2;247;247;247m@[38;2;252;252;252m@@@@@@@@@@@@@@@@@@@@[38;2;250;250;250m@  [38;2;0;0;225m@      [39m
 [38;2;0;0;0m     [38;2;1;0;210m4[38;2;0;0;221m$[38;2;0;0;196m,[38;2;187;187;187m~[38;2;215;215;215m@[38;2;251;251;251m@[38;2;252;252;252m@[38;2;251;251;251m@[38;2;239;239;239m@[38;2;208;208;208mP[38;2;200;200;200mF[38;2;176;176;176m@[38;2;249;249;249m@[38;2;252;252;252m@@[38;2;250;250;250m@[38;2;187;187;187m@[38;2;203;203;203mF[38;2;185;185;185mM[38;2;236;236;236m@[38;2;251;251;251m@[38;2;252;252;252m@[38;2;251;251;251m@[38;2;223;223;223m@[38;2;137;137;137mF [38;2;0;0;224mgF      [39m
 [38;2;0;0;0m      [38;2;0;0;218m?[38;2;0;0;227m@[38;2;0;0;218mg[38;2;0;0;226m_[38;2;134;134;134m`[38;2;215;215;215m`[38;2;179;179;179m`[38;2;0;0;226m_[38;2;0;0;217my[38;2;0;0;228mg[38;2;0;0;226m_[38;2;0;0;228m_[38;2;211;211;211m``[38;2;0;0;228m_[38;2;0;0;226m_[38;2;0;0;228mg[38;2;0;0;217my[38;2;0;0;227m_[38;2;175;175;175m`[38;2;215;215;215m`[38;2;136;136;136m`[38;2;0;0;226m_[38;2;0;0;221ma[38;2;0;0;227m@[38;2;0;0;223mF       [39m
 [38;2;0;0;0m       [38;2;1;1;209m`[38;2;0;0;226m~[38;2;0;0;228m=[38;2;0;0;216mR[38;2;0;0;219m@[38;2;0;0;220mR[38;2;0;0;231m=[38;2;0;0;226m~[38;2;0;0;228m~[38;2;0;0;227m~[38;2;0;0;219m4[38;2;0;0;216m@@[38;2;0;0;219mP[38;2;0;0;227m~[38;2;0;0;228m~[38;2;0;0;226m~[38;2;0;0;230m=[38;2;0;0;220mR[38;2;0;0;219m@[38;2;0;0;217mR[38;2;0;0;230m=[38;2;0;0;227m~[38;2;1;2;209m`        [39m
 [38;2;0;0;0m                                       [39m
 [38;2;0;0;0m                                       [39m
[?25h