[?25l[39m [38;2;0;0;0m                                       [39m
 [38;2;0;0;0m             [38;2;2;0;207m_[38;2;0;0;226m_[38;2;0;0;227m_[38;2;0;0;219my[38;2;0;0;223ma[38;2;0;0;224mg[38;2;0;0;225mg[38;2;0;0;221mg[38;2;0;0;220my[38;2;0;0;227m_[38;2;0;0;226m_[38;2;0;0;217m_              [39m
 [38;2;0;0;0m          [38;2;0;0;226m_[38;2;0;0;219ma[38;2;0;0;221m@[38;2;0;0;224mP[38;2;0;0;227m~[38;2;0;0;226m~[38;2;0;0;231m~[38;2;145;145;145m_[38;2;191;191;191m_[38;2;196;196;196m_[38;2;153;153;153m_[38;2;85;85;85m_[38;2;0;0;227m~[38;2;0;0;226m~[38;2;0;0;223m4[38;2;0;0;226m@[38;2;0;0;221mg[38;2;0;0;230m_           [39m
 [38;2;0;0;0m        [38;2;0;0;225m_[38;2;0;0;229mg[38;2;0;0;225mP~[38;2;172;172;172m_[38;2;198;198;198my[38;2;241;241;241mg[38;2;233;233;233m@[38;2;252;252;252m@[38;2;251;251;251m@@@@[38;2;252;252;252m@[38;2;242;242;242m@[38;2;247;247;247mg[38;2;213;213;213my[38;2;218;218;218m_[38;2;0;0;214m~?[38;2;0;0;225m@[38;2;0;0;229m_         [39m
 [38;2;0;0;0m       [38;2;0;0;217mg[38;2;0;0;229mP[38;2;1;0;213m'[38;2;126;126;127my[38;2;243;243;243mg[38;2;251;251;251m@[38;2;252;252;252m@@@@@@@@@@@@[38;2;251;251;251m@[38;2;223;223;223m@[38;2;163;163;163my [38;2;0;0;199m#[38;2;0;0;224m$[38;2;1;0;213m,       [39m
 [38;2;0;0;0m      [38;2;0;0;220mg[38;2;0;0;228mF [38;2;188;188;188mg[38;2;251;251;251m@[38;2;252;252;252m@@@@@@@@@@@@@@@@[38;2;251;251;251m@[38;2;196;196;196m@ [38;2;0;0;218m~[38;2;0;0;227m@       [39m
 [38;2;0;0;0m     [38;2;2;1;195mj[38;2;0;0;221m@ [38;2;106;106;106m=[38;2;186;186;186mF[38;2;175;175;175m@[38;2;249;249;249m@[38;2;251;251;251m@[38;2;252;252;252m@@@@@@@@@@@@@@@@[38;2;197;197;197m@ [38;2;0;0;212m?[38;2;1;0;210m$      [39m
 [38;2;0;0;0m     [38;2;0;0;218m4[38;2;0;0;200m[ [38;2;209;209;209m$[38;2;188;188;188my[38;2;176;176;176m_ [38;2;196;196;196m~[38;2;153;153;153m5[38;2;220;220;220m@[38;2;251;251;251m@@[38;2;200;200;200m@[38;2;214;214;214mPPPPPP[38;2;226;226;226m@[38;2;252;252;252m@@@@[38;2;251;251;251m@[38;2;65;65;66mr [38;2;0;0;230m@      [39m
 [38;2;0;0;0m     [38;2;0;0;221m4  [38;2;236;236;236m@[38;2;180;180;180m@[38;2;166;166;166mF  [38;2;139;139;139my[38;2;205;205;205mg[38;2;251;251;251m@@[38;2;210;210;210my[38;2;173;173;173myyyyy[38;2;176;176;176my[38;2;213;213;213mg[38;2;251;251;251m@[38;2;252;252;252m@@@[38;2;251;251;251m@[38;2;109;109;110mL [38;2;0;0;231m@      [39m
 [38;2;0;0;0m     [38;2;0;0;210m$  [38;2;162;162;162m@[38;2;253;253;253m_[38;2;190;190;190my[38;2;245;245;245mg[38;2;248;248;248m@[38;2;252;252;252m@@@@@@@@@@@@@@@@[38;2;251;251;251m@[38;2;108;108;108mL [38;2;0;0;231m@      [39m
 [38;2;0;0;0m     [38;2;0;0;216mg  [38;2;242;242;242m@[38;2;252;252;252m@@@@@@@@@@@@@@@@@@@@[38;2;251;251;251m@[38;2;102;102;103mL [38;2;0;0;230m@      [39m
 [38;2;0;0;0m     [38;2;0;0;214m$  [38;2;244;244;244m@[38;2;252;252;252m@@@@@@@@@@@@@@@@@@@@[38;2;251;251;251m@[38;2;95;95;96mL [38;2;0;0;231m@      [39m
 [38;2;0;0;0m     [38;2;0;0;216m@  [38;2;247;247;247m@[38;2;252;252;252m@@@@@@@@@@@@@@@@@@@@[38;2;251;251;251m@[38;2;84;84;84mL [38;2;0;0;231m@      [39m
 [38;2;0;0;0m     [38;2;0;0;219m@  [38;2;249;249;249m@[38;2;252;252;252m@@@@@@@@@@@@@@@@@@@@[38;2;251;251;251m@[38;2;72;72;72mL [38;2;0;0;230m@      [39m
 [38;2;0;0;0m     [38;2;1;0;211m4[38;2;0;0;224mL [38;2;191;191;191mR[38;2;251;251;251m@[38;2;249;249;249m@[38;2;250;250;250m@[38;2;252;252;252m@@@@@[38;2;251;251;251m@[38;2;248;248;248m@[38;2;251;251;251m@[38;2;252;252;252m@@@@[38;2;251;251;251m@[38;2;249;249;249m@[38;2;251;251;251m@[38;2;252;252;252m@[38;2;251;251;251m@[38;2;201;201;201m@ [38;2;0;0;218mj[38;2;0;0;229mF      [39m
 [38;2;0;0;0m      [38;2;0;0;225m?[38;2;0;0;219mg[38;2;0;0;225m_[38;2;113;113;113m~[38;2;0;0;228m_[38;2;0;0;224m_[38;2;186;186;186m~[38;2;169;169;169mF[38;2;197;197;197mF[38;2;191;191;191mF[38;2;235;235;235m~[38;2;0;0;211m_[38;2;0;0;227m_[38;2;181;181;181m`[38;2;246;246;246m~[38;2;191;191;191mF[38;2;198;198;198mF[38;2;164;164;164mF[38;2;131;131;131m~[38;2;0;0;226m_[38;2;0;0;214m_[38;2;219;219;219m~[38;2;212;212;212m~[38;2;0;0;223m_[38;2;0;0;218ma[38;2;0;0;225mP       [39m
 [38;2;0;0;0m       [38;2;1;0;219m`[38;2;0;0;226m~[38;2;0;0;232m=[38;2;0;0;226m~[38;2;0;0;225m~[38;2;0;0;222m4[38;2;0;0;226ma[38;2;0;0;228ma[38;2;0;0;226ma[38;2;0;0;221mP[38;2;0;0;227m~[38;2;0;0;226m~[38;2;0;0;229m=[38;2;0;0;214m@[38;2;0;0;228maa[38;2;0;0;219m#[38;2;0;0;230m=[38;2;0;0;225m~[38;2;0;0;226m~[38;2;0;0;215mR[38;2;0;0;221mP[38;2;0;0;226m~[38;2;2;1;200m~        [39m
 [38;2;0;0;0m                                       [39m
 [38;2;0;0;0m                                       [39m
[?25h