[?25l[39m [38;2;0;0;0m                                       [39m
 [38;2;0;0;0m              [38;2;0;0;228m_[38;2;0;0;227m_[38;2;1;1;203my[38;2;0;0;217my[38;2;1;0;216maa[38;2;0;0;217my[38;2;1;1;203my[38;2;0;0;227m_[38;2;0;0;228m_               [39m
 [38;2;0;0;0m          [38;2;0;0;216m_[38;2;0;0;211my[38;2;0;0;225mgP[38;2;0;0;226m~[38;2;0;0;225m~[38;2;0;0;232m~[38;2;129;129;129m_[38;2;160;160;160m_[38;2;159;159;159m_[38;2;129;129;129m_[38;2;0;0;232m~[38;2;0;0;225m~[38;2;0;0;226m~[38;2;0;0;225m4[38;2;0;0;217m@[38;2;0;0;212my[38;2;0;0;217m_           [39m
 [38;2;0;0;0m        [38;2;0;0;222m_[38;2;0;0;228mg[38;2;0;0;224mP[38;2;0;0;225m~[38;2;178;178;178m_[38;2;198;198;198my[38;2;239;239;239mg[38;2;230;230;230m@[38;2;251;251;251m@[38;2;252;252;252m@[38;2;251;251;251m@@[38;2;252;252;252m@[38;2;251;251;251m@[38;2;234;234;234m@[38;2;239;239;239mg[38;2;197;197;197my[38;2;178;178;178m_[38;2;0;0;222m~4[38;2;0;0;219m$[38;2;0;0;223m_         [39m
 [38;2;0;0;0m       [38;2;1;0;217mg[38;2;0;0;228mP[38;2;0;0;209m'[38;2;145;145;145my[38;2;245;245;245mg[38;2;251;251;251m@[38;2;252;252;252m@@@@@@@@@@@@[38;2;251;251;251m@[38;2;217;217;217m$[38;2;129;129;129my[38;2;2;0;204m`[38;2;0;0;228m4[38;2;0;0;218mg        [39m
 [38;2;0;0;0m      [38;2;0;0;224mgF [38;2;201;201;201mg[38;2;251;251;251m@[38;2;252;252;252m@@@@@@@@@@@@@@@@[38;2;251;251;251m@[38;2;167;167;167m@ [38;2;0;0;227m~[38;2;0;0;223m$       [39m
 [38;2;0;0;0m     [38;2;1;0;209mj[38;2;0;0;231mF [38;2;188;188;188mg[38;2;251;251;251m@[38;2;252;252;252m@[38;2;251;251;251m@[38;2;241;241;241m@[38;2;197;197;197m@[38;2;207;207;207mR[38;2;199;199;199m@[38;2;247;247;247m@[38;2;252;252;252m@@@@[38;2;250;250;250m@[38;2;212;212;212m@[38;2;209;209;209mR[38;2;213;213;213mR[38;2;230;230;230m@[38;2;251;251;251m@[38;2;252;252;252m@[38;2;251;251;251m@[38;2;168;168;168m$ [38;2;0;0;219m4[38;2;0;0;221mi      [39m
 [38;2;0;0;0m     [38;2;0;0;217m@[38;2;0;0;181m[ [38;2;242;242;242m@[38;2;252;252;252m@[38;2;242;242;242m@[38;2;197;197;197m~[38;2;174;174;174my[38;2;240;240;240m=[38;2;191;191;191m#[38;2;232;232;232m=[38;2;145;145;145my[38;2;220;220;220m~[38;2;250;250;250m@[38;2;251;251;251m@[38;2;221;221;221mF[38;2;135;135;135my[38;2;228;228;228m=[38;2;239;239;239m=[38;2;245;245;245m=[38;2;131;131;131ma[38;2;128;128;128m~[38;2;216;216;216m@[38;2;252;252;252m@[38;2;248;248;248m@  [38;2;0;0;225m$      [39m
 [38;2;0;0;0m     [38;2;0;0;226m@  [38;2;249;249;249m@[38;2;251;251;251m@[38;2;166;166;166m$[38;2;94;94;94m4[38;2;117;117;117mE [38;2;175;175;175m$ [38;2;183;183;183m$ [38;2;224;224;224m@[38;2;236;236;236m@ [38;2;199;199;199m$ [38;2;203;203;203ma [38;2;129;129;129m4[38;2;98;98;98mF[38;2;174;174;174mg[38;2;251;251;251m@@  [38;2;0;0;226m@      [39m
 [38;2;0;0;0m     [38;2;0;0;226m@  [38;2;249;249;249m@[38;2;252;252;252m@[38;2;242;242;242m@[38;2;131;131;131my[38;2;159;159;159m?[38;2;200;200;200m*[38;2;201;201;201ma[38;2;204;204;204ma[38;2;212;212;212ma[38;2;211;211;211m@[38;2;251;251;251m@@[38;2;199;199;199my[38;2;151;151;151m~[38;2;219;219;219m=[38;2;167;167;167ma[38;2;212;212;212ma[38;2;202;202;202ma[38;2;243;243;243mg[38;2;251;251;251m@[38;2;252;252;252m@[38;2;251;251;251m@  [38;2;0;0;226m@      [39m
 [38;2;0;0;0m     [38;2;0;0;226m@  [38;2;249;249;249m@[38;2;252;252;252m@@[38;2;251;251;251m@[38;2;240;240;240m@[38;2;251;251;251mg[38;2;243;243;243mg[38;2;250;250;250mg[38;2;251;251;251m@[38;2;252;252;252m@@@@[38;2;251;251;251m@[38;2;217;217;217m@[38;2;245;245;245mg[38;2;246;246;246mg[38;2;241;241;241m@[38;2;252;252;252m@@@[38;2;251;251;251m@  [38;2;0;0;226m@      [39m
 [38;2;0;0;0m     [38;2;0;0;226m@  [38;2;249;249;249m@[38;2;252;252;252m@@@@@@@@@@@@@@@@@@@@[38;2;251;251;251m@  [38;2;0;0;227m@      [39m
 [38;2;0;0;0m     [38;2;0;0;226m@  [38;2;249;249;249m@[38;2;252;252;252m@@@@@@@@@@@@@@@@@@@@[38;2;251;251;251m@  [38;2;0;0;227m@      [39m
 [38;2;0;0;0m     [38;2;0;0;226m@  [38;2;249;249;249m@[38;2;252;252;252m@@@@@@@@@@@@@@@@@@@@[38;2;251;251;251m@  [38;2;0;0;226m@      [39m
 [38;2;0;0;0m     [38;2;0;0;213m9[38;2;1;0;205mL [38;2;209;209;209m$[38;2;251;251;251m@[38;2;252;252;252m@@@@@@@@@@@@[38;2;251;251;251m@[38;2;252;252;252m@@@@@@[38;2;224;224;224m@ [38;2;0;0;204mj[38;2;1;0;215m$      [39m
 [38;2;0;0;0m     [38;2;3;2;186m`[38;2;1;1;213m@[38;2;0;0;211my [38;2;238;238;238m~[38;2;197;197;197mP[38;2;208;208;208mR[38;2;168;168;168m@[38;2;185;185;185mF[38;2;170;170;170m~[38;2;191;191;191m`[38;2;209;209;209m~[38;2;172;172;172mP[38;2;202;202;202mR[38;2;204;204;204mR[38;2;210;210;210mF[38;2;224;224;224m~[38;2;188;188;188m`[38;2;147;147;147m~[38;2;175;175;175mT[38;2;195;195;195m#[38;2;210;210;210mR[38;2;209;209;209mP[38;2;163;163;163mF[38;2;64;64;64m~[38;2;0;0;207my[38;2;0;0;217m@[38;2;0;0;207m'      [39m
 [38;2;0;0;0m       [38;2;0;0;224m~[38;2;0;0;227m=[38;2;0;0;226ma[38;2;0;0;228mg[38;2;0;0;222mg[38;2;0;0;227mg[38;2;0;0;228ma[38;2;0;0;224mP[38;2;0;0;215m=[38;2;1;0;211m@[38;2;0;0;228ma[38;2;0;0;224mg[38;2;0;0;225mg[38;2;0;0;227ma[38;2;0;0;211m@[38;2;0;0;214m=[38;2;0;0;224m4[38;2;0;0;228mag[38;2;0;0;221mg[38;2;0;0;228mg[38;2;0;0;225ma[38;2;0;0;217mP[38;2;0;0;223m~        [39m
 [38;2;0;0;0m                                       [39m
 [38;2;0;0;0m                                       [39m
[?25h