[?25l[39m [38;2;0;0;0m                [38;2;1;0;212m_[38;2;0;0;234m_[38;2;0;0;231m_[38;2;0;0;232m_[38;2;0;0;235m_[38;2;2;0;212m_                 [39m
 [38;2;0;0;0m           [38;2;1;0;224m_[38;2;1;1;203my[38;2;0;0;226mg[38;2;0;0;223m@[38;2;0;0;227m@@[38;2;0;0;222mR[38;2;0;0;218mRR[38;2;0;0;222mR[38;2;0;0;227m@@[38;2;0;0;224m@[38;2;0;0;226mg[38;2;2;1;203my[38;2;1;0;222m_            [39m
 [38;2;0;0;0m         [38;2;0;0;229m_[38;2;0;0;219m$[38;2;0;0;225m@[38;2;0;0;211mP[38;2;0;0;228m~[38;2;124;124;124m_[38;2;251;251;251m_[38;2;182;182;182my[38;2;202;202;202my[38;2;214;214;214my[38;2;213;213;213my[38;2;202;202;202my[38;2;182;182;182my[38;2;251;251;251m_[38;2;124;124;124m_[38;2;0;0;226m~[38;2;0;0;218m=[38;2;0;0;225m@[38;2;0;0;221m@[38;2;0;0;230m_          [39m
 [38;2;0;0;0m       [38;2;0;0;221m_@[38;2;0;0;227mP[38;2;0;0;221m~[38;2;178;178;178m_[38;2;191;191;191mg[38;2;222;222;222m@[38;2;251;251;251m@[38;2;252;252;252m@@@@@@@@[38;2;251;251;251m@[38;2;229;229;229m@[38;2;191;191;191mg[38;2;177;177;177m_[38;2;0;0;218m~[38;2;0;0;227m4[38;2;0;0;224m@[38;2;0;0;219m_        [39m
 [38;2;0;0;0m      [38;2;0;0;216mj[38;2;0;0;229m@[38;2;0;0;221m~[38;2;92;92;92m_[38;2;219;219;219mg[38;2;251;251;251m@[38;2;252;252;252m@@@@@@@@@@@@@@[38;2;251;251;251m@[38;2;193;193;193m$[38;2;93;93;93m_[38;2;0;0;218m~[38;2;0;0;227m@[38;2;1;0;212mL       [39m
 [38;2;0;0;0m      [38;2;0;0;231m@[38;2;1;1;205m'[38;2;110;110;110m_[38;2;227;227;227m@[38;2;252;252;252m@[38;2;251;251;251m@@[38;2;252;252;252m@@@@@@@@@@@@@@@[38;2;239;239;239m@[38;2;111;111;111m_[38;2;1;1;188m`[38;2;0;0;228m@[38;2;0;0;232m,      [39m
 [38;2;0;0;0m     [38;2;0;0;216mg[38;2;0;0;214mF [38;2;209;209;209m$[38;2;252;252;252m@[38;2;251;251;251m@[38;2;186;186;186m~[38;2;130;130;130m~[38;2;245;245;245m~[38;2;193;193;193mR[38;2;245;245;245m@[38;2;251;251;251m@[38;2;252;252;252m@@@@@@@@@@@@[38;2;222;222;222m@ [38;2;0;0;198m?[38;2;0;0;219m$      [39m
 [38;2;0;0;0m     [38;2;0;0;225m@  [38;2;249;249;249m@[38;2;252;252;252m@@[38;2;251;251;251m@[38;2;244;244;244mg[38;2;169;169;169mw  [38;2;173;173;173m~[38;2;200;200;200m@[38;2;251;251;251m@[38;2;217;217;217m@[38;2;223;223;223m~[38;2;203;203;203m~~~~~[38;2;226;226;226m~[38;2;212;212;212m@[38;2;252;252;252m@[38;2;251;251;251m@  [38;2;0;0;225m@      [39m
 [38;2;0;0;0m     [38;2;0;0;225m@  [38;2;249;249;249m@[38;2;252;252;252m@[38;2;251;251;251m@[38;2;196;196;196mF[38;2;166;166;166m~ [38;2;228;228;228m_[38;2;210;210;210my[38;2;248;248;248mg[38;2;251;251;251m@[38;2;252;252;252m@[38;2;251;251;251m@[38;2;219;219;219m@$$$$$[38;2;216;216;216m@[38;2;252;252;252m@@[38;2;251;251;251m@  [38;2;0;0;226m@      [39m
 [38;2;0;0;0m     [38;2;0;0;225m@  [38;2;249;249;249m@[38;2;252;252;252m@[38;2;251;251;251m@[38;2;250;250;250mg[38;2;246;246;246mg[38;2;243;243;243m@[38;2;251;251;251m@[38;2;252;252;252m@@@@@@@@@@@@@@[38;2;251;251;251m@  [38;2;0;0;226m@      [39m
 [38;2;0;0;0m     [38;2;0;0;225m@  [38;2;249;249;249m@[38;2;252;252;252m@@@@@@@@@@@@@@@@@@@@[38;2;251;251;251m@  [38;2;0;0;226m@      [39m
 [38;2;0;0;0m     [38;2;0;0;225m@  [38;2;249;249;249m@[38;2;252;252;252m@@@@@@@@@@@@@@@@@@@@[38;2;251;251;251m@  [38;2;0;0;226m@      [39m
 [38;2;0;0;0m     [38;2;0;0;225m@  [38;2;249;249;249m@[38;2;252;252;252m@@@@@@@@@@@@@@@@@@@@[38;2;251;251;251m@  [38;2;0;0;226m@      [39m
 [38;2;0;0;0m     [38;2;0;0;220m@  [38;2;245;245;245m@[38;2;252;252;252m@@@@@@@@@@@@@@@@@@@@[38;2;248;248;248m@  [38;2;0;0;222m@      [39m
 [38;2;0;0;0m     [38;2;1;0;212m`[38;2;0;0;225m$[38;2;0;0;213m,[38;2;164;164;164m~[38;2;183;183;183m@[38;2;249;249;249m@[38;2;251;251;251m@@[38;2;217;217;217m@[38;2;204;204;204mF[38;2;176;176;176mT[38;2;181;181;181m#[38;2;242;242;242m@[38;2;251;251;251m@@[38;2;243;243;243m@[38;2;214;214;214mP[38;2;164;164;164mF[38;2;155;155;155m5[38;2;210;210;210m@[38;2;251;251;251m@@[38;2;250;250;250m@[38;2;196;196;196m@[38;2;184;184;184m~[38;2;1;1;191m_[38;2;0;0;232ma'      [39m
 [38;2;0;0;0m      [38;2;1;0;215m`[38;2;0;0;219m4[38;2;0;0;224mg[38;2;0;0;225m_[38;2;0;0;227m_[38;2;115;115;115m`[38;2;0;0;229m_[38;2;0;0;225m_[38;2;0;0;224ma[38;2;0;0;228ma[38;2;0;0;215my[38;2;0;0;227m_[38;2;0;0;228m_[38;2;0;0;229m_[38;2;0;0;226m_[38;2;0;0;215my[38;2;0;0;227ma[38;2;0;0;221mg[38;2;0;0;225m_[38;2;0;0;227m_[38;2;114;114;114m`[38;2;0;0;227m_[38;2;0;0;225m_[38;2;0;0;227ma[38;2;0;0;224mP[38;2;0;0;229m'       [39m
 [38;2;0;0;0m         [38;2;0;0;218m~[38;2;0;0;228m~[38;2;0;0;224m~[38;2;0;0;227m~[38;2;0;0;226m~  `[38;2;0;0;228m~[38;2;0;0;225m~~[38;2;0;0;230m~[38;2;0;0;226m`  [38;2;0;0;222m~[38;2;0;0;228m~[38;2;0;0;224m~[38;2;0;0;228m~[38;2;1;0;216m~          [39m
 [38;2;0;0;0m                                       [39m
 [38;2;0;0;0m                                       [39m
[?25h