[?25l[39m [38;2;0;0;0m                [38;2;0;0;205m_[38;2;0;0;232m_[38;2;0;0;234m__[38;2;0;0;233m_[38;2;1;0;207m_                 [39m
 [38;2;0;0;0m           [38;2;1;0;219m_[38;2;0;0;223m_[38;2;0;0;227ma[38;2;0;0;217m#[38;2;0;0;224m=[38;2;0;0;228m~[38;2;0;0;225m~[38;2;0;0;226m~~[38;2;0;0;225m~[38;2;0;0;227m~[38;2;0;0;224m=[38;2;0;0;217mR[38;2;0;0;225ma[38;2;2;1;201my[38;2;1;0;219m_            [39m
 [38;2;0;0;0m         [38;2;0;0;230m_[38;2;0;0;228ms[38;2;0;0;209mF[38;2;0;0;218m~[38;2;220;220;220m_[38;2;193;193;193my[38;2;223;223;223mg[38;2;252;252;252mg[38;2;223;223;223m@[38;2;240;240;240m@[38;2;241;241;241m@[38;2;226;226;226m@[38;2;252;252;252mg[38;2;226;226;226mg[38;2;195;195;195my[38;2;226;226;226m_[38;2;0;0;215m~[38;2;0;0;226m~[38;2;0;0;219m@[38;2;0;0;229m_          [39m
 [38;2;0;0;0m       [38;2;0;0;214m_[38;2;0;0;219m@[38;2;0;0;228m~[38;2;86;86;86m_[38;2;181;181;181mg[38;2;231;231;231m@[38;2;251;251;251m@[38;2;252;252;252m@@@@@@@@@@[38;2;251;251;251m@[38;2;241;241;241m@[38;2;186;186;186mg[38;2;102;102;102m_[38;2;0;0;223m~[38;2;0;0;221m@[38;2;0;0;219m_        [39m
 [38;2;0;0;0m      [38;2;1;0;210mj[38;2;0;0;230mP [38;2;172;172;172my[38;2;241;241;241m@[38;2;252;252;252m@@@@@@@@@@@@@@@@[38;2;248;248;248m@[38;2;173;173;173my [38;2;0;0;225m4[38;2;0;0;212mL       [39m
 [38;2;0;0;0m      [38;2;0;0;226m@ [38;2;161;161;161my[38;2;250;250;250m@[38;2;251;251;251m@[38;2;234;234;234m@[38;2;219;219;219m@[38;2;251;251;251m@[38;2;252;252;252m@@@@@@@@@@@@@@[38;2;251;251;251m@[38;2;162;162;162my [38;2;0;0;225mR[38;2;0;0;232m,      [39m
 [38;2;0;0;0m     [38;2;1;0;213mg[38;2;0;0;199m[ [38;2;224;224;224m@[38;2;252;252;252m@[38;2;251;251;251m@[38;2;169;169;169my[38;2;69;69;69m_[38;2;149;149;149m`[38;2;236;236;236m~[38;2;176;176;176mA[38;2;235;235;235m@[38;2;251;251;251m@[38;2;252;252;252m@[38;2;251;251;251m@[38;2;249;249;249m@[38;2;245;245;245m@@@@@[38;2;249;249;249m@[38;2;251;251;251m@[38;2;252;252;252m@[38;2;245;245;245m@  [38;2;0;0;222m$      [39m
 [38;2;0;0;0m     [38;2;0;0;221m@  [38;2;250;250;250m@[38;2;252;252;252m@@[38;2;251;251;251m@[38;2;229;229;229m@[38;2;178;178;178m=  [38;2;135;135;135m_[38;2;201;201;201m$[38;2;251;251;251m@[38;2;218;218;218m@[38;2;173;173;173m_[38;2;154;154;154m_____[38;2;178;178;178m_[38;2;216;216;216m$[38;2;252;252;252m@[38;2;251;251;251m@  [38;2;0;0;228m@      [39m
 [38;2;0;0;0m     [38;2;0;0;221m@  [38;2;250;250;250m@[38;2;252;252;252m@[38;2;251;251;251m@[38;2;136;136;136m~ [38;2;142;142;142my[38;2;191;191;191mg[38;2;214;214;214m@[38;2;251;251;251m@[38;2;252;252;252m@@@[38;2;251;251;251m@[38;2;252;252;252m@@@@@[38;2;251;251;251m@[38;2;252;252;252m@@[38;2;251;251;251m@  [38;2;0;0;228m@      [39m
 [38;2;0;0;0m     [38;2;0;0;222m@  [38;2;250;250;250m@[38;2;252;252;252m@@[38;2;251;251;251m@[38;2;250;250;250m@[38;2;252;252;252m@@@@@@@@@@@@@@@@[38;2;251;251;251m@  [38;2;0;0;229m@      [39m
 [38;2;0;0;0m     [38;2;0;0;222m@  [38;2;250;250;250m@[38;2;252;252;252m@@@@@@@@@@@@@@@@@@@@[38;2;251;251;251m@  [38;2;0;0;228m@      [39m
 [38;2;0;0;0m     [38;2;0;0;223m@  [38;2;250;250;250m@[38;2;252;252;252m@@@@@@@@@@@@@@@@@@@@[38;2;251;251;251m@  [38;2;0;0;228m@      [39m
 [38;2;0;0;0m     [38;2;0;0;224m@  [38;2;250;250;250m@[38;2;252;252;252m@@@@@@@@@@@@@@@@@@@@[38;2;251;251;251m@  [38;2;0;0;227m@      [39m
 [38;2;0;0;0m     [38;2;0;0;224m@  [38;2;250;250;250m@[38;2;252;252;252m@@@@@@@@@@@@@@@@@@@@[38;2;251;251;251m@  [38;2;0;0;227m@      [39m
 [38;2;0;0;0m     [38;2;0;0;219m@  [38;2;240;240;240m@[38;2;252;252;252m@@@@@@@@@@@@@@@@@@@@[38;2;247;247;247m@  [38;2;0;0;224m@      [39m
 [38;2;0;0;0m     [38;2;1;0;213m`[38;2;0;0;226m@[38;2;0;0;219m_[38;2;124;124;124m~[38;2;189;189;189mR[38;2;239;239;239m@[38;2;247;247;247m@[38;2;201;201;201m@[38;2;186;186;186mF[38;2;251;251;251m~[38;2;177;177;177mF[38;2;216;216;216m@[38;2;250;250;250m@[38;2;251;251;251m@[38;2;229;229;229m@[38;2;219;219;219mF[38;2;251;251;251m~[38;2;173;173;173mT[38;2;176;176;176m@[38;2;243;243;243m@[38;2;251;251;251m@[38;2;243;243;243m@[38;2;185;185;185m@[38;2;170;170;170mF[38;2;159;159;159m~[38;2;0;0;215m_[38;2;0;0;231mg'      [39m
 [38;2;0;0;0m      [38;2;1;0;217m`[38;2;0;0;224m4[38;2;0;0;227mg[38;2;0;0;213my[38;2;0;0;227m_[38;2;0;0;226m_[38;2;0;0;227m_[38;2;0;0;228mg@[38;2;0;0;223mg[38;2;0;0;227m_[38;2;0;0;226m_[38;2;0;0;225m_[38;2;0;0;227m_[38;2;0;0;221ma@[38;2;0;0;227mg[38;2;0;0;206my[38;2;0;0;226m_[38;2;0;0;225m__[38;2;0;0;208my[38;2;0;0;227mg@[38;2;0;0;226mP[38;2;1;1;201m~       [39m
 [38;2;0;0;0m        [38;2;2;4;188m`[38;2;0;0;224m~[38;2;0;0;226m~[38;2;0;0;227m~[38;2;0;0;226m~[38;2;2;0;215m` [38;2;0;0;228m`[38;2;0;0;227m~~[38;2;0;0;226m~~[38;2;1;1;207m~ [38;2;4;2;192m`[38;2;0;0;222m~[38;2;0;0;227m~~[38;2;0;0;226m~~[38;2;2;2;198m`          [39m
 [38;2;0;0;0m                                       [39m
[?25h