[?25l[39m [38;2;0;0;0m                                       [39m
 [38;2;0;0;0m              [38;2;0;0;227m_[38;2;0;0;226m_[38;2;0;0;227m_[38;2;1;1;210my[38;2;0;0;217myy[38;2;1;1;210my[38;2;0;0;227m_[38;2;0;0;226m_[38;2;0;0;227m_               [39m
 [38;2;0;0;0m          [38;2;1;0;207m_[38;2;1;1;206my[38;2;0;0;226mgP~[38;2;0;0;225m~[38;2;0;0;232m~[38;2;123;123;123m_[38;2;152;152;152m__[38;2;123;123;123m_[38;2;0;0;232m~[38;2;0;0;225m~[38;2;0;0;226m~4g[38;2;1;0;206my[38;2;1;1;208m_           [39m
 [38;2;0;0;0m        [38;2;0;0;217m_[38;2;0;0;227mg[38;2;0;0;225mP[38;2;0;0;226m~[38;2;172;172;172m_[38;2;195;195;195my[38;2;237;237;237mg[38;2;229;229;229m@[38;2;251;251;251m@[38;2;252;252;252m@[38;2;251;251;251m@@[38;2;252;252;252m@@[38;2;233;233;233m@[38;2;237;237;237mg[38;2;194;194;194my[38;2;173;173;173m_[38;2;0;0;223m~[38;2;0;0;224m4[38;2;0;0;226mg[38;2;0;0;217m_         [39m
 [38;2;0;0;0m       [38;2;1;0;213mg[38;2;0;0;229mP[38;2;1;0;210m'[38;2;141;141;141my[38;2;245;245;245mg[38;2;251;251;251m@[38;2;252;252;252m@@@@@@@@@@@@[38;2;251;251;251m@[38;2;216;216;216m$[38;2;126;126;126my[38;2;2;0;206m`[38;2;0;0;229m4[38;2;0;0;215mg        [39m
 [38;2;0;0;0m      [38;2;0;0;223mg[38;2;0;0;224mF [38;2;200;200;200mg[38;2;251;251;251m@[38;2;252;252;252m@@@@@@@@@@@@@@@@[38;2;251;251;251m@[38;2;165;165;165m@ [38;2;0;0;214m?[38;2;0;0;221m$       [39m
 [38;2;0;0;0m     [38;2;1;0;207mj[38;2;0;0;230mF [38;2;187;187;187mg[38;2;251;251;251m@@[38;2;223;223;223mP[38;2;183;183;183mP[38;2;222;222;222m@[38;2;251;251;251m@[38;2;252;252;252m@@@@@@@@@@@@@[38;2;251;251;251m@[38;2;166;166;166m$ [38;2;0;0;213m5[38;2;0;0;219mi      [39m
 [38;2;0;0;0m     [38;2;0;0;217m@[38;2;1;1;191m' [38;2;241;241;241m@[38;2;252;252;252m@@[38;2;197;197;197mg[38;2;136;136;136my [38;2;179;179;179m`[38;2;247;247;247m~[38;2;196;196;196mA[38;2;249;249;249m@[38;2;252;252;252m@[38;2;249;249;249m@[38;2;205;205;205mR[38;2;220;220;220mPPPPP[38;2;177;177;177m@[38;2;250;250;250m@[38;2;252;252;252m@[38;2;248;248;248m@  [38;2;0;0;225m$      [39m
 [38;2;0;0;0m     [38;2;0;0;226m@  [38;2;249;249;249m@[38;2;252;252;252m@[38;2;251;251;251m@[38;2;238;238;238m@[38;2;209;209;209mP[38;2;148;148;148mT [38;2;81;81;81m_[38;2;163;163;163my[38;2;211;211;211m@[38;2;252;252;252m@[38;2;227;227;227m@[38;2;172;172;172my[38;2;160;160;160myyyyy[38;2;178;178;178my[38;2;222;222;222m@[38;2;252;252;252m@[38;2;251;251;251m@  [38;2;0;0;226m@      [39m
 [38;2;0;0;0m     [38;2;0;0;226m@  [38;2;249;249;249m@[38;2;252;252;252m@[38;2;251;251;251m@[38;2;153;153;153my[38;2;252;252;252m_[38;2;207;207;207my[38;2;251;251;251mg@[38;2;252;252;252m@@@@@@@@@@@@@[38;2;251;251;251m@  [38;2;0;0;226m@      [39m
 [38;2;0;0;0m     [38;2;0;0;226m@  [38;2;249;249;249m@[38;2;252;252;252m@@@@@@@@@@@@@@@@@@@@[38;2;251;251;251m@  [38;2;0;0;226m@      [39m
 [38;2;0;0;0m     [38;2;0;0;226m@  [38;2;249;249;249m@[38;2;252;252;252m@@@@@@@@@@@@@@@@@@@@[38;2;251;251;251m@  [38;2;0;0;227m@      [39m
 [38;2;0;0;0m     [38;2;0;0;226m@  [38;2;249;249;249m@[38;2;252;252;252m@@@@@@@@@@@@@@@@@@@@[38;2;251;251;251m@  [38;2;0;0;227m@      [39m
 [38;2;0;0;0m     [38;2;0;0;226m@  [38;2;249;249;249m@[38;2;252;252;252m@@@@@@@@@@@@@@@@@@@@[38;2;251;251;251m@  [38;2;0;0;226m@      [39m
 [38;2;0;0;0m     [38;2;0;0;217m9[38;2;1;0;197mL [38;2;216;216;216m@[38;2;252;252;252m@@@@@@[38;2;251;251;251m@[38;2;252;252;252m@@@@@@[38;2;251;251;251m@[38;2;252;252;252m@@@@@@[38;2;234;234;234m@ [38;2;1;0;195mj[38;2;0;0;218m$      [39m
 [38;2;0;0;0m     [38;2;3;2;195m`[38;2;0;0;220m@[38;2;0;0;229m_ [38;2;172;172;172mT[38;2;202;202;202mR[38;2;205;205;205m@[38;2;187;187;187m@[38;2;205;205;205mF[38;2;218;218;218m~[38;2;162;162;162m~[38;2;239;239;239m~[38;2;174;174;174mR[38;2;199;199;199m@[38;2;200;200;200m@[38;2;210;210;210mP[38;2;242;242;242m~[38;2;164;164;164m~[38;2;203;203;203m~[38;2;175;175;175mF[38;2;184;184;184m@[38;2;206;206;206m@[38;2;207;207;207mR[38;2;188;188;188mF[38;2;71;71;71m`[38;2;0;0;228m_[38;2;0;0;220m@[38;2;0;0;218m'      [39m
 [38;2;0;0;0m       [38;2;0;0;229m~[38;2;0;0;226m4[38;2;0;0;227ma[38;2;0;0;218mg[38;2;0;0;213my[38;2;0;0;215ma[38;2;0;0;226mg[38;2;0;0;224mP[38;2;0;0;228m=[38;2;0;0;216m@[38;2;0;0;226mg[38;2;0;0;214my[38;2;0;0;215my[38;2;0;0;225mg[38;2;0;0;224ma[38;2;0;0;228m=[38;2;0;0;219mR[38;2;0;0;226mg[38;2;0;0;219my[38;2;0;0;212my[38;2;0;0;220ma[38;2;0;0;227ma[38;2;0;0;226mP[38;2;0;0;228m~        [39m
 [38;2;0;0;0m          [38;2;2;2;199m`[38;2;0;1;223m`[38;2;1;1;210m`     [38;2;1;1;222m`[38;2;1;1;219m`     [38;2;2;1;211m`[38;2;1;1;225m`[38;2;2;1;201m`           [39m
 [38;2;0;0;0m                                       [39m
[?25h