[?25l[39m [38;2;0;0;0m                  [38;2;2;1;199m_[38;2;1;1;200m_                   [39m
 [38;2;0;0;0m            [38;2;0;0;227m_[38;2;0;0;220my[38;2;0;0;226ma[38;2;0;0;219mP[38;2;0;0;226m=[38;2;0;0;229m~[38;2;0;0;228m~~~[38;2;0;0;224m=[38;2;0;0;220m4[38;2;0;0;227ma[38;2;0;0;215mg[38;2;0;0;226m_             [39m
 [38;2;0;0;0m         [38;2;0;0;229m_[38;2;0;0;228ma[38;2;0;0;225mP[38;2;0;0;227m~[38;2;125;125;125m_[38;2;164;164;164my[38;2;210;210;210my[38;2;233;233;233mg[38;2;252;252;252mg[38;2;221;221;221m$[38;2;223;223;223m$[38;2;252;252;252mg[38;2;238;238;238mg[38;2;214;214;214my[38;2;168;168;168my[38;2;154;154;154m_[38;2;0;0;225m~[38;2;0;0;224m=[38;2;0;0;229ma[38;2;0;0;230m_          [39m
 [38;2;0;0;0m       [38;2;3;1;190m_[38;2;0;0;229ma[38;2;0;0;217mF [38;2;182;182;182my[38;2;247;247;247mg[38;2;251;251;251m@[38;2;252;252;252m@@@@@@@@@@[38;2;251;251;251m@[38;2;221;221;221m@[38;2;193;193;193my [38;2;0;0;225m~[38;2;0;0;220m@[38;2;0;0;209m_        [39m
 [38;2;0;0;0m      [38;2;0;0;205m_[38;2;0;0;222m@[38;2;1;0;205m'[38;2;120;120;120my[38;2;213;213;213m@[38;2;251;251;251m@[38;2;252;252;252m@@@@@@@@@@@@@@@[38;2;241;241;241m@[38;2;147;147;147my [38;2;0;0;230m4[38;2;0;0;221m_       [39m
 [38;2;0;0;0m      [38;2;0;0;230m@ [38;2;123;123;124my[38;2;246;246;246m@[38;2;252;252;252m@[38;2;248;248;248m@[38;2;244;244;244m@[38;2;251;251;251m@[38;2;252;252;252m@@@@@@@@@@@@@@[38;2;251;251;251m@[38;2;153;153;154my [38;2;0;0;224mB[38;2;0;0;232m,      [39m
 [38;2;0;0;0m     [38;2;0;0;220mJ[38;2;1;0;206mF [38;2;220;220;220m$[38;2;252;252;252m@[38;2;251;251;251m@[38;2;231;231;231m_ [38;2;148;148;148m~[38;2;176;176;176mT[38;2;182;182;182m@[38;2;250;250;250m@[38;2;252;252;252m@@@@@@@@@@@@[38;2;245;245;245m@  [38;2;0;0;223m$      [39m
 [38;2;0;0;0m     [38;2;0;0;215m@  [38;2;246;246;246m@[38;2;252;252;252m@@[38;2;251;251;251m@[38;2;243;243;243m@[38;2;207;207;207m=   [38;2;195;195;195m$[38;2;251;251;251m@[38;2;217;217;217m@       [38;2;211;211;211m$[38;2;251;251;251m@@[38;2;85;85;86mL [38;2;0;0;230m@      [39m
 [38;2;0;0;0m     [38;2;0;0;215m@  [38;2;247;247;247m@[38;2;252;252;252m@@[38;2;212;212;212m~ [38;2;191;191;191m_[38;2;192;192;192my[38;2;240;240;240mg[38;2;245;245;245m@[38;2;251;251;251m@[38;2;252;252;252m@@@@@@@@@[38;2;251;251;251m@[38;2;252;252;252m@[38;2;251;251;251m@[38;2;86;86;87mL [38;2;0;0;231m@      [39m
 [38;2;0;0;0m     [38;2;0;0;215m@  [38;2;247;247;247m@[38;2;252;252;252m@@[38;2;249;249;249m@[38;2;239;239;239m@[38;2;251;251;251m@[38;2;252;252;252m@@@@@@@@@@@@@@@[38;2;251;251;251m@[38;2;84;84;84mL [38;2;0;0;230m@      [39m
 [38;2;0;0;0m     [38;2;0;0;217m@  [38;2;248;248;248m@[38;2;252;252;252m@@@@@@@@@@@@@@@@@@@@[38;2;251;251;251m@[38;2;82;82;82mL [38;2;0;0;231m@      [39m
 [38;2;0;0;0m     [38;2;0;0;219m@  [38;2;249;249;249m@[38;2;252;252;252m@@@@@@@@@@@@@@@@@@@@[38;2;251;251;251m@[38;2;77;77;77mL [38;2;0;0;230m@      [39m
 [38;2;0;0;0m     [38;2;0;0;220m@  [38;2;250;250;250m@[38;2;252;252;252m@@@@@@@@@@@@@@@@@@@@[38;2;251;251;251m@[38;2;70;70;70mL [38;2;0;0;229m@      [39m
 [38;2;0;0;0m     [38;2;0;0;221m@  [38;2;250;250;250m@[38;2;252;252;252m@@@@@@@@@@@@@@@@@@@@[38;2;251;251;251m@  [38;2;0;0;229m@      [39m
 [38;2;0;0;0m     [38;2;0;0;218m@  [38;2;242;242;242m@[38;2;252;252;252m@@@@@@@@@@@@@@@@@@@@[38;2;249;249;249m@  [38;2;0;0;224m@      [39m
 [38;2;0;0;0m     [38;2;1;0;212m`[38;2;0;0;225m@[38;2;0;0;207m_[38;2;144;144;144m~[38;2;174;174;174m@[38;2;247;247;247m@[38;2;250;250;250m@[38;2;205;205;205m@[38;2;191;191;191mF[38;2;175;175;175mT[38;2;174;174;174mA[38;2;235;235;235m@[38;2;251;251;251m@@[38;2;234;234;234m@[38;2;221;221;221mF[38;2;160;160;160mF[38;2;158;158;158mM[38;2;206;206;206m@[38;2;251;251;251m@[38;2;252;252;252m@[38;2;247;247;247m@[38;2;189;189;189m@[38;2;180;180;180mF[38;2;179;179;179m~[38;2;1;0;201m_[38;2;0;0;229mg[38;2;1;1;196mF      [39m
 [38;2;0;0;0m      [38;2;1;0;218m`[38;2;0;0;225m4[38;2;0;0;227mg[38;2;0;0;225m__[38;2;0;0;223m_[38;2;0;0;227m_[38;2;0;0;226mg[38;2;0;0;221m@[38;2;0;0;217my[38;2;0;0;225m_[38;2;0;0;223m__[38;2;0;0;227m_[38;2;0;0;217ma[38;2;0;0;219m@[38;2;0;0;224mg[38;2;0;0;227m_[38;2;0;0;223m_[38;2;97;97;97m`[38;2;0;0;225m_[38;2;0;0;227m_[38;2;0;0;226mg[38;2;0;0;224m@[38;2;0;0;227mP[38;2;1;1;202m~       [39m
 [38;2;0;0;0m        [38;2;2;4;190m`[38;2;0;0;224m~[38;2;0;0;227m~~~[38;2;2;1;203m` [38;2;2;1;211m~[38;2;0;0;227m~~[38;2;0;0;226m~~[38;2;2;1;204m~ [38;2;0;0;215m`[38;2;0;0;225m~[38;2;0;0;227m~~~[38;2;0;0;225m~[38;2;4;3;189m`          [39m
 [38;2;0;0;0m                                       [39m
[?25h