[?25l[39m [38;2;0;0;0m                                       [39m
 [38;2;0;0;0m             [38;2;0;0;228m_[38;2;0;0;226m_[38;2;0;0;218my[38;2;0;0;223mg[38;2;0;0;227mg[38;2;0;0;228mgg[38;2;0;0;227mg[38;2;0;0;222mg[38;2;0;0;215my[38;2;0;0;227m__              [39m
 [38;2;0;0;0m          [38;2;0;0;228m_[38;2;0;0;227mg@[38;2;0;0;219mP[38;2;0;0;226m~[38;2;0;0;230m~[38;2;119;119;119m_[38;2;193;193;193m_[38;2;239;239;239m_[38;2;232;232;232m_[38;2;177;177;177m_[38;2;98;98;98m_[38;2;0;0;227m~[38;2;0;0;226m~[38;2;0;0;224m4[38;2;0;0;227m@[38;2;0;0;223mg[38;2;0;0;230m_           [39m
 [38;2;0;0;0m        [38;2;1;0;210my[38;2;0;0;226m@[38;2;0;0;215mF[38;2;0;0;207m~[38;2;135;135;135my[38;2;193;193;193mg[38;2;250;250;250mg[38;2;245;245;245m@[38;2;252;252;252m@[38;2;251;251;251m@[38;2;252;252;252m@[38;2;251;251;251m@@[38;2;252;252;252m@[38;2;243;243;243m@[38;2;245;245;245mg[38;2;206;206;206my[38;2;191;191;191m_[38;2;0;0;219m~[38;2;0;0;220m4[38;2;0;0;224m@[38;2;0;0;230m_         [39m
 [38;2;0;0;0m       [38;2;0;0;230mg[38;2;0;0;224mF [38;2;189;189;189my[38;2;222;222;222m@[38;2;251;251;251m@[38;2;252;252;252m@@@@@@@@@@@@[38;2;251;251;251m@[38;2;207;207;207m@[38;2;210;210;210m_[38;2;2;0;206m`[38;2;0;0;229m4[38;2;0;0;217m$        [39m
 [38;2;0;0;0m      [38;2;0;0;228m@[38;2;0;0;216m~ [38;2;233;233;233mg[38;2;251;251;251m@[38;2;252;252;252m@@@@@@@@@@@@@@@@[38;2;251;251;251m@[38;2;187;187;187mg [38;2;0;0;219m?[38;2;0;0;222m$       [39m
 [38;2;0;0;0m     [38;2;0;0;214mg[38;2;0;0;219mF [38;2;224;224;224mg[38;2;251;251;251m@[38;2;249;249;249m@[38;2;213;213;213mF[38;2;182;182;182mF[38;2;208;208;208m@[38;2;251;251;251m@[38;2;252;252;252m@@@@@@@@@@@@@[38;2;251;251;251m@[38;2;200;200;200mL [38;2;0;0;221mB[38;2;0;0;216mi      [39m
 [38;2;0;0;0m     [38;2;0;0;233m@ [38;2;71;71;71mu[38;2;250;250;250m@[38;2;252;252;252m@[38;2;251;251;251m@[38;2;209;209;209mg[38;2;156;156;156my[38;2;96;96;96m_[38;2;110;110;110m`[38;2;238;238;238m~[38;2;179;179;179m#[38;2;248;248;248m@[38;2;252;252;252m@[38;2;242;242;242m@[38;2;207;207;207mP[38;2;196;196;196mPPPPP[38;2;197;197;197mA[38;2;250;250;250m@[38;2;252;252;252m@[38;2;239;239;239m@ [38;2;0;0;182mJ[38;2;0;0;215m$      [39m
 [38;2;0;0;0m     [38;2;0;0;235m@ [38;2;100;100;100m4[38;2;251;251;251m@[38;2;252;252;252m@@[38;2;216;216;216m@[38;2;204;204;204mF[38;2;194;194;194m~ [38;2;183;183;183m_[38;2;191;191;191my[38;2;233;233;233m@[38;2;252;252;252m@[38;2;237;237;237m$[38;2;192;192;192my[38;2;185;185;185myyyyy[38;2;204;204;204my[38;2;237;237;237m@[38;2;252;252;252m@[38;2;244;244;244m@  [38;2;0;0;217m$      [39m
 [38;2;0;0;0m     [38;2;0;0;235m@ [38;2;97;97;97m4[38;2;251;251;251m@[38;2;252;252;252m@[38;2;247;247;247m@[38;2;172;172;172my[38;2;167;167;167my[38;2;215;215;215ma[38;2;226;226;226m@[38;2;251;251;251m@[38;2;252;252;252m@@@@@@@@@@@@@[38;2;245;245;245m@  [38;2;0;0;218m$      [39m
 [38;2;0;0;0m     [38;2;0;0;235m@ [38;2;93;93;93m4[38;2;251;251;251m@[38;2;252;252;252m@@@@@@@@@@@@@@@@@@@@[38;2;246;246;246m@  [38;2;0;0;219m$      [39m
 [38;2;0;0;0m     [38;2;0;0;234m@ [38;2;86;86;86m4[38;2;250;250;250m@[38;2;252;252;252m@@@@@@@@@@@@@@@@@@@@[38;2;248;248;248m@  [38;2;0;0;221m$      [39m
 [38;2;0;0;0m     [38;2;0;0;233m@ [38;2;76;76;77m4[38;2;250;250;250m@[38;2;252;252;252m@@@@@@@@@@@@@@@@@@@@[38;2;250;250;250m@  [38;2;0;0;223m$      [39m
 [38;2;0;0;0m     [38;2;0;0;231m@ [38;2;64;64;65m4[38;2;250;250;250m@[38;2;252;252;252m@@@@@@@@@@@@@@@@@@@@[38;2;251;251;251m@  [38;2;0;0;224m$      [39m
 [38;2;0;0;0m     [38;2;1;0;211m4[38;2;0;0;226mL [38;2;208;208;208m4[38;2;251;251;251m@[38;2;252;252;252m@@@[38;2;251;251;251m@[38;2;245;245;245m@[38;2;230;230;230m@[38;2;249;249;249m@[38;2;252;252;252m@@@@[38;2;250;250;250m@[38;2;230;230;230m@[38;2;243;243;243m@[38;2;251;251;251m@[38;2;252;252;252m@@@[38;2;251;251;251m@[38;2;231;231;231mF [38;2;0;0;218my[38;2;0;0;219mF      [39m
 [38;2;0;0;0m      [38;2;0;0;232m~[38;2;0;0;227ma_[38;2;106;106;106m~[38;2;245;245;245m~[38;2;163;163;163mF[38;2;250;250;250m~[38;2;182;182;182m~[38;2;0;0;226m__[38;2;0;0;218m_[38;2;219;219;219m~[38;2;174;174;174mT[38;2;161;161;161mF[38;2;234;234;234m~[38;2;0;0;217m_[38;2;0;0;225m_[38;2;0;0;227m_[38;2;152;152;152m~[38;2;248;248;248m~[38;2;164;164;164mF[38;2;248;248;248m~[38;2;123;123;123m~[38;2;0;0;227m_[38;2;0;0;228ma[38;2;0;0;217mF       [39m
 [38;2;0;0;0m       [38;2;2;2;197m`[38;2;0;0;227m~[38;2;0;0;223m=[38;2;0;0;218m4[38;2;0;0;215mR[38;2;0;0;219mP[38;2;0;0;230m=[38;2;0;0;226m~[38;2;0;0;228m~[38;2;0;0;226m~[38;2;0;0;229m=[38;2;0;0;215mRR[38;2;0;0;228m=[38;2;0;0;226m~[38;2;0;0;229m~[38;2;0;0;227m~[38;2;0;0;229m=[38;2;0;0;212mR[38;2;0;0;216mR[38;2;0;0;218mP[38;2;0;0;224m=[38;2;0;0;229m~[38;2;2;2;196m`        [39m
 [38;2;0;0;0m                                       [39m
 [38;2;0;0;0m                                       [39m
[?25h