[?25l[39m [38;2;0;0;0m                                       [39m
 [38;2;0;0;0m             [38;2;0;0;227m_[38;2;0;0;225m_[38;2;0;0;220mg[38;2;0;0;229ma[38;2;0;0;224ma[38;2;0;0;216m##[38;2;0;0;225ma[38;2;0;0;229ma[38;2;0;0;220mg[38;2;0;0;225m_[38;2;0;0;227m_              [39m
 [38;2;0;0;0m          [38;2;0;0;226m_[38;2;0;0;227ma[38;2;0;0;220mP[38;2;0;0;225m~[38;2;81;81;81m_[38;2;239;239;239m_[38;2;170;170;170my[38;2;192;192;192my[38;2;200;200;200myy[38;2;192;192;192my[38;2;169;169;169my[38;2;239;239;239m_[38;2;80;80;80m_[38;2;0;0;226m~=[38;2;0;0;228ma[38;2;0;0;226m_           [39m
 [38;2;0;0;0m        [38;2;1;0;210my[38;2;0;0;228mP[38;2;0;0;225m~[38;2;147;147;147m_[38;2;210;210;210my[38;2;209;209;209m@[38;2;251;251;251m@@[38;2;252;252;252m@@@@@@[38;2;251;251;251m@@[38;2;218;218;218m@[38;2;209;209;209my[38;2;148;148;148m_[38;2;0;0;222m~[38;2;0;0;221mR[38;2;0;1;211my         [39m
 [38;2;0;0;0m       [38;2;0;0;232ma[38;2;0;0;226m~ [38;2;207;207;207mg[38;2;251;251;251m@[38;2;252;252;252m@@@@@@@@@@@@@@[38;2;251;251;251m@[38;2;207;207;207mg[38;2;78;78;79m,[38;2;0;0;222m~[38;2;0;0;228m$[38;2;0;0;223m,       [39m
 [38;2;0;0;0m      [38;2;0;0;225m@[38;2;1;1;206m'[38;2;99;99;100m_[38;2;219;219;219m@[38;2;252;252;252m@@@@@@@@@@@@@@@@@@[38;2;234;234;234m@[38;2;99;99;99m_[38;2;2;1;198m`[38;2;0;0;232m$       [39m
 [38;2;0;0;0m     [38;2;0;0;217mJ[38;2;0;0;216mF [38;2;204;204;204m$[38;2;252;252;252m@[38;2;251;251;251m@[38;2;225;225;225m~[38;2;200;200;200m~[38;2;139;139;139m5[38;2;194;194;194m@[38;2;251;251;251m@[38;2;252;252;252m@@@@@@@@@@@@@[38;2;217;217;217m@ [38;2;0;0;201m?[38;2;1;0;205m$      [39m
 [38;2;0;0;0m     [38;2;0;0;222m@  [38;2;249;249;249m@[38;2;252;252;252m@@[38;2;242;242;242m@[38;2;222;222;222mg[38;2;148;148;148my  [38;2;225;225;225m~[38;2;209;209;209m@[38;2;251;251;251m@[38;2;223;223;223m@[38;2;251;251;251m~[38;2;250;250;250m~~~~~[38;2;251;251;251m~[38;2;221;221;221m@[38;2;252;252;252m@[38;2;251;251;251m@  [38;2;0;0;228m$      [39m
 [38;2;0;0;0m     [38;2;0;0;225m@  [38;2;249;249;249m@[38;2;252;252;252m@[38;2;251;251;251m@[38;2;221;221;221mF[38;2;220;220;220m~ [38;2;174;174;174m_[38;2;186;186;186my[38;2;236;236;236mg[38;2;249;249;249m@[38;2;252;252;252m@[38;2;251;251;251m@[38;2;245;245;245mg[38;2;240;240;240mggggg[38;2;246;246;246mg[38;2;249;249;249m@[38;2;252;252;252m@[38;2;251;251;251m@  [38;2;0;0;227m@      [39m
 [38;2;0;0;0m     [38;2;0;0;225m@  [38;2;249;249;249m@[38;2;252;252;252m@[38;2;251;251;251m@[38;2;229;229;229mg[38;2;220;220;220ma[38;2;221;221;221m@[38;2;251;251;251m@[38;2;252;252;252m@@@@@@@@@@@@@@[38;2;251;251;251m@  [38;2;0;0;227m@      [39m
 [38;2;0;0;0m     [38;2;0;0;225m@  [38;2;249;249;249m@[38;2;252;252;252m@@@@@@@@@@@@@@@@@@@@[38;2;251;251;251m@  [38;2;0;0;227m@      [39m
 [38;2;0;0;0m     [38;2;0;0;225m@  [38;2;249;249;249m@[38;2;252;252;252m@@@@@@@@@@@@@@@@@@@@[38;2;251;251;251m@  [38;2;0;0;226m@      [39m
 [38;2;0;0;0m     [38;2;0;0;225m@  [38;2;249;249;249m@[38;2;252;252;252m@@@@@@@@@@@@@@@@@@@@[38;2;251;251;251m@  [38;2;0;0;227m@      [39m
 [38;2;0;0;0m     [38;2;0;0;226m@  [38;2;249;249;249m@[38;2;252;252;252m@@@@@@@@@@@@@@@@@@@@[38;2;251;251;251m@  [38;2;0;0;226m@      [39m
 [38;2;0;0;0m     [38;2;0;0;221m@  [38;2;246;246;246m@[38;2;252;252;252m@@@@@@@@@@@@@@@@@@@@[38;2;249;249;249m@  [38;2;0;0;223m@      [39m
 [38;2;0;0;0m     [38;2;1;0;213m`[38;2;0;0;225m$[38;2;0;0;208m,[38;2;171;171;171m~[38;2;199;199;199m@[38;2;251;251;251m@@[38;2;252;252;252m@[38;2;228;228;228m@[38;2;212;212;212mF[38;2;183;183;183mF[38;2;165;165;165m@[38;2;246;246;246m@[38;2;251;251;251m@@[38;2;246;246;246m@[38;2;176;176;176m@[38;2;186;186;186mF[38;2;191;191;191mF[38;2;224;224;224m@[38;2;252;252;252m@[38;2;251;251;251m@@[38;2;211;211;211m@[38;2;198;198;198m~ [38;2;0;0;230ma[38;2;0;0;231m'      [39m
 [38;2;0;0;0m      [38;2;0;0;218m`[38;2;0;0;226m4[38;2;0;0;225mg[38;2;0;0;227m__[38;2;146;146;146m`[38;2;110;110;110m`[38;2;0;0;225m_[38;2;0;0;221ma[38;2;0;0;227ma[38;2;0;0;205my[38;2;0;0;225m_[38;2;139;139;139m``[38;2;0;0;225m_[38;2;0;0;206my[38;2;0;0;224mg[38;2;0;0;215mg[38;2;0;0;225m_[38;2;111;111;111m`[38;2;147;147;147m`[38;2;0;0;227m__[38;2;0;0;225mg[38;2;0;0;228mP[38;2;1;1;202m~       [39m
 [38;2;0;0;0m        [38;2;3;3;189m`[38;2;0;0;222m~[38;2;0;0;226m~~~~[38;2;2;0;208m` [38;2;1;1;208m~[38;2;0;0;226m~~~~[38;2;1;1;206m~ [38;2;2;0;205m`[38;2;0;0;224m~[38;2;0;0;227m~[38;2;0;0;226m~~[38;2;0;0;225m~[38;2;2;3;194m`         [39m
 [38;2;0;0;0m                                       [39m
[?25h