[?25l[39m [38;2;0;0;0m                                       [39m
 [38;2;0;0;0m            [38;2;1;0;215m_[38;2;0;0;226m_[38;2;0;0;219my[38;2;0;0;228ma[38;2;0;0;223mm[38;2;0;0;213m#[38;2;0;0;216mPP[38;2;0;0;212mR[38;2;0;0;220ma[38;2;0;0;227ma[38;2;0;0;219my[38;2;0;0;226m_[38;2;2;0;216m_             [39m
 [38;2;0;0;0m         [38;2;3;2;190m_[38;2;1;0;211my[38;2;0;0;214m@[38;2;0;0;228m~[38;2;0;0;230m~[38;2;174;174;174m_[38;2;160;160;160my[38;2;194;194;194my[38;2;216;216;216my[38;2;202;202;202ma[38;2;194;194;194mg[38;2;216;216;216my[38;2;195;195;195my[38;2;156;156;156my[38;2;174;174;174m_[38;2;0;0;225m~[38;2;0;0;226m~[38;2;0;0;217m@[38;2;1;0;213my[38;2;1;0;214m,          [39m
 [38;2;0;0;0m        [38;2;1;0;215mg[38;2;0;0;227mP[38;2;0;0;211m~[38;2;212;212;212m_[38;2;210;210;210mg[38;2;232;232;232m@[38;2;251;251;251m@[38;2;252;252;252m@@@@@@@@[38;2;251;251;251m@[38;2;239;239;239m@[38;2;210;210;210mg[38;2;211;211;211m_[38;2;0;0;208m~[38;2;0;0;226m4[38;2;0;0;216mg         [39m
 [38;2;0;0;0m      [38;2;3;1;188m_[38;2;0;0;224m@[38;2;0;0;211m~[38;2;114;114;114m_[38;2;231;231;231mg[38;2;251;251;251m@[38;2;252;252;252m@@@@@@@@@@@@@@[38;2;251;251;251m@[38;2;204;204;204m$[38;2;113;113;113m_[38;2;0;0;208m~[38;2;0;0;224m@[38;2;0;0;231m,       [39m
 [38;2;0;0;0m      [38;2;0;0;229m@[38;2;0;0;197m'[38;2;92;92;92my[38;2;234;234;234m@[38;2;252;252;252m@@@@@@@@@@@@@@@@@@[38;2;244;244;244m@[38;2;122;122;122m_ [38;2;0;0;231m$[38;2;1;0;202m,      [39m
 [38;2;0;0;0m     [38;2;0;0;220mJ[38;2;0;0;209mF [38;2;215;215;215m$[38;2;252;252;252m@@@@@@@@@@@@@@@@@@@@[38;2;226;226;226m@ [38;2;0;0;206m"[38;2;1;0;209m$      [39m
 [38;2;0;0;0m     [38;2;0;0;223m@  [38;2;250;250;250m@[38;2;251;251;251m@[38;2;193;193;193mE[38;2;150;150;150m~[38;2;254;254;254m``[38;2;146;146;146m~[38;2;150;150;150m~[38;2;156;156;156m~[38;2;228;228;228m~[38;2;249;249;249m@[38;2;215;215;215m@[38;2;191;191;191m~[38;2;158;158;158m~~~~~[38;2;190;190;190m~[38;2;223;223;223m$[38;2;252;252;252m@[38;2;251;251;251m@  [38;2;0;0;228m$      [39m
 [38;2;0;0;0m     [38;2;0;0;225m@  [38;2;249;249;249m@[38;2;252;252;252m@[38;2;251;251;251m@[38;2;216;216;216m@[38;2;214;214;214m@[38;2;215;215;215m@[38;2;217;217;217m@[38;2;218;218;218m@[38;2;219;219;219m@[38;2;239;239;239m@[38;2;251;251;251m@[38;2;252;252;252m@[38;2;229;229;229m@[38;2;221;221;221m@@@@@[38;2;228;228;228m@[38;2;251;251;251m@[38;2;252;252;252m@[38;2;251;251;251m@  [38;2;0;0;226m@      [39m
 [38;2;0;0;0m     [38;2;0;0;225m@  [38;2;249;249;249m@[38;2;252;252;252m@@@@@@@@@@@@@@@@@@@@[38;2;251;251;251m@  [38;2;0;0;226m@      [39m
 [38;2;0;0;0m     [38;2;0;0;225m@  [38;2;250;250;250m@[38;2;252;252;252m@@@@@@@@@@@@@@@@@@@@[38;2;251;251;251m@  [38;2;0;0;226m@      [39m
 [38;2;0;0;0m     [38;2;0;0;225m@  [38;2;250;250;250m@[38;2;252;252;252m@@@@@@@@@@@@@@@@@@@@[38;2;251;251;251m@  [38;2;0;0;226m@      [39m
 [38;2;0;0;0m     [38;2;0;0;225m@  [38;2;249;249;249m@[38;2;252;252;252m@@@@@@@@@@@@@@@@@@@@[38;2;251;251;251m@  [38;2;0;0;226m@      [39m
 [38;2;0;0;0m     [38;2;0;0;225m@  [38;2;249;249;249m@[38;2;252;252;252m@@@@@@@@@@@@@@@@@@@@[38;2;251;251;251m@  [38;2;0;0;226m@      [39m
 [38;2;0;0;0m     [38;2;0;0;213m@[38;2;0;0;220mL [38;2;199;199;199mR[38;2;251;251;251m@[38;2;252;252;252m@@@@[38;2;251;251;251m@[38;2;249;249;249m@[38;2;251;251;251m@[38;2;252;252;252m@@@@[38;2;251;251;251m@[38;2;248;248;248m@[38;2;251;251;251m@[38;2;252;252;252m@@@@[38;2;251;251;251m@[38;2;194;194;194m@ [38;2;0;0;222mj[38;2;0;0;218m@      [39m
 [38;2;0;0;0m     [38;2;1;1;206m`[38;2;0;0;226m@[38;2;0;0;216mg[38;2;0;0;224m_[38;2;179;179;179m~[38;2;169;169;169mF[38;2;198;198;198mF[38;2;191;191;191mF[38;2;234;234;234m~[38;2;0;0;210m_[38;2;0;0;228m_[38;2;101;101;101m~[38;2;247;247;247m~[38;2;191;191;191mF[38;2;197;197;197mF[38;2;162;162;162mF[38;2;126;126;126m~[38;2;0;0;228m_[38;2;0;0;210m_[38;2;221;221;221m~[38;2;178;178;178mF[38;2;199;199;199mF[38;2;185;185;185mF[38;2;206;206;206m~[38;2;0;0;224m_[38;2;0;0;219ma[38;2;0;0;227m@[38;2;0;0;228m'      [39m
 [38;2;0;0;0m      [38;2;2;2;187m`[38;2;0;0;227m~[38;2;0;0;220m@[38;2;0;0;226m@ggg@[38;2;0;0;225m@[38;2;0;0;216mR[38;2;0;0;227m@[38;2;0;0;222m@[38;2;0;0;226mgg[38;2;0;0;221m@[38;2;0;0;227m@[38;2;0;0;224mP[38;2;0;0;225m@[38;2;0;0;226m@[38;2;0;0;225mg[38;2;0;0;226mgg@[38;2;0;0;220m@[38;2;0;0;228m~[38;2;3;2;189m`       [39m
 [38;2;0;0;0m         [38;2;3;3;194m`[38;2;1;1;204m~[38;2;1;0;221m~[38;2;2;1;213m~[38;2;2;0;212m`   [38;2;0;0;226m`[38;2;1;0;218m~[38;2;1;0;221m~[38;2;0;0;226m`   [38;2;1;0;210m`[38;2;2;1;209m~[38;2;1;0;222m~[38;2;2;1;205m~[38;2;3;2;196m`          [39m
 [38;2;0;0;0m                                       [39m
[?25h