[?25l[39m [38;2;0;0;0m                                       [39m
 [38;2;0;0;0m             [38;2;0;0;226m_[38;2;1;1;208my[38;2;0;0;223mg[38;2;0;0;227mgg[38;2;0;0;219m@@[38;2;0;0;227mgg[38;2;0;0;223mg[38;2;1;1;208my[38;2;0;0;226m_              [39m
 [38;2;0;0;0m          [38;2;0;0;227m_g[38;2;0;0;225m@[38;2;0;0;226m=[38;2;0;0;225m~[38;2;0;0;231m~[38;2;149;149;149m_[38;2;239;239;239m_[38;2;253;253;253m__[38;2;239;239;239m_[38;2;149;149;149m_[38;2;0;0;230m~[38;2;0;0;226m~=[38;2;0;0;225m@[38;2;0;0;227mg_[38;2;3;2;185m,          [39m
 [38;2;0;0;0m        [38;2;0;0;214my[38;2;0;0;227m@[38;2;0;0;217mF[38;2;0;0;204m~[38;2;138;138;138my[38;2;199;199;199mg[38;2;212;212;212m@[38;2;249;249;249m@[38;2;251;251;251m@@[38;2;252;252;252m@@[38;2;251;251;251m@@@[38;2;219;219;219m@[38;2;199;199;199mg[38;2;233;233;233m_[38;2;0;0;200m~[38;2;0;0;212m?[38;2;0;0;227m@[38;2;1;0;215my         [39m
 [38;2;0;0;0m       [38;2;0;0;219m@[38;2;0;0;226mF [38;2;180;180;180my[38;2;220;220;220m@[38;2;251;251;251m@[38;2;252;252;252m@@@@@@@@@@@@[38;2;251;251;251m@[38;2;233;233;233m@[38;2;172;172;172my [38;2;0;0;198mN[38;2;0;0;228m$[38;2;0;0;227m,       [39m
 [38;2;0;0;0m      [38;2;0;0;226m@[38;2;0;0;213mF [38;2;223;223;223mg[38;2;251;251;251m@[38;2;252;252;252m@@@@@@@@@@@@@@@@[38;2;251;251;251m@[38;2;195;195;195m@ [38;2;0;0;219m~[38;2;0;0;228m@[38;2;0;1;190m,      [39m
 [38;2;0;0;0m     [38;2;0;0;218mJ[38;2;0;0;226mF [38;2;205;205;205mg[38;2;251;251;251m@[38;2;252;252;252m@@@@@@@@@@@@@@@@@@[38;2;251;251;251m@[38;2;184;184;184m@ [38;2;0;0;217m?[38;2;1;0;206m$      [39m
 [38;2;0;0;0m     [38;2;0;0;222m@  [38;2;245;245;245m@[38;2;252;252;252m@[38;2;245;245;245m@[38;2;212;212;212mF[38;2;186;186;186mP[38;2;209;209;209mR[38;2;228;228;228m@[38;2;249;249;249m@[38;2;251;251;251m@[38;2;252;252;252m@@[38;2;251;251;251m@[38;2;204;204;204m@[38;2;199;199;199mF[38;2;211;211;211mP[38;2;198;198;198m@[38;2;242;242;242m@[38;2;251;251;251m@@[38;2;252;252;252m@@[38;2;250;250;250m@  [38;2;0;0;224m@      [39m
 [38;2;0;0;0m     [38;2;0;0;226m@  [38;2;249;249;249m@[38;2;252;252;252m@[38;2;244;244;244m@[38;2;123;123;123m*    [38;2;168;168;168m`[38;2;160;160;160m3[38;2;251;251;251m@@[38;2;185;185;185m$     [38;2;122;122;122m~[38;2;223;223;223m$[38;2;252;252;252m@[38;2;251;251;251m@  [38;2;0;0;226m@      [39m
 [38;2;0;0;0m     [38;2;0;0;226m@  [38;2;249;249;249m@[38;2;252;252;252m@[38;2;234;234;234m@[38;2;172;172;172my[38;2;176;176;176my[38;2;207;207;207my[38;2;225;225;225mg[38;2;251;251;251mg[38;2;233;233;233m@[38;2;251;251;251m@[38;2;252;252;252m@[38;2;251;251;251m@[38;2;164;164;164m@[38;2;166;166;166my[38;2;190;190;190my[38;2;222;222;222my[38;2;245;245;245mg[38;2;225;225;225m$[38;2;245;245;245m@[38;2;251;251;251m@[38;2;252;252;252m@[38;2;251;251;251m@  [38;2;0;0;226m@      [39m
 [38;2;0;0;0m     [38;2;0;0;226m@  [38;2;249;249;249m@[38;2;252;252;252m@@@@@@@@@@@@@@@@@@@@[38;2;251;251;251m@  [38;2;0;0;226m@      [39m
 [38;2;0;0;0m     [38;2;0;0;226m@  [38;2;249;249;249m@[38;2;252;252;252m@@@@@@@@@@@@@@@@@@@@[38;2;251;251;251m@  [38;2;0;0;227m@      [39m
 [38;2;0;0;0m     [38;2;0;0;226m@  [38;2;249;249;249m@[38;2;252;252;252m@@@@@@@@@@@@@@@@@@@@[38;2;251;251;251m@  [38;2;0;0;227m@      [39m
 [38;2;0;0;0m     [38;2;0;0;224m@  [38;2;249;249;249m@[38;2;252;252;252m@@@@@@@@@@@@@@@@@@@@[38;2;251;251;251m@  [38;2;0;0;225m@      [39m
 [38;2;0;0;0m     [38;2;1;0;204m?[38;2;0;0;224my [38;2;152;152;152m4[38;2;247;247;247m@[38;2;252;252;252m@@@[38;2;251;251;251m@[38;2;212;212;212m@[38;2;214;214;214mR[38;2;238;238;238m@[38;2;251;251;251m@[38;2;252;252;252m@@[38;2;251;251;251m@[38;2;238;238;238m@[38;2;213;213;213mR[38;2;207;207;207m@[38;2;251;251;251m@[38;2;252;252;252m@@@[38;2;248;248;248m@[38;2;214;214;214mF [38;2;0;0;223my[38;2;0;0;217mF      [39m
 [38;2;0;0;0m      [38;2;0;0;226m~[38;2;0;0;220m@[38;2;0;0;225m_[38;2;0;0;223m_[38;2;206;206;206m~[38;2;242;242;242m~[38;2;229;229;229m~[38;2;157;157;157m`[38;2;0;0;227m_[38;2;0;0;215my[38;2;0;0;227m_[38;2;152;152;152m~[38;2;237;237;237m~[38;2;239;239;239m~[38;2;171;171;171m~[38;2;0;0;227m_[38;2;0;0;215my[38;2;0;0;226m_[38;2;156;156;156m`[38;2;224;224;224m~[38;2;243;243;243m~[38;2;220;220;220m~[38;2;0;0;224m_[38;2;0;0;225m_[38;2;0;0;228ms[38;2;0;0;227m~       [39m
 [38;2;0;0;0m        [38;2;0;0;225m~[38;2;0;0;226m~[38;2;0;0;228m=[38;2;0;0;231m=[38;2;0;0;232m=[38;2;0;0;227m~~[38;2;0;0;211m~[38;2;0;0;226m~[38;2;1;0;217m=[38;2;0;0;232m=[38;2;0;0;231m=[38;2;0;0;217m=[38;2;0;0;227m~[38;2;0;0;208m~[38;2;0;0;225m~[38;2;0;0;227m~[38;2;0;0;231m==[38;2;0;0;230m=[38;2;0;0;225m~[38;2;0;0;224m~         [39m
 [38;2;0;0;0m                                       [39m
 [38;2;0;0;0m                                       [39m
[?25h