[?25l[39m [38;2;0;0;0m                                       [39m
 [38;2;0;0;0m              [38;2;0;0;217m_[38;2;0;0;225m_[38;2;0;0;227m_[38;2;0;0;224m_[38;2;1;1;202myy[38;2;0;0;224m_[38;2;0;0;227m_[38;2;0;0;226m_[38;2;0;0;217m_               [39m
 [38;2;0;0;0m           [38;2;0;0;224m_[38;2;0;0;228ma[38;2;0;0;226mP~~[38;2;0;0;232m~[38;2;137;137;137m_[38;2;172;172;172m__[38;2;136;136;136m_[38;2;0;0;232m~[38;2;0;0;226m~[38;2;0;0;225m~4[38;2;0;0;228ma[38;2;0;0;224m_[38;2;1;2;196m,           [39m
 [38;2;0;0;0m        [38;2;0;1;206m_[38;2;0;0;226ma[38;2;0;0;224mP[38;2;0;0;223m~[38;2;186;186;186m_[38;2;201;201;201my[38;2;242;242;242mg[38;2;233;233;233m@[38;2;252;252;252m@@[38;2;251;251;251m@@@[38;2;252;252;252m@[38;2;236;236;236m@[38;2;242;242;242mg[38;2;201;201;201my[38;2;187;187;187m_[38;2;0;0;221m~[38;2;0;0;222m4g[38;2;1;0;205m_         [39m
 [38;2;0;0;0m       [38;2;0;0;213my[38;2;0;0;228mP[38;2;1;0;207m'[38;2;150;150;150my[38;2;245;245;245mg[38;2;251;251;251m@[38;2;252;252;252m@@@@@@@@@@@@[38;2;251;251;251m@[38;2;209;209;209m@[38;2;135;135;135my[38;2;2;0;201m`[38;2;0;0;228m4[38;2;0;0;214my        [39m
 [38;2;0;0;0m      [38;2;0;0;219mg[38;2;0;0;223mF [38;2;204;204;204mg[38;2;251;251;251m@[38;2;252;252;252m@@@@@@@@@@@@@@@@[38;2;251;251;251m@[38;2;170;170;171m@ [38;2;0;0;227m~[38;2;0;0;215m$       [39m
 [38;2;0;0;0m     [38;2;1;0;202mj[38;2;0;0;231mF [38;2;190;190;190mg[38;2;251;251;251m@[38;2;252;252;252m@[38;2;251;251;251m@[38;2;213;213;213m@[38;2;208;208;208mP[38;2;210;210;210mF[38;2;193;193;193m#[38;2;221;221;221m@[38;2;251;251;251m@[38;2;252;252;252m@@[38;2;251;251;251m@[38;2;238;238;238m@[38;2;201;201;201mR[38;2;212;212;212mF[38;2;194;194;194mP[38;2;191;191;191m@[38;2;250;250;250m@[38;2;252;252;252m@[38;2;251;251;251m@[38;2;165;165;165m@ [38;2;0;0;219m4[38;2;0;0;215mi      [39m
 [38;2;0;0;0m     [38;2;0;0;216m@[38;2;1;1;191m' [38;2;242;242;242m@[38;2;252;252;252m@[38;2;230;230;230m@[38;2;136;136;136m~[38;2;177;177;177ma[38;2;168;168;168mF[38;2;173;173;173m5[38;2;142;142;142mM[38;2;169;169;169my[38;2;176;176;176m~[38;2;247;247;247m@[38;2;251;251;251m@[38;2;172;172;172mF[38;2;170;170;170my[38;2;199;199;199m=[38;2;156;156;156m5[38;2;201;201;201mF[38;2;141;141;141ma[38;2;109;109;109m`[38;2;194;194;194m@[38;2;251;251;251m@[38;2;248;248;248m@  [38;2;0;0;225m$      [39m
 [38;2;0;0;0m     [38;2;0;0;226m@  [38;2;249;249;249m@[38;2;251;251;251m@[38;2;171;171;171m$[38;2;91;91;91m4[38;2;168;168;168mL [38;2;148;148;148m@ [38;2;174;174;174m# [38;2;230;230;230m@[38;2;238;238;238m@ [38;2;198;198;198m$ [38;2;205;205;205m4 [38;2;117;117;117m4[38;2;83;83;83mF[38;2;192;192;192mg[38;2;251;251;251m@@  [38;2;0;0;226m@      [39m
 [38;2;0;0;0m     [38;2;0;0;226m@  [38;2;249;249;249m@[38;2;252;252;252m@[38;2;249;249;249m@[38;2;191;191;191my[38;2;181;181;181m~[38;2;186;186;186m=[38;2;250;250;250m==[38;2;251;251;251mg[38;2;246;246;246m@[38;2;252;252;252m@[38;2;251;251;251m@[38;2;181;181;181m@[38;2;205;205;205m_[38;2;124;124;124mH[38;2;241;241;241m=[38;2;204;204;204mP[38;2;233;233;233mg[38;2;221;221;221m@[38;2;251;251;251m@[38;2;252;252;252m@[38;2;251;251;251m@  [38;2;0;0;226m@      [39m
 [38;2;0;0;0m     [38;2;0;0;226m@  [38;2;249;249;249m@[38;2;252;252;252m@@@[38;2;251;251;251m@[38;2;243;243;243m@[38;2;233;233;233m@[38;2;240;240;240m@[38;2;252;252;252m@@@@@[38;2;251;251;251m@[38;2;250;250;250m@[38;2;234;234;234m@@[38;2;252;252;252m@@@@[38;2;251;251;251m@  [38;2;0;0;226m@      [39m
 [38;2;0;0;0m     [38;2;0;0;226m@  [38;2;249;249;249m@[38;2;252;252;252m@@@@@@@@@@@@@@@@@@@@[38;2;251;251;251m@  [38;2;0;0;227m@      [39m
 [38;2;0;0;0m     [38;2;0;0;226m@  [38;2;249;249;249m@[38;2;252;252;252m@@@@@@@@@@@@@@@@@@@@[38;2;251;251;251m@  [38;2;0;0;227m@      [39m
 [38;2;0;0;0m     [38;2;0;0;226m@  [38;2;249;249;249m@[38;2;252;252;252m@@@@@@@@@@@@@@@@@@@@[38;2;251;251;251m@  [38;2;0;0;226m@      [39m
 [38;2;0;0;0m     [38;2;0;0;218m@  [38;2;242;242;242m@[38;2;252;252;252m@@@@@@@@@@@@@@@@@@@@[38;2;248;248;248m@  [38;2;0;0;222m@      [39m
 [38;2;0;0;0m     [38;2;2;1;209m`[38;2;0;0;225m@[38;2;0;0;211m_[38;2;141;141;141m~[38;2;170;170;170m@[38;2;245;245;245m@[38;2;251;251;251m@[38;2;249;249;249m@[38;2;205;205;205m@[38;2;190;190;190mF[38;2;251;251;251m~[38;2;178;178;178mP[38;2;230;230;230m@[38;2;251;251;251m@@[38;2;233;233;233m@[38;2;221;221;221mF[38;2;251;251;251m~[38;2;150;150;150mM[38;2;196;196;196m@[38;2;249;249;249m@[38;2;251;251;251m@[38;2;246;246;246m@[38;2;185;185;185m@[38;2;170;170;170m~[38;2;1;0;208m_[38;2;0;0;232ma[38;2;0;0;231m'      [39m
 [38;2;0;0;0m      [38;2;1;1;209m`[38;2;0;0;217m?[38;2;0;0;227ma[38;2;0;0;206my[38;2;0;0;225m_[38;2;0;0;223m_[38;2;0;0;225m_[38;2;0;0;226m_[38;2;0;0;225mg[38;2;0;0;223m@[38;2;0;0;220my[38;2;0;0;227m_[38;2;0;0;223m__[38;2;0;0;227m_[38;2;0;0;218ma[38;2;0;0;220m@[38;2;0;0;225mg_[38;2;0;0;223m__[38;2;0;0;225m_[38;2;0;0;205my[38;2;0;0;227ma[38;2;0;0;217mP[38;2;0;0;226m'       [39m
 [38;2;0;0;0m         [38;2;2;2;202m~[38;2;0;0;226m~[38;2;0;0;227m~~[38;2;1;0;218m~  [38;2;2;0;214m`[38;2;0;0;223m~[38;2;0;0;227m~~[38;2;0;0;224m~[38;2;1;0;214m`  [38;2;2;1;212m~[38;2;0;0;227m~~[38;2;0;0;226m~[38;2;2;1;204m~          [39m
 [38;2;0;0;0m                                       [39m
[?25h