[?25l[39m [38;2;0;0;0m              [38;2;0;0;229m_[38;2;0;0;225m_[38;2;1;1;212my[38;2;0;0;217ma[38;2;0;0;224maa[38;2;0;0;221my[38;2;1;1;211my[38;2;0;0;225m_[38;2;0;0;229m_               [39m
 [38;2;0;0;0m          [38;2;0;0;226m_[38;2;0;0;214ma[38;2;0;0;212m@[38;2;0;0;210mF[38;2;0;0;226m~[38;2;0;0;219m~[38;2;216;216;216m_[38;2;245;245;245m_[38;2;147;147;147myy[38;2;245;245;245m_[38;2;215;215;215m_[38;2;0;0;218m~[38;2;0;0;226m~[38;2;0;0;227m~[38;2;0;0;214m@[38;2;0;0;219my[38;2;0;0;226m_           [39m
 [38;2;0;0;0m        [38;2;0;0;226m_[38;2;0;0;228ma[38;2;0;0;210mF[38;2;1;0;218m`[38;2;157;157;157my[38;2;220;220;220ma[38;2;231;231;231m$[38;2;251;251;251m@@[38;2;252;252;252m@@@@[38;2;251;251;251m@@[38;2;227;227;227m@[38;2;210;210;210mg[38;2;147;147;147my[38;2;1;0;218m`[38;2;0;0;226m~[38;2;0;0;218m@[38;2;0;0;226m_         [39m
 [38;2;0;0;0m       [38;2;0;0;222mg[38;2;0;0;224mF [38;2;193;193;193my[38;2;231;231;231m@[38;2;251;251;251m@[38;2;252;252;252m@@@@@@@@@@@@@[38;2;240;240;240m@[38;2;187;187;187my [38;2;0;0;218m?[38;2;0;0;223mg        [39m
 [38;2;0;0;0m      [38;2;0;0;229mg[38;2;0;0;205mF [38;2;229;229;229mg[38;2;251;251;251m@[38;2;252;252;252m@@@@@@@@@@@@@@@@[38;2;251;251;251m@[38;2;203;203;203m@ [38;2;0;0;213m~[38;2;0;0;226m$       [39m
 [38;2;0;0;0m     [38;2;0;0;211mj[38;2;0;0;226mF [38;2;211;211;211mg[38;2;251;251;251m@@[38;2;178;178;178mF[38;2;247;247;247m~[38;2;184;184;184mA[38;2;240;240;240m@[38;2;251;251;251m@[38;2;252;252;252m@@@@@@@@@@@@[38;2;251;251;251m@[38;2;191;191;191m@ [38;2;0;0;217m?[38;2;0;0;220ml      [39m
 [38;2;0;0;0m     [38;2;0;0;219m@  [38;2;246;246;246m@[38;2;252;252;252m@[38;2;251;251;251m@[38;2;213;213;213m@[38;2;206;206;206my[38;2;221;221;221m_ [38;2;164;164;164m~[38;2;142;142;142m5[38;2;236;236;236m@[38;2;252;252;252m@[38;2;241;241;241m@[38;2;176;176;176mM[38;2;183;183;183mFFFFF[38;2;189;189;189mF[38;2;240;240;240m@[38;2;252;252;252m@[38;2;250;250;250m@  [38;2;0;0;226m$      [39m
 [38;2;0;0;0m     [38;2;0;0;226m@  [38;2;249;249;249m@[38;2;252;252;252m@[38;2;251;251;251m@[38;2;213;213;213m@[38;2;198;198;198mF[38;2;178;178;178m~ [38;2;213;213;213m_[38;2;206;206;206my[38;2;231;231;231m@[38;2;252;252;252m@[38;2;241;241;241m@[38;2;219;219;219my[38;2;209;209;209myyyyy[38;2;188;188;188mg[38;2;238;238;238m@[38;2;252;252;252m@[38;2;251;251;251m@  [38;2;0;0;226m@      [39m
 [38;2;0;0;0m     [38;2;0;0;226m@  [38;2;249;249;249m@[38;2;252;252;252m@[38;2;251;251;251m@[38;2;192;192;192my[38;2;171;171;171my[38;2;221;221;221mg[38;2;235;235;235m@[38;2;251;251;251m@[38;2;252;252;252m@@@@@@@@@@@@@[38;2;251;251;251m@  [38;2;0;0;226m@      [39m
 [38;2;0;0;0m     [38;2;0;0;226m@  [38;2;249;249;249m@[38;2;252;252;252m@@@@@@@@@@@@@@@@@@@@[38;2;251;251;251m@  [38;2;0;0;226m@      [39m
 [38;2;0;0;0m     [38;2;0;0;226m@  [38;2;249;249;249m@[38;2;252;252;252m@@@@@@@@@@@@@@@@@@@@[38;2;251;251;251m@  [38;2;0;0;226m@      [39m
 [38;2;0;0;0m     [38;2;0;0;226m@  [38;2;249;249;249m@[38;2;252;252;252m@@@@@@@@@@@@@@@@@@@@[38;2;251;251;251m@  [38;2;0;0;227m@      [39m
 [38;2;0;0;0m     [38;2;0;0;226m@  [38;2;249;249;249m@[38;2;252;252;252m@@@@@@@@@@@@@@@@@@@@[38;2;251;251;251m@  [38;2;0;0;227m@      [39m
 [38;2;0;0;0m     [38;2;0;0;224m@  [38;2;248;248;248m@[38;2;252;252;252m@@@@@@@@@@@@@@@@@@@@[38;2;250;250;250m@  [38;2;0;0;226m@      [39m
 [38;2;0;0;0m     [38;2;0;0;213m4[38;2;0;0;219m$ [38;2;151;151;151m7[38;2;229;229;229m@[38;2;251;251;251m@[38;2;252;252;252m@[38;2;251;251;251m@[38;2;245;245;245m@[38;2;228;228;228mP[38;2;194;194;194mP[38;2;196;196;196m@[38;2;251;251;251m@[38;2;252;252;252m@@[38;2;251;251;251m@[38;2;205;205;205m@[38;2;195;195;195mP[38;2;198;198;198mA[38;2;244;244;244m@[38;2;251;251;251m@[38;2;252;252;252m@[38;2;251;251;251m@[38;2;236;236;236m@[38;2;167;167;167mF [38;2;0;0;221mg[38;2;0;0;226mF      [39m
 [38;2;0;0;0m      [38;2;0;0;214m4[38;2;0;0;226m@[38;2;0;0;219my[38;2;0;0;227m_[38;2;200;200;200m`[38;2;181;181;181m~[38;2;134;134;134m~[38;2;0;0;227m_[38;2;0;0;207my[38;2;0;0;225mg[38;2;0;0;227m_[38;2;117;117;117m`[38;2;163;163;163m~[38;2;172;172;172m~[38;2;115;115;115m`[38;2;0;0;227m_[38;2;0;0;225mg[38;2;0;0;208my[38;2;0;0;227m_[38;2;124;124;124m~[38;2;185;185;185m~[38;2;107;107;107m~[38;2;0;0;227m_[38;2;0;0;218my[38;2;0;0;224m@[38;2;0;0;227mF       [39m
 [38;2;0;0;0m       [38;2;0;0;219m`[38;2;0;0;226m~[38;2;0;0;222m4[38;2;0;0;225m@[38;2;0;0;228m@[38;2;0;0;227m@[38;2;0;0;223mP[38;2;0;0;227m~[38;2;0;0;226m~[38;2;0;0;228m=[38;2;0;0;217m@[38;2;0;0;228m@@[38;2;0;0;216m@[38;2;0;0;229m=[38;2;0;0;226m~~[38;2;0;0;216mR[38;2;0;0;227m@[38;2;0;0;228m@[38;2;0;0;225m@[38;2;0;0;221mP[38;2;0;0;226m~[38;2;2;1;200m~        [39m
 [38;2;0;0;0m                                       [39m
 [38;2;0;0;0m                                       [39m
[?25h