[?25l[39m [38;2;0;0;0m                                       [39m
 [38;2;0;0;0m            [38;2;2;2;187m_[38;2;0;0;226m_[38;2;1;1;209my[38;2;0;0;224mg[38;2;0;0;227mgg[38;2;0;0;219m@[38;2;0;0;220m@[38;2;0;0;227mgg[38;2;0;0;222mg[38;2;1;1;207my[38;2;0;0;227m_              [39m
 [38;2;0;0;0m          [38;2;1;1;203my[38;2;0;0;227mg[38;2;0;0;224m@=[38;2;0;0;225m~[38;2;0;0;230m~[38;2;153;153;153m_[38;2;241;241;241m_[38;2;253;253;253m__[38;2;237;237;237m_[38;2;146;146;146m_[38;2;0;0;230m~[38;2;0;0;226m~=[38;2;0;0;225m@[38;2;0;0;228mg_           [39m
 [38;2;0;0;0m        [38;2;1;0;212ma[38;2;0;0;228m@[38;2;0;0;213mF[38;2;0;0;200m~[38;2;144;144;144my[38;2;204;204;204mg[38;2;215;215;215m@[38;2;250;250;250m@[38;2;251;251;251m@@[38;2;252;252;252m@@[38;2;251;251;251m@@[38;2;250;250;250m@[38;2;217;217;217m@[38;2;194;194;194mg[38;2;228;228;228m_[38;2;0;0;204m~[38;2;0;0;213m?[38;2;0;0;227m@[38;2;1;0;212my         [39m
 [38;2;0;0;0m      [38;2;1;1;188m_[38;2;0;0;222m@[38;2;0;0;225mF [38;2;189;189;189my[38;2;224;224;224m@[38;2;251;251;251m@[38;2;252;252;252m@@@@@@@@@@@@[38;2;251;251;251m@[38;2;227;227;227m@[38;2;161;161;161my [38;2;0;0;217m4[38;2;0;0;227m$[38;2;0;0;218m,       [39m
 [38;2;0;0;0m      [38;2;0;0;228m@[38;2;0;0;204mF [38;2;229;229;229mg[38;2;251;251;251m@[38;2;252;252;252m@@@@@@@@@@@@@@@@[38;2;251;251;251m@[38;2;192;192;192m$ [38;2;0;0;221m~[38;2;0;0;226m@       [39m
 [38;2;0;0;0m     [38;2;1;0;209mg[38;2;0;0;223mF [38;2;215;215;215mg[38;2;251;251;251m@[38;2;250;250;250m@[38;2;207;207;207mF[38;2;152;152;152mM[38;2;184;184;184m@[38;2;250;250;250m@[38;2;252;252;252m@@@@@@@@@@@@@[38;2;251;251;251m@[38;2;169;169;169m@ [38;2;0;0;211m5[38;2;0;0;222m[      [39m
 [38;2;0;0;0m     [38;2;0;0;228m@  [38;2;249;249;249m@[38;2;252;252;252m@[38;2;251;251;251m@[38;2;231;231;231mg[38;2;179;179;179my[38;2;157;157;157m_ [38;2;213;213;213m~[38;2;185;185;185mF[38;2;243;243;243m@[38;2;252;252;252m@[38;2;242;242;242m@[38;2;186;186;186mM[38;2;201;201;201mFFFFF[38;2;185;185;185mM[38;2;245;245;245m@[38;2;252;252;252m@[38;2;247;247;247m@  [38;2;0;0;223m$      [39m
 [38;2;0;0;0m     [38;2;0;0;229m@  [38;2;249;249;249m@[38;2;252;252;252m@@[38;2;207;207;207m@[38;2;194;194;194mF[38;2;186;186;186m~ [38;2;209;209;209m_[38;2;199;199;199my[38;2;231;231;231m@[38;2;252;252;252m@[38;2;235;235;235m@[38;2;207;207;207my[38;2;197;197;197myyyyy[38;2;214;214;214my[38;2;236;236;236m@[38;2;252;252;252m@[38;2;251;251;251m@  [38;2;0;0;223m@      [39m
 [38;2;0;0;0m     [38;2;0;0;229m@  [38;2;249;249;249m@[38;2;252;252;252m@[38;2;250;250;250m@[38;2;193;193;193my[38;2;177;177;177my[38;2;229;229;229ma[38;2;236;236;236m@[38;2;251;251;251m@[38;2;252;252;252m@@@@@@@@@@@@@[38;2;251;251;251m@  [38;2;0;0;226m$      [39m
 [38;2;0;0;0m     [38;2;0;0;229m@  [38;2;249;249;249m@[38;2;252;252;252m@@@@@@@@@@@@@@@@@@@@@  [38;2;0;0;223m@      [39m
 [38;2;0;0;0m     [38;2;0;0;229m@  [38;2;249;249;249m@[38;2;252;252;252m@@@@@@@@@@@@@@@@@@@@@  [38;2;0;0;226m$      [39m
 [38;2;0;0;0m     [38;2;0;0;229m@  [38;2;249;249;249m@[38;2;252;252;252m@@@@@@@@@@@@@@@@@@@@@  [38;2;0;0;224m@      [39m
 [38;2;0;0;0m     [38;2;0;0;227m@  [38;2;250;250;250m@[38;2;252;252;252m@@@@@@@@@@@@@@@@@@@@[38;2;251;251;251m@  [38;2;0;0;226m$      [39m
 [38;2;0;0;0m     [38;2;1;0;207m?[38;2;0;0;223my [38;2;159;159;159m4[38;2;248;248;248m@[38;2;252;252;252m@@@[38;2;251;251;251m@[38;2;212;212;212m@[38;2;214;214;214mR[38;2;237;237;237m@[38;2;251;251;251m@[38;2;252;252;252m@@[38;2;251;251;251m@[38;2;238;238;238m@[38;2;213;213;213mR[38;2;207;207;207m@[38;2;251;251;251m@[38;2;252;252;252m@@@[38;2;248;248;248m@[38;2;212;212;212mF [38;2;0;0;224my[38;2;0;0;216mF      [39m
 [38;2;0;0;0m      [38;2;0;0;227m~[38;2;0;0;219m@[38;2;0;0;225m_[38;2;0;0;223m_[38;2;207;207;207m~[38;2;242;242;242m~[38;2;230;230;230m~[38;2;161;161;161m`[38;2;0;0;227m_[38;2;0;0;215my[38;2;0;0;227m_[38;2;151;151;151m~[38;2;236;236;236m~[38;2;239;239;239m~[38;2;172;172;172m~[38;2;0;0;228m_[38;2;0;0;215my[38;2;0;0;226m_[38;2;153;153;153m`[38;2;222;222;222m~[38;2;242;242;242m~[38;2;220;220;220m~[38;2;0;0;223m_[38;2;0;0;225m_a[38;2;0;0;226m~       [39m
 [38;2;0;0;0m        [38;2;0;0;225m~[38;2;0;0;226m~[38;2;0;0;229m=[38;2;0;0;231m=[38;2;0;0;232m=[38;2;0;0;227m~[38;2;0;0;228m~[38;2;1;0;213m~[38;2;0;0;226m~[38;2;1;0;217m=[38;2;0;0;232m=[38;2;0;0;231m=[38;2;1;0;216m=[38;2;0;0;227m~[38;2;0;0;209m~[38;2;0;0;225m~[38;2;0;0;226m~[38;2;0;0;231m=[38;2;0;0;232m=[38;2;0;0;230m=[38;2;0;0;226m~[38;2;0;0;223m~         [39m
 [38;2;0;0;0m                                       [39m
 [38;2;0;0;0m                                       [39m
[?25h